hh,rule,era,n_cases_flagged,n_error_cases,n_variances,n_elem_earned_income,denom_elem_earned_income,elem_earned_income,elem_earned_income_lo,elem_earned_income_hi,n_elem_unearned_income,denom_elem_unearned_income,elem_unearned_income,elem_unearned_income_lo,elem_unearned_income_hi,n_elem_shelter_deduction,denom_elem_shelter_deduction,elem_shelter_deduction,elem_shelter_deduction_lo,elem_shelter_deduction_hi,n_elem_utility_allowance,denom_elem_utility_allowance,elem_utility_allowance,elem_utility_allowance_lo,elem_utility_allowance_hi,n_elem_medical_deduction,denom_elem_medical_deduction,elem_medical_deduction,elem_medical_deduction_lo,elem_medical_deduction_hi,n_elem_dep_care_or_child_support_deduction,denom_elem_dep_care_or_child_support_deduction,elem_dep_care_or_child_support_deduction,elem_dep_care_or_child_support_deduction_lo,elem_dep_care_or_child_support_deduction_hi,n_elem_other_element,denom_elem_other_element,elem_other_element,elem_other_element_lo,elem_other_element_hi,n_nat_wrong_amount,denom_nat_wrong_amount,nat_wrong_amount,nat_wrong_amount_lo,nat_wrong_amount_hi,n_nat_wrong_include/exclude_decision,denom_nat_wrong_include/exclude_decision,nat_wrong_include/exclude_decision,nat_wrong_include/exclude_decision_lo,nat_wrong_include/exclude_decision_hi,n_nat_unreported_source_of_income,denom_nat_unreported_source_of_income,nat_unreported_source_of_income,nat_unreported_source_of_income_lo,nat_unreported_source_of_income_hi,n_nat_household_composition,denom_nat_household_composition,nat_household_composition,nat_household_composition_lo,nat_household_composition_hi,n_nat_change_in_circumstances,denom_nat_change_in_circumstances,nat_change_in_circumstances,nat_change_in_circumstances_lo,nat_change_in_circumstances_hi,n_nat_method_or_computation,denom_nat_method_or_computation,nat_method_or_computation,nat_method_or_computation_lo,nat_method_or_computation_hi,n_nat_reporting_system_or_process,denom_nat_reporting_system_or_process,nat_reporting_system_or_process,nat_reporting_system_or_process_lo,nat_reporting_system_or_process_hi,n_nat_limits_and_thresholds,denom_nat_limits_and_thresholds,nat_limits_and_thresholds,nat_limits_and_thresholds_lo,nat_limits_and_thresholds_hi,n_nat_child_support_handling,denom_nat_child_support_handling,nat_child_support_handling,nat_child_support_handling_lo,nat_child_support_handling_hi,n_nat_other,denom_nat_other,nat_other,nat_other_lo,nat_other_hi,n_timing_at_certification,denom_timing_at_certification,timing_at_certification,timing_at_certification_lo,timing_at_certification_hi,n_timing_before_certification,denom_timing_before_certification,timing_before_certification,timing_before_certification_lo,timing_before_certification_hi,n_timing_after_certification,denom_timing_after_certification,timing_after_certification,timing_after_certification_lo,timing_after_certification_hi,n_cause_agency,denom_cause_agency,cause_agency,cause_agency_lo,cause_agency_hi,n_cause_client,denom_cause_client,cause_client,cause_client_lo,cause_client_hi,n_cause_third_party,denom_cause_third_party,cause_third_party,cause_third_party_lo,cause_third_party_hi,n_cause_no_fault,denom_cause_no_fault,cause_no_fault,cause_no_fault_lo,cause_no_fault_hi,n_cause_other,denom_cause_other,cause_other,cause_other_lo,cause_other_hi,n_found_in_case_record,denom_found_in_case_record,found_in_case_record,found_in_case_record_lo,found_in_case_record_hi,elements_to_75,n_elements_to_75,natures_to_75,n_natures_to_75,element_groups_to_75,nature_groups_to_75,n_cases_overissuance,n_cases_underissuance,n_cases_other_error,denom_share_overissuance,share_overissuance,share_overissuance_lo,share_overissuance_hi,share_underissuance,n_cases_other_error_type,share_other_error_type,denom_share_other_error_type,amterr_total
1,total_deductions_by_hh_size > 336.000 & unc_rawben_rel_max >   0.891 & unc_rawben_rel_max <=   0.991 & utilities <=  29.500,all_2022_24,121,78,137,8,137,0.058394160583941604,0.029882773445485754,0.11099605780891636,8,137,0.058394160583941604,0.029882773445485754,0.11099605780891636,61,137,0.44525547445255476,0.3646542761066355,0.5288430996687038,41,137,0.29927007299270075,0.22891666332550556,0.3805737145174046,15,137,0.10948905109489052,0.06748228691188912,0.17279899361886317,1,137,0.0072992700729927005,0.0012896313769595533,0.040186750601092384,3,137,0.021897810218978103,0.0074746229459378005,0.06240245882535704,16,137,0.11678832116788321,0.07317839887053718,0.18130323155683659,87,137,0.635036496350365,0.5517592674020664,0.7109472056854305,5,137,0.0364963503649635,0.015687758895868903,0.08259002266866884,1,137,0.0072992700729927005,0.0012896313769595533,0.040186750601092384,17,137,0.12408759124087591,0.07893557234581083,0.18974640797818437,3,137,0.021897810218978103,0.0074746229459378005,0.06240245882535704,2,137,0.014598540145985401,0.004012534577063031,0.05166419729761036,0,137,0.0,0.0,0.027276032081430486,0,137,0.0,0.0,0.027276032081430486,6,137,0.043795620437956206,0.020223886822615784,0.09225424463854343,71,137,0.5182481751824818,0.4352266653017307,0.600274209439823,19,137,0.1386861313868613,0.0906163058580338,0.20646637425920433,47,137,0.34306569343065696,0.26882511598985337,0.42586736123278557,63,137,0.45985401459854014,0.37863107916464633,0.5432669964039357,70,137,0.5109489051094891,0.42809223799497464,0.5932082868499576,2,137,0.014598540145985401,0.004012534577063031,0.05166419729761036,0,137,0.0,0.0,0.027276032081430486,2,137,0.014598540145985401,0.004012534577063031,0.05166419729761036,40,137,0.291970802919708,0.22234027891666797,0.37294974902962064,363 0.45; 364 0.30; 365 0.11,3,53 0.57; 64 0.10; 56 0.08,3,shelter deduction 0.45; utility allowance 0.30; medical deduction 0.11,wrong include/exclude decision 0.64; change in circumstances 0.12,75,3,67,78,0.9615384615384616,0.8929137832970124,0.9868344132191849,0.038461538461538464,67,0.46206896551724136,145,23976.0
1,total_deductions_by_hh_size > 336.000 & unc_rawben_rel_max >   0.891 & unc_rawben_rel_max <=   0.991 & utilities <=  29.500,train_2022_23,74,49,84,6,84,0.07142857142857142,0.033145358330644366,0.14719744052547845,6,84,0.07142857142857142,0.033145358330644366,0.14719744052547845,36,84,0.42857142857142855,0.32815806317877516,0.5352324032972452,25,84,0.2976190476190476,0.21044679186262583,0.40249286315276545,8,84,0.09523809523809523,0.049051123189484375,0.17682818684129828,0,84,0.0,0.0,0.043733265332143306,3,84,0.03571428571428571,0.01221944777306612,0.09981858432106694,2,84,0.023809523809523808,0.006553765293517748,0.0827160112132854,59,84,0.7023809523809523,0.5975071368472344,0.7895532081373742,3,84,0.03571428571428571,0.01221944777306612,0.09981858432106694,1,84,0.011904761904761904,0.002104528901587875,0.06439699201788535,9,84,0.10714285714285714,0.05739956319523237,0.1912480024228802,2,84,0.023809523809523808,0.006553765293517748,0.0827160112132854,2,84,0.023809523809523808,0.006553765293517748,0.0827160112132854,0,84,0.0,0.0,0.043733265332143306,0,84,0.0,0.0,0.043733265332143306,6,84,0.07142857142857142,0.033145358330644366,0.14719744052547845,43,84,0.5119047619047619,0.40684997372055176,0.6159182818667781,17,84,0.20238095238095238,0.1303734963013758,0.30042011401537616,24,84,0.2857142857142857,0.20014898610655452,0.3900224133215068,40,84,0.47619047619047616,0.3727826732247559,0.5816808156005842,42,84,0.5,0.39543750035009767,0.6045624996499024,2,84,0.023809523809523808,0.006553765293517748,0.0827160112132854,0,84,0.0,0.0,0.043733265332143306,0,84,0.0,0.0,0.043733265332143306,27,84,0.32142857142857145,0.23125977350162447,0.42721639268842665,363 0.43; 364 0.30; 365 0.10,3,53 0.62; 99 0.07; 64 0.07,3,shelter deduction 0.43; utility allowance 0.30; medical deduction 0.10,wrong include/exclude decision 0.70; change in circumstances 0.11,47,2,39,49,0.9591836734693877,0.8628671652316889,0.9887346030720717,0.04081632653061224,39,0.4431818181818182,88,14168.0
1,total_deductions_by_hh_size > 336.000 & unc_rawben_rel_max >   0.891 & unc_rawben_rel_max <=   0.991 & utilities <=  29.500,test_2024,47,29,53,2,53,0.03773584905660377,0.010410068833819265,0.12754523150959116,2,53,0.03773584905660377,0.010410068833819265,0.12754523150959116,25,53,0.4716981132075472,0.343820276089814,0.6034014769924354,16,53,0.3018867924528302,0.19518140287607166,0.43537086869967556,7,53,0.1320754716981132,0.06547770200689572,0.2484050880623493,1,53,0.018867924528301886,0.003338367386749398,0.09943143501149412,0,53,0.0,0.0,0.06758430445307662,14,53,0.2641509433962264,0.16437206511316813,0.3958092105722453,28,53,0.5283018867924528,0.3965985230075645,0.6561797239101858,2,53,0.03773584905660377,0.010410068833819265,0.12754523150959116,0,53,0.0,0.0,0.06758430445307662,8,53,0.1509433962264151,0.07852324257781651,0.2705450454365954,1,53,0.018867924528301886,0.003338367386749398,0.09943143501149412,0,53,0.0,0.0,0.06758430445307662,0,53,0.0,0.0,0.06758430445307662,0,53,0.0,0.0,0.06758430445307662,0,53,0.0,0.0,0.06758430445307662,28,53,0.5283018867924528,0.3965985230075645,0.6561797239101858,2,53,0.03773584905660377,0.010410068833819265,0.12754523150959116,23,53,0.4339622641509434,0.30950190698960345,0.5673488502023123,23,53,0.4339622641509434,0.30950190698960345,0.5673488502023123,28,53,0.5283018867924528,0.3965985230075645,0.6561797239101858,0,53,0.0,0.0,0.06758430445307662,0,53,0.0,0.0,0.06758430445307662,2,53,0.03773584905660377,0.010410068833819265,0.12754523150959116,13,53,0.24528301886792453,0.14932762711854577,0.3756681506217008,363 0.47; 364 0.30,2,53 0.49; 56 0.21; 64 0.15,3,shelter deduction 0.47; utility allowance 0.30,"wrong include/exclude decision 0.53; wrong amount, known item 0.26",28,1,28,29,0.9655172413793104,0.8282410893529976,0.9938869433859677,0.034482758620689655,28,0.49122807017543857,57,9808.0
1,rawben_rel_max >   0.751 & rawben_rel_max <=   0.992 & shelter_expenses_by_hh_size > 832.000 & utilities <=  29.500,all_2022_24,131,76,141,4,141,0.028368794326241134,0.011086016785375557,0.07066950096643054,4,141,0.028368794326241134,0.011086016785375557,0.07066950096643054,72,141,0.5106382978723404,0.4289450255878892,0.5917672559665812,51,141,0.3617021276595745,0.2870320321093272,0.4437083076825558,9,141,0.06382978723404255,0.03394088582358967,0.11685557044311823,0,141,0.0,0.0,0.026522766939884673,1,141,0.0070921985815602835,0.0012530139445820175,0.03907794069828302,18,141,0.1276595744680851,0.08229767647714942,0.19277246911638168,92,141,0.6524822695035462,0.5707825541896676,0.7260934814244102,3,141,0.02127659574468085,0.007261812344253545,0.0606855177045722,0,141,0.0,0.0,0.026522766939884673,17,141,0.12056737588652482,0.07665405308915482,0.18460790480139597,2,141,0.014184397163120567,0.003898449814560761,0.05024069253128463,1,141,0.0070921985815602835,0.0012530139445820175,0.03907794069828302,0,141,0.0,0.0,0.026522766939884673,0,141,0.0,0.0,0.026522766939884673,8,141,0.05673758865248227,0.02902676376760057,0.10796150479612696,88,141,0.624113475177305,0.5418724999583782,0.6997707848437782,14,141,0.09929078014184398,0.06006952557748608,0.15976786920412364,39,141,0.2765957446808511,0.20943161972929047,0.35561046762682824,56,141,0.3971631205673759,0.32015581870067045,0.47962545960611436,81,141,0.574468085106383,0.4919478995343104,0.6530380713469836,2,141,0.014184397163120567,0.003898449814560761,0.05024069253128463,0,141,0.0,0.0,0.026522766939884673,2,141,0.014184397163120567,0.003898449814560761,0.05024069253128463,29,141,0.20567375886524822,0.14719271409491427,0.27976749623140085,363 0.51; 364 0.36,2,53 0.61; 64 0.11; 56 0.10,3,shelter deduction 0.51; utility allowance 0.36,"wrong include/exclude decision 0.65; wrong amount, known item 0.13",74,2,73,76,0.9736842105263158,0.9090320424906206,0.9927534928693922,0.02631578947368421,73,0.4899328859060403,149,25543.0
1,rawben_rel_max >   0.751 & rawben_rel_max <=   0.992 & shelter_expenses_by_hh_size > 832.000 & utilities <=  29.500,train_2022_23,63,41,75,1,75,0.013333333333333334,0.002357490433136912,0.07173537424743781,4,75,0.05333333333333334,0.020933088960043124,0.1292617320481556,38,75,0.5066666666666667,0.39598184412213266,0.6167018152658047,28,75,0.37333333333333335,0.2725580313531414,0.4864524402760493,3,75,0.04,0.013695816001486477,0.11113168623083756,0,75,0.0,0.0,0.04872554590470005,1,75,0.013333333333333334,0.002357490433136912,0.07173537424743781,1,75,0.013333333333333334,0.002357490433136912,0.07173537424743781,57,75,0.76,0.6522102034171385,0.8424525127124175,1,75,0.013333333333333334,0.002357490433136912,0.07173537424743781,0,75,0.0,0.0,0.04872554590470005,6,75,0.08,0.03717961789436808,0.16374984066557996,1,75,0.013333333333333334,0.002357490433136912,0.07173537424743781,1,75,0.013333333333333334,0.002357490433136912,0.07173537424743781,0,75,0.0,0.0,0.04872554590470005,0,75,0.0,0.0,0.04872554590470005,8,75,0.10666666666666667,0.05504846963856164,0.19661562647313574,46,75,0.6133333333333333,0.5001726873212743,0.7154495222736602,12,75,0.16,0.09396421323774289,0.25916915797745316,17,75,0.22666666666666666,0.14661247942117506,0.33335748567339424,31,75,0.41333333333333333,0.30877553459149687,0.5263368933653177,42,75,0.56,0.44746569425928456,0.6666872402321515,2,75,0.02666666666666667,0.00734353502360055,0.09211664843284882,0,75,0.0,0.0,0.04872554590470005,0,75,0.0,0.0,0.04872554590470005,17,75,0.22666666666666666,0.14661247942117506,0.33335748567339424,363 0.51; 364 0.37,2,53 0.71; 99 0.11,2,shelter deduction 0.51; utility allowance 0.37,wrong include/exclude decision 0.76,40,1,38,41,0.975609756097561,0.8740465298832192,0.9956815797292835,0.024390243902439025,38,0.4810126582278481,79,12936.0
1,rawben_rel_max >   0.751 & rawben_rel_max <=   0.992 & shelter_expenses_by_hh_size > 832.000 & utilities <=  29.500,test_2024,68,35,66,3,66,0.045454545454545456,0.015577991894810295,0.1253351601521073,0,66,0.0,0.0,0.05500446725160935,34,66,0.5151515151515151,0.39710384843935753,0.6315323798257452,23,66,0.3484848484848485,0.24475707338560404,0.4688806439633685,6,66,0.09090909090909091,0.042332398591397716,0.18448943825082814,0,66,0.0,0.0,0.05500446725160935,0,66,0.0,0.0,0.05500446725160935,17,66,0.25757575757575757,0.16748707345896682,0.37433327429938923,35,66,0.5303030303030303,0.41157476624932443,0.645697690280881,2,66,0.030303030303030304,0.008349735075946503,0.10392718870586834,0,66,0.0,0.0,0.05500446725160935,11,66,0.16666666666666666,0.09569485409199655,0.274308124075743,1,66,0.015151515151515152,0.0026795715344567483,0.08096112398225534,0,66,0.0,0.0,0.05500446725160935,0,66,0.0,0.0,0.05500446725160935,0,66,0.0,0.0,0.05500446725160935,0,66,0.0,0.0,0.05500446725160935,42,66,0.6363636363636364,0.5157941737921341,0.7419318805937907,2,66,0.030303030303030304,0.008349735075946503,0.10392718870586834,22,66,0.3333333333333333,0.2315626700450802,0.4534388190387895,25,66,0.3787878787878788,0.271492715804161,0.49941745807501703,39,66,0.5909090909090909,0.4704897153828895,0.7013276542077269,0,66,0.0,0.0,0.05500446725160935,0,66,0.0,0.0,0.05500446725160935,2,66,0.030303030303030304,0.008349735075946503,0.10392718870586834,12,66,0.18181818181818182,0.10718501425764242,0.2914541921751999,363 0.52; 364 0.35,2,53 0.50; 56 0.21; 64 0.17,3,shelter deduction 0.52; utility allowance 0.35,"wrong include/exclude decision 0.53; wrong amount, known item 0.26",34,1,35,35,0.9714285714285714,0.8546659090672868,0.9949386386341466,0.02857142857142857,35,0.5,70,12607.0
2-3,cat_elig > 0.500 & children_i > 0.500 & rawben_rel_max > 0.996 & unc_rawben_rel_max > 1.690,all_2022_24,62,32,44,14,44,0.3181818181818182,0.19999129931673562,0.46557172533126934,16,44,0.36363636363636365,0.23783334127491423,0.5113389272110895,5,44,0.11363636363636363,0.04952707589567494,0.23979435148133582,2,44,0.045454545454545456,0.012554846366981079,0.15135271525303162,1,44,0.022727272727272728,0.004023148385637013,0.11807979131537633,3,44,0.06818181818181818,0.023458970172840127,0.1822532133661719,3,44,0.06818181818181818,0.023458970172840127,0.1822532133661719,12,44,0.2727272727272727,0.16346223395491324,0.41849154685509304,15,44,0.3409090909090909,0.21875632628639946,0.4886113202806049,6,44,0.13636363636363635,0.0640286740786005,0.2670973752174096,3,44,0.06818181818181818,0.023458970172840127,0.1822532133661719,3,44,0.06818181818181818,0.023458970172840127,0.1822532133661719,2,44,0.045454545454545456,0.012554846366981079,0.15135271525303162,1,44,0.022727272727272728,0.004023148385637013,0.11807979131537633,0,44,0.0,6.938893903907228e-18,0.08029831778201396,0,44,0.0,6.938893903907228e-18,0.08029831778201396,2,44,0.045454545454545456,0.012554846366981079,0.15135271525303162,21,44,0.4772727272727273,0.3375475794427176,0.620647798638283,6,44,0.13636363636363635,0.0640286740786005,0.2670973752174096,17,44,0.38636363636363635,0.25720998886701985,0.5337669015379832,23,44,0.5227272727272727,0.379352201361717,0.6624524205572824,20,44,0.45454545454545453,0.3170500778685361,0.599340678293465,0,44,0.0,6.938893903907228e-18,0.08029831778201396,0,44,0.0,6.938893903907228e-18,0.08029831778201396,1,44,0.022727272727272728,0.004023148385637013,0.11807979131537633,18,44,0.4090909090909091,0.2768764387900683,0.5559050735339343,311 0.30; 331 0.14; 363 0.11; 333 0.07; 323 0.07; 342 0.07; 150 0.05,7,38 0.23; 37 0.14; 35 0.14; 52 0.11; 53 0.09; 41 0.07,6,unearned income 0.36; earned income 0.32; shelter deduction 0.11,"wrong include/exclude decision 0.34; wrong amount, known item 0.27; unreported source of income 0.14; household composition 0.07",29,3,4,32,0.90625,0.7578150066422116,0.9675990373736805,0.09375,4,0.1111111111111111,36,11413.0
2-3,cat_elig > 0.500 & children_i > 0.500 & rawben_rel_max > 0.996 & unc_rawben_rel_max > 1.690,train_2022_23,41,27,35,12,35,0.34285714285714286,0.20831495282688925,0.5084835312726328,14,35,0.4,0.25550504933307244,0.5642758041848053,4,35,0.11428571428571428,0.0453510585448975,0.2595179478812023,2,35,0.05714285714285714,0.015812829614043955,0.1860738073937003,1,35,0.02857142857142857,0.005061361365853362,0.1453340909327131,1,35,0.02857142857142857,0.005061361365853362,0.1453340909327131,1,35,0.02857142857142857,0.005061361365853362,0.1453340909327131,9,35,0.2571428571428571,0.1416286872655014,0.4206962427064873,12,35,0.34285714285714286,0.20831495282688925,0.5084835312726328,5,35,0.14285714285714285,0.06260138804853496,0.2937588030867426,1,35,0.02857142857142857,0.005061361365853362,0.1453340909327131,3,35,0.08571428571428572,0.029581831005296905,0.22379599071162518,2,35,0.05714285714285714,0.015812829614043955,0.1860738073937003,1,35,0.02857142857142857,0.005061361365853362,0.1453340909327131,0,35,0.0,0.0,0.09890426758938868,0,35,0.0,0.0,0.09890426758938868,2,35,0.05714285714285714,0.015812829614043955,0.1860738073937003,14,35,0.4,0.25550504933307244,0.5642758041848053,4,35,0.11428571428571428,0.0453510585448975,0.2595179478812023,17,35,0.4857142857142857,0.32993980391252736,0.6443146037328837,19,35,0.5428571428571428,0.38189451340137515,0.6953422636623914,15,35,0.42857142857142855,0.27984333081678914,0.5914287074102662,0,35,0.0,0.0,0.09890426758938868,0,35,0.0,0.0,0.09890426758938868,1,35,0.02857142857142857,0.005061361365853362,0.1453340909327131,15,35,0.42857142857142855,0.27984333081678914,0.5914287074102662,311 0.31; 331 0.17; 363 0.11; 333 0.09; 364 0.06; 342 0.06,6,38 0.26; 37 0.14; 35 0.14; 52 0.11; 53 0.09; 41 0.09,6,unearned income 0.40; earned income 0.34; shelter deduction 0.11,"wrong include/exclude decision 0.34; wrong amount, known item 0.26; unreported source of income 0.14; change in circumstances 0.09",25,2,2,27,0.9259259259259259,0.7663002270926937,0.9794457783026165,0.07407407407407407,2,0.06896551724137931,29,8587.0
2-3,cat_elig > 0.500 & children_i > 0.500 & rawben_rel_max > 0.996 & unc_rawben_rel_max > 1.690,test_2024,21,5,9,2,9,0.2222222222222222,0.06322376231222723,0.5474166563271946,2,9,0.2222222222222222,0.06322376231222723,0.5474166563271946,1,9,0.1111111111111111,0.019890371327130535,0.4350062147680601,0,9,0.0,0.0,0.2991527535509594,0,9,0.0,0.0,0.2991527535509594,2,9,0.2222222222222222,0.06322376231222723,0.5474166563271946,2,9,0.2222222222222222,0.06322376231222723,0.5474166563271946,3,9,0.3333333333333333,0.12058159868274293,0.6458026525009102,3,9,0.3333333333333333,0.12058159868274293,0.6458026525009102,1,9,0.1111111111111111,0.019890371327130535,0.4350062147680601,2,9,0.2222222222222222,0.06322376231222723,0.5474166563271946,0,9,0.0,0.0,0.2991527535509594,0,9,0.0,0.0,0.2991527535509594,0,9,0.0,0.0,0.2991527535509594,0,9,0.0,0.0,0.2991527535509594,0,9,0.0,0.0,0.2991527535509594,0,9,0.0,0.0,0.2991527535509594,7,9,0.7777777777777778,0.4525833436728054,0.9367762376877727,2,9,0.2222222222222222,0.06322376231222723,0.5474166563271946,0,9,0.0,0.0,0.2991527535509594,4,9,0.4444444444444444,0.188775429471914,0.7333526542559703,5,9,0.5555555555555556,0.2666473457440297,0.811224570528086,0,9,0.0,0.0,0.2991527535509594,0,9,0.0,0.0,0.2991527535509594,0,9,0.0,0.0,0.2991527535509594,3,9,0.3333333333333333,0.12058159868274293,0.6458026525009102,323 0.22; 311 0.22; 342 0.11; 111 0.11; 150 0.11,5,35 0.11; 7 0.11; 53 0.11; 57 0.11; 38 0.11; 14 0.11; 44 0.11,7,unearned income 0.22; other element 0.22; dep care or child support deduction 0.22; earned income 0.22,"wrong include/exclude decision 0.33; wrong amount, known item 0.33; household composition 0.22",4,1,2,5,0.8,0.3755282641185388,0.9637768390302125,0.2,2,0.2857142857142857,7,2826.0
1,rawben_rel_max <    1.000 & shelter_expenses_by_hh_size >= 1180.000 & unc_rawben_rel_max >=    0.986 & utilities <  645.000,all_2022_24,116,61,91,2,91,0.02197802197802198,0.006047879307120856,0.07663313830540361,2,91,0.02197802197802198,0.006047879307120856,0.07663313830540361,58,91,0.6373626373626373,0.5348810130309676,0.7287163957010656,12,91,0.13186813186813187,0.07707031566880387,0.21648862892934714,17,91,0.18681318681318682,0.12003656211187944,0.27896134597908484,0,91,0.0,0.0,0.04050543221539915,0,91,0.0,0.0,0.04050543221539915,17,91,0.18681318681318682,0.12003656211187944,0.27896134597908484,60,91,0.6593406593406593,0.557285222010459,0.7484877721186994,3,91,0.03296703296703297,0.01127420246334579,0.09249460784774133,0,91,0.0,0.0,0.04050543221539915,7,91,0.07692307692307693,0.03775902099480837,0.15036096011052938,0,91,0.0,0.0,0.04050543221539915,0,91,0.0,0.0,0.04050543221539915,0,91,0.0,0.0,0.04050543221539915,0,91,0.0,0.0,0.04050543221539915,4,91,0.04395604395604396,0.017224087727905874,0.10763251528174392,61,91,0.6703296703296703,0.5685683540449548,0.7582924327827664,10,91,0.10989010989010989,0.06079407536219415,0.19058928383883156,20,91,0.21978021978021978,0.14702013817844428,0.315241148008208,50,91,0.5494505494505495,0.4472910565435856,0.6476040105999464,41,91,0.45054945054945056,0.3523959894000537,0.5527089434564145,0,91,0.0,0.0,0.04050543221539915,0,91,0.0,0.0,0.04050543221539915,0,91,0.0,0.0,0.04050543221539915,27,91,0.2967032967032967,0.212633552714673,0.39724228236191794,363 0.64; 365 0.19,2,53 0.57; 56 0.16; 52 0.09,3,shelter deduction 0.64; medical deduction 0.19,"wrong include/exclude decision 0.66; wrong amount, known item 0.19",61,0,60,61,1.0,0.9407540837980555,1.0,0.0,60,0.49586776859504134,121,17196.0
1,rawben_rel_max <    1.000 & shelter_expenses_by_hh_size >= 1180.000 & unc_rawben_rel_max >=    0.986 & utilities <  645.000,train_2022_23,69,38,55,1,55,0.01818181818181818,0.003216697592252786,0.09606000460483224,2,55,0.03636363636363636,0.010029330855724924,0.1232369297490173,36,55,0.6545454545454545,0.5225365801066263,0.7663746663584595,6,55,0.10909090909090909,0.050966556283051315,0.21825793795231957,10,55,0.18181818181818182,0.10187561448030712,0.3033071133856924,0,55,0.0,0.0,0.06528714378942788,0,55,0.0,0.0,0.06528714378942788,1,55,0.01818181818181818,0.003216697592252786,0.09606000460483224,46,55,0.8363636363636363,0.717360036126882,0.9114467944147754,2,55,0.03636363636363636,0.010029330855724924,0.1232369297490173,0,55,0.0,0.0,0.06528714378942788,2,55,0.03636363636363636,0.010029330855724924,0.1232369297490173,0,55,0.0,0.0,0.06528714378942788,0,55,0.0,0.0,0.06528714378942788,0,55,0.0,0.0,0.06528714378942788,0,55,0.0,0.0,0.06528714378942788,4,55,0.07272727272727272,0.028643596503688543,0.17260178091636796,40,55,0.7272727272727273,0.5976755051758511,0.8271939749198636,9,55,0.16363636363636364,0.08855320558522452,0.28263996387311785,6,55,0.10909090909090909,0.050966556283051315,0.21825793795231957,32,55,0.5818181818181818,0.4503286833116465,0.7026243295228107,23,55,0.41818181818181815,0.29737567047718927,0.5496713166883535,0,55,0.0,0.0,0.06528714378942788,0,55,0.0,0.0,0.06528714378942788,0,55,0.0,0.0,0.06528714378942788,18,55,0.32727272727272727,0.21812895688825168,0.45897023823900523,363 0.65; 365 0.18,2,53 0.71; 52 0.13,2,shelter deduction 0.65; medical deduction 0.18,wrong include/exclude decision 0.84,38,0,37,38,1.0,0.90818706741616,0.9999999999999999,0.0,37,0.49333333333333335,75,10519.0
1,rawben_rel_max <    1.000 & shelter_expenses_by_hh_size >= 1180.000 & unc_rawben_rel_max >=    0.986 & utilities <  645.000,test_2024,47,23,36,1,36,0.027777777777777776,0.004920280295569679,0.141700337350308,0,36,0.0,0.0,0.09642183044857634,22,36,0.6111111111111112,0.4486417029674347,0.7521534458217705,6,36,0.16666666666666666,0.07870340628564097,0.3189111473467432,7,36,0.19444444444444445,0.09752972019453349,0.350283620635152,0,36,0.0,0.0,0.09642183044857634,0,36,0.0,0.0,0.09642183044857634,16,36,0.4444444444444444,0.2954102987654314,0.6041921268399659,14,36,0.3888888888888889,0.24784655417822943,0.5513582970325652,1,36,0.027777777777777776,0.004920280295569679,0.141700337350308,0,36,0.0,0.0,0.09642183044857634,5,36,0.1388888888888889,0.060817253631150966,0.2865985128039319,0,36,0.0,0.0,0.09642183044857634,0,36,0.0,0.0,0.09642183044857634,0,36,0.0,0.0,0.09642183044857634,0,36,0.0,0.0,0.09642183044857634,0,36,0.0,0.0,0.09642183044857634,21,36,0.5833333333333334,0.4219996966427768,0.7285966649491271,1,36,0.027777777777777776,0.004920280295569679,0.141700337350308,14,36,0.3888888888888889,0.24784655417822943,0.5513582970325652,18,36,0.5,0.34474067624730526,0.6552593237526947,18,36,0.5,0.34474067624730526,0.6552593237526947,0,36,0.0,0.0,0.09642183044857634,0,36,0.0,0.0,0.09642183044857634,0,36,0.0,0.0,0.09642183044857634,9,36,0.25,0.13750323839225387,0.41070767683203424,363 0.61; 365 0.19,2,56 0.42; 53 0.36,2,shelter deduction 0.61; medical deduction 0.19,"wrong amount, known item 0.44; wrong include/exclude decision 0.39",23,0,23,23,1.0,0.8568788745827374,1.0,0.0,23,0.5,46,6677.0
1,shelter_expenses_by_hh_size > 878.000 & unc_rawben_rel_max >   0.379 & unc_rawben_rel_max <=   0.991 & utilities <=  29.500,all_2022_24,212,109,199,11,199,0.05527638190954774,0.031142134689446446,0.09625579551816386,7,199,0.035175879396984924,0.0171415481339399,0.07081674050113299,97,199,0.48743718592964824,0.41888705666094184,0.5564631673562224,73,199,0.36683417085427134,0.30298418168786967,0.43572819289407017,9,199,0.04522613065326633,0.023973043399711715,0.08370506602162989,0,199,0.0,0.0,0.018938915883132453,2,199,0.010050251256281407,0.0027604243911927527,0.0358983122782084,26,199,0.1306532663316583,0.09074339886834415,0.18455318723628134,124,199,0.6231155778894473,0.5540523498382641,0.6875154547935274,6,199,0.03015075376884422,0.013889936753968383,0.06420844148797016,0,199,0.0,0.0,0.018938915883132453,26,199,0.1306532663316583,0.09074339886834415,0.18455318723628134,2,199,0.010050251256281407,0.0027604243911927527,0.0358983122782084,1,199,0.005025125628140704,0.0008875866694877336,0.02791123960677907,0,199,0.0,0.0,0.018938915883132453,0,199,0.0,0.0,0.018938915883132453,14,199,0.07035175879396985,0.04236595318245633,0.11461170820455696,120,199,0.6030150753768844,0.533702715973842,0.668425447085412,19,199,0.09547738693467336,0.06197689352509503,0.14430031982759,60,199,0.3015075376884422,0.24200002040447272,0.36853351906672055,77,199,0.3869346733668342,0.32201481530032566,0.4561372008541516,113,199,0.5678391959798995,0.4983692074007467,0.6347395829065671,2,199,0.010050251256281407,0.0027604243911927527,0.0358983122782084,0,199,0.0,0.0,0.018938915883132453,7,199,0.035175879396984924,0.0171415481339399,0.07081674050113299,38,199,0.19095477386934673,0.14240049156155604,0.2512150192606816,363 0.49; 364 0.37,2,53 0.57; 64 0.12; 56 0.09,3,shelter deduction 0.49; utility allowance 0.37,"wrong include/exclude decision 0.62; wrong amount, known item 0.13",105,4,98,109,0.963302752293578,0.9094214470792258,0.9856385308012722,0.03669724770642202,98,0.47342995169082125,207,33347.0
1,shelter_expenses_by_hh_size > 878.000 & unc_rawben_rel_max >   0.379 & unc_rawben_rel_max <=   0.991 & utilities <=  29.500,train_2022_23,118,60,110,3,110,0.02727272727272727,0.009317801045153465,0.07713214343911239,7,110,0.06363636363636363,0.03116412133993078,0.12555890433785305,54,110,0.4909090909090909,0.3993812926379583,0.5830504370636623,41,110,0.37272727272727274,0.28809453277586256,0.46594968304682455,3,110,0.02727272727272727,0.009317801045153465,0.07713214343911239,0,110,0.0,0.0,0.03374513358912735,2,110,0.01818181818181818,0.005000250085743785,0.06388142410014258,3,110,0.02727272727272727,0.009317801045153465,0.07713214343911239,76,110,0.6909090909090909,0.5993322306151246,0.769601445650845,2,110,0.01818181818181818,0.005000250085743785,0.06388142410014258,0,110,0.0,0.0,0.03374513358912735,14,110,0.12727272727272726,0.07734910586208317,0.20235181190435725,1,110,0.00909090909090909,0.0016065339495988408,0.049706869937908016,1,110,0.00909090909090909,0.0016065339495988408,0.049706869937908016,0,110,0.0,0.0,0.03374513358912735,0,110,0.0,0.0,0.03374513358912735,13,110,0.11818181818181818,0.07038061374366392,0.191752033724397,63,110,0.5727272727272728,0.4793675269277536,0.6611786354592826,13,110,0.11818181818181818,0.07038061374366392,0.191752033724397,34,110,0.3090909090909091,0.23039855434915507,0.4006677693848754,45,110,0.4090909090909091,0.3217882494780518,0.5025290475381534,58,110,0.5272727272727272,0.4346352821640567,0.6180695287310817,2,110,0.01818181818181818,0.005000250085743785,0.06388142410014258,0,110,0.0,0.0,0.03374513358912735,5,110,0.045454545454545456,0.019569172065837193,0.10201731301518767,22,110,0.2,0.13595004455478174,0.2842970355986948,363 0.49; 364 0.37,2,53 0.64; 99 0.12,2,shelter deduction 0.49; utility allowance 0.37,wrong include/exclude decision 0.69; change in circumstances 0.13,58,2,53,60,0.9666666666666667,0.8863601247107462,0.9908108735098498,0.03333333333333333,53,0.4690265486725664,113,17014.0
1,shelter_expenses_by_hh_size > 878.000 & unc_rawben_rel_max >   0.379 & unc_rawben_rel_max <=   0.991 & utilities <=  29.500,test_2024,94,49,89,8,89,0.0898876404494382,0.04625187572306141,0.16746266603408194,0,89,0.0,0.0,0.04137800296418846,43,89,0.48314606741573035,0.3821909362267175,0.5854959627496036,32,89,0.3595505617977528,0.2675763432047396,0.4631478149312684,6,89,0.06741573033707865,0.03126095907688764,0.139369447982017,0,89,0.0,0.0,0.04137800296418846,0,89,0.0,0.0,0.04137800296418846,23,89,0.25842696629213485,0.1788141889199488,0.358031363073985,48,89,0.5393258426966292,0.436292717570131,0.6391045181517867,4,89,0.0449438202247191,0.01761420103381913,0.10993207132684676,0,89,0.0,0.0,0.04137800296418846,12,89,0.1348314606741573,0.07884193534944134,0.22104087580417942,1,89,0.011235955056179775,0.0019861320934023673,0.06093393821990546,0,89,0.0,0.0,0.04137800296418846,0,89,0.0,0.0,0.04137800296418846,0,89,0.0,0.0,0.04137800296418846,1,89,0.011235955056179775,0.0019861320934023673,0.06093393821990546,57,89,0.6404494382022472,0.5368521850687317,0.7324236567952603,6,89,0.06741573033707865,0.03126095907688764,0.139369447982017,26,89,0.29213483146067415,0.2078347417163135,0.39363701232497833,32,89,0.3595505617977528,0.2675763432047396,0.4631478149312684,55,89,0.6179775280898876,0.5141392792900943,0.7120524278756588,0,89,0.0,0.0,0.04137800296418846,0,89,0.0,0.0,0.04137800296418846,2,89,0.02247191011235955,0.006184269063094168,0.07827786859933303,16,89,0.1797752808988764,0.11379795967440831,0.2722531208756899,363 0.48; 364 0.36,2,53 0.49; 56 0.19; 64 0.12,3,shelter deduction 0.48; utility allowance 0.36,"wrong include/exclude decision 0.54; wrong amount, known item 0.26",47,2,45,49,0.9591836734693877,0.8628671652316889,0.9887346030720717,0.04081632653061224,45,0.4787234042553192,94,16333.0
4+,HH_size_n >   4.50 & rawben_rel_max <=   0.88 & shelter_expenses_by_hh_size <= 268.00 & total_deductions_by_hh_size > 222.00,all_2022_24,82,39,65,16,65,0.24615384615384617,0.1575785436701859,0.36306013991648256,10,65,0.15384615384615385,0.08577002061798975,0.26055545700019456,10,65,0.15384615384615385,0.08577002061798975,0.26055545700019456,3,65,0.046153846153846156,0.01581955358590327,0.12714051706904955,1,65,0.015384615384615385,0.002720874527486622,0.08213479413797146,24,65,0.36923076923076925,0.26229222189067253,0.49076406965397484,1,65,0.015384615384615385,0.002720874527486622,0.08213479413797146,22,65,0.3384615384615385,0.23533338768646592,0.4596185018686867,28,65,0.4307692307692308,0.31759267537345776,0.5516724201501791,5,65,0.07692307692307693,0.03330301045885137,0.16776146218559615,0,65,0.0,0.0,0.055803467670710726,1,65,0.015384615384615385,0.002720874527486622,0.08213479413797146,2,65,0.03076923076923077,0.008478819400945352,0.10542905025926008,1,65,0.015384615384615385,0.002720874527486622,0.08213479413797146,0,65,0.0,0.0,0.055803467670710726,1,65,0.015384615384615385,0.002720874527486622,0.08213479413797146,5,65,0.07692307692307693,0.03330301045885137,0.16776146218559615,55,65,0.8461538461538461,0.7394445429998054,0.9142299793820102,1,65,0.015384615384615385,0.002720874527486622,0.08213479413797146,9,65,0.13846153846153847,0.07459006187684232,0.24268321474659466,37,65,0.5692307692307692,0.44832757984982086,0.6824073246265422,26,65,0.4,0.28971847853161004,0.5214422150025321,1,65,0.015384615384615385,0.002720874527486622,0.08213479413797146,0,65,0.0,0.0,0.055803467670710726,1,65,0.015384615384615385,0.002720874527486622,0.08213479413797146,32,65,0.49230769230769234,0.37463636042469284,0.6108375390779336,323 0.22; 311 0.20; 366 0.15; 363 0.15; 350 0.06,5,52 0.23; 53 0.20; 38 0.20; 99 0.08; 35 0.08,5,dep care or child support deduction 0.37; earned income 0.25; unearned income 0.15,"wrong include/exclude decision 0.43; wrong amount, known item 0.34",31,8,21,39,0.7948717948717948,0.6446572703687138,0.8922040980208888,0.20512820512820512,21,0.35,60,16529.0
4+,HH_size_n >   4.50 & rawben_rel_max <=   0.88 & shelter_expenses_by_hh_size <= 268.00 & total_deductions_by_hh_size > 222.00,train_2022_23,54,28,50,11,50,0.22,0.12753786224302288,0.35241815689459555,10,50,0.2,0.11243629945973886,0.3303737210448524,5,50,0.1,0.04347512399157111,0.2136049033478839,3,50,0.06,0.020614596364630478,0.16217343370877002,1,50,0.02,0.0035391680889764604,0.10495686471836953,20,50,0.4,0.2760818978624575,0.5381881089724063,0,50,0.0,0.0,0.07135003417431873,15,50,0.3,0.1910338908960936,0.4375061227736339,24,50,0.48,0.3479691239550571,0.6148848774119157,4,50,0.08,0.031549003255790686,0.18838502545063704,0,50,0.0,0.0,0.07135003417431873,1,50,0.02,0.0035391680889764604,0.10495686471836953,1,50,0.02,0.0035391680889764604,0.10495686471836953,1,50,0.02,0.0035391680889764604,0.10495686471836953,0,50,0.0,0.0,0.07135003417431873,1,50,0.02,0.0035391680889764604,0.10495686471836953,3,50,0.06,0.020614596364630478,0.16217343370877002,42,50,0.84,0.7148551903823401,0.9166267863791231,1,50,0.02,0.0035391680889764604,0.10495686471836953,7,50,0.14,0.06950745262022862,0.2618645719852809,29,50,0.58,0.4423319668777783,0.7062520276543307,19,50,0.38,0.2586259584257722,0.5184980497760643,1,50,0.02,0.0035391680889764604,0.10495686471836953,0,50,0.0,0.0,0.07135003417431873,1,50,0.02,0.0035391680889764604,0.10495686471836953,27,50,0.54,0.40398634328388083,0.6703056539821737,323 0.24; 366 0.16; 311 0.16; 363 0.10; 350 0.08; 364 0.06,6,52 0.28; 38 0.22; 53 0.20; 44 0.08,4,dep care or child support deduction 0.40; earned income 0.22; unearned income 0.20,"wrong include/exclude decision 0.48; wrong amount, known item 0.30",22,6,14,28,0.7857142857142857,0.6046105292072612,0.8978767829881058,0.21428571428571427,14,0.3333333333333333,42,12967.0
4+,HH_size_n >   4.50 & rawben_rel_max <=   0.88 & shelter_expenses_by_hh_size <= 268.00 & total_deductions_by_hh_size > 222.00,test_2024,28,11,15,5,15,0.3333333333333333,0.15176100694691236,0.5828687484878701,0,15,0.0,0.0,0.20388926630434784,5,15,0.3333333333333333,0.15176100694691236,0.5828687484878701,0,15,0.0,0.0,0.20388926630434784,0,15,0.0,0.0,0.20388926630434784,4,15,0.26666666666666666,0.1089727610318281,0.5195088965768675,1,15,0.06666666666666667,0.011866588606194856,0.2981707755242399,7,15,0.4666666666666667,0.24809225259746442,0.6988336984894921,4,15,0.26666666666666666,0.1089727610318281,0.5195088965768675,1,15,0.06666666666666667,0.011866588606194856,0.2981707755242399,0,15,0.0,0.0,0.20388926630434784,0,15,0.0,0.0,0.20388926630434784,1,15,0.06666666666666667,0.011866588606194856,0.2981707755242399,0,15,0.0,0.0,0.20388926630434784,0,15,0.0,0.0,0.20388926630434784,0,15,0.0,0.0,0.20388926630434784,2,15,0.13333333333333333,0.0373604698913593,0.3788249920651624,13,15,0.8666666666666667,0.6211750079348376,0.9626395301086407,0,15,0.0,0.0,0.20388926630434784,2,15,0.13333333333333333,0.0373604698913593,0.3788249920651624,8,15,0.5333333333333333,0.3011663015105079,0.7519077474025355,7,15,0.4666666666666667,0.24809225259746442,0.6988336984894921,0,15,0.0,0.0,0.20388926630434784,0,15,0.0,0.0,0.20388926630434784,0,15,0.0,0.0,0.20388926630434784,5,15,0.3333333333333333,0.15176100694691236,0.5828687484878701,363 0.33; 311 0.33; 323 0.13,3,56 0.27; 53 0.20; 38 0.13; 99 0.13; 52 0.07,5,shelter deduction 0.33; earned income 0.33; dep care or child support deduction 0.27,"wrong amount, known item 0.47; wrong include/exclude decision 0.27; other 0.13",9,2,7,11,0.8181818181818182,0.5230138624217553,0.9486333993289995,0.18181818181818182,7,0.3888888888888889,18,3562.0
1,rawben_rel_max >=   0.236 & rawben_rel_max <   1.000 & total_deductions_by_hh_size >= 511.000 & utilities < 249.000,all_2022_24,529,217,359,31,359,0.08635097493036212,0.0614990319093827,0.11996196925476166,20,359,0.055710306406685235,0.03634969868793285,0.0844787840439259,147,359,0.40947075208913647,0.3598225837698918,0.46103588449835525,101,359,0.28133704735376047,0.2373270217309069,0.3299772785477823,48,359,0.13370473537604458,0.10234979985863418,0.1728160025190425,7,359,0.019498607242339833,0.009476406454438417,0.03969546358471916,5,359,0.013927576601671309,0.005963222283791878,0.03218455349495014,58,359,0.1615598885793872,0.1271035553556638,0.20318271832409068,214,359,0.596100278551532,0.5445838868214894,0.6455817391706791,13,359,0.036211699164345405,0.021282184341331188,0.0609619684790731,0,359,0.0,0.0,0.010587540127703108,43,359,0.11977715877437325,0.09015079580923444,0.15745477091740331,8,359,0.022284122562674095,0.011333892993757644,0.04335002417560772,2,359,0.005571030640668524,0.0015290773693023754,0.020082557018816297,0,359,0.0,0.0,0.010587540127703108,0,359,0.0,0.0,0.010587540127703108,21,359,0.0584958217270195,0.03857454893166641,0.08776598093040013,228,359,0.6350974930362117,0.5841121813308345,0.6832221044842428,44,359,0.12256267409470752,0.09257992497461717,0.16053768888222833,87,359,0.24233983286908078,0.20089279031104948,0.28924285014473067,175,359,0.48746518105849584,0.43616600586720194,0.539029782046863,169,359,0.47075208913649025,0.41970102910022683,0.5224224760325914,4,359,0.011142061281337047,0.004341155165053,0.028294573483481238,1,359,0.002785515320334262,0.0004918685429961683,0.01560771871491472,10,359,0.027855153203342618,0.015199230011581705,0.05050878141819923,107,359,0.298050139275766,0.2530750537188744,0.3473015293410614,363 0.41; 364 0.28; 365 0.13,3,53 0.52; 64 0.10; 56 0.06; 99 0.06; 52 0.06,5,shelter deduction 0.41; utility allowance 0.28; medical deduction 0.13,"wrong include/exclude decision 0.60; wrong amount, known item 0.16",206,11,181,217,0.9493087557603687,0.9115233124322143,0.9714625018346631,0.05069124423963134,181,0.4547738693467337,398,56339.0
1,rawben_rel_max >=   0.236 & rawben_rel_max <   1.000 & total_deductions_by_hh_size >= 511.000 & utilities < 249.000,train_2022_23,303,130,211,15,211,0.07109004739336493,0.043551199484272496,0.11396764230428241,16,211,0.07582938388625593,0.047211526638490306,0.11961649921869937,82,211,0.3886255924170616,0.3254063925931298,0.4558277817939534,58,211,0.27488151658767773,0.21907135056552537,0.3387424061743239,31,211,0.14691943127962084,0.10547340032538677,0.20099238656132418,4,211,0.018957345971563982,0.007396106319858525,0.047721710713714116,5,211,0.023696682464454975,0.010163156550114585,0.054263844552092794,17,211,0.08056872037914692,0.050909053424299376,0.12522815650152502,140,211,0.6635071090047393,0.5973317451457001,0.7238351052221987,6,211,0.02843601895734597,0.013096095468480777,0.06064008970236135,0,211,0.0,0.0,0.017881080759033628,24,211,0.11374407582938388,0.07763646297253718,0.16366503543373048,7,211,0.03317535545023697,0.016161116814690984,0.06688425242478592,1,211,0.004739336492890996,0.0008370781945605862,0.026353186633107796,0,211,0.0,0.0,0.017881080759033628,0,211,0.0,0.0,0.017881080759033628,16,211,0.07582938388625593,0.047211526638490306,0.11961649921869937,132,211,0.6255924170616114,0.5585912485356953,0.6881021292831256,32,211,0.15165876777251186,0.10952067957325079,0.20625429138209495,47,211,0.22274881516587677,0.1718461774909787,0.2835665544938883,101,211,0.4786729857819905,0.4122540172879379,0.5458546544032057,98,211,0.46445497630331756,0.3983966145327619,0.5317845049524774,4,211,0.018957345971563982,0.007396106319858525,0.047721710713714116,0,211,0.0,0.0,0.017881080759033628,8,211,0.037914691943127965,0.01933474520919086,0.0730198080989208,67,211,0.3175355450236967,0.2584636627230663,0.3831327506344956,363 0.39; 364 0.27; 365 0.15,3,53 0.59; 64 0.09; 99 0.08,3,shelter deduction 0.39; utility allowance 0.27; medical deduction 0.15,wrong include/exclude decision 0.66; change in circumstances 0.11,126,4,107,130,0.9692307692307692,0.9235543553908409,0.9879709102963595,0.03076923076923077,107,0.45147679324894513,237,30977.0
1,rawben_rel_max >=   0.236 & rawben_rel_max <   1.000 & total_deductions_by_hh_size >= 511.000 & utilities < 249.000,test_2024,226,87,148,16,148,0.10810810810810811,0.06764686156864927,0.16839912319441966,4,148,0.02702702702702703,0.010559214292546873,0.06742731904219143,65,148,0.4391891891891892,0.36177315564232815,0.519682255786424,43,148,0.2905405405405405,0.22343062480550954,0.3682491256713032,17,148,0.11486486486486487,0.07296363044724141,0.1762539752681884,3,148,0.02027027027027027,0.00691716898447111,0.057897743397906314,0,148,0.0,0.0,0.02530004952529478,41,148,0.27702702702702703,0.2112610094634641,0.35407549910862685,74,148,0.5,0.4204700535563886,0.5795299464436114,7,148,0.0472972972972973,0.023096704287251545,0.0944046919045694,0,148,0.0,0.0,0.02530004952529478,19,148,0.12837837837837837,0.08374888237605915,0.1918119652440924,1,148,0.006756756756756757,0.0011937001683413329,0.03727797030931433,1,148,0.006756756756756757,0.0011937001683413329,0.03727797030931433,0,148,0.0,0.0,0.02530004952529478,0,148,0.0,0.0,0.02530004952529478,5,148,0.033783783783783786,0.014514880913543027,0.07664327337355617,96,148,0.6486486486486487,0.5688607590114603,0.7209149019404792,12,148,0.08108108108108109,0.04698790503444143,0.13637159591918396,40,148,0.2702702702702703,0.20520533406218508,0.34695955355754504,74,148,0.5,0.4204700535563886,0.5795299464436114,71,148,0.4797297297297297,0.40077634931400097,0.5597087878289164,0,148,0.0,0.0,0.02530004952529478,1,148,0.006756756756756757,0.0011937001683413329,0.03727797030931433,2,148,0.013513513513513514,0.0037136718210305925,0.04792961960898595,40,148,0.2702702702702703,0.20520533406218508,0.34695955355754504,363 0.44; 364 0.29; 365 0.11,3,53 0.43; 56 0.15; 64 0.11; 52 0.05; 57 0.05,5,shelter deduction 0.44; utility allowance 0.29; medical deduction 0.11,"wrong include/exclude decision 0.50; wrong amount, known item 0.28",80,7,74,87,0.9195402298850575,0.8431163585528489,0.9604802315556478,0.08045977011494253,74,0.45962732919254656,161,25362.0
1,rawben_rel_max <   0.992 & shelter_expenses_by_hh_size >= 831.000 & unc_rawben_rel_max >=   0.270 & utilities < 277.000,all_2022_24,487,192,327,18,327,0.05504587155963303,0.03509913868454757,0.08532586228268267,14,327,0.04281345565749235,0.025671495426190714,0.07057274955388435,158,327,0.4831804281345566,0.4295273040881151,0.5372241564295466,111,327,0.3394495412844037,0.2902543198212804,0.392373257847308,21,327,0.06422018348623854,0.04238391416679789,0.09617665379079875,2,327,0.0061162079510703364,0.0016788552207663687,0.02202312179784314,3,327,0.009174311926605505,0.0031248470238078967,0.02662231899159041,52,327,0.15902140672782875,0.12337595315320357,0.20258547370484573,194,327,0.5932721712538226,0.5392452437355875,0.6451330206664707,10,327,0.03058103975535168,0.016694066604295444,0.05536942238862444,0,327,0.0,0.0,0.011611599025031918,43,327,0.13149847094801223,0.09911088738349724,0.17244383850345288,5,327,0.01529051987767584,0.0065483226073228505,0.035289221401653054,2,327,0.0061162079510703364,0.0016788552207663687,0.02202312179784314,0,327,0.0,0.0,0.011611599025031918,0,327,0.0,0.0,0.011611599025031918,21,327,0.06422018348623854,0.04238391416679789,0.09617665379079875,213,327,0.6513761467889908,0.5982383480144307,0.7009985073266147,35,327,0.10703363914373089,0.07797180100149964,0.14522141291114013,79,327,0.2415902140672783,0.19836813658729535,0.29081339318405147,140,327,0.42813455657492355,0.3756433661466669,0.4822946924287966,175,327,0.5351681957186545,0.48101315995484667,0.5885065135082246,3,327,0.009174311926605505,0.0031248470238078967,0.02662231899159041,1,327,0.0030581039755351682,0.0005400206747298974,0.01711676734709082,8,327,0.024464831804281346,0.012447587952841684,0.0475255230465006,75,327,0.22935779816513763,0.18708829062205554,0.27791248316213607,363 0.48; 364 0.34,2,53 0.52; 64 0.12; 56 0.08; 99 0.06,4,shelter deduction 0.48; utility allowance 0.34,"wrong include/exclude decision 0.59; wrong amount, known item 0.16",184,8,171,192,0.9583333333333334,0.9199471090362051,0.9787383592197733,0.041666666666666664,171,0.47107438016528924,363,50219.0
1,rawben_rel_max <   0.992 & shelter_expenses_by_hh_size >= 831.000 & unc_rawben_rel_max >=   0.270 & utilities < 277.000,train_2022_23,256,109,183,6,183,0.03278688524590164,0.015111268614645863,0.06967498883551514,11,183,0.060109289617486336,0.03389181655604036,0.10441571238826329,87,183,0.47540983606557374,0.4043053311022835,0.5475255245529882,65,183,0.3551912568306011,0.28948167454721335,0.42685558653383077,10,183,0.0546448087431694,0.029949173888395457,0.09765410075707964,1,183,0.00546448087431694,0.0009652423746200223,0.030299743581398343,3,183,0.01639344262295082,0.005590545476989187,0.04708294907668623,10,183,0.0546448087431694,0.029949173888395457,0.09765410075707964,123,183,0.6721311475409836,0.601186428201202,0.7359975822118965,3,183,0.01639344262295082,0.005590545476989187,0.04708294907668623,0,183,0.0,0.0,0.020560731657189836,26,183,0.14207650273224043,0.09883605922787901,0.20003528419885247,4,183,0.02185792349726776,0.00853203484731592,0.05484571400518802,1,183,0.00546448087431694,0.0009652423746200223,0.030299743581398343,0,183,0.0,0.0,0.020560731657189836,0,183,0.0,0.0,0.020560731657189836,16,183,0.08743169398907104,0.05453271973712673,0.13729608070131955,115,183,0.6284153005464481,0.5564345406746688,0.6951154353478016,23,183,0.12568306010928962,0.08522759712476838,0.18153098340547755,45,183,0.2459016393442623,0.18915872478442047,0.31309345032005315,74,183,0.40437158469945356,0.33593873251607514,0.4767368172544258,100,183,0.546448087431694,0.4741016476768128,0.6168845138632298,3,183,0.01639344262295082,0.005590545476989187,0.04708294907668623,0,183,0.0,0.0,0.020560731657189836,6,183,0.03278688524590164,0.015111268614645863,0.06967498883551514,42,183,0.22950819672131148,0.1745158408348141,0.2956235713731739,363 0.48; 364 0.36,2,53 0.59; 64 0.13; 99 0.09,3,shelter deduction 0.48; utility allowance 0.36,wrong include/exclude decision 0.67; change in circumstances 0.14,103,6,98,109,0.944954128440367,0.8850813031908665,0.9745307547735721,0.05504587155963303,98,0.47342995169082125,207,26194.0
1,rawben_rel_max <   0.992 & shelter_expenses_by_hh_size >= 831.000 & unc_rawben_rel_max >=   0.270 & utilities < 277.000,test_2024,231,83,144,12,144,0.08333333333333333,0.0483109828128967,0.14000948990925996,3,144,0.020833333333333332,0.007109990612497532,0.059458553017982654,71,144,0.4930555555555556,0.4126449295918167,0.5738270782868861,46,144,0.3194444444444444,0.2488297377623892,0.3994424670838787,11,144,0.0763888888888889,0.043186883373293565,0.13160559722756573,1,144,0.006944444444444444,0.001226887030401979,0.03828567235748344,0,144,0.0,0.0,0.025984567266588023,42,144,0.2916666666666667,0.22361145223908757,0.3705487841219908,71,144,0.4930555555555556,0.4126449295918167,0.5738270782868861,7,144,0.04861111111111111,0.02374368582632414,0.0969368262893456,0,144,0.0,0.0,0.025984567266588023,17,144,0.11805555555555555,0.07502767620322827,0.1809327571254154,1,144,0.006944444444444444,0.001226887030401979,0.03828567235748344,1,144,0.006944444444444444,0.001226887030401979,0.03828567235748344,0,144,0.0,0.0,0.025984567266588023,0,144,0.0,0.0,0.025984567266588023,5,144,0.034722222222222224,0.014920522321761262,0.0787040055513137,98,144,0.6805555555555556,0.6005575329161212,0.7511702622376109,12,144,0.08333333333333333,0.0483109828128967,0.14000948990925996,34,144,0.2361111111111111,0.17416651816142592,0.3117697812292733,66,144,0.4583333333333333,0.37909042411148686,0.5397416231607288,75,144,0.5208333333333334,0.43976151663711593,0.6008224597267763,0,144,0.0,0.0,0.025984567266588023,1,144,0.006944444444444444,0.001226887030401979,0.03828567235748344,2,144,0.013888888888888888,0.003817054691554883,0.04922349681762791,33,144,0.22916666666666666,0.1680889425168482,0.30431936475255367,363 0.49; 364 0.32,2,53 0.44; 56 0.18; 64 0.11; 35 0.05,4,shelter deduction 0.49; utility allowance 0.32,"wrong include/exclude decision 0.49; wrong amount, known item 0.29",81,2,73,83,0.9759036144578314,0.9163352895899236,0.9933669729202098,0.024096385542168676,73,0.46794871794871795,156,24025.0
1,elderly_disabled_i >   0.500 & rawben_rel_max >   0.998 & shelter_expenses_by_hh_size <= 676.000 & unc_rawben_rel_max >   1.790,all_2022_24,150,72,109,6,109,0.05504587155963303,0.02546924522642792,0.11491869680913343,73,109,0.6697247706422018,0.5769768715088236,0.750916387714725,15,109,0.13761467889908258,0.08520256971803858,0.21470101193978974,5,109,0.045871559633027525,0.019750157151731958,0.10291382492579973,5,109,0.045871559633027525,0.019750157151731958,0.10291382492579973,1,109,0.009174311926605505,0.0016212895577145392,0.050146852687698494,4,109,0.03669724770642202,0.014361469198727862,0.09057855292077416,17,109,0.1559633027522936,0.09971462165945087,0.23563687991443671,45,109,0.41284403669724773,0.324919801993395,0.5067025784053233,24,109,0.22018348623853212,0.1526627048081528,0.30675651647194246,0,109,0.0,0.0,0.03404418228738337,3,109,0.027522935779816515,0.009403685491248322,0.07781237667022406,7,109,0.06422018348623854,0.03145324596985614,0.12665865602373488,5,109,0.045871559633027525,0.019750157151731958,0.10291382492579973,0,109,0.0,0.0,0.03404418228738337,0,109,0.0,0.0,0.03404418228738337,8,109,0.07339449541284404,0.03765663179125689,0.1381792301603638,29,108,0.26851851851851855,0.19394781819614243,0.3589913386113424,14,108,0.12962962962962962,0.07881199094174576,0.20589065995023,65,108,0.6018518518518519,0.5075620937035107,0.6891446773011959,66,109,0.6055045871559633,0.5116631519621372,0.692162387555204,36,109,0.3302752293577982,0.24908361228527495,0.4230231284911763,4,109,0.03669724770642202,0.014361469198727862,0.09057855292077416,1,109,0.009174311926605505,0.0016212895577145392,0.050146852687698494,2,109,0.01834862385321101,0.0050462566124631555,0.06444584559097954,51,108,0.4722222222222222,0.38064769707967805,0.56570500173722,331 0.46; 363 0.14; 333 0.09; 346 0.06; 365 0.05,5,37 0.24; 35 0.22; 38 0.13; 53 0.09; 52 0.08,5,unearned income 0.67; shelter deduction 0.14,"wrong include/exclude decision 0.41; unreported source of income 0.22; wrong amount, known item 0.16",72,0,0,72,1.0,0.9493470601886036,1.0,0.0,0,0.0,72,18802.0
1,elderly_disabled_i >   0.500 & rawben_rel_max >   0.998 & shelter_expenses_by_hh_size <= 676.000 & unc_rawben_rel_max >   1.790,train_2022_23,109,50,77,4,77,0.05194805194805195,0.02038438860493938,0.12609465188906374,50,77,0.6493506493506493,0.5379921537263109,0.746514832775688,11,77,0.14285714285714285,0.08168247823927464,0.2379747279515974,4,77,0.05194805194805195,0.02038438860493938,0.12609465188906374,3,77,0.03896103896103896,0.013337708283515264,0.10840159425379228,1,77,0.012987012987012988,0.0022961581721549496,0.06996366845176145,4,77,0.05194805194805195,0.02038438860493938,0.12609465188906374,12,77,0.15584415584415584,0.09145782358403826,0.25293912056352935,36,77,0.4675324675324675,0.36029890673598886,0.5778517483722723,10,77,0.12987012987012986,0.07209751490940192,0.22281995332477456,0,77,0.0,3.469446951953614e-18,0.047520088667220836,3,77,0.03896103896103896,0.013337708283515264,0.10840159425379228,6,77,0.07792207792207792,0.036200461908799254,0.15975805449859498,3,77,0.03896103896103896,0.013337708283515264,0.10840159425379228,0,77,0.0,3.469446951953614e-18,0.047520088667220836,0,77,0.0,3.469446951953614e-18,0.047520088667220836,7,77,0.09090909090909091,0.04473514189357164,0.17596311247051816,20,77,0.2597402597402597,0.17489066479540777,0.3674241830057244,8,77,0.1038961038961039,0.053592282957973164,0.19184570936281223,49,77,0.6363636363636364,0.5248199544762014,0.7349472940691019,53,77,0.6883116883116883,0.5779975455912919,0.7807286547807938,19,77,0.24675324675324675,0.16403948228457532,0.35353562755986123,3,77,0.03896103896103896,0.013337708283515264,0.10840159425379228,0,77,0.0,3.469446951953614e-18,0.047520088667220836,2,77,0.025974025974025976,0.0071520098481384214,0.08984755473247355,44,77,0.5714285714285714,0.46010331091803647,0.6759652478437891,331 0.47; 363 0.14; 333 0.10; 364 0.05,4,37 0.27; 38 0.16; 35 0.13; 53 0.10; 99 0.09,5,unearned income 0.65; shelter deduction 0.14,"wrong include/exclude decision 0.47; wrong amount, known item 0.16; unreported source of income 0.13",50,0,0,50,1.0,0.9286499658256813,1.0,0.0,0,0.0,50,12124.0
1,elderly_disabled_i >   0.500 & rawben_rel_max >   0.998 & shelter_expenses_by_hh_size <= 676.000 & unc_rawben_rel_max >   1.790,test_2024,41,22,32,2,32,0.0625,0.017310203195157234,0.2014746724800358,23,32,0.71875,0.546251630618882,0.8443559315435214,4,32,0.125,0.04970053844474301,0.2806864978482796,1,32,0.03125,0.005537717362550945,0.15744607800372734,2,32,0.0625,0.017310203195157234,0.2014746724800358,0,32,0.0,0.0,0.1071827150573635,0,32,0.0,0.0,0.1071827150573635,5,32,0.15625,0.06864319106627216,0.31754492553566527,9,32,0.28125,0.15564406845647866,0.4537483693811179,14,32,0.4375,0.2816508596944317,0.6067469796877387,0,32,0.0,0.0,0.1071827150573635,0,32,0.0,0.0,0.1071827150573635,1,32,0.03125,0.005537717362550945,0.15744607800372734,2,32,0.0625,0.017310203195157234,0.2014746724800358,0,32,0.0,0.0,0.1071827150573635,0,32,0.0,0.0,0.1071827150573635,1,32,0.03125,0.005537717362550945,0.15744607800372734,9,31,0.2903225806451613,0.1609562071843287,0.4659265995754067,6,31,0.1935483870967742,0.09186883586347633,0.36280603555459856,16,31,0.5161290322580645,0.34840118286973176,0.6803001396872117,13,32,0.40625,0.255194024803138,0.5774027342701177,17,32,0.53125,0.3644923793257382,0.6913087009831766,1,32,0.03125,0.005537717362550945,0.15744607800372734,1,32,0.03125,0.005537717362550945,0.15744607800372734,0,32,0.0,0.0,0.1071827150573635,7,31,0.22580645161290322,0.11394991594498799,0.3981276005869738,331 0.44; 346 0.16; 363 0.12; 333 0.06,4,35 0.44; 37 0.16; 56 0.06; 52 0.06; 38 0.06,5,unearned income 0.72; shelter deduction 0.12,"unreported source of income 0.44; wrong include/exclude decision 0.28; wrong amount, known item 0.16",22,0,0,22,1.0,0.8513404742740388,1.0,0.0,0,0.0,22,6678.0
2-3,months_since_cert_n <=  25 & shelter_expenses_by_hh_size > 499 & shelter_expenses_by_hh_size <= 679 & total_deductions_by_hh_size > 644,all_2022_24,82,36,64,12,64,0.1875,0.11064534880922097,0.29974591554775176,16,64,0.25,0.16014791974174092,0.36816509174383727,11,64,0.171875,0.0987764126731623,0.2821344149016591,1,64,0.015625,0.0027634707504014047,0.08334298900290629,6,64,0.09375,0.04367765783128784,0.1898309858327767,15,64,0.234375,0.1474976721963502,0.35133490250707655,3,64,0.046875,0.016068725432185196,0.12899860788542522,16,64,0.25,0.16014791974174092,0.36816509174383727,24,64,0.375,0.2666580388810532,0.4974984668617358,9,64,0.140625,0.07578487006414436,0.24616508394637426,2,64,0.03125,0.00861195771251659,0.10697493882294247,0,64,0.0,0.0,0.056626022971156334,3,64,0.046875,0.016068725432185196,0.12899860788542522,2,64,0.03125,0.00861195771251659,0.10697493882294247,1,64,0.015625,0.0027634707504014047,0.08334298900290629,0,64,0.0,0.0,0.056626022971156334,7,64,0.109375,0.054000447526830544,0.20898863291938535,38,64,0.59375,0.471449865045497,0.7054327556474111,8,64,0.125,0.064721653926208,0.22774786330215924,18,64,0.28125,0.18593226105484584,0.40134162399503504,28,64,0.4375,0.32293817065427327,0.5591400822171212,32,64,0.5,0.38101888493214947,0.6189811150678505,0,64,0.0,0.0,0.056626022971156334,3,64,0.046875,0.016068725432185196,0.12899860788542522,1,64,0.015625,0.0027634707504014047,0.08334298900290629,19,64,0.296875,0.19904999589075245,0.4177043259412798,323 0.23; 311 0.19; 363 0.17; 350 0.09; 365 0.09,5,53 0.19; 38 0.16; 35 0.14; 99 0.11; 37 0.09; 52 0.09,6,unearned income 0.25; dep care or child support deduction 0.23; earned income 0.19; shelter deduction 0.17,"wrong include/exclude decision 0.38; wrong amount, known item 0.25; unreported source of income 0.14",34,2,17,36,0.9444444444444444,0.8185502589238878,0.9846303362329332,0.05555555555555555,17,0.32075471698113206,53,12598.0
2-3,months_since_cert_n <=  25 & shelter_expenses_by_hh_size > 499 & shelter_expenses_by_hh_size <= 679 & total_deductions_by_hh_size > 644,train_2022_23,56,28,52,10,52,0.19230769230769232,0.10795930648521072,0.31899121069194747,14,52,0.2692307692307692,0.1676881003582587,0.4025247875246099,10,52,0.19230769230769232,0.10795930648521072,0.31899121069194747,1,52,0.019230769230769232,0.0034027204090655225,0.10120746268024422,5,52,0.09615384615384616,0.041773735183410265,0.20609881861160995,9,52,0.17307692307692307,0.0938236875646778,0.29731123693605277,3,52,0.057692307692307696,0.019813812690573196,0.15642755575159178,10,52,0.19230769230769232,0.10795930648521072,0.31899121069194747,21,52,0.40384615384615385,0.28159535424282284,0.5393266823750391,9,52,0.17307692307692307,0.0938236875646778,0.29731123693605277,2,52,0.038461538461538464,0.010611488322077554,0.12981428744365978,0,52,0.0,0.0,0.06879459041288215,3,52,0.057692307692307696,0.019813812690573196,0.15642755575159178,0,52,0.0,0.0,0.06879459041288215,1,52,0.019230769230769232,0.0034027204090655225,0.10120746268024422,0,52,0.0,0.0,0.06879459041288215,6,52,0.11538461538461539,0.05396895756082726,0.22971918891062054,31,52,0.5961538461538461,0.4606733176249609,0.7184046457571771,6,52,0.11538461538461539,0.05396895756082726,0.22971918891062054,15,52,0.28846153846153844,0.1832980234182869,0.4227304571410092,24,52,0.46153846153846156,0.3334025986239788,0.5949662160231659,27,52,0.5192307692307693,0.3868545397052721,0.6489610529711556,0,52,0.0,0.0,0.06879459041288215,0,52,0.0,0.0,0.06879459041288215,1,52,0.019230769230769232,0.0034027204090655225,0.10120746268024422,16,52,0.3076923076923077,0.19914562391353519,0.4426984493221887,311 0.19; 363 0.19; 323 0.17; 350 0.10; 365 0.10,5,53 0.19; 35 0.17; 38 0.15; 99 0.12; 52 0.12,5,unearned income 0.27; earned income 0.19; shelter deduction 0.19; dep care or child support deduction 0.17,"wrong include/exclude decision 0.40; wrong amount, known item 0.19; unreported source of income 0.17",27,1,11,28,0.9642857142857143,0.8228742388150135,0.9936676435024582,0.03571428571428571,11,0.28205128205128205,39,10114.0
2-3,months_since_cert_n <=  25 & shelter_expenses_by_hh_size > 499 & shelter_expenses_by_hh_size <= 679 & total_deductions_by_hh_size > 644,test_2024,26,8,12,2,12,0.16666666666666666,0.04696414761482223,0.44803635738467273,2,12,0.16666666666666666,0.04696414761482223,0.44803635738467273,1,12,0.08333333333333333,0.014864709450773478,0.35388592179859524,0,12,0.0,0.0,0.2425007574992425,1,12,0.08333333333333333,0.014864709450773478,0.35388592179859524,6,12,0.5,0.2537781703934222,0.7462218296065778,0,12,0.0,0.0,0.2425007574992425,6,12,0.5,0.2537781703934222,0.7462218296065778,3,12,0.25,0.08894003962896138,0.53231033912066,0,12,0.0,0.0,0.2425007574992425,0,12,0.0,0.0,0.2425007574992425,0,12,0.0,0.0,0.2425007574992425,0,12,0.0,0.0,0.2425007574992425,2,12,0.16666666666666666,0.04696414761482223,0.44803635738467273,0,12,0.0,0.0,0.2425007574992425,0,12,0.0,0.0,0.2425007574992425,1,12,0.08333333333333333,0.014864709450773478,0.35388592179859524,7,12,0.5833333333333334,0.3195073356553728,0.8067425380947535,2,12,0.16666666666666666,0.04696414761482223,0.44803635738467273,3,12,0.25,0.08894003962896138,0.53231033912066,4,12,0.3333333333333333,0.13811783989736134,0.609382412602386,5,12,0.4166666666666667,0.19325746190524656,0.6804926643446272,0,12,0.0,0.0,0.2425007574992425,3,12,0.25,0.08894003962896138,0.53231033912066,0,12,0.0,0.0,0.2425007574992425,3,12,0.25,0.08894003962896138,0.53231033912066,323 0.50; 311 0.17; 365 0.08,3,56 0.25; 97 0.17; 53 0.17; 38 0.17; 37 0.08,5,dep care or child support deduction 0.50; earned income 0.17; unearned income 0.17,"wrong amount, known item 0.50; wrong include/exclude decision 0.25",7,1,6,8,0.875,0.5291051942301386,0.9775830911367038,0.125,6,0.42857142857142855,14,2484.0
2-3,HH_size_n >   2.500 & total_deductions_by_hh_size > 440.000 & unc_rawben_rel_max >   0.640 & unc_rawben_rel_max <=   0.996,all_2022_24,118,48,72,23,72,0.3194444444444444,0.22325457048556474,0.43392565777966174,15,72,0.20833333333333334,0.1305194089904011,0.3156948058995801,11,72,0.1527777777777778,0.08750619034775439,0.25322501785460416,3,72,0.041666666666666664,0.01427054877259009,0.11549464605452325,2,72,0.027777777777777776,0.007650861466140468,0.09574358168906721,13,72,0.18055555555555555,0.10866714144495851,0.2848055701012113,5,72,0.06944444444444445,0.03002493884382272,0.15248175932710195,16,72,0.2222222222222222,0.1416732392052012,0.3309117273566856,21,72,0.2916666666666667,0.19937911717246715,0.4050596077489481,11,72,0.1527777777777778,0.08750619034775439,0.25322501785460416,1,72,0.013888888888888888,0.002455888640432169,0.07456780284286987,9,72,0.125,0.06717708293105555,0.22081262192749168,3,72,0.041666666666666664,0.01427054877259009,0.11549464605452325,1,72,0.013888888888888888,0.002455888640432169,0.07456780284286987,0,72,0.0,0.0,0.05065293981139638,0,72,0.0,0.0,0.05065293981139638,10,72,0.1388888888888889,0.07722647811471899,0.23713397841573391,47,72,0.6527777777777778,0.5376108847085543,0.7524673836824078,6,72,0.08333333333333333,0.03875189713049035,0.17012555271233995,19,72,0.2638888888888889,0.17593641596552728,0.37576080561207664,35,72,0.4861111111111111,0.3743248074300839,0.5993044408980104,35,72,0.4861111111111111,0.3743248074300839,0.5993044408980104,0,72,0.0,0.0,0.05065293981139638,0,72,0.0,0.0,0.05065293981139638,2,72,0.027777777777777776,0.007650861466140468,0.09574358168906721,18,72,0.25,0.16438921125325756,0.36093725865244064,311 0.29; 323 0.18; 363 0.15; 350 0.08; 342 0.07,5,53 0.19; 35 0.15; 99 0.14; 38 0.11; 44 0.04; 40 0.04; 41 0.04; 37 0.04,8,earned income 0.32; unearned income 0.21; dep care or child support deduction 0.18; shelter deduction 0.15,"wrong include/exclude decision 0.29; wrong amount, known item 0.22; unreported source of income 0.15; other 0.14",34,14,19,48,0.7083333333333334,0.5682047226383246,0.8175858393813663,0.2916666666666667,19,0.2835820895522388,67,13350.0
2-3,HH_size_n >   2.500 & total_deductions_by_hh_size > 440.000 & unc_rawben_rel_max >   0.640 & unc_rawben_rel_max <=   0.996,train_2022_23,72,34,54,14,54,0.25925925925925924,0.16118507964793902,0.38931144880217294,12,54,0.2222222222222222,0.13195287989578958,0.34938926831587813,8,54,0.14814814814814814,0.07702971308229412,0.266003674652485,2,54,0.037037037037037035,0.010216153585413057,0.12535409343403314,2,54,0.037037037037037035,0.010216153585413057,0.12535409343403314,11,54,0.2037037037037037,0.1177393408658538,0.32902561722659174,5,54,0.09259259259259259,0.040200542070567336,0.1991012753065453,10,54,0.18518518518518517,0.10382574505942957,0.3083620229137938,18,54,0.3333333333333333,0.22241243520150356,0.466392853725497,7,54,0.12962962962962962,0.06423639229487982,0.2442198053206771,1,54,0.018518518518518517,0.0032764033153519848,0.09771665358487208,6,54,0.1111111111111111,0.05192951817556753,0.2219494893207673,2,54,0.037037037037037035,0.010216153585413057,0.12535409343403314,1,54,0.018518518518518517,0.0032764033153519848,0.09771665358487208,0,54,0.0,6.938893903907228e-18,0.06641586678100189,0,54,0.0,6.938893903907228e-18,0.06641586678100189,9,54,0.16666666666666666,0.0902428998661039,0.28736767798789736,35,54,0.6481481481481481,0.5148458381779774,0.7617716827757998,5,54,0.09259259259259259,0.040200542070567336,0.1991012753065453,14,54,0.25925925925925924,0.16118507964793902,0.38931144880217294,26,54,0.48148148148148145,0.3539375603654322,0.6114852495153457,27,54,0.5,0.37114361988923295,0.628856380110767,0,54,0.0,6.938893903907228e-18,0.06641586678100189,0,54,0.0,6.938893903907228e-18,0.06641586678100189,1,54,0.018518518518518517,0.0032764033153519848,0.09771665358487208,13,54,0.24074074074074073,0.14644154703850742,0.36947779129238245,311 0.24; 323 0.20; 363 0.15; 350 0.11; 342 0.06,5,53 0.24; 99 0.17; 35 0.13; 38 0.11; 44 0.06; 52 0.06,6,earned income 0.26; unearned income 0.22; dep care or child support deduction 0.20; shelter deduction 0.15,"wrong include/exclude decision 0.33; wrong amount, known item 0.19; other 0.17; unreported source of income 0.13",24,10,16,34,0.7058823529411765,0.5383077411853625,0.8316554739006805,0.29411764705882354,16,0.32,50,10544.0
2-3,HH_size_n >   2.500 & total_deductions_by_hh_size > 440.000 & unc_rawben_rel_max >   0.640 & unc_rawben_rel_max <=   0.996,test_2024,46,14,18,9,18,0.5,0.2903070395897999,0.7096929604102,3,18,0.16666666666666666,0.05836470400465757,0.39222499638359243,3,18,0.16666666666666666,0.05836470400465757,0.39222499638359243,1,18,0.05555555555555555,0.009874935830924525,0.2575779980200754,0,18,0.0,0.0,0.1758845505823749,2,18,0.1111111111111111,0.031018868453582787,0.3280024486660421,0,18,0.0,0.0,0.1758845505823749,6,18,0.3333333333333333,0.1627855436366286,0.5625093065574964,3,18,0.16666666666666666,0.05836470400465757,0.39222499638359243,4,18,0.2222222222222222,0.09000781913382,0.4521502645230549,0,18,0.0,0.0,0.1758845505823749,3,18,0.16666666666666666,0.05836470400465757,0.39222499638359243,1,18,0.05555555555555555,0.009874935830924525,0.2575779980200754,0,18,0.0,0.0,0.1758845505823749,0,18,0.0,0.0,0.1758845505823749,0,18,0.0,0.0,0.1758845505823749,1,18,0.05555555555555555,0.009874935830924525,0.2575779980200754,12,18,0.6666666666666666,0.4374906934425036,0.8372144563633714,1,18,0.05555555555555555,0.009874935830924525,0.2575779980200754,5,18,0.2777777777777778,0.12499569146355474,0.5087307754619452,9,18,0.5,0.2903070395897999,0.7096929604102,8,18,0.4444444444444444,0.24559231101389126,0.6628393057174837,0,18,0.0,0.0,0.1758845505823749,0,18,0.0,0.0,0.1758845505823749,1,18,0.05555555555555555,0.009874935830924525,0.2575779980200754,5,18,0.2777777777777778,0.12499569146355474,0.5087307754619452,311 0.44; 363 0.17; 342 0.11; 323 0.11,4,35 0.22; 38 0.11; 57 0.11; 33 0.06; 64 0.06; 37 0.06; 56 0.06; 40 0.06; 54 0.06,9,earned income 0.50; unearned income 0.17; shelter deduction 0.17,"wrong amount, known item 0.33; unreported source of income 0.22; wrong include/exclude decision 0.17; change in circumstances 0.17",10,4,3,14,0.7142857142857143,0.4535045882751561,0.882788120898909,0.2857142857142857,3,0.17647058823529413,17,2806.0
1,cat_elig >=    1.00 & shelter_expenses_by_hh_size < 1720.00 & unc_rawben_rel_max >=    2.49 & utilities <  875.00,all_2022_24,162,68,108,16,108,0.14814814814814814,0.093294517694531,0.22717300065284596,61,108,0.5648148148148148,0.4706765816044607,0.6545004544894435,18,108,0.16666666666666666,0.10810385411647243,0.24812853168630572,6,108,0.05555555555555555,0.02570737919718203,0.11593580187318892,6,108,0.05555555555555555,0.02570737919718203,0.11593580187318892,1,108,0.009259259259259259,0.0016363187318928635,0.05059469369997506,0,108,0.0,3.469446951953614e-18,0.03434857870416731,26,108,0.24074074074074073,0.169910773525579,0.329381082098804,33,108,0.3055555555555556,0.22660104620023352,0.3978678455180537,31,108,0.28703703703703703,0.21019243295848952,0.3785115913043965,0,108,0.0,3.469446951953614e-18,0.03434857870416731,4,108,0.037037037037037035,0.014495306806255062,0.09138300680871465,1,108,0.009259259259259259,0.0016363187318928635,0.05059469369997506,2,108,0.018518518518518517,0.005093117606642765,0.06502032855292575,0,108,0.0,3.469446951953614e-18,0.03434857870416731,0,108,0.0,3.469446951953614e-18,0.03434857870416731,11,108,0.10185185185185185,0.05782872158872558,0.17322662812014833,49,108,0.4537037037037037,0.3630114551299451,0.5475763762315519,12,108,0.1111111111111111,0.0647120300165129,0.18422575342006164,47,108,0.4351851851851852,0.3454995455105564,0.5293234183955392,60,108,0.5555555555555556,0.4615344791712406,0.645760123194963,45,108,0.4166666666666667,0.32811348003440627,0.5109446164162883,0,108,0.0,3.469446951953614e-18,0.03434857870416731,0,108,0.0,3.469446951953614e-18,0.03434857870416731,3,108,0.027777777777777776,0.009491167942144545,0.07850471194512457,48,108,0.4444444444444444,0.3542398768050369,0.5384655208287593,331 0.31; 363 0.17; 311 0.14; 346 0.09; 365 0.06,5,35 0.29; 38 0.19; 37 0.13; 53 0.10; 99 0.10,5,unearned income 0.56; shelter deduction 0.17; earned income 0.15,"wrong include/exclude decision 0.31; unreported source of income 0.29; wrong amount, known item 0.24",68,0,1,68,1.0,0.9465268034119508,1.0,0.0,1,0.014492753623188406,69,20055.0
1,cat_elig >=    1.00 & shelter_expenses_by_hh_size < 1720.00 & unc_rawben_rel_max >=    2.49 & utilities <  875.00,train_2022_23,104,46,75,8,75,0.10666666666666667,0.05504846963856164,0.19661562647313574,42,75,0.56,0.44746569425928456,0.6666872402321515,13,75,0.17333333333333334,0.10419048023286545,0.2743102097582053,5,75,0.06666666666666667,0.028809638090317204,0.14675250169375617,6,75,0.08,0.03717961789436808,0.16374984066557996,1,75,0.013333333333333334,0.002357490433136912,0.07173537424743781,0,75,0.0,0.0,0.04872554590470005,14,75,0.18666666666666668,0.11458005622312066,0.2892879525438247,27,75,0.36,0.26064766399338823,0.4729954888599277,20,75,0.26666666666666666,0.17976179296488748,0.3763101284573058,0,75,0.0,0.0,0.04872554590470005,3,75,0.04,0.013695816001486477,0.11113168623083756,1,75,0.013333333333333334,0.002357490433136912,0.07173537424743781,2,75,0.02666666666666667,0.00734353502360055,0.09211664843284882,0,75,0.0,0.0,0.04872554590470005,0,75,0.0,0.0,0.04872554590470005,8,75,0.10666666666666667,0.05504846963856164,0.19661562647313574,31,75,0.41333333333333333,0.30877553459149687,0.5263368933653177,9,75,0.12,0.06443298969072164,0.2125984251968504,35,75,0.4666666666666667,0.35815509458811656,0.5784266084721967,41,75,0.5466666666666666,0.4344817369914825,0.6543038787240788,33,75,0.44,0.3333127597678485,0.5525343057407155,0,75,0.0,0.0,0.04872554590470005,0,75,0.0,0.0,0.04872554590470005,1,75,0.013333333333333334,0.002357490433136912,0.07173537424743781,31,75,0.41333333333333333,0.30877553459149687,0.5263368933653177,331 0.33; 363 0.17; 311 0.11; 346 0.09; 365 0.08,5,35 0.27; 38 0.15; 37 0.15; 53 0.13; 99 0.11,5,unearned income 0.56; shelter deduction 0.17; earned income 0.11,"wrong include/exclude decision 0.36; unreported source of income 0.27; wrong amount, known item 0.19",46,0,1,46,1.0,0.9229238226702192,1.0,0.0,1,0.02127659574468085,47,13450.0
1,cat_elig >=    1.00 & shelter_expenses_by_hh_size < 1720.00 & unc_rawben_rel_max >=    2.49 & utilities <  875.00,test_2024,58,22,33,8,33,0.24242424242424243,0.12831561346647294,0.4102494868549029,19,33,0.5757575757575758,0.4080697369146003,0.7276464100497011,5,33,0.15151515151515152,0.06650359257960956,0.30920213138460484,1,33,0.030303030303030304,0.005369272089651725,0.15319061673168066,0,33,0.0,0.0,0.10427343003561192,0,33,0.0,0.0,0.10427343003561192,0,33,0.0,0.0,0.10427343003561192,12,33,0.36363636363636365,0.22186966167959873,0.5338412737846591,6,33,0.18181818181818182,0.08610651225698263,0.3438856704929522,11,33,0.3333333333333333,0.19750029467803698,0.5039241820005003,0,33,0.0,0.0,0.10427343003561192,1,33,0.030303030303030304,0.005369272089651725,0.15319061673168066,0,33,0.0,0.0,0.10427343003561192,0,33,0.0,0.0,0.10427343003561192,0,33,0.0,0.0,0.10427343003561192,0,33,0.0,0.0,0.10427343003561192,3,33,0.09090909090909091,0.03140337104926305,0.23572943534351032,18,33,0.5454545454545454,0.3798565794374957,0.701573108741085,3,33,0.09090909090909091,0.03140337104926305,0.23572943534351032,12,33,0.36363636363636365,0.22186966167959873,0.5338412737846591,19,33,0.5757575757575758,0.4080697369146003,0.7276464100497011,12,33,0.36363636363636365,0.22186966167959873,0.5338412737846591,0,33,0.0,0.0,0.10427343003561192,0,33,0.0,0.0,0.10427343003561192,2,33,0.06060606060606061,0.016780530429070947,0.19606581717798194,17,33,0.5151515151515151,0.3521810458621024,0.6749621835307578,331 0.27; 311 0.21; 363 0.15; 346 0.09; 334 0.06,5,35 0.33; 38 0.27; 37 0.09; 99 0.09,4,unearned income 0.58; earned income 0.24,"wrong amount, known item 0.36; unreported source of income 0.33; wrong include/exclude decision 0.18",22,0,0,22,1.0,0.8513404742740388,1.0,0.0,0,0.0,22,6605.0
4+,months_since_cert_n >   5.500 & rawben_rel_max <=   0.997 & shelter_expenses_by_hh_size <= 494.000 & total_deductions_by_hh_size > 227.000,all_2022_24,513,180,295,116,295,0.39322033898305087,0.3391939288989231,0.4499920478861028,39,295,0.13220338983050847,0.09823839433623736,0.17562441458996303,49,295,0.16610169491525423,0.12797944410028783,0.21280845156082495,19,295,0.06440677966101695,0.041616589436312135,0.09839604602006341,2,295,0.006779661016949152,0.0018611618041704959,0.024378826202853962,39,295,0.13220338983050847,0.09823839433623736,0.17562441458996303,31,295,0.10508474576271186,0.07502337728024525,0.1452993622580252,104,295,0.3525423728813559,0.30023627092964145,0.40863960177348957,69,295,0.23389830508474577,0.18920269490289884,0.2854353742280388,28,295,0.09491525423728814,0.06648572056261795,0.13375949295517878,15,295,0.05084745762711865,0.0310528868031173,0.08218971395929331,24,295,0.08135593220338982,0.055277995739138094,0.11819718308469367,25,295,0.0847457627118644,0.05805921253066822,0.12210847496665479,2,295,0.006779661016949152,0.0018611618041704959,0.024378826202853962,2,295,0.006779661016949152,0.0018611618041704959,0.024378826202853962,0,295,0.0,0.0,0.012854970660041976,26,295,0.08813559322033898,0.06085470336280389,0.12600549280801038,147,294,0.5,0.44321503040608323,0.5567849695939168,18,294,0.061224489795918366,0.03907448197222857,0.09469326571647577,129,294,0.4387755102040816,0.38320200759819467,0.4959283758002293,157,295,0.5322033898305085,0.47521572368263487,0.5883631087155321,122,295,0.4135593220338983,0.35882317615130516,0.4705178526746681,0,295,0.0,0.0,0.012854970660041976,2,295,0.006779661016949152,0.0018611618041704959,0.024378826202853962,14,295,0.04745762711864407,0.028476730310615404,0.07807336177830396,115,294,0.391156462585034,0.3371193760256411,0.44800130557155693,311 0.34; 363 0.17; 323 0.11; 350 0.06; 364 0.06; 312 0.05,6,38 0.18; 53 0.12; 44 0.09; 35 0.09; 99 0.09; 52 0.08; 56 0.04; 98 0.03; 64 0.03,9,earned income 0.39; shelter deduction 0.17; unearned income 0.13; dep care or child support deduction 0.13,"wrong amount, known item 0.35; wrong include/exclude decision 0.23; unreported source of income 0.09; other 0.09",125,55,64,180,0.6944444444444444,0.6236691202563739,0.7570934492599924,0.3055555555555556,64,0.26229508196721313,244,64884.0
4+,months_since_cert_n >   5.500 & rawben_rel_max <=   0.997 & shelter_expenses_by_hh_size <= 494.000 & total_deductions_by_hh_size > 227.000,train_2022_23,311,122,198,74,198,0.37373737373737376,0.30935324795321484,0.44292774863024476,32,198,0.16161616161616163,0.11686721404138584,0.21924585680228564,35,198,0.17676767676767677,0.12993374519410103,0.23590560605955532,13,198,0.06565656565656566,0.03876769113322558,0.10907893711387512,2,198,0.010101010101010102,0.0027743880346107024,0.03607587870921218,26,198,0.13131313131313133,0.09121013957312656,0.18545037045057522,16,198,0.08080808080808081,0.05034986559353044,0.1272230430635551,58,198,0.29292929292929293,0.2339607383797955,0.35978009601707805,50,198,0.25252525252525254,0.1971127094777315,0.3173580438258491,19,198,0.09595959595959595,0.06229439456052633,0.14500479450654408,10,198,0.050505050505050504,0.027661256937749852,0.09045909089936599,17,198,0.08585858585858586,0.054295290879466274,0.1331863779142809,21,198,0.10606060606060606,0.07042200910563365,0.15669470023476,1,198,0.005050505050505051,0.0008920722330250878,0.02804943437413617,0,198,0.0,0.0,0.01903274647049964,0,198,0.0,0.0,0.01903274647049964,22,198,0.1111111111111111,0.07452908480463652,0.16249638467241875,107,198,0.5404040404040404,0.4708767153990927,0.6083933656942004,15,198,0.07575757575757576,0.0464443847836774,0.12121976373674653,76,198,0.3838383838383838,0.3189206071789306,0.45317790967785204,99,198,0.5,0.4310203898414545,0.5689796101585455,85,198,0.4292929292929293,0.3623390184493556,0.4989383396373817,0,198,0.0,0.0,0.01903274647049964,0,198,0.0,0.0,0.01903274647049964,14,198,0.0707070707070707,0.04258231134761892,0.11517307703614338,76,198,0.3838383838383838,0.3189206071789306,0.45317790967785204,311 0.32; 363 0.18; 323 0.10; 350 0.08; 364 0.07; 312 0.05,6,38 0.19; 53 0.15; 99 0.11; 44 0.10; 35 0.10; 52 0.09; 98 0.05,7,earned income 0.37; shelter deduction 0.18; unearned income 0.16; dep care or child support deduction 0.13,"wrong amount, known item 0.29; wrong include/exclude decision 0.25; other 0.11; method or computation 0.11",84,38,45,122,0.6885245901639344,0.6016525423842098,0.7638863573119161,0.3114754098360656,45,0.2694610778443114,167,42267.0
4+,months_since_cert_n >   5.500 & rawben_rel_max <=   0.997 & shelter_expenses_by_hh_size <= 494.000 & total_deductions_by_hh_size > 227.000,test_2024,202,58,97,42,97,0.4329896907216495,0.3387989932371264,0.5322859558315121,7,97,0.07216494845360824,0.0353937079719825,0.14153327454316997,14,97,0.14432989690721648,0.08796276624676438,0.2277958095790852,6,97,0.061855670103092786,0.02865449519831168,0.12843940255816977,0,97,0.0,0.0,0.03809538920445529,13,97,0.13402061855670103,0.08002380825349933,0.21590168281367925,15,97,0.15463917525773196,0.09601037466762025,0.23958128591690042,46,97,0.4742268041237113,0.37774323399262677,0.5726740541106956,19,97,0.1958762886597938,0.12913839844599528,0.28578560117320945,9,97,0.09278350515463918,0.04958265664341581,0.1670104953890787,5,97,0.05154639175257732,0.022215723427449756,0.11504508957036064,7,97,0.07216494845360824,0.0353937079719825,0.14153327454316997,4,97,0.041237113402061855,0.01615097524628889,0.1012767529928505,1,97,0.010309278350515464,0.0018221178995736602,0.05610635606355266,2,97,0.020618556701030927,0.005672566204243078,0.07208899251755427,0,97,0.0,0.0,0.03809538920445529,4,97,0.041237113402061855,0.01615097524628889,0.1012767529928505,40,96,0.4166666666666667,0.3231140125768062,0.5166321453373298,3,96,0.03125,0.010683876777878007,0.08788826148913696,53,96,0.5520833333333334,0.45251459064008087,0.6476440606635844,58,97,0.5979381443298969,0.4984347077450554,0.6899795974623194,37,97,0.38144329896907214,0.291045123554349,0.4808744017209342,0,97,0.0,0.0,0.03809538920445529,2,97,0.020618556701030927,0.005672566204243078,0.07208899251755427,0,97,0.0,0.0,0.03809538920445529,39,96,0.40625,0.3134514434260545,0.5062629842273485,311 0.38; 363 0.14; 323 0.12; 364 0.06; 361 0.05,5,38 0.16; 56 0.12; 35 0.09; 44 0.08; 53 0.06; 52 0.06; 54 0.06; 99 0.04; 57 0.04; 37 0.03,10,earned income 0.43; other element 0.15; shelter deduction 0.14; dep care or child support deduction 0.13,"wrong amount, known item 0.47; wrong include/exclude decision 0.20; unreported source of income 0.09",41,17,19,58,0.7068965517241379,0.5798685554332221,0.8082197217135527,0.29310344827586204,19,0.24675324675324675,77,22617.0
4+,months_since_cert_n >=   8.000 & rawben_rel_max <   0.965 & total_deductions_by_hh_size >= 178.000 & unc_rawben_rel_max >=   0.793,all_2022_24,176,73,108,50,108,0.46296296296296297,0.3718141084236022,0.5566561566655953,18,108,0.16666666666666666,0.10810385411647243,0.24812853168630572,15,108,0.1388888888888889,0.08600932681341279,0.2165757578062636,6,108,0.05555555555555555,0.02570737919718203,0.11593580187318892,0,108,0.0,3.469446951953614e-18,0.03434857870416731,10,108,0.09259259259259259,0.051072779285118,0.16210013669605533,9,108,0.08333333333333333,0.044459900413239356,0.15083058184023337,36,108,0.3333333333333333,0.251503596837226,0.426612596064163,20,108,0.18518518518518517,0.12319860172367544,0.2687986515345039,13,108,0.12037037037037036,0.07170995898043295,0.19511025818384223,7,108,0.06481481481481481,0.03174778644278938,0.12777782835528215,12,108,0.1111111111111111,0.0647120300165129,0.18422575342006164,8,108,0.07407407407407407,0.038009793445671555,0.13939825508010056,1,108,0.009259259259259259,0.0016363187318928635,0.05059469369997506,0,108,0.0,3.469446951953614e-18,0.03434857870416731,0,108,0.0,3.469446951953614e-18,0.03434857870416731,11,108,0.10185185185185185,0.05782872158872558,0.17322662812014833,53,107,0.4953271028037383,0.402409058672728,0.5885690578467014,13,107,0.12149532710280374,0.07239365431718056,0.19683378375661123,41,107,0.38317757009345793,0.29662839013259595,0.4778245228531422,58,108,0.5370370370370371,0.44334384333440474,0.6281858915763978,42,108,0.3888888888888889,0.3022750161913306,0.483135779076262,1,108,0.009259259259259259,0.0016363187318928635,0.05059469369997506,1,108,0.009259259259259259,0.0016363187318928635,0.05059469369997506,6,108,0.05555555555555555,0.02570737919718203,0.11593580187318892,43,107,0.40186915887850466,0.31393329331354725,0.4966071535944728,311 0.35; 363 0.14; 312 0.11; 350 0.09; 323 0.08,5,38 0.20; 35 0.12; 53 0.11; 99 0.10; 41 0.06; 44 0.05; 37 0.05; 6 0.05; 56 0.05,9,earned income 0.46; unearned income 0.17; shelter deduction 0.14,"wrong amount, known item 0.33; wrong include/exclude decision 0.19; unreported source of income 0.12; change in circumstances 0.11",57,16,21,73,0.7808219178082192,0.6732251787519996,0.8603399734572204,0.2191780821917808,21,0.22340425531914893,94,25716.0
4+,months_since_cert_n >=   8.000 & rawben_rel_max <   0.965 & total_deductions_by_hh_size >= 178.000 & unc_rawben_rel_max >=   0.793,train_2022_23,122,52,77,34,77,0.44155844155844154,0.3360515471044896,0.5526196320903805,15,77,0.19480519480519481,0.12176294266340366,0.2968532153542507,11,77,0.14285714285714285,0.08168247823927464,0.2379747279515974,3,77,0.03896103896103896,0.013337708283515264,0.10840159425379228,0,77,0.0,3.469446951953614e-18,0.047520088667220836,7,77,0.09090909090909091,0.04473514189357164,0.17596311247051816,7,77,0.09090909090909091,0.04473514189357164,0.17596311247051816,21,77,0.2727272727272727,0.1858435554011884,0.3812110303566392,17,77,0.22077922077922077,0.14266286171984086,0.3254327722112046,9,77,0.11688311688311688,0.06272491064586315,0.2074528196316177,7,77,0.09090909090909091,0.04473514189357164,0.17596311247051816,11,77,0.14285714285714285,0.08168247823927464,0.2379747279515974,3,77,0.03896103896103896,0.013337708283515264,0.10840159425379228,0,77,0.0,3.469446951953614e-18,0.047520088667220836,0,77,0.0,3.469446951953614e-18,0.047520088667220836,0,77,0.0,3.469446951953614e-18,0.047520088667220836,9,77,0.11688311688311688,0.06272491064586315,0.2074528196316177,34,77,0.44155844155844154,0.3360515471044896,0.5526196320903805,12,77,0.15584415584415584,0.09145782358403826,0.25293912056352935,31,77,0.4025974025974026,0.30021845862969854,0.5142335066950848,39,77,0.5064935064935064,0.39719817534305907,0.6151716936352885,31,77,0.4025974025974026,0.30021845862969854,0.5142335066950848,1,77,0.012987012987012988,0.0022961581721549496,0.06996366845176145,0,77,0.0,3.469446951953614e-18,0.047520088667220836,6,77,0.07792207792207792,0.036200461908799254,0.15975805449859498,29,77,0.37662337662337664,0.27669846411806526,0.48827402529332703,311 0.35; 363 0.14; 350 0.12; 312 0.09; 323 0.08,5,38 0.22; 53 0.14; 35 0.12; 99 0.12; 6 0.06; 41 0.06; 44 0.05,7,earned income 0.44; unearned income 0.19; shelter deduction 0.14,"wrong amount, known item 0.27; wrong include/exclude decision 0.22; change in circumstances 0.14; unreported source of income 0.12",39,13,15,52,0.75,0.6179328224079477,0.8476698823856113,0.25,15,0.22388059701492538,67,18218.0
4+,months_since_cert_n >=   8.000 & rawben_rel_max <   0.965 & total_deductions_by_hh_size >= 178.000 & unc_rawben_rel_max >=   0.793,test_2024,54,21,31,16,31,0.5161290322580645,0.34840118286973176,0.6803001396872117,3,31,0.0967741935483871,0.03346403609464399,0.2490028999817704,4,31,0.12903225806451613,0.05134201164644764,0.28852756954385356,3,31,0.0967741935483871,0.03346403609464399,0.2490028999817704,0,31,0.0,0.0,0.11025900073475385,3,31,0.0967741935483871,0.03346403609464399,0.2490028999817704,2,31,0.06451612903225806,0.017874407775063147,0.20718988318746434,15,31,0.4838709677419355,0.3196998603127883,0.6515988171302683,3,31,0.0967741935483871,0.03346403609464399,0.2490028999817704,4,31,0.12903225806451613,0.05134201164644764,0.28852756954385356,0,31,0.0,0.0,0.11025900073475385,1,31,0.03225806451612903,0.00571707408694444,0.16194457176169622,5,31,0.16129032258064516,0.07092519905439934,0.3263470272497887,1,31,0.03225806451612903,0.00571707408694444,0.16194457176169622,0,31,0.0,0.0,0.11025900073475385,0,31,0.0,0.0,0.11025900073475385,2,31,0.06451612903225806,0.017874407775063147,0.20718988318746434,19,30,0.6333333333333333,0.45513246433604937,0.7812629779598231,1,30,0.03333333333333333,0.0059084379948573795,0.16670751396958874,10,30,0.3333333333333333,0.19230295526846194,0.5122027418616973,19,31,0.6129032258064516,0.4382380114113197,0.7626712464872843,11,31,0.3548387096774194,0.21116447741565816,0.530523619571851,0,31,0.0,0.0,0.11025900073475385,1,31,0.03225806451612903,0.00571707408694444,0.16194457176169622,0,31,0.0,0.0,0.11025900073475385,14,30,0.4666666666666667,0.30232127224128236,0.6385798671847496,311 0.35; 312 0.16; 363 0.13; 323 0.10; 364 0.10,5,56 0.16; 38 0.16; 35 0.13; 54 0.10; 99 0.06; 42 0.06; 41 0.03; 53 0.03; 45 0.03,9,earned income 0.52; shelter deduction 0.13; dep care or child support deduction 0.10; utility allowance 0.10,"wrong amount, known item 0.48; method or computation 0.16; unreported source of income 0.13",18,3,6,21,0.8571428571428571,0.6536350585077049,0.950190782017865,0.14285714285714285,6,0.2222222222222222,27,7498.0
2-3,shelter_expenses_by_hh_size < 650 & total_deductions_by_hh_size >= 625,all_2022_24,150,64,110,20,110,0.18181818181818182,0.12089480448542876,0.2642157350712887,20,110,0.18181818181818182,0.12089480448542876,0.2642157350712887,20,110,0.18181818181818182,0.12089480448542876,0.2642157350712887,4,110,0.03636363636363636,0.014230080586686157,0.08978813419595918,12,110,0.10909090909090909,0.06351398138853154,0.18105039578114984,26,110,0.23636363636363636,0.16671070835585766,0.3238094529911368,8,110,0.07272727272727272,0.03730997379864303,0.13698132217752032,28,110,0.2545454545454545,0.18238075813593077,0.34327594380782267,45,110,0.4090909090909091,0.3217882494780518,0.5025290475381534,12,110,0.10909090909090909,0.06351398138853154,0.18105039578114984,5,110,0.045454545454545456,0.019569172065837193,0.10201731301518767,3,110,0.02727272727272727,0.009317801045153465,0.07713214343911239,4,110,0.03636363636363636,0.014230080586686157,0.08978813419595918,2,110,0.01818181818181818,0.005000250085743785,0.06388142410014258,1,110,0.00909090909090909,0.0016065339495988408,0.049706869937908016,0,110,0.0,0.0,0.03374513358912735,10,110,0.09090909090909091,0.05012978804195375,0.15929804853096863,66,110,0.6,0.5065687300827921,0.6866822431993824,17,110,0.15454545454545454,0.09878570478208984,0.23362002387948907,27,110,0.24545454545454545,0.17452312248223445,0.33356530916313953,53,110,0.4818181818181818,0.390641183226373,0.5742222761768682,52,110,0.4727272727272727,0.38193047126891827,0.5653647178359432,1,110,0.00909090909090909,0.0016065339495988408,0.049706869937908016,3,110,0.02727272727272727,0.009317801045153465,0.07713214343911239,1,110,0.00909090909090909,0.0016065339495988408,0.049706869937908016,34,110,0.3090909090909091,0.23039855434915507,0.4006677693848754,323 0.21; 311 0.18; 363 0.18; 365 0.11; 350 0.05; 331 0.05,6,53 0.25; 38 0.13; 35 0.11; 52 0.09; 99 0.09; 56 0.05; 37 0.05,7,dep care or child support deduction 0.24; earned income 0.18; unearned income 0.18; shelter deduction 0.18,"wrong include/exclude decision 0.41; wrong amount, known item 0.25; unreported source of income 0.11",56,8,37,64,0.875,0.7722521366978408,0.9352783460737919,0.125,37,0.36633663366336633,101,25407.0
2-3,shelter_expenses_by_hh_size < 650 & total_deductions_by_hh_size >= 625,train_2022_23,96,42,76,14,76,0.18421052631578946,0.11302493284924942,0.2857847102440753,15,76,0.19736842105263158,0.12341879212336243,0.30044044917440715,15,76,0.19736842105263158,0.12341879212336243,0.30044044917440715,3,76,0.039473684210526314,0.013514390129808602,0.10974967271462335,9,76,0.11842105263157894,0.06356747118952921,0.20999418088157157,15,76,0.19736842105263158,0.12341879212336243,0.30044044917440715,5,76,0.06578947368421052,0.02842611306337576,0.1449371461899458,17,76,0.2236842105263158,0.1446106442066905,0.3293477934999686,33,76,0.4342105263157895,0.32860752483199596,0.5461444841457801,10,76,0.13157894736842105,0.07306803021855036,0.22554322005699518,3,76,0.039473684210526314,0.013514390129808602,0.10974967271462335,2,76,0.02631578947368421,0.007246507130607822,0.09096795750937933,4,76,0.05263157894736842,0.020655095015801955,0.1276585660330748,0,76,0.0,0.0,0.04811526823109757,1,76,0.013157894736842105,0.002326420140567463,0.0708384462949749,0,76,0.0,0.0,0.04811526823109757,6,76,0.07894736842105263,0.03668350552145426,0.1617293519363121,45,76,0.5921052631578947,0.47978347984220315,0.6955637075889103,13,76,0.17105263157894737,0.10277922110932626,0.27098082377955374,18,76,0.23684210526315788,0.15539206970596958,0.34361596620513435,37,76,0.4868421052631579,0.377835392150506,0.5971150096450492,39,76,0.5131578947368421,0.4028849903549509,0.622164607849494,0,76,0.0,0.0,0.04811526823109757,0,76,0.0,0.0,0.04811526823109757,0,76,0.0,0.0,0.04811526823109757,21,76,0.27631578947368424,0.18840105352742306,0.38575577699701535,363 0.20; 311 0.18; 323 0.17; 365 0.12; 350 0.07; 331 0.05,6,53 0.33; 38 0.16; 35 0.13; 52 0.08; 99 0.08,5,dep care or child support deduction 0.20; unearned income 0.20; shelter deduction 0.20; earned income 0.18,"wrong include/exclude decision 0.43; wrong amount, known item 0.22; unreported source of income 0.13",39,3,23,42,0.9285714285714286,0.8099028671147483,0.9754100364488272,0.07142857142857142,23,0.35384615384615387,65,15389.0
2-3,shelter_expenses_by_hh_size < 650 & total_deductions_by_hh_size >= 625,test_2024,54,22,34,6,34,0.17647058823529413,0.08348855603569685,0.33514067740052156,5,34,0.14705882352941177,0.06449346382626417,0.30128388174051957,5,34,0.14705882352941177,0.06449346382626417,0.30128388174051957,1,34,0.029411764705882353,0.00521077192559663,0.1491590221634482,3,34,0.08823529411764706,0.030465390304310128,0.22960817952360413,11,34,0.3235294117647059,0.19131451326458573,0.4915741595188061,3,34,0.08823529411764706,0.030465390304310128,0.22960817952360413,11,34,0.3235294117647059,0.19131451326458573,0.4915741595188061,12,34,0.35294117647058826,0.21487714895296073,0.5208634116998658,2,34,0.058823529411764705,0.016282313063842452,0.1909393688946371,2,34,0.058823529411764705,0.016282313063842452,0.1909393688946371,1,34,0.029411764705882353,0.00521077192559663,0.1491590221634482,0,34,0.0,0.0,0.10151790621961015,2,34,0.058823529411764705,0.016282313063842452,0.1909393688946371,0,34,0.0,0.0,0.10151790621961015,0,34,0.0,0.0,0.10151790621961015,4,34,0.11764705882352941,0.04671370973436122,0.26621174796298774,21,34,0.6176470588235294,0.4504071999938267,0.7610003514839122,4,34,0.11764705882352941,0.04671370973436122,0.26621174796298774,9,34,0.2647058823529412,0.14601027541553796,0.4311746216289845,16,34,0.47058823529411764,0.31451251633111366,0.6326355957994516,13,34,0.38235294117647056,0.23899964851608782,0.5495928000061734,1,34,0.029411764705882353,0.00521077192559663,0.1491590221634482,3,34,0.08823529411764706,0.030465390304310128,0.22960817952360413,1,34,0.029411764705882353,0.00521077192559663,0.1491590221634482,13,34,0.38235294117647056,0.23899964851608782,0.5495928000061734,323 0.29; 311 0.18; 363 0.15; 365 0.09; 331 0.06,5,56 0.18; 99 0.12; 52 0.12; 57 0.09; 37 0.09; 53 0.09; 35 0.06; 97 0.06,8,dep care or child support deduction 0.32; earned income 0.18; unearned income 0.15; shelter deduction 0.15,"wrong include/exclude decision 0.35; wrong amount, known item 0.32; other 0.12",17,5,14,22,0.7727272727272727,0.5655964393704065,0.8987710920517964,0.22727272727272727,14,0.3888888888888889,36,10018.0
1,rawben_rel_max <   0.992 & total_deductions_by_hh_size >= 220.000 & unc_rawben_rel_max >=   0.986 & utilities < 688.000,all_2022_24,516,206,283,4,283,0.014134275618374558,0.005509818692728253,0.03577289622728334,12,283,0.04240282685512368,0.024419720754023287,0.07264290893427858,200,283,0.7067137809187279,0.6511857322274628,0.7567048945156596,38,283,0.13427561837455831,0.0994138834069284,0.17893346927831671,28,283,0.0989399293286219,0.06934229798335305,0.13928016124152925,0,283,0.0,0.0,0.013392757535866485,1,283,0.0035335689045936395,0.0006240181886234854,0.019741228693279277,55,283,0.19434628975265017,0.15246441875974764,0.24441525280811421,168,283,0.5936395759717314,0.5355319045708811,0.6492390630990803,3,283,0.01060070671378092,0.003611556282109466,0.03069866929186586,0,283,0.0,0.0,0.013392757535866485,26,283,0.09187279151943463,0.06346746075304258,0.13121001977976718,7,283,0.024734982332155476,0.012032047865275654,0.05016813509284478,3,283,0.01060070671378092,0.003611556282109466,0.03069866929186586,0,283,0.0,0.0,0.013392757535866485,0,283,0.0,0.0,0.013392757535866485,21,283,0.07420494699646643,0.0490435794889344,0.11077145431369395,187,283,0.6607773851590106,0.6037913726332632,0.7134568926113877,34,283,0.12014134275618374,0.08726035867330298,0.16319703662779703,62,283,0.21908127208480566,0.17482844457430857,0.27085865241580726,136,283,0.48056537102473496,0.42300525458949967,0.5386460540073007,143,283,0.5053003533568905,0.4473690337033356,0.5630897003157189,1,283,0.0035335689045936395,0.0006240181886234854,0.019741228693279277,0,283,0.0,0.0,0.013392757535866485,3,283,0.01060070671378092,0.003611556282109466,0.03069866929186586,74,283,0.26148409893992935,0.2137228007240885,0.31563416841846265,363 0.71; 364 0.13,2,53 0.55; 56 0.16; 64 0.09,3,shelter deduction 0.71; utility allowance 0.13,"wrong include/exclude decision 0.59; wrong amount, known item 0.19",206,0,205,206,1.0,0.9816928578508741,1.0,0.0,205,0.49878345498783455,411,41987.0
1,rawben_rel_max <   0.992 & total_deductions_by_hh_size >= 220.000 & unc_rawben_rel_max >=   0.986 & utilities < 688.000,train_2022_23,330,127,171,2,171,0.011695906432748537,0.00321325400608612,0.041636484271303245,8,171,0.04678362573099415,0.023893560130576114,0.08958972988736011,123,171,0.7192982456140351,0.6477001892187417,0.7812595091596763,20,171,0.11695906432748537,0.07700082366242583,0.17374956983660417,17,171,0.09941520467836257,0.06299898745663292,0.1534346301721236,0,171,0.0,0.0,0.021971887697207072,1,171,0.005847953216374269,0.0010330277288595376,0.03237778525843868,3,171,0.017543859649122806,0.005984028044531006,0.050304635522949497,125,171,0.7309941520467836,0.659991929838925,0.7918456191196752,2,171,0.011695906432748537,0.00321325400608612,0.041636484271303245,0,171,0.0,0.0,0.021971887697207072,14,171,0.08187134502923976,0.049393152144960546,0.13272368961352254,6,171,0.03508771929824561,0.01617817654700624,0.07442726289074769,2,171,0.011695906432748537,0.00321325400608612,0.041636484271303245,0,171,0.0,0.0,0.021971887697207072,0,171,0.0,0.0,0.021971887697207072,19,171,0.1111111111111111,0.0722946365185938,0.167016831690345,115,171,0.672514619883041,0.5990576008912465,0.7383906951664423,26,171,0.15204678362573099,0.10592160216555799,0.21346234307401887,30,171,0.17543859649122806,0.12574284572144823,0.23939680067849317,80,171,0.4678362573099415,0.39457849581549287,0.5425074150890058,89,171,0.52046783625731,0.4459642912960303,0.5940719472192887,1,171,0.005847953216374269,0.0010330277288595376,0.03237778525843868,0,171,0.0,0.0,0.021971887697207072,1,171,0.005847953216374269,0.0010330277288595376,0.03237778525843868,48,171,0.2807017543859649,0.21874049084032365,0.3522998107812584,363 0.72; 364 0.12,2,53 0.67; 99 0.11,2,shelter deduction 0.72; utility allowance 0.12,wrong include/exclude decision 0.73; other 0.11,127,0,126,127,1.0,0.9706393073762475,1.0,0.0,126,0.4980237154150198,253,24433.0
1,rawben_rel_max <   0.992 & total_deductions_by_hh_size >= 220.000 & unc_rawben_rel_max >=   0.986 & utilities < 688.000,test_2024,186,79,112,2,112,0.017857142857142856,0.004910708625338288,0.062781726562021,4,112,0.03571428571428571,0.01397438629425541,0.08824795870097946,77,112,0.6875,0.5966450103190315,0.7659190426636622,18,112,0.16071428571428573,0.10414453380551848,0.2397871798448455,11,112,0.09821428571428571,0.05572918231381242,0.16734784700898697,0,112,0.0,0.0,0.03316252537948371,0,112,0.0,0.0,0.03316252537948371,52,112,0.4642857142857143,0.37464203862409856,0.5562981417601502,43,112,0.38392857142857145,0.2991286916545579,0.4764268945942508,1,112,0.008928571428571428,0.0015778140883850773,0.04884966619503642,0,112,0.0,0.0,0.03316252537948371,12,112,0.10714285714285714,0.06235950740307568,0.17798247682366153,1,112,0.008928571428571428,0.0015778140883850773,0.04884966619503642,1,112,0.008928571428571428,0.0015778140883850773,0.04884966619503642,0,112,0.0,0.0,0.03316252537948371,0,112,0.0,0.0,0.03316252537948371,2,112,0.017857142857142856,0.004910708625338288,0.062781726562021,72,112,0.6428571428571429,0.5507337762258679,0.7255055022371368,8,112,0.07142857142857142,0.03663546303394121,0.1346467015770448,32,112,0.2857142857142857,0.21024717263298542,0.3753939096725075,56,112,0.5,0.4089470959009493,0.5910529040990508,54,112,0.48214285714285715,0.39173830204135623,0.5737317881507682,0,112,0.0,0.0,0.03316252537948371,0,112,0.0,0.0,0.03316252537948371,2,112,0.017857142857142856,0.004910708625338288,0.062781726562021,26,112,0.23214285714285715,0.1636292344952321,0.3184221183866342,363 0.69; 364 0.16,2,56 0.40; 53 0.37,2,shelter deduction 0.69; utility allowance 0.16,"wrong amount, known item 0.46; wrong include/exclude decision 0.38",79,0,79,79,1.0,0.9536271631644004,1.0,0.0,79,0.5,158,17554.0
4+,months_since_cert_n >= 10.000 & rawben_rel_max >=  0.683 & rawben_rel_max <  0.820 & total_deductions_by_hh_size >= 27.000,all_2022_24,233,88,148,58,148,0.3918918918918919,0.31693016943852115,0.4723238953237048,27,148,0.18243243243243243,0.1285146967549306,0.252419118484108,21,148,0.14189189189189189,0.09471518365052617,0.20718890587434713,6,148,0.04054054054054054,0.01871011814260458,0.0856196570968555,2,148,0.013513513513513514,0.0037136718210305925,0.04792961960898595,8,148,0.05405405405405406,0.027641133409649507,0.10303188373453236,26,148,0.17567567567567569,0.12279817359273007,0.24496402069394765,51,148,0.34459459459459457,0.27283320411146955,0.42421951398423025,23,148,0.1554054054054054,0.10584197847720209,0.22240535295239297,12,148,0.08108108108108109,0.04698790503444143,0.13637159591918396,13,148,0.08783783783783784,0.05205044562132614,0.14448067628466013,19,148,0.12837837837837837,0.08374888237605915,0.1918119652440924,10,148,0.06756756756756757,0.037111819808935645,0.11990443923996798,1,148,0.006756756756756757,0.0011937001683413329,0.03727797030931433,2,148,0.013513513513513514,0.0037136718210305925,0.04792961960898595,1,148,0.006756756756756757,0.0011937001683413329,0.03727797030931433,16,148,0.10810810810810811,0.06764686156864927,0.16839912319441966,53,148,0.3581081081081081,0.2853531972897634,0.43804276271065823,13,148,0.08783783783783784,0.05205044562132614,0.14448067628466013,82,148,0.5540540540540541,0.47361082438271,0.631762143236177,86,148,0.581081081081081,0.5005256218129419,0.6575338296153885,57,148,0.38513513513513514,0.3105838113005305,0.46549863250933465,1,148,0.006756756756756757,0.0011937001683413329,0.03727797030931433,0,148,0.0,0.0,0.02530004952529478,4,148,0.02702702702702703,0.010559214292546873,0.06742731904219143,57,148,0.38513513513513514,0.3105838113005305,0.46549863250933465,311 0.33; 363 0.14; 150 0.07; 312 0.05; 323 0.05; 346 0.05; 364 0.04; 361 0.04,8,38 0.18; 99 0.11; 44 0.11; 53 0.08; 35 0.08; 52 0.06; 39 0.05; 41 0.04; 54 0.04,9,earned income 0.39; unearned income 0.18; other element 0.18,"wrong amount, known item 0.34; wrong include/exclude decision 0.16; change in circumstances 0.13; other 0.11; household composition 0.09",64,24,32,88,0.7272727272727273,0.6261859859635164,0.8093464960489922,0.2727272727272727,32,0.26666666666666666,120,30701.0
4+,months_since_cert_n >= 10.000 & rawben_rel_max >=  0.683 & rawben_rel_max <  0.820 & total_deductions_by_hh_size >= 27.000,train_2022_23,173,69,110,45,110,0.4090909090909091,0.3217882494780518,0.5025290475381534,19,110,0.17272727272727273,0.11345829455900079,0.25408397469933713,16,110,0.14545454545454545,0.09155843665444212,0.2232790217087573,5,110,0.045454545454545456,0.019569172065837193,0.10201731301518767,1,110,0.00909090909090909,0.0016065339495988408,0.049706869937908016,6,110,0.05454545454545454,0.025235483062071407,0.11391927231733298,18,110,0.16363636363636364,0.10608722310923731,0.24388677585072116,33,110,0.3,0.22229769508028016,0.3912003583553708,19,110,0.17272727272727273,0.11345829455900079,0.25408397469933713,7,110,0.06363636363636363,0.03116412133993078,0.12555890433785305,11,110,0.1,0.05675953504141412,0.17023657182988777,16,110,0.14545454545454545,0.09155843665444212,0.2232790217087573,6,110,0.05454545454545454,0.025235483062071407,0.11391927231733298,1,110,0.00909090909090909,0.0016065339495988408,0.049706869937908016,2,110,0.01818181818181818,0.005000250085743785,0.06388142410014258,1,110,0.00909090909090909,0.0016065339495988408,0.049706869937908016,14,110,0.12727272727272726,0.07734910586208317,0.20235181190435725,43,110,0.39090909090909093,0.3048783929724045,0.4843023634470416,11,110,0.1,0.05675953504141412,0.17023657182988777,56,110,0.509090909090909,0.4169495629363377,0.6006187073620417,62,110,0.5636363636363636,0.47036133797284124,0.6526165541158151,45,110,0.4090909090909091,0.3217882494780518,0.5025290475381534,0,110,0.0,0.0,0.03374513358912735,0,110,0.0,0.0,0.03374513358912735,3,110,0.02727272727272727,0.009317801045153465,0.07713214343911239,39,110,0.35454545454545455,0.2714400375949107,0.4474676376310173,311 0.35; 363 0.15; 150 0.08; 323 0.05; 312 0.05; 364 0.05; 350 0.05,7,38 0.17; 99 0.13; 44 0.10; 53 0.09; 52 0.06; 39 0.06; 35 0.06; 41 0.05; 7 0.03,9,earned income 0.41; unearned income 0.17; other element 0.16; shelter deduction 0.15,"wrong amount, known item 0.30; wrong include/exclude decision 0.17; change in circumstances 0.15; other 0.13; household composition 0.10",48,21,26,69,0.6956521739130435,0.5791620736176137,0.7915052373695144,0.30434782608695654,26,0.2736842105263158,95,22543.0
4+,months_since_cert_n >= 10.000 & rawben_rel_max >=  0.683 & rawben_rel_max <  0.820 & total_deductions_by_hh_size >= 27.000,test_2024,60,19,38,13,38,0.34210526315789475,0.21212220026458956,0.5010818837092545,8,38,0.21052631578947367,0.1107466035209593,0.36346088376442165,5,38,0.13157894736842105,0.05753782875731436,0.2732717005149887,1,38,0.02631578947368421,0.004660467553530057,0.13495178436800254,1,38,0.02631578947368421,0.004660467553530057,0.13495178436800254,2,38,0.05263157894736842,0.014553902448536798,0.17285766881068843,8,38,0.21052631578947367,0.1107466035209593,0.36346088376442165,18,38,0.47368421052631576,0.3247877880894159,0.6274128925728913,4,38,0.10526315789473684,0.041701897932665793,0.24130831200194466,5,38,0.13157894736842105,0.05753782875731436,0.2732717005149887,2,38,0.05263157894736842,0.014553902448536798,0.17285766881068843,3,38,0.07894736842105263,0.02721410139426493,0.2079967892026529,4,38,0.10526315789473684,0.041701897932665793,0.24130831200194466,0,38,0.0,0.0,0.09181293258383999,0,38,0.0,0.0,0.09181293258383999,0,38,0.0,0.0,0.09181293258383999,2,38,0.05263157894736842,0.014553902448536798,0.17285766881068843,10,38,0.2631578947368421,0.14971462389701296,0.42009150206375323,2,38,0.05263157894736842,0.014553902448536798,0.17285766881068843,26,38,0.6842105263157895,0.5254394356005149,0.8091557997633335,24,38,0.631578947368421,0.47283672824260115,0.7661598684458619,12,38,0.3157894736842105,0.1908442002366664,0.47456056439948513,1,38,0.02631578947368421,0.004660467553530057,0.13495178436800254,0,38,0.0,0.0,0.09181293258383999,1,38,0.02631578947368421,0.004660467553530057,0.13495178436800254,18,38,0.47368421052631576,0.3247877880894159,0.6274128925728913,311 0.26; 363 0.13; 520 0.11; 312 0.08; 361 0.05; 150 0.05; 331 0.05; 323 0.05,8,38 0.18; 35 0.13; 44 0.13; 54 0.08; 75 0.05; 53 0.05; 99 0.05; 57 0.05; 52 0.05,9,earned income 0.34; other element 0.21; unearned income 0.21,"wrong amount, known item 0.47; unreported source of income 0.13; method or computation 0.11; wrong include/exclude decision 0.11",16,3,6,19,0.8421052631578947,0.6243407235682331,0.9447962896007217,0.15789473684210525,6,0.24,25,8158.0
2-3,elderly_disabled_i >= 1.000 & rawben_rel_max >= 0.993 & rawben_rel_max < 0.996,all_2022_24,86,47,58,0,58,0.0,0.0,0.062119996895293766,3,58,0.05172413793103448,0.017745812831795674,0.14139625335019185,46,58,0.7931034482758621,0.6723053695067633,0.8774863564511679,5,58,0.08620689655172414,0.03738483193379338,0.18643861377265664,2,58,0.034482758620689655,0.009507728866485675,0.11729364755327057,1,58,0.017241379310344827,0.003049959884541764,0.09141072677298324,1,58,0.017241379310344827,0.003049959884541764,0.09141072677298324,23,58,0.39655172413793105,0.28088568950111137,0.5250701719255011,27,58,0.46551724137931033,0.34331815357826717,0.5920004668972703,0,58,0.0,0.0,0.062119996895293766,0,58,0.0,0.0,0.062119996895293766,3,58,0.05172413793103448,0.017745812831795674,0.14139625335019185,2,58,0.034482758620689655,0.009507728866485675,0.11729364755327057,0,58,0.0,0.0,0.062119996895293766,0,58,0.0,0.0,0.062119996895293766,0,58,0.0,0.0,0.062119996895293766,3,58,0.05172413793103448,0.017745812831795674,0.14139625335019185,46,58,0.7931034482758621,0.6723053695067633,0.8774863564511679,7,58,0.1206896551724138,0.059708902448596696,0.22879592278231584,5,58,0.08620689655172414,0.03738483193379338,0.18643861377265664,26,58,0.4482758620689655,0.32749651292941145,0.5754814177838947,32,58,0.5517241379310345,0.4245185822161052,0.6725034870705885,0,58,0.0,0.0,0.062119996895293766,0,58,0.0,0.0,0.062119996895293766,0,58,0.0,0.0,0.062119996895293766,12,58,0.20689655172413793,0.12251364354883215,0.3276946304932366,363 0.79,1,53 0.43; 56 0.33,2,shelter deduction 0.79,"wrong include/exclude decision 0.47; wrong amount, known item 0.40",47,0,47,47,1.0,0.9244398288016114,1.0,0.0,47,0.5,94,11592.0
2-3,elderly_disabled_i >= 1.000 & rawben_rel_max >= 0.993 & rawben_rel_max < 0.996,train_2022_23,54,25,32,0,32,0.0,0.0,0.1071827150573635,2,32,0.0625,0.017310203195157234,0.2014746724800358,24,32,0.75,0.5789310822975338,0.8674775601737845,2,32,0.0625,0.017310203195157234,0.2014746724800358,2,32,0.0625,0.017310203195157234,0.2014746724800358,1,32,0.03125,0.005537717362550945,0.15744607800372734,1,32,0.03125,0.005537717362550945,0.15744607800372734,3,32,0.09375,0.032400962626319516,0.24218499335778831,22,32,0.6875,0.514330003019676,0.8204764788338126,0,32,0.0,0.0,0.1071827150573635,0,32,0.0,0.0,0.1071827150573635,2,32,0.0625,0.017310203195157234,0.2014746724800358,2,32,0.0625,0.017310203195157234,0.2014746724800358,0,32,0.0,0.0,0.1071827150573635,0,32,0.0,0.0,0.1071827150573635,0,32,0.0,0.0,0.1071827150573635,3,32,0.09375,0.032400962626319516,0.24218499335778831,26,32,0.8125,0.6469050424507756,0.9111057606383721,4,32,0.125,0.04970053844474301,0.2806864978482796,2,32,0.0625,0.017310203195157234,0.2014746724800358,12,32,0.375,0.2293366846595921,0.5474589941047487,20,32,0.625,0.45254100589525126,0.7706633153404079,0,32,0.0,0.0,0.1071827150573635,0,32,0.0,0.0,0.1071827150573635,0,32,0.0,0.0,0.1071827150573635,5,32,0.15625,0.06864319106627216,0.31754492553566527,363 0.75,1,53 0.66; 99 0.09,2,shelter deduction 0.75,wrong include/exclude decision 0.69; other 0.09,25,0,25,25,1.0,0.8668035060468213,1.0,0.0,25,0.5,50,6614.0
2-3,elderly_disabled_i >= 1.000 & rawben_rel_max >= 0.993 & rawben_rel_max < 0.996,test_2024,32,22,26,0,26,0.0,0.0,0.12873304380462175,1,26,0.038461538461538464,0.0068218089769898765,0.18893176991958405,22,26,0.8461538461538461,0.6646841558168644,0.9385006600107053,3,26,0.11538461538461539,0.04003171821149494,0.28976293086898336,0,26,0.0,0.0,0.12873304380462175,0,26,0.0,0.0,0.12873304380462175,0,26,0.0,0.0,0.12873304380462175,20,26,0.7692307692307693,0.5794807424804321,0.8896630031632332,5,26,0.19230769230769232,0.08506935771788268,0.3787663615465,0,26,0.0,0.0,0.12873304380462175,0,26,0.0,0.0,0.12873304380462175,1,26,0.038461538461538464,0.0068218089769898765,0.18893176991958405,0,26,0.0,0.0,0.12873304380462175,0,26,0.0,0.0,0.12873304380462175,0,26,0.0,0.0,0.12873304380462175,0,26,0.0,0.0,0.12873304380462175,0,26,0.0,0.0,0.12873304380462175,20,26,0.7692307692307693,0.5794807424804321,0.8896630031632332,3,26,0.11538461538461539,0.04003171821149494,0.28976293086898336,3,26,0.11538461538461539,0.04003171821149494,0.28976293086898336,14,26,0.5384615384615384,0.3545763620443012,0.712444173047651,12,26,0.46153846153846156,0.28755582695234905,0.6454236379556988,0,26,0.0,0.0,0.12873304380462175,0,26,0.0,0.0,0.12873304380462175,0,26,0.0,0.0,0.12873304380462175,7,26,0.2692307692307692,0.13704275525067386,0.46083403419761304,363 0.85,1,56 0.73; 53 0.15,2,shelter deduction 0.85,"wrong amount, known item 0.77",22,0,22,22,1.0,0.8513404742740388,1.0,0.0,22,0.5,44,4978.0
1,elderly_disabled_i >   0.500 & total_deductions_by_hh_size > 438.000 & unc_rawben_rel_max >   0.316 & utilities <= 276.000,all_2022_24,802,285,458,24,458,0.05240174672489083,0.03546334118005517,0.07678639985669855,73,458,0.15938864628820962,0.1287180373504303,0.19572566802387986,176,458,0.38427947598253276,0.34086818475537684,0.42961589463461314,122,458,0.2663755458515284,0.22795452649129178,0.3086831432205749,51,458,0.11135371179039301,0.08571519006902371,0.1434577558067917,5,458,0.010917030567685589,0.004671798866932204,0.02529864987566699,7,458,0.015283842794759825,0.007422690855630064,0.031208736023195925,69,458,0.15065502183406113,0.12080725220785318,0.1863144968940034,265,458,0.5786026200873362,0.53290952471671,0.6229880817353722,27,458,0.05895196506550218,0.040828088962520756,0.08441311927857316,0,458,0.0,0.0,0.00831800340203221,54,458,0.11790393013100436,0.09149850551102773,0.1506659075691279,6,458,0.013100436681222707,0.006017423941513151,0.02828351386919943,8,458,0.017467248908296942,0.008876806527680534,0.034085109419258845,2,458,0.004366812227074236,0.0011983303054388175,0.015780651232820183,0,458,0.0,0.0,0.00831800340203221,27,458,0.05895196506550218,0.040828088962520756,0.08441311927857316,264,458,0.5764192139737991,0.5307132954228313,0.6208538219611377,54,458,0.11790393013100436,0.09149850551102773,0.1506659075691279,140,458,0.3056768558951965,0.26524548526267866,0.34934098767522903,225,458,0.4912663755458515,0.44574437675783063,0.5369336669697158,213,458,0.4650655021834061,0.4198650571329634,0.5108471177772222,7,458,0.015283842794759825,0.007422690855630064,0.031208736023195925,1,458,0.002183406113537118,0.00038551890601733457,0.012262973564128272,12,458,0.026200873362445413,0.015050192061559943,0.04523368015783302,153,458,0.33406113537117904,0.29240231782930753,0.3784805129940743,363 0.38; 364 0.27; 365 0.11,3,53 0.47; 64 0.10; 56 0.06; 99 0.06; 35 0.06; 52 0.05,6,shelter deduction 0.38; utility allowance 0.27; unearned income 0.16,"wrong include/exclude decision 0.58; wrong amount, known item 0.15; change in circumstances 0.12",276,9,208,285,0.968421052631579,0.9410829724379864,0.983299111029215,0.031578947368421054,208,0.42190669371196754,493,72352.0
1,elderly_disabled_i >   0.500 & total_deductions_by_hh_size > 438.000 & unc_rawben_rel_max >   0.316 & utilities <= 276.000,train_2022_23,487,174,273,11,273,0.040293040293040296,0.022645276866601033,0.07069907600522171,51,273,0.18681318681318682,0.1450405212003805,0.23727774310671793,98,273,0.358974358974359,0.30438944575977034,0.4174731644837769,74,273,0.27106227106227104,0.22178037653345326,0.3266978868489286,32,273,0.11721611721611722,0.08426415441856458,0.16079150195677788,3,273,0.01098901098901099,0.003744092637382639,0.031805477947384975,4,273,0.014652014652014652,0.005712153796588196,0.0370617645740613,20,273,0.07326007326007326,0.04792177182909248,0.11044171111566727,177,273,0.6483516483516484,0.5900083012406585,0.7025777840875582,11,273,0.040293040293040296,0.022645276866601033,0.07069907600522171,0,273,0.0,0.0,0.013876527227121935,34,273,0.12454212454212454,0.09050779292032902,0.16899655902677724,5,273,0.018315018315018316,0.007847704577012046,0.042150561579519345,5,273,0.018315018315018316,0.007847704577012046,0.042150561579519345,0,273,0.0,0.0,0.013876527227121935,0,273,0.0,0.0,0.013876527227121935,21,273,0.07692307692307693,0.05085988513471654,0.11472794559592514,156,273,0.5714285714285714,0.5121337406210109,0.628741041203686,39,273,0.14285714285714285,0.10629524721107675,0.18933084366543895,78,273,0.2857142857142857,0.23538880024174763,0.3419868542841618,131,273,0.47985347985347987,0.421280875181567,0.5389852119960827,126,273,0.46153846153846156,0.4033449296053803,0.5207994186428601,7,273,0.02564102564102564,0.012474713430687588,0.05197224829760758,0,273,0.0,0.0,0.013876527227121935,9,273,0.03296703296703297,0.01743902852596713,0.06145662877409183,95,273,0.34798534798534797,0.293943947049399,0.4062456198365026,363 0.36; 364 0.27; 331 0.14,3,53 0.52; 64 0.10; 99 0.08; 37 0.07,4,shelter deduction 0.36; utility allowance 0.27; unearned income 0.19,wrong include/exclude decision 0.65; change in circumstances 0.12,170,4,124,174,0.9770114942528736,0.9423900098403101,0.9910248942091363,0.022988505747126436,124,0.4161073825503356,298,41585.0
1,elderly_disabled_i >   0.500 & total_deductions_by_hh_size > 438.000 & unc_rawben_rel_max >   0.316 & utilities <= 276.000,test_2024,315,111,185,13,185,0.07027027027027027,0.041522562178670855,0.11650194089692266,22,185,0.11891891891891893,0.07985694179220526,0.17348554206728334,78,185,0.42162162162162165,0.3527652674297814,0.4936668746406099,48,185,0.2594594594594595,0.20164193488054577,0.32706360457686195,19,185,0.10270270270270271,0.06673918450520244,0.15483063909298778,2,185,0.010810810810810811,0.002969675963139271,0.03855507282102694,3,185,0.016216216216216217,0.0055299415368799225,0.046585694001052405,49,185,0.2648648648648649,0.2065301411723448,0.332766285038829,88,185,0.4756756756756757,0.40493882441656365,0.547402185191489,16,185,0.08648648648648649,0.053935279435756184,0.13586188390113568,0,185,0.0,0.0,0.02034297527663396,20,185,0.10810810810810811,0.07107989344043078,0.16108081691152557,1,185,0.005405405405405406,0.0009548003385717804,0.0299790616918283,3,185,0.016216216216216217,0.0055299415368799225,0.046585694001052405,2,185,0.010810810810810811,0.002969675963139271,0.03855507282102694,0,185,0.0,0.0,0.02034297527663396,6,185,0.032432432432432434,0.014946983494781713,0.06894131230444897,108,185,0.5837837837837838,0.5117526576609971,0.6524060870223779,15,185,0.08108108108108109,0.04974942723880137,0.12945684934432436,62,185,0.33513513513513515,0.2710793234843535,0.4058986305257799,94,185,0.5081081081081081,0.43663795032374153,0.5792483798069078,87,185,0.4702702702702703,0.39968426627871717,0.5420658565755693,0,185,0.0,0.0,0.02034297527663396,1,185,0.005405405405405406,0.0009548003385717804,0.0299790616918283,3,185,0.016216216216216217,0.0055299415368799225,0.046585694001052405,58,185,0.31351351351351353,0.25103002803784613,0.38358437895722275,363 0.42; 364 0.26; 365 0.10,3,53 0.39; 56 0.15; 64 0.10; 35 0.09; 52 0.05,5,shelter deduction 0.42; utility allowance 0.26; unearned income 0.12,"wrong include/exclude decision 0.48; wrong amount, known item 0.26; change in circumstances 0.11",106,5,84,111,0.954954954954955,0.8988637210991925,0.980608525891445,0.04504504504504504,84,0.4307692307692308,195,30767.0
1,months_since_cert_n >   2.50 & unc_rawben_rel_max >   1.93 & utilities >  14.00 & utilities <= 680.00,all_2022_24,426,157,224,35,224,0.15625,0.11454373570323453,0.2095480894946222,138,224,0.6160714285714286,0.5509330381284404,0.6772956962203353,29,224,0.12946428571428573,0.09167430463965873,0.179749351093096,4,224,0.017857142857142856,0.006965542540871426,0.0450074070872913,5,224,0.022321428571428572,0.009571042248379288,0.05117993562396711,4,224,0.017857142857142856,0.006965542540871426,0.0450074070872913,9,224,0.04017857142857143,0.021279450007190844,0.07458364084189029,48,224,0.21428571428571427,0.16560523171899258,0.272600960653252,83,224,0.3705357142857143,0.30997012747715985,0.43546705344151354,43,224,0.19196428571428573,0.1457544583007055,0.24856159285062074,0,224,0.0,0.0,0.01686083665142801,18,224,0.08035714285714286,0.05143160590054009,0.12343373914619414,5,224,0.022321428571428572,0.009571042248379288,0.05117993562396711,5,224,0.022321428571428572,0.009571042248379288,0.05117993562396711,4,224,0.017857142857142856,0.006965542540871426,0.0450074070872913,0,224,0.0,0.0,0.01686083665142801,18,224,0.08035714285714286,0.05143160590054009,0.12343373914619414,78,224,0.3482142857142857,0.2888598407378016,0.4126871989599533,20,224,0.08928571428571429,0.05854143313248711,0.13387996840261449,126,224,0.5625,0.4970221570182884,0.625870238400283,131,224,0.5848214285714286,0.5193916879651159,0.647390848674374,81,224,0.36160714285714285,0.3015087959667929,0.42637232846351303,2,224,0.008928571428571428,0.0024519096737010727,0.03196498346609429,0,224,0.0,0.0,0.01686083665142801,10,224,0.044642857142857144,0.024426838985054003,0.08021428010821079,101,224,0.45089285714285715,0.38710478918282665,0.5163369001311529,331 0.40; 311 0.15; 363 0.13; 333 0.08,4,37 0.24; 35 0.19; 38 0.16; 99 0.08; 52 0.07; 39 0.06,6,unearned income 0.62; earned income 0.16,"wrong include/exclude decision 0.37; wrong amount, known item 0.21; unreported source of income 0.19",156,1,1,157,0.9936305732484076,0.9648062552548128,0.9988747824866672,0.006369426751592357,1,0.006329113924050633,158,38863.0
1,months_since_cert_n >   2.50 & unc_rawben_rel_max >   1.93 & utilities >  14.00 & utilities <= 680.00,train_2022_23,304,112,164,24,164,0.14634146341463414,0.10035418805722283,0.20851798665989135,101,164,0.6158536585365854,0.5395685174357432,0.68683542532934,21,164,0.12804878048780488,0.08529805310783153,0.1878261306463748,1,164,0.006097560975609756,0.0010771536693771344,0.03372709033210999,5,164,0.03048780487804878,0.013091251114609858,0.06937698083742111,3,164,0.018292682926829267,0.0062402341407821645,0.05239600383597687,9,164,0.054878048780487805,0.02913661404064767,0.10099560586192714,35,164,0.21341463414634146,0.15764230190761339,0.2823058396734964,60,164,0.36585365853658536,0.29598838043988274,0.4418596858321261,31,164,0.18902439024390244,0.13648223861567546,0.25580191501489047,0,164,0.0,0.0,0.022888247013851153,11,164,0.06707317073170732,0.037861723037309634,0.11610249084053711,5,164,0.03048780487804878,0.013091251114609858,0.06937698083742111,4,164,0.024390243902439025,0.00952468414578959,0.061027550818605406,4,164,0.024390243902439025,0.00952468414578959,0.061027550818605406,0,164,0.0,0.0,0.022888247013851153,14,164,0.08536585365853659,0.05153006658636118,0.13818213825439346,50,164,0.3048780487804878,0.23955441871175787,0.3791336776838914,18,164,0.10975609756097561,0.07056134422160837,0.16681484856969012,96,164,0.5853658536585366,0.5088527058857039,0.6579712519411994,97,164,0.5914634146341463,0.5149725895781713,0.6637673652363681,57,164,0.3475609756097561,0.2789226081060789,0.423177467203022,2,164,0.012195121951219513,0.0033506679012033427,0.043369573087919736,0,164,0.0,0.0,0.022888247013851153,8,164,0.04878048780487805,0.024921911652354058,0.0932943112625848,73,164,0.4451219512195122,0.3711802130831392,0.5215758140281371,331 0.41; 311 0.14; 363 0.13; 333 0.09,4,37 0.23; 35 0.19; 38 0.17; 99 0.09; 53 0.07; 52 0.07,6,unearned income 0.62; earned income 0.15,"wrong include/exclude decision 0.37; wrong amount, known item 0.21; unreported source of income 0.19",111,1,1,112,0.9910714285714286,0.9511503338049636,0.9984221859116149,0.008928571428571428,1,0.008849557522123894,113,28091.0
1,months_since_cert_n >   2.50 & unc_rawben_rel_max >   1.93 & utilities >  14.00 & utilities <= 680.00,test_2024,122,45,60,11,60,0.18333333333333332,0.1055768903713613,0.29919993226466285,37,60,0.6166666666666667,0.4901736454040315,0.7291191041511176,8,60,0.13333333333333333,0.06914026978309641,0.24165394590072103,3,60,0.05,0.01714919117914121,0.13700734625099836,0,60,0.0,0.0,0.06017393047793289,1,60,0.016666666666666666,0.002948083860873682,0.08855338226779477,0,60,0.0,0.0,0.06017393047793289,13,60,0.21666666666666667,0.13122921046407016,0.3362026834734252,23,60,0.38333333333333336,0.2708808958488824,0.5098263545959686,12,60,0.2,0.11828389736858964,0.3178204609181701,0,60,0.0,0.0,0.06017393047793289,7,60,0.11666666666666667,0.05767647403450049,0.2217902059985814,0,60,0.0,0.0,0.06017393047793289,1,60,0.016666666666666666,0.002948083860873682,0.08855338226779477,0,60,0.0,0.0,0.06017393047793289,0,60,0.0,0.0,0.06017393047793289,4,60,0.06666666666666667,0.02622827414319792,0.15925579893767722,28,60,0.4666666666666667,0.34627701540988,0.5910679132886489,2,60,0.03333333333333333,0.009189126490150246,0.11363987528925378,30,60,0.5,0.37734812427246284,0.6226518757275372,34,60,0.5666666666666667,0.44103214654694856,0.6842779960559936,24,60,0.4,0.28569303003765506,0.5263417560579315,0,60,0.0,0.0,0.06017393047793289,0,60,0.0,0.0,0.06017393047793289,2,60,0.03333333333333333,0.009189126490150246,0.11363987528925378,28,60,0.4666666666666667,0.34627701540988,0.5910679132886489,331 0.38; 311 0.18; 363 0.13; 333 0.08,4,37 0.27; 35 0.20; 38 0.13; 99 0.07; 52 0.07; 39 0.07,6,unearned income 0.62; earned income 0.18,"wrong include/exclude decision 0.38; wrong amount, known item 0.22; unreported source of income 0.20",45,0,0,45,1.0,0.9213457380593594,1.0,0.0,0,0.0,45,10772.0
2-3,months_since_cert_n <=  0.500 & total_deductions_by_hh_size > 83.500 & unc_rawben_rel_max <=  0.999 & utilities <= 22.000,all_2022_24,119,46,61,26,61,0.4262295081967213,0.3101502855796743,0.5510499315648748,6,61,0.09836065573770492,0.045863951367309724,0.1984483419752358,15,61,0.2459016393442623,0.15506522999562844,0.36684662905781873,3,61,0.04918032786885246,0.016865676835230686,0.1349134279370143,1,61,0.01639344262295082,0.002899656114363977,0.08719065627768062,4,61,0.06557377049180328,0.02579328695767287,0.15683021400467229,6,61,0.09836065573770492,0.045863951367309724,0.1984483419752358,18,61,0.29508196721311475,0.19554865403985322,0.4188963935838945,19,61,0.3114754098360656,0.20937273683536856,0.43591670697847934,7,61,0.11475409836065574,0.0567113064337431,0.2184453830989026,6,61,0.09836065573770492,0.045863951367309724,0.1984483419752358,2,61,0.03278688524590164,0.009037700815687874,0.11189700776645692,2,61,0.03278688524590164,0.009037700815687874,0.11189700776645692,0,61,0.0,0.0,0.05924591620194442,0,61,0.0,0.0,0.05924591620194442,1,61,0.01639344262295082,0.002899656114363977,0.08719065627768062,6,61,0.09836065573770492,0.045863951367309724,0.1984483419752358,57,61,0.9344262295081968,0.8431697859953278,0.9742067130423271,3,61,0.04918032786885246,0.016865676835230686,0.1349134279370143,1,61,0.01639344262295082,0.002899656114363977,0.08719065627768062,40,61,0.6557377049180327,0.5304951542045838,0.7625266096013678,18,61,0.29508196721311475,0.19554865403985322,0.4188963935838945,1,61,0.01639344262295082,0.002899656114363977,0.08719065627768062,0,61,0.0,0.0,0.05924591620194442,2,61,0.03278688524590164,0.009037700815687874,0.11189700776645692,22,61,0.36065573770491804,0.25173936505814554,0.48608326732600293,311 0.36; 363 0.25; 312 0.07; 364 0.05; 150 0.03,5,38 0.21; 53 0.13; 52 0.13; 35 0.11; 99 0.10; 44 0.05; 6 0.05,7,earned income 0.43; shelter deduction 0.25; other element 0.10,"wrong include/exclude decision 0.31; wrong amount, known item 0.30; unreported source of income 0.11; household composition 0.10",28,18,18,46,0.6086956521739131,0.4645658371764493,0.7360697764475116,0.391304347826087,18,0.28125,64,9843.0
2-3,months_since_cert_n <=  0.500 & total_deductions_by_hh_size > 83.500 & unc_rawben_rel_max <=  0.999 & utilities <= 22.000,train_2022_23,80,34,43,20,43,0.46511627906976744,0.3251082626391856,0.6108461027112723,3,43,0.06976744186046512,0.024011153791962503,0.18609268553034927,10,43,0.23255813953488372,0.1315353846924483,0.37744808299439414,3,43,0.06976744186046512,0.024011153791962503,0.18609268553034927,1,43,0.023255813953488372,0.004116981177419918,0.12059267861216882,1,43,0.023255813953488372,0.004116981177419918,0.12059267861216882,5,43,0.11627906976744186,0.050703529948620846,0.24479448890641395,11,43,0.2558139534883721,0.14929365877065542,0.40238689868254857,12,43,0.27906976744186046,0.16746451821827157,0.42691312900129397,6,43,0.13953488372093023,0.06555634267713947,0.27263876594425684,5,43,0.11627906976744186,0.050703529948620846,0.24479448890641395,2,43,0.046511627906976744,0.012848990317319689,0.15455775923863058,1,43,0.023255813953488372,0.004116981177419918,0.12059267861216882,0,43,0.0,0.0,0.08201257002322722,0,43,0.0,0.0,0.08201257002322722,1,43,0.023255813953488372,0.004116981177419918,0.12059267861216882,5,43,0.11627906976744186,0.050703529948620846,0.24479448890641395,41,43,0.9534883720930233,0.8454422407613695,0.9871510096826803,1,43,0.023255813953488372,0.004116981177419918,0.12059267861216882,1,43,0.023255813953488372,0.004116981177419918,0.12059267861216882,28,43,0.6511627906976745,0.501715070970981,0.775816012510369,14,43,0.32558139534883723,0.2049311518177982,0.47484067493449045,0,43,0.0,0.0,0.08201257002322722,0,43,0.0,0.0,0.08201257002322722,1,43,0.023255813953488372,0.004116981177419918,0.12059267861216882,14,43,0.32558139534883723,0.2049311518177982,0.47484067493449045,311 0.40; 363 0.23; 312 0.07; 364 0.07,4,38 0.19; 35 0.14; 53 0.12; 99 0.12; 52 0.12; 44 0.07; 64 0.05,7,earned income 0.47; shelter deduction 0.23; other element 0.12,"wrong include/exclude decision 0.28; wrong amount, known item 0.26; unreported source of income 0.14; household composition 0.12",20,14,13,34,0.5882352941176471,0.42221304146519273,0.7363426221431113,0.4117647058823529,13,0.2765957446808511,47,6394.0
2-3,months_since_cert_n <=  0.500 & total_deductions_by_hh_size > 83.500 & unc_rawben_rel_max <=  0.999 & utilities <= 22.000,test_2024,39,12,18,6,18,0.3333333333333333,0.1627855436366286,0.5625093065574964,3,18,0.16666666666666666,0.05836470400465757,0.39222499638359243,5,18,0.2777777777777778,0.12499569146355474,0.5087307754619452,0,18,0.0,0.0,0.1758845505823749,0,18,0.0,0.0,0.1758845505823749,3,18,0.16666666666666666,0.05836470400465757,0.39222499638359243,1,18,0.05555555555555555,0.009874935830924525,0.2575779980200754,7,18,0.3888888888888889,0.20304991926931162,0.6138133141934384,7,18,0.3888888888888889,0.20304991926931162,0.6138133141934384,1,18,0.05555555555555555,0.009874935830924525,0.2575779980200754,1,18,0.05555555555555555,0.009874935830924525,0.2575779980200754,0,18,0.0,0.0,0.1758845505823749,1,18,0.05555555555555555,0.009874935830924525,0.2575779980200754,0,18,0.0,0.0,0.1758845505823749,0,18,0.0,0.0,0.1758845505823749,0,18,0.0,0.0,0.1758845505823749,1,18,0.05555555555555555,0.009874935830924525,0.2575779980200754,16,18,0.8888888888888888,0.6719975513339578,0.9689811315464172,2,18,0.1111111111111111,0.031018868453582787,0.3280024486660421,0,18,0.0,0.0,0.1758845505823749,12,18,0.6666666666666666,0.4374906934425036,0.8372144563633714,4,18,0.2222222222222222,0.09000781913382,0.4521502645230549,1,18,0.05555555555555555,0.009874935830924525,0.2575779980200754,0,18,0.0,0.0,0.1758845505823749,1,18,0.05555555555555555,0.009874935830924525,0.2575779980200754,8,18,0.4444444444444444,0.24559231101389126,0.6628393057174837,363 0.28; 311 0.28; 366 0.11; 323 0.06; 111 0.06,5,38 0.28; 53 0.17; 52 0.17; 57 0.11; 6 0.06,5,earned income 0.33; shelter deduction 0.28; dep care or child support deduction 0.17,"wrong include/exclude decision 0.39; wrong amount, known item 0.39",8,4,5,12,0.6666666666666666,0.3906175873976139,0.8618821601026385,0.3333333333333333,5,0.29411764705882354,17,3449.0
2-3,shelter_expenses_by_hh_size <= 592.0 & total_deductions_by_hh_size > 522.0 & utilities >  37.5,all_2022_24,260,94,171,44,171,0.2573099415204678,0.19762464473214092,0.3276599557290766,34,171,0.19883040935672514,0.1459175024787931,0.2649778450815129,29,171,0.1695906432748538,0.12075225984934392,0.2329484612605064,5,171,0.029239766081871343,0.012552617212789354,0.06661389693487343,11,171,0.06432748538011696,0.036295382664577644,0.11150468322363201,36,171,0.21052631578947367,0.15612237856338523,0.2776508195771031,12,171,0.07017543859649122,0.04059547116773929,0.1186435200105615,51,171,0.2982456140350877,0.23472075226984002,0.3706363252220154,63,171,0.3684210526315789,0.2997514147879405,0.44287276618500876,14,171,0.08187134502923976,0.049393152144960546,0.13272368961352254,6,171,0.03508771929824561,0.01617817654700624,0.07442726289074769,9,171,0.05263157894736842,0.027933280880335587,0.09698893442769177,9,171,0.05263157894736842,0.027933280880335587,0.09698893442769177,1,171,0.005847953216374269,0.0010330277288595376,0.03237778525843868,1,171,0.005847953216374269,0.0010330277288595376,0.03237778525843868,0,171,0.0,0.0,0.021971887697207072,17,171,0.09941520467836257,0.06299898745663292,0.1534346301721236,106,171,0.6198830409356725,0.5452480713791868,0.6892498970676816,19,171,0.1111111111111111,0.0722946365185938,0.167016831690345,46,171,0.26900584795321636,0.2081543808803247,0.34000807016107504,91,171,0.5321637426900585,0.4574925849109942,0.6054215041845071,71,171,0.4152046783625731,0.34400302705250496,0.49013255624117336,1,171,0.005847953216374269,0.0010330277288595376,0.03237778525843868,1,171,0.005847953216374269,0.0010330277288595376,0.03237778525843868,7,171,0.04093567251461988,0.019968152921721997,0.08207621180612308,63,171,0.3684210526315789,0.2997514147879405,0.44287276618500876,311 0.23; 363 0.17; 323 0.17; 331 0.06; 365 0.06; 366 0.04; 350 0.04,7,53 0.19; 38 0.13; 52 0.11; 99 0.10; 35 0.08; 44 0.08; 37 0.05; 56 0.04,8,earned income 0.26; dep care or child support deduction 0.21; unearned income 0.20; shelter deduction 0.17,"wrong include/exclude decision 0.37; wrong amount, known item 0.30; other 0.10",77,17,48,94,0.8191489361702128,0.7293285364486144,0.8839075512686756,0.18085106382978725,48,0.3380281690140845,142,35290.0
2-3,shelter_expenses_by_hh_size <= 592.0 & total_deductions_by_hh_size > 522.0 & utilities >  37.5,train_2022_23,169,65,119,27,119,0.226890756302521,0.16087596514594535,0.3099873254657042,29,119,0.24369747899159663,0.1753707625793421,0.32805478707159047,20,119,0.16806722689075632,0.1115123807876709,0.24538300318648776,3,119,0.025210084033613446,0.008610075311511797,0.07150610682874037,10,119,0.08403361344537816,0.04628430944499089,0.14779977933275218,22,119,0.18487394957983194,0.12537617174977098,0.26408147126367076,8,119,0.06722689075630252,0.03445533736402665,0.12706649237443327,31,119,0.2605042016806723,0.19001607594151523,0.3459717327487004,46,119,0.3865546218487395,0.3039147393264819,0.47629001215835715,12,119,0.10084033613445378,0.058629716308506635,0.16801663150851956,3,119,0.025210084033613446,0.008610075311511797,0.07150610682874037,5,119,0.04201680672268908,0.018078207847971574,0.0946002333315637,6,119,0.05042016806722689,0.023310004458561698,0.10564956624061513,0,119,0.0,3.469446951953614e-18,0.03127279358132749,1,119,0.008403361344537815,0.0014849048183694993,0.04606901828259955,0,119,0.0,3.469446951953614e-18,0.03127279358132749,15,119,0.12605042016806722,0.07789652162425514,0.19759321475169567,73,119,0.6134453781512605,0.5237099878416429,0.6960852606735182,14,119,0.11764705882352941,0.07138672488935097,0.18782188196695834,32,119,0.2689075630252101,0.19739221088821968,0.35487672732163755,63,119,0.5294117647058824,0.44021971705433516,0.6167642362644103,50,119,0.42016806722689076,0.3353426705820332,0.5099865989813721,0,119,0.0,3.469446951953614e-18,0.03127279358132749,0,119,0.0,3.469446951953614e-18,0.03127279358132749,6,119,0.05042016806722689,0.023310004458561698,0.10564956624061513,40,119,0.33613445378151263,0.2575647533744133,0.4249532209925764,311 0.20; 363 0.17; 323 0.14; 331 0.08; 365 0.08; 350 0.05; 366 0.04,7,53 0.24; 38 0.17; 99 0.13; 35 0.10; 52 0.08; 44 0.08,6,unearned income 0.24; earned income 0.23; dep care or child support deduction 0.18; shelter deduction 0.17,"wrong include/exclude decision 0.39; wrong amount, known item 0.26; other 0.13",58,7,31,65,0.8923076923076924,0.7939846696853139,0.9468464556807439,0.1076923076923077,31,0.3229166666666667,96,24235.0
2-3,shelter_expenses_by_hh_size <= 592.0 & total_deductions_by_hh_size > 522.0 & utilities >  37.5,test_2024,91,29,52,17,52,0.3269230769230769,0.2152190173110406,0.46244064860111084,5,52,0.09615384615384616,0.041773735183410265,0.20609881861160995,9,52,0.17307692307692307,0.0938236875646778,0.29731123693605277,2,52,0.038461538461538464,0.010611488322077554,0.12981428744365978,1,52,0.019230769230769232,0.0034027204090655225,0.10120746268024422,14,52,0.2692307692307692,0.1676881003582587,0.4025247875246099,4,52,0.07692307692307693,0.03031885429734589,0.1817381068212467,20,52,0.38461538461538464,0.26470271334885215,0.5204037305925822,17,52,0.3269230769230769,0.2152190173110406,0.46244064860111084,2,52,0.038461538461538464,0.010611488322077554,0.12981428744365978,3,52,0.057692307692307696,0.019813812690573196,0.15642755575159178,4,52,0.07692307692307693,0.03031885429734589,0.1817381068212467,3,52,0.057692307692307696,0.019813812690573196,0.15642755575159178,1,52,0.019230769230769232,0.0034027204090655225,0.10120746268024422,0,52,0.0,0.0,0.06879459041288215,0,52,0.0,0.0,0.06879459041288215,2,52,0.038461538461538464,0.010611488322077554,0.12981428744365978,33,52,0.6346153846153846,0.4987142858480117,0.7519948628869816,5,52,0.09615384615384616,0.041773735183410265,0.20609881861160995,14,52,0.2692307692307692,0.1676881003582587,0.4025247875246099,28,52,0.5384615384615384,0.405033783976834,0.6665974013760211,21,52,0.40384615384615385,0.28159535424282284,0.5393266823750391,1,52,0.019230769230769232,0.0034027204090655225,0.10120746268024422,1,52,0.019230769230769232,0.0034027204090655225,0.10120746268024422,1,52,0.019230769230769232,0.0034027204090655225,0.10120746268024422,23,52,0.4423076923076923,0.31594847188588093,0.5766047500848361,311 0.29; 323 0.23; 363 0.17; 150 0.06,4,52 0.17; 56 0.13; 57 0.10; 44 0.08; 53 0.08; 38 0.06; 99 0.04; 35 0.04; 37 0.04; 40 0.04,10,earned income 0.33; dep care or child support deduction 0.27; shelter deduction 0.17,"wrong amount, known item 0.38; wrong include/exclude decision 0.33; change in circumstances 0.08",19,10,17,29,0.6551724137931034,0.47344776507155983,0.8005949125080951,0.3448275862068966,17,0.3695652173913043,46,11055.0
2-3,rawben_rel_max <   0.904 & total_deductions_by_hh_size >= 353.000 & utilities < 347.000,all_2022_24,330,116,181,64,181,0.35359116022099446,0.2876444423203466,0.4256235666127073,19,181,0.10497237569060773,0.0682373390901575,0.15812728878581844,44,181,0.2430939226519337,0.1863639202487802,0.31050258599223907,12,181,0.06629834254143646,0.0383284500706632,0.1122956518631006,8,181,0.04419889502762431,0.022563518157913128,0.08478028323744374,12,181,0.06629834254143646,0.0383284500706632,0.1122956518631006,22,181,0.12154696132596685,0.08165306760314635,0.17717178567663483,44,181,0.2430939226519337,0.1863639202487802,0.31050258599223907,60,181,0.3314917127071823,0.2670385364488801,0.40294917194576685,18,181,0.09944751381215469,0.06383371231190105,0.15171084042947316,17,181,0.09392265193370165,0.059468164022013076,0.1452563135847594,20,181,0.11049723756906077,0.07267654040581858,0.1645081626047591,8,181,0.04419889502762431,0.022563518157913128,0.08478028323744374,0,181,0.0,0.0,0.02078320031854301,1,181,0.0055248618784530384,0.0009759153318539288,0.03062736012129081,0,181,0.0,0.0,0.02078320031854301,13,181,0.0718232044198895,0.04245076070487264,0.1189934163634929,112,181,0.6187845303867403,0.5462540591747177,0.6863775562192195,24,181,0.13259668508287292,0.09074834863853098,0.18971665491045364,45,181,0.24861878453038674,0.19131527427801998,0.3163713070976011,98,181,0.5414364640883977,0.46873617427278647,0.6124143892367264,76,181,0.4198895027624309,0.3503842931771445,0.49272461737113027,0,181,0.0,0.0,0.02078320031854301,0,181,0.0,0.0,0.02078320031854301,7,181,0.03867403314917127,0.018857584065879004,0.07766614219487614,56,181,0.30939226519337015,0.246597339342569,0.380110068513671,311 0.31; 363 0.24; 150 0.07; 364 0.07; 323 0.05; 365 0.04,6,53 0.18; 38 0.17; 52 0.13; 35 0.10; 99 0.07; 13 0.05; 64 0.04; 44 0.04,8,earned income 0.35; shelter deduction 0.24; other element 0.12; unearned income 0.10,"wrong include/exclude decision 0.33; wrong amount, known item 0.24; change in circumstances 0.11; unreported source of income 0.10",89,27,56,116,0.7672413793103449,0.6825305162579259,0.8348190518386281,0.23275862068965517,56,0.32558139534883723,172,32976.0
2-3,rawben_rel_max <   0.904 & total_deductions_by_hh_size >= 353.000 & utilities < 347.000,train_2022_23,244,90,148,52,148,0.35135135135135137,0.2790850980595208,0.4311392409885399,16,148,0.10810810810810811,0.06764686156864927,0.16839912319441966,35,148,0.23648648648648649,0.1752369688407319,0.3110698140171938,12,148,0.08108108108108109,0.04698790503444143,0.13637159591918396,7,148,0.0472972972972973,0.023096704287251545,0.0944046919045694,8,148,0.05405405405405406,0.027641133409649507,0.10303188373453236,18,148,0.12162162162162163,0.07833213636461986,0.18405709030317077,32,148,0.21621621621621623,0.15752437094678887,0.28926754905405416,48,148,0.32432432432432434,0.2541769830621596,0.4033608721764576,14,148,0.0945945945945946,0.057185229550657794,0.15251751330768934,13,148,0.08783783783783784,0.05205044562132614,0.14448067628466013,19,148,0.12837837837837837,0.08374888237605915,0.1918119652440924,8,148,0.05405405405405406,0.027641133409649507,0.10303188373453236,0,148,0.0,0.0,0.02530004952529478,1,148,0.006756756756756757,0.0011937001683413329,0.03727797030931433,0,148,0.0,0.0,0.02530004952529478,13,148,0.08783783783783784,0.05205044562132614,0.14448067628466013,90,148,0.6081081081081081,0.5276761046762952,0.6830698305614789,23,148,0.1554054054054054,0.10584197847720209,0.22240535295239297,35,148,0.23648648648648649,0.1752369688407319,0.3110698140171938,77,148,0.5202702702702703,0.44029121217108363,0.599223650685999,64,148,0.43243243243243246,0.35532292289793144,0.5129608675784599,0,148,0.0,0.0,0.02530004952529478,0,148,0.0,0.0,0.02530004952529478,7,148,0.0472972972972973,0.023096704287251545,0.0944046919045694,44,148,0.2972972972972973,0.22954376370104174,0.37530760772813193,311 0.31; 363 0.24; 364 0.08; 150 0.07; 365 0.05; 350 0.04,6,53 0.19; 38 0.16; 52 0.13; 35 0.09; 99 0.09; 13 0.06; 64 0.05,7,earned income 0.35; shelter deduction 0.24; other element 0.12; unearned income 0.11,"wrong include/exclude decision 0.32; wrong amount, known item 0.22; change in circumstances 0.13; unreported source of income 0.09",70,20,42,90,0.7777777777777778,0.6815249725824009,0.8512877671833321,0.2222222222222222,42,0.3181818181818182,132,26630.0
2-3,rawben_rel_max <   0.904 & total_deductions_by_hh_size >= 353.000 & utilities < 347.000,test_2024,86,26,33,12,33,0.36363636363636365,0.22186966167959873,0.5338412737846591,3,33,0.09090909090909091,0.03140337104926305,0.23572943534351032,9,33,0.2727272727272727,0.15067272656322814,0.44217883254386814,0,33,0.0,0.0,0.10427343003561192,1,33,0.030303030303030304,0.005369272089651725,0.15319061673168066,4,33,0.12121212121212122,0.04816083267584231,0.2732584325026516,4,33,0.12121212121212122,0.04816083267584231,0.2732584325026516,12,33,0.36363636363636365,0.22186966167959873,0.5338412737846591,12,33,0.36363636363636365,0.22186966167959873,0.5338412737846591,4,33,0.12121212121212122,0.04816083267584231,0.2732584325026516,4,33,0.12121212121212122,0.04816083267584231,0.2732584325026516,1,33,0.030303030303030304,0.005369272089651725,0.15319061673168066,0,33,0.0,0.0,0.10427343003561192,0,33,0.0,0.0,0.10427343003561192,0,33,0.0,0.0,0.10427343003561192,0,33,0.0,0.0,0.10427343003561192,0,33,0.0,0.0,0.10427343003561192,22,33,0.6666666666666666,0.4960758179994997,0.8024997053219629,1,33,0.030303030303030304,0.005369272089651725,0.15319061673168066,10,33,0.30303030303030304,0.17375347814547223,0.4733845397473445,21,33,0.6363636363636364,0.46615872621534094,0.7781303383204013,12,33,0.36363636363636365,0.22186966167959873,0.5338412737846591,0,33,0.0,0.0,0.10427343003561192,0,33,0.0,0.0,0.10427343003561192,0,33,0.0,0.0,0.10427343003561192,12,33,0.36363636363636365,0.22186966167959873,0.5338412737846591,311 0.33; 363 0.27; 150 0.09; 323 0.09,4,38 0.21; 53 0.15; 35 0.12; 52 0.12; 57 0.09; 56 0.06,6,earned income 0.36; shelter deduction 0.27; other element 0.12,"wrong amount, known item 0.36; wrong include/exclude decision 0.36; household composition 0.12",19,7,14,26,0.7307692307692307,0.5391659658023868,0.8629572447493261,0.2692307692307692,14,0.35,40,6346.0
2-3,expedited_i <=   0.500 & medical_deductions > 128.000 & rawben_rel_max >   0.803 & unc_rawben_rel_max >   0.324,all_2022_24,144,55,86,3,86,0.03488372093023256,0.011933581807332512,0.09761032658254476,18,86,0.20930232558139536,0.13669707033094278,0.3067678724127305,27,86,0.313953488372093,0.22561154650050072,0.4182060168554501,3,86,0.03488372093023256,0.011933581807332512,0.09761032658254476,30,86,0.3488372093023256,0.2565353181833296,0.45406645204338053,2,86,0.023255813953488372,0.006400792019477797,0.08088171408014642,3,86,0.03488372093023256,0.011933581807332512,0.09761032658254476,19,86,0.22093023255813954,0.14624794489136717,0.3194784001425592,49,86,0.5697674418604651,0.4643601257321767,0.6692082880093415,5,86,0.05813953488372093,0.02508656569078512,0.12898014727959828,2,86,0.023255813953488372,0.006400792019477797,0.08088171408014642,2,86,0.023255813953488372,0.006400792019477797,0.08088171408014642,3,86,0.03488372093023256,0.011933581807332512,0.09761032658254476,0,86,0.0,0.0,0.042759701519118086,0,86,0.0,0.0,0.042759701519118086,0,86,0.0,0.0,0.042759701519118086,6,86,0.06976744186046512,0.03236497351786072,0.14396314174277575,60,86,0.6976744186046512,0.5938776628562396,0.7845661760780623,9,86,0.10465116279069768,0.05604026272483177,0.18707205940656396,17,86,0.19767441860465115,0.12724247137709888,0.2939610690763213,56,86,0.6511627906976745,0.5459335479566195,0.7434646818166705,24,86,0.27906976744186046,0.195285453305378,0.3817479031798136,1,86,0.011627906976744186,0.002055515742405551,0.0629655880669656,1,86,0.011627906976744186,0.002055515742405551,0.0629655880669656,4,86,0.046511627906976744,0.01823367317295907,0.11357163750717128,43,86,0.5,0.39660790465524204,0.603392095344758,365 0.35; 363 0.31; 331 0.15,3,53 0.48; 38 0.13; 56 0.08; 99 0.07,4,medical deduction 0.35; shelter deduction 0.31; unearned income 0.21,"wrong include/exclude decision 0.57; wrong amount, known item 0.22",55,0,43,55,1.0,0.9347128562105721,0.9999999999999999,0.0,43,0.4387755102040816,98,18652.0
2-3,expedited_i <=   0.500 & medical_deductions > 128.000 & rawben_rel_max >   0.803 & unc_rawben_rel_max >   0.324,train_2022_23,96,39,64,2,64,0.03125,0.00861195771251659,0.10697493882294247,11,64,0.171875,0.0987764126731623,0.2821344149016591,21,64,0.328125,0.2257039576708776,0.45001123772545737,3,64,0.046875,0.016068725432185196,0.12899860788542522,22,64,0.34375,0.2392297503546903,0.46596588182379606,2,64,0.03125,0.00861195771251659,0.10697493882294247,3,64,0.046875,0.016068725432185196,0.12899860788542522,8,64,0.125,0.064721653926208,0.22774786330215924,41,64,0.640625,0.5182062363615084,0.7471176946778538,3,64,0.046875,0.016068725432185196,0.12899860788542522,2,64,0.03125,0.00861195771251659,0.10697493882294247,2,64,0.03125,0.00861195771251659,0.10697493882294247,3,64,0.046875,0.016068725432185196,0.12899860788542522,0,64,0.0,0.0,0.056626022971156334,0,64,0.0,0.0,0.056626022971156334,0,64,0.0,0.0,0.056626022971156334,5,64,0.078125,0.03383067809543547,0.1701975287864777,47,64,0.734375,0.615168937427648,0.8270376143046224,7,64,0.109375,0.054000447526830544,0.20898863291938535,10,64,0.15625,0.08714748876961673,0.26428290202305327,42,64,0.65625,0.5340341181762038,0.7607702496453097,19,64,0.296875,0.19904999589075245,0.4177043259412798,0,64,0.0,0.0,0.056626022971156334,0,64,0.0,0.0,0.056626022971156334,3,64,0.046875,0.016068725432185196,0.12899860788542522,32,64,0.5,0.38101888493214947,0.6189811150678505,365 0.34; 363 0.33; 331 0.12,3,53 0.56; 38 0.12; 99 0.08,3,medical deduction 0.34; shelter deduction 0.33; unearned income 0.17,"wrong include/exclude decision 0.64; wrong amount, known item 0.12",39,0,32,39,1.0,0.9103301463997611,1.0,0.0,32,0.4507042253521127,71,12191.0
2-3,expedited_i <=   0.500 & medical_deductions > 128.000 & rawben_rel_max >   0.803 & unc_rawben_rel_max >   0.324,test_2024,48,16,22,1,22,0.045454545454545456,0.008069219301147859,0.21798489499518053,7,22,0.3181818181818182,0.1636038735469248,0.5268177721716065,6,22,0.2727272727272727,0.1315058201581444,0.4815212369900198,0,22,0.0,1.3877787807814457e-17,0.14865952572596125,8,22,0.36363636363636365,0.19732972772607899,0.5704865065628195,0,22,0.0,1.3877787807814457e-17,0.14865952572596125,0,22,0.0,1.3877787807814457e-17,0.14865952572596125,11,22,0.5,0.3072180469247956,0.6927819530752044,8,22,0.36363636363636365,0.19732972772607899,0.5704865065628195,2,22,0.09090909090909091,0.025294896282837792,0.2781538065838578,0,22,0.0,1.3877787807814457e-17,0.14865952572596125,0,22,0.0,1.3877787807814457e-17,0.14865952572596125,0,22,0.0,1.3877787807814457e-17,0.14865952572596125,0,22,0.0,1.3877787807814457e-17,0.14865952572596125,0,22,0.0,1.3877787807814457e-17,0.14865952572596125,0,22,0.0,1.3877787807814457e-17,0.14865952572596125,1,22,0.045454545454545456,0.008069219301147859,0.21798489499518053,13,22,0.5909090909090909,0.38734477382893806,0.7674444033117963,2,22,0.09090909090909091,0.025294896282837792,0.2781538065838578,7,22,0.3181818181818182,0.1636038735469248,0.5268177721716065,14,22,0.6363636363636364,0.4295134934371804,0.802670272273921,5,22,0.22727272727272727,0.10122890794820358,0.4344035606295935,1,22,0.045454545454545456,0.008069219301147859,0.21798489499518053,1,22,0.045454545454545456,0.008069219301147859,0.21798489499518053,1,22,0.045454545454545456,0.008069219301147859,0.21798489499518053,11,22,0.5,0.3072180469247956,0.6927819530752044,365 0.36; 363 0.27; 331 0.23,3,56 0.32; 53 0.23; 37 0.14; 38 0.14,4,medical deduction 0.36; unearned income 0.32; shelter deduction 0.27,"wrong amount, known item 0.50; wrong include/exclude decision 0.36",16,0,11,16,1.0,0.8063865817272802,1.0,0.0,11,0.4074074074074074,27,6461.0
4+,expedited_i >   0.500 & rawben_rel_max <=   0.932 & shelter_expenses_by_hh_size <= 155.000 & unc_rawben_rel_max >   0.654,all_2022_24,118,44,65,19,65,0.2923076923076923,0.19583261556264242,0.4119626710082681,16,65,0.24615384615384617,0.1575785436701859,0.36306013991648256,9,65,0.13846153846153847,0.07459006187684232,0.24268321474659466,10,65,0.15384615384615385,0.08577002061798975,0.26055545700019456,0,65,0.0,0.0,0.055803467670710726,0,65,0.0,0.0,0.055803467670710726,11,65,0.16923076923076924,0.09721118666132769,0.27816649195160403,20,65,0.3076923076923077,0.20886876704271462,0.4279787205229433,19,65,0.2923076923076923,0.19583261556264242,0.4119626710082681,3,65,0.046153846153846156,0.01581955358590327,0.12714051706904955,8,65,0.12307692307692308,0.06370391444937325,0.22451716117931636,6,65,0.09230769230769231,0.04299450413746196,0.18712216950173294,3,65,0.046153846153846156,0.01581955358590327,0.12714051706904955,0,65,0.0,0.0,0.055803467670710726,0,65,0.0,0.0,0.055803467670710726,3,65,0.046153846153846156,0.01581955358590327,0.12714051706904955,3,65,0.046153846153846156,0.01581955358590327,0.12714051706904955,35,65,0.5384615384615384,0.41853187398623515,0.6540986285006332,6,65,0.09230769230769231,0.04299450413746196,0.18712216950173294,24,65,0.36923076923076925,0.26229222189067253,0.49076406965397484,46,65,0.7076923076923077,0.5880373289917318,0.8041673844373576,18,65,0.27692307692307694,0.18293439815390553,0.3958086874222576,1,65,0.015384615384615385,0.002720874527486622,0.08213479413797146,0,65,0.0,0.0,0.055803467670710726,0,65,0.0,0.0,0.055803467670710726,37,65,0.5692307692307692,0.44832757984982086,0.6824073246265422,311 0.29; 364 0.15; 363 0.14; 150 0.12; 350 0.09,5,38 0.17; 52 0.15; 44 0.12; 53 0.11; 35 0.05; 99 0.05; 39 0.05; 13 0.05; 12 0.03,9,earned income 0.29; unearned income 0.25; other element 0.17; utility allowance 0.15,"wrong amount, known item 0.31; wrong include/exclude decision 0.29; household composition 0.12; change in circumstances 0.09",18,26,18,44,0.4090909090909091,0.2768764387900683,0.5559050735339343,0.5909090909090909,18,0.2903225806451613,62,12861.0
4+,expedited_i >   0.500 & rawben_rel_max <=   0.932 & shelter_expenses_by_hh_size <= 155.000 & unc_rawben_rel_max >   0.654,train_2022_23,82,34,50,16,50,0.32,0.20758044093999403,0.45810557136276076,12,50,0.24,0.14297252401872207,0.3741294937519236,7,50,0.14,0.06950745262022862,0.2618645719852809,7,50,0.14,0.06950745262022862,0.2618645719852809,0,50,0.0,0.0,0.07135003417431873,0,50,0.0,0.0,0.07135003417431873,8,50,0.16,0.08337321362087696,0.2851448096176598,15,50,0.3,0.1910338908960936,0.4375061227736339,15,50,0.3,0.1910338908960936,0.4375061227736339,3,50,0.06,0.020614596364630478,0.16217343370877002,6,50,0.12,0.05617523710624646,0.23805078886623582,5,50,0.1,0.04347512399157111,0.2136049033478839,2,50,0.04,0.011038652660826577,0.13460337877954667,0,50,0.0,0.0,0.07135003417431873,0,50,0.0,0.0,0.07135003417431873,1,50,0.02,0.0035391680889764604,0.10495686471836953,3,50,0.06,0.020614596364630478,0.16217343370877002,28,50,0.56,0.4230578680014353,0.6883801278976466,6,50,0.12,0.05617523710624646,0.23805078886623582,16,50,0.32,0.20758044093999403,0.45810557136276076,33,50,0.66,0.5215356854148285,0.7756323036493895,16,50,0.32,0.20758044093999403,0.45810557136276076,1,50,0.02,0.0035391680889764604,0.10495686471836953,0,50,0.0,0.0,0.07135003417431873,0,50,0.0,0.0,0.07135003417431873,28,50,0.56,0.4230578680014353,0.6883801278976466,311 0.32; 363 0.14; 364 0.14; 150 0.12; 350 0.06,5,38 0.18; 53 0.14; 52 0.12; 44 0.12; 35 0.06; 99 0.06; 37 0.04; 40 0.04,8,earned income 0.32; unearned income 0.24; other element 0.16; shelter deduction 0.14,"wrong include/exclude decision 0.30; wrong amount, known item 0.30; household composition 0.12; change in circumstances 0.10",15,19,13,34,0.4411764705882353,0.28883240215296746,0.6054638221081631,0.5588235294117647,13,0.2765957446808511,47,9825.0
4+,expedited_i >   0.500 & rawben_rel_max <=   0.932 & shelter_expenses_by_hh_size <= 155.000 & unc_rawben_rel_max >   0.654,test_2024,36,10,15,3,15,0.2,0.07047420643610414,0.4518593533465045,4,15,0.26666666666666666,0.1089727610318281,0.5195088965768675,2,15,0.13333333333333333,0.0373604698913593,0.3788249920651624,3,15,0.2,0.07047420643610414,0.4518593533465045,0,15,0.0,0.0,0.20388926630434784,0,15,0.0,0.0,0.20388926630434784,3,15,0.2,0.07047420643610414,0.4518593533465045,5,15,0.3333333333333333,0.15176100694691236,0.5828687484878701,4,15,0.26666666666666666,0.1089727610318281,0.5195088965768675,0,15,0.0,0.0,0.20388926630434784,2,15,0.13333333333333333,0.0373604698913593,0.3788249920651624,1,15,0.06666666666666667,0.011866588606194856,0.2981707755242399,1,15,0.06666666666666667,0.011866588606194856,0.2981707755242399,0,15,0.0,0.0,0.20388926630434784,0,15,0.0,0.0,0.20388926630434784,2,15,0.13333333333333333,0.0373604698913593,0.3788249920651624,0,15,0.0,0.0,0.20388926630434784,7,15,0.4666666666666667,0.24809225259746442,0.6988336984894921,0,15,0.0,0.0,0.20388926630434784,8,15,0.5333333333333333,0.3011663015105079,0.7519077474025355,13,15,0.8666666666666667,0.6211750079348376,0.9626395301086407,2,15,0.13333333333333333,0.0373604698913593,0.3788249920651624,0,15,0.0,0.0,0.20388926630434784,0,15,0.0,0.0,0.20388926630434784,0,15,0.0,0.0,0.20388926630434784,9,15,0.6,0.357464427565077,0.8017577191740534,364 0.20; 350 0.20; 311 0.20; 363 0.13; 150 0.13,5,52 0.27; 44 0.13; 38 0.13; 13 0.07; 75 0.07; 39 0.07; 111 0.07,7,unearned income 0.27; utility allowance 0.20; other element 0.20; earned income 0.20,"wrong amount, known item 0.33; wrong include/exclude decision 0.27; household composition 0.13; child support handling 0.13",3,7,5,10,0.3,0.10778928748621183,0.6032267800204347,0.7,5,0.3333333333333333,15,3036.0
4+,HH_size_n >   4.500 & months_since_cert_n >   5.500 & rawben_rel_max <=   0.997 & shelter_expenses_by_hh_size > 263.000,all_2022_24,526,183,287,131,287,0.4564459930313589,0.3997725580402901,0.5142699998331367,49,287,0.17073170731707318,0.13161806468061,0.21854367284249537,53,287,0.18466898954703834,0.14404440459111245,0.2336237144124964,13,287,0.04529616724738676,0.02665933125502275,0.07594497294355135,1,287,0.003484320557491289,0.00061531732199651,0.01946984243506713,11,287,0.03832752613240418,0.02153376338376469,0.06731735007455764,29,287,0.10104529616724739,0.07127820951845529,0.14135162060213272,101,287,0.3519163763066202,0.2989513188030569,0.40879337796659376,54,287,0.18815331010452963,0.14716585602073456,0.23737885835300016,32,287,0.11149825783972125,0.08009410389549143,0.15316551233547418,19,287,0.06620209059233449,0.04278787650183204,0.10107599991749726,27,287,0.09407665505226481,0.06546091984677095,0.1334157195335653,26,287,0.09059233449477352,0.06257195802351659,0.1294280859866938,4,287,0.013937282229965157,0.005432842173204774,0.03528210369423647,0,287,0.0,0.0,0.01320856438693777,0,287,0.0,0.0,0.01320856438693777,24,287,0.08362369337979095,0.05683674915926201,0.12141010411069666,138,285,0.4842105263157895,0.42678603942752696,0.5420550139387471,17,285,0.05964912280701754,0.03757170468525228,0.09343989475194792,129,285,0.45263157894736844,0.3958546069515366,0.5106685531472858,159,287,0.554006968641115,0.49616110274294406,0.6104261254940069,116,287,0.40418118466898956,0.3490334123908728,0.46186021493066587,0,287,0.0,0.0,0.01320856438693777,2,287,0.006968641114982578,0.0019130975407349472,0.02504865758645456,10,287,0.03484320557491289,0.019034075373749574,0.06294044271444689,109,285,0.3824561403508772,0.32795086416006025,0.44008808867775817,311 0.37; 363 0.18; 312 0.08; 364 0.05; 150 0.05; 350 0.04,6,38 0.22; 35 0.11; 52 0.09; 44 0.09; 99 0.08; 53 0.05; 41 0.04; 98 0.03; 64 0.03,9,earned income 0.46; shelter deduction 0.18; unearned income 0.17,"wrong amount, known item 0.35; wrong include/exclude decision 0.19; unreported source of income 0.11; change in circumstances 0.09; method or computation 0.09",124,59,50,183,0.6775956284153005,0.6068246374200296,0.7410636272918975,0.3224043715846995,50,0.2145922746781116,233,73154.0
4+,HH_size_n >   4.500 & months_since_cert_n >   5.500 & rawben_rel_max <=   0.997 & shelter_expenses_by_hh_size > 263.000,train_2022_23,320,114,188,74,188,0.39361702127659576,0.32657996544767204,0.4649146843050406,36,188,0.19148936170212766,0.14164548004399852,0.2536890042388682,39,188,0.2074468085106383,0.1556279470875656,0.27098233973239416,10,188,0.05319148936170213,0.0291456057761509,0.09513192318524226,1,188,0.005319148936170213,0.0009395541295989223,0.02951056722051492,8,188,0.0425531914893617,0.021717294715916078,0.08170969922074835,20,188,0.10638297872340426,0.06992772023832766,0.15860248384670916,58,188,0.30851063829787234,0.24687272989486098,0.3778176396600218,35,188,0.18617021276595744,0.13701566406233257,0.24789355270816976,17,188,0.09042553191489362,0.05722325565826833,0.14003114588967538,13,188,0.06914893617021277,0.040852626024894284,0.11470070547359196,19,188,0.10106382978723404,0.06565805670534319,0.15244687986732924,21,188,0.11170212765957446,0.07422929444659385,0.1647261771508073,2,188,0.010638297872340425,0.00292220835550212,0.03795318050697609,0,188,0.0,1.734723475976807e-18,0.020024853837749476,0,188,0.0,1.734723475976807e-18,0.020024853837749476,23,188,0.12234042553191489,0.08292081374791826,0.17688519287421167,99,188,0.526595744680851,0.45540672644287217,0.5967196111189496,13,188,0.06914893617021277,0.040852626024894284,0.11470070547359196,76,188,0.40425531914893614,0.3367008666172537,0.47564431816018765,109,188,0.5797872340425532,0.5083232919088714,0.648055720776594,70,188,0.3723404255319149,0.3064394741232662,0.4433541055799889,0,188,0.0,1.734723475976807e-18,0.020024853837749476,0,188,0.0,1.734723475976807e-18,0.020024853837749476,9,188,0.047872340425531915,0.02538701913178959,0.08846524231723919,76,188,0.40425531914893614,0.3367008666172537,0.47564431816018765,311 0.32; 363 0.21; 312 0.06; 364 0.05; 350 0.04; 150 0.04; 346 0.04,7,38 0.21; 99 0.12; 52 0.11; 44 0.10; 35 0.09; 53 0.06; 64 0.05; 98 0.04,8,earned income 0.39; shelter deduction 0.21; unearned income 0.19,"wrong amount, known item 0.31; wrong include/exclude decision 0.19; other 0.12; method or computation 0.11; change in circumstances 0.10",73,41,35,114,0.6403508771929824,0.5490074186735066,0.7225435446535358,0.35964912280701755,35,0.2348993288590604,149,43504.0
4+,HH_size_n >   4.500 & months_since_cert_n >   5.500 & rawben_rel_max <=   0.997 & shelter_expenses_by_hh_size > 263.000,test_2024,206,69,99,57,99,0.5757575757575758,0.4773648481449719,0.6684905255559431,13,99,0.13131313131313133,0.07837166925941867,0.2117988453961293,14,99,0.1414141414141414,0.08614406912518852,0.22347382869048138,3,99,0.030303030303030304,0.010358451889070856,0.08533823116525735,0,99,0.0,0.0,0.03735453357396229,3,99,0.030303030303030304,0.010358451889070856,0.08533823116525735,9,99,0.09090909090909091,0.04856521249187529,0.16381576952318477,43,99,0.43434343434343436,0.340964792974754,0.5326272164844532,19,99,0.1919191919191919,0.12644940825747547,0.2804054053588043,15,99,0.15151515151515152,0.09402242321177301,0.2350428577640189,6,99,0.06060606060606061,0.028069414889737472,0.12596941764495667,8,99,0.08080808080808081,0.041513905489623,0.15141969336531508,5,99,0.050505050505050504,0.02176291355669111,0.11282853581788105,2,99,0.020202020202020204,0.005557603625523107,0.07069169626868313,0,99,0.0,0.0,0.03735453357396229,0,99,0.0,0.0,0.03735453357396229,1,99,0.010101010101010102,0.0017852613200520298,0.05501665541403223,39,97,0.4020618556701031,0.31002040253768065,0.5015652922549447,4,97,0.041237113402061855,0.01615097524628889,0.1012767529928505,53,97,0.5463917525773195,0.44743914347874386,0.6418097379352757,50,99,0.5050505050505051,0.4082299868548984,0.6014937047251627,46,99,0.46464646464646464,0.36956329835017776,0.5623708605893953,0,99,0.0,0.0,0.03735453357396229,2,99,0.020202020202020204,0.005557603625523107,0.07069169626868313,1,99,0.010101010101010102,0.0017852613200520298,0.05501665541403223,33,97,0.3402061855670103,0.25362119291999513,0.438965993320604,311 0.46; 363 0.14; 312 0.11; 150 0.06,4,38 0.25; 35 0.15; 44 0.07; 41 0.07; 52 0.06; 33 0.05; 53 0.04; 56 0.04; 57 0.04,9,earned income 0.58; shelter deduction 0.14; unearned income 0.13,"wrong amount, known item 0.43; wrong include/exclude decision 0.19; unreported source of income 0.15",51,18,15,69,0.7391304347826086,0.6248920202857632,0.82814580425406,0.2608695652173913,15,0.17857142857142858,84,29650.0
2-3,rawben_rel_max <   0.703 & total_deductions_by_hh_size < 201.000 & unc_rawben_rel_max >=   0.698 & utilities < 586.000,all_2022_24,63,22,33,9,33,0.2727272727272727,0.15067272656322814,0.44217883254386814,11,33,0.3333333333333333,0.19750029467803698,0.5039241820005003,5,33,0.15151515151515152,0.06650359257960956,0.30920213138460484,1,33,0.030303030303030304,0.005369272089651725,0.15319061673168066,0,33,0.0,0.0,0.10427343003561192,2,33,0.06060606060606061,0.016780530429070947,0.19606581717798194,5,33,0.15151515151515152,0.06650359257960956,0.30920213138460484,8,33,0.24242424242424243,0.12831561346647294,0.4102494868549029,9,33,0.2727272727272727,0.15067272656322814,0.44217883254386814,5,33,0.15151515151515152,0.06650359257960956,0.30920213138460484,5,33,0.15151515151515152,0.06650359257960956,0.30920213138460484,4,33,0.12121212121212122,0.04816083267584231,0.2732584325026516,0,33,0.0,0.0,0.10427343003561192,0,33,0.0,0.0,0.10427343003561192,0,33,0.0,0.0,0.10427343003561192,0,33,0.0,0.0,0.10427343003561192,2,33,0.06060606060606061,0.016780530429070947,0.19606581717798194,18,33,0.5454545454545454,0.3798565794374957,0.701573108741085,5,33,0.15151515151515152,0.06650359257960956,0.30920213138460484,10,33,0.30303030303030304,0.17375347814547223,0.4733845397473445,18,33,0.5454545454545454,0.3798565794374957,0.701573108741085,14,33,0.42424242424242425,0.272353589950299,0.5919302630853998,0,33,0.0,0.0,0.10427343003561192,0,33,0.0,0.0,0.10427343003561192,1,33,0.030303030303030304,0.005369272089651725,0.15319061673168066,9,33,0.2727272727272727,0.15067272656322814,0.44217883254386814,311 0.21; 150 0.15; 363 0.15; 350 0.09; 346 0.09; 312 0.06,6,35 0.15; 44 0.12; 37 0.12; 53 0.09; 7 0.06; 12 0.06; 39 0.06; 52 0.06; 99 0.06,9,unearned income 0.33; earned income 0.27; other element 0.15,"wrong include/exclude decision 0.27; wrong amount, known item 0.24; household composition 0.15; unreported source of income 0.15",14,8,7,22,0.6363636363636364,0.4295134934371804,0.802670272273921,0.36363636363636365,7,0.2413793103448276,29,5570.0
2-3,rawben_rel_max <   0.703 & total_deductions_by_hh_size < 201.000 & unc_rawben_rel_max >=   0.698 & utilities < 586.000,train_2022_23,36,17,26,9,26,0.34615384615384615,0.19412014972852126,0.5377977099036699,6,26,0.23076923076923078,0.11033699683676687,0.42051925751956787,4,26,0.15384615384615385,0.06149933998929477,0.33531584418313565,1,26,0.038461538461538464,0.0068218089769898765,0.18893176991958405,0,26,0.0,0.0,0.12873304380462175,2,26,0.07692307692307693,0.02135463918337556,0.24141947480515052,4,26,0.15384615384615385,0.06149933998929477,0.33531584418313565,7,26,0.2692307692307692,0.13704275525067386,0.46083403419761304,6,26,0.23076923076923078,0.11033699683676687,0.42051925751956787,3,26,0.11538461538461539,0.04003171821149494,0.28976293086898336,4,26,0.15384615384615385,0.06149933998929477,0.33531584418313565,4,26,0.15384615384615385,0.06149933998929477,0.33531584418313565,0,26,0.0,0.0,0.12873304380462175,0,26,0.0,0.0,0.12873304380462175,0,26,0.0,0.0,0.12873304380462175,0,26,0.0,0.0,0.12873304380462175,2,26,0.07692307692307693,0.02135463918337556,0.24141947480515052,14,26,0.5384615384615384,0.3545763620443012,0.712444173047651,2,26,0.07692307692307693,0.02135463918337556,0.24141947480515052,10,26,0.38461538461538464,0.22428359511834428,0.5746547996057992,13,26,0.5,0.32060306315002074,0.6793969368499793,12,26,0.46153846153846156,0.28755582695234905,0.6454236379556988,0,26,0.0,0.0,0.12873304380462175,0,26,0.0,0.0,0.12873304380462175,1,26,0.038461538461538464,0.0068218089769898765,0.18893176991958405,8,26,0.3076923076923077,0.16501120939792674,0.49988611514231246,311 0.27; 150 0.15; 363 0.15; 350 0.12; 312 0.08,5,44 0.15; 35 0.12; 53 0.12; 7 0.08; 39 0.08; 52 0.08; 99 0.08; 38 0.08,8,earned income 0.35; unearned income 0.23; other element 0.15; shelter deduction 0.15,"wrong amount, known item 0.27; wrong include/exclude decision 0.23; household composition 0.15; change in circumstances 0.15",10,7,6,17,0.5882352941176471,0.36005074385515545,0.7838921396086862,0.4117647058823529,6,0.2608695652173913,23,4047.0
2-3,rawben_rel_max <   0.703 & total_deductions_by_hh_size < 201.000 & unc_rawben_rel_max >=   0.698 & utilities < 586.000,test_2024,27,5,7,0,7,0.0,0.0,0.35433884297520657,5,7,0.7142857142857143,0.35892909014821267,0.9177828342909844,1,7,0.14285714285714285,0.02567895594897479,0.51313450331903,0,7,0.0,0.0,0.35433884297520657,0,7,0.0,0.0,0.35433884297520657,0,7,0.0,0.0,0.35433884297520657,1,7,0.14285714285714285,0.02567895594897479,0.51313450331903,1,7,0.14285714285714285,0.02567895594897479,0.51313450331903,3,7,0.42857142857142855,0.15821692226262685,0.7495457695909742,2,7,0.2857142857142857,0.0822171657090155,0.6410709098517873,1,7,0.14285714285714285,0.02567895594897479,0.51313450331903,0,7,0.0,0.0,0.35433884297520657,0,7,0.0,0.0,0.35433884297520657,0,7,0.0,0.0,0.35433884297520657,0,7,0.0,0.0,0.35433884297520657,0,7,0.0,0.0,0.35433884297520657,0,7,0.0,0.0,0.35433884297520657,4,7,0.5714285714285714,0.2504542304090258,0.8417830777373732,3,7,0.42857142857142855,0.15821692226262685,0.7495457695909742,0,7,0.0,0.0,0.35433884297520657,5,7,0.7142857142857143,0.35892909014821267,0.9177828342909844,2,7,0.2857142857142857,0.0822171657090155,0.6410709098517873,0,7,0.0,0.0,0.35433884297520657,0,7,0.0,0.0,0.35433884297520657,0,7,0.0,0.0,0.35433884297520657,1,7,0.14285714285714285,0.02567895594897479,0.51313450331903,346 0.29; 150 0.14; 345 0.14; 363 0.14; 336 0.14,5,37 0.43; 35 0.29; 12 0.14,3,unearned income 0.71; other element 0.14,wrong include/exclude decision 0.43; unreported source of income 0.29; household composition 0.14,4,1,1,5,0.8,0.3755282641185388,0.9637768390302125,0.2,1,0.16666666666666666,6,1523.0
4+,months_since_cert_n >= 5.000 & rawben_rel_max >= 0.607 & rawben_rel_max < 0.625,all_2022_24,116,41,70,26,70,0.37142857142857144,0.2677048160082965,0.4885301518147193,21,70,0.3,0.2053645673851015,0.4154453825618119,6,70,0.08571428571428572,0.03987612654032836,0.17465876977827793,2,70,0.02857142857142857,0.007870446893806289,0.09832443512391814,1,70,0.014285714285714285,0.0025261814032348645,0.07658369703926908,5,70,0.07142857142857142,0.030893761510293508,0.1565561312330923,9,70,0.12857142857142856,0.06914021991242263,0.22664968713184502,30,70,0.42857142857142855,0.31935124886212546,0.5452237332617722,10,70,0.14285714285714285,0.07948856360443703,0.24338634701505113,7,70,0.1,0.04928867510614622,0.19233122478768055,7,70,0.1,0.04928867510614622,0.19233122478768055,4,70,0.05714285714285714,0.02244341584741017,0.1379214733207552,6,70,0.08571428571428572,0.03987612654032836,0.17465876977827793,0,70,0.0,0.0,0.05202487486728348,0,70,0.0,0.0,0.05202487486728348,1,70,0.014285714285714285,0.0025261814032348645,0.07658369703926908,5,70,0.07142857142857142,0.030893761510293508,0.1565561312330923,41,70,0.5857142857142857,0.4688100006994645,0.6937000207518583,6,70,0.08571428571428572,0.03987612654032836,0.17465876977827793,23,70,0.32857142857142857,0.22998711826717816,0.4449928388301762,50,70,0.7142857142857143,0.5994958195463383,0.8067792340819687,18,70,0.2571428571428571,0.1692914195140977,0.37026351970715426,1,70,0.014285714285714285,0.0025261814032348645,0.07658369703926908,0,70,0.0,0.0,0.05202487486728348,1,70,0.014285714285714285,0.0025261814032348645,0.07658369703926908,34,70,0.4857142857142857,0.37245682382738127,0.6004581725973982,311 0.29; 363 0.09; 312 0.09; 350 0.07; 331 0.07; 150 0.07; 346 0.06; 323 0.04,8,38 0.27; 44 0.13; 35 0.10; 53 0.07; 99 0.07; 52 0.06; 98 0.04; 12 0.04,8,earned income 0.37; unearned income 0.30; other element 0.13,"wrong amount, known item 0.43; wrong include/exclude decision 0.14; unreported source of income 0.10; household composition 0.10",29,12,11,41,0.7073170731707317,0.5552024292386027,0.8239098236694112,0.2926829268292683,11,0.21153846153846154,52,13995.0
4+,months_since_cert_n >= 5.000 & rawben_rel_max >= 0.607 & rawben_rel_max < 0.625,train_2022_23,77,32,54,21,54,0.3888888888888889,0.2704174250997505,0.5221194341849167,16,54,0.2962962962962963,0.19137265695067046,0.42827825173788586,5,54,0.09259259259259259,0.040200542070567336,0.1991012753065453,1,54,0.018518518518518517,0.0032764033153519848,0.09771665358487208,1,54,0.018518518518518517,0.0032764033153519848,0.09771665358487208,4,54,0.07407407407407407,0.029181055323684174,0.17554357193420633,6,54,0.1111111111111111,0.05192951817556753,0.2219494893207673,25,54,0.46296296296296297,0.33689688992410527,0.5939487298374504,8,54,0.14814814814814814,0.07702971308229412,0.266003674652485,3,54,0.05555555555555555,0.019072922503838907,0.15107451463482943,5,54,0.09259259259259259,0.040200542070567336,0.1991012753065453,3,54,0.05555555555555555,0.019072922503838907,0.15107451463482943,5,54,0.09259259259259259,0.040200542070567336,0.1991012753065453,0,54,0.0,6.938893903907228e-18,0.06641586678100189,0,54,0.0,6.938893903907228e-18,0.06641586678100189,1,54,0.018518518518518517,0.0032764033153519848,0.09771665358487208,4,54,0.07407407407407407,0.029181055323684174,0.17554357193420633,30,54,0.5555555555555556,0.42375413911364457,0.6799774312440219,5,54,0.09259259259259259,0.040200542070567336,0.1991012753065453,19,54,0.35185185185185186,0.23822831722420018,0.4851541618220226,42,54,0.7777777777777778,0.6506107316841219,0.8680471201042104,11,54,0.2037037037037037,0.1177393408658538,0.32902561722659174,0,54,0.0,6.938893903907228e-18,0.06641586678100189,0,54,0.0,6.938893903907228e-18,0.06641586678100189,1,54,0.018518518518518517,0.0032764033153519848,0.09771665358487208,26,54,0.48148148148148145,0.3539375603654322,0.6114852495153457,311 0.30; 363 0.09; 350 0.09; 312 0.09; 150 0.07; 331 0.06; 366 0.04; 323 0.04,8,38 0.30; 44 0.17; 53 0.07; 99 0.07; 52 0.06; 35 0.06; 98 0.06,7,earned income 0.39; unearned income 0.30; other element 0.11,"wrong amount, known item 0.46; wrong include/exclude decision 0.15; method or computation 0.09; household composition 0.09",23,9,7,32,0.71875,0.546251630618882,0.8443559315435214,0.28125,7,0.1794871794871795,39,11762.0
4+,months_since_cert_n >= 5.000 & rawben_rel_max >= 0.607 & rawben_rel_max < 0.625,test_2024,39,9,16,5,16,0.3125,0.14164435051961052,0.5559606813326594,5,16,0.3125,0.14164435051961052,0.5559606813326594,1,16,0.0625,0.01111905730833121,0.2832926836802987,1,16,0.0625,0.01111905730833121,0.2832926836802987,0,16,0.0,0.0,0.19361341827271994,1,16,0.0625,0.01111905730833121,0.2832926836802987,3,16,0.1875,0.06591478773586765,0.4300935986845823,5,16,0.3125,0.14164435051961052,0.5559606813326594,2,16,0.125,0.034976749337057134,0.3602333143674828,4,16,0.25,0.10181901984237346,0.49498768929398645,2,16,0.125,0.034976749337057134,0.3602333143674828,1,16,0.0625,0.01111905730833121,0.2832926836802987,1,16,0.0625,0.01111905730833121,0.2832926836802987,0,16,0.0,0.0,0.19361341827271994,0,16,0.0,0.0,0.19361341827271994,0,16,0.0,0.0,0.19361341827271994,1,16,0.0625,0.01111905730833121,0.2832926836802987,11,16,0.6875,0.4440393186673406,0.8583556494803894,1,16,0.0625,0.01111905730833121,0.2832926836802987,4,16,0.25,0.10181901984237346,0.49498768929398645,8,16,0.5,0.2799923761135083,0.7200076238864916,7,16,0.4375,0.2309836333518552,0.6682180439322347,1,16,0.0625,0.01111905730833121,0.2832926836802987,0,16,0.0,0.0,0.19361341827271994,0,16,0.0,0.0,0.19361341827271994,8,16,0.5,0.2799923761135083,0.7200076238864916,311 0.25; 331 0.12; 346 0.12; 150 0.06; 361 0.06; 364 0.06; 342 0.06,7,35 0.25; 38 0.19; 41 0.06; 12 0.06; 99 0.06; 54 0.06; 53 0.06,7,earned income 0.31; unearned income 0.31; other element 0.19,"wrong amount, known item 0.31; unreported source of income 0.25; household composition 0.12; wrong include/exclude decision 0.12",6,3,4,9,0.6666666666666666,0.35419734749908977,0.879418401317257,0.3333333333333333,4,0.3076923076923077,13,2233.0
1,cat_elig >   0.500 & medical_deductions > 226.000 & unc_rawben_rel_max >   0.316 & unc_rawben_rel_max <=   0.991,all_2022_24,362,126,191,5,191,0.02617801047120419,0.011232210619450546,0.05980806004143501,22,191,0.11518324607329843,0.07730625344216072,0.1682347398570115,32,191,0.16753926701570682,0.12124701378054892,0.22694146342349786,12,191,0.06282722513089005,0.036301274070075565,0.10659223532422214,115,191,0.6020942408376964,0.5313232127142178,0.6688393809002875,1,191,0.005235602094240838,0.0009247871697700711,0.02905648992916568,4,191,0.020942408376963352,0.008173375673314606,0.052602146597083496,45,191,0.2356020942408377,0.18099872575737372,0.3006314805230099,113,191,0.5916230366492147,0.5207739554808248,0.6588591413527056,8,191,0.041884816753926704,0.02137375216179106,0.08046076367055685,0,191,0.0,0.0,0.019716528708448297,3,191,0.015706806282722512,0.0053557651415026,0.045155008738408046,9,191,0.04712041884816754,0.02498510790877515,0.08711415631406022,1,191,0.005235602094240838,0.0009247871697700711,0.02905648992916568,0,191,0.0,0.0,0.019716528708448297,0,191,0.0,0.0,0.019716528708448297,12,191,0.06282722513089005,0.036301274070075565,0.10659223532422214,128,191,0.6701570680628273,0.6006997673983298,0.7329045552925125,21,191,0.1099476439790576,0.073044553544939,0.1622316913637458,42,191,0.2198952879581152,0.1669996607289932,0.28383630037992813,131,191,0.6858638743455497,0.6169195288174274,0.7474790390448771,49,191,0.25654450261780104,0.19983392576813855,0.3228552740741949,4,191,0.020942408376963352,0.008173375673314606,0.052602146597083496,0,191,0.0,0.0,0.019716528708448297,7,191,0.03664921465968586,0.017864045764811088,0.07370572167704938,101,191,0.5287958115183246,0.45813450915591536,0.5983216069917655,365 0.60; 363 0.17,2,53 0.51; 56 0.10; 52 0.07; 38 0.06; 99 0.06,5,medical deduction 0.60; shelter deduction 0.17,"wrong include/exclude decision 0.59; wrong amount, known item 0.24",118,8,114,126,0.9365079365079365,0.879706260059649,0.9674798497849617,0.06349206349206349,114,0.475,240,26332.0
1,cat_elig >   0.500 & medical_deductions > 226.000 & unc_rawben_rel_max >   0.316 & unc_rawben_rel_max <=   0.991,train_2022_23,234,85,125,3,125,0.024,0.008195108073434175,0.06819015879689341,17,125,0.136,0.08667558082869227,0.20703079971920535,18,125,0.144,0.09306819886613768,0.21616111837301485,7,125,0.056,0.02738787677635804,0.11108913685898955,76,125,0.608,0.5204192596692241,0.6891403856627183,1,125,0.008,0.0014135587198986672,0.043925834767918934,3,125,0.024,0.008195108073434175,0.06819015879689341,14,125,0.112,0.06789776657366933,0.17923980390046323,87,125,0.696,0.6105140393503488,0.7697979095853986,4,125,0.032,0.012512936695839402,0.07939526686574319,0,125,0.0,0.0,0.0298164567965626,2,125,0.016,0.004398708009065916,0.05646362217000669,5,125,0.04,0.01720435534409861,0.09022678490873898,1,125,0.008,0.0014135587198986672,0.043925834767918934,0,125,0.0,0.0,0.0298164567965626,0,125,0.0,0.0,0.0298164567965626,12,125,0.096,0.05577067419104216,0.16032102290058042,76,125,0.608,0.5204192596692241,0.6891403856627183,19,125,0.152,0.09952005306579641,0.22523220086461115,30,125,0.24,0.17359960150069903,0.3219049560335135,85,125,0.68,0.593905934010664,0.7553601415425735,32,125,0.256,0.18756596643774243,0.3389844644789802,4,125,0.032,0.012512936695839402,0.07939526686574319,0,125,0.0,0.0,0.0298164567965626,4,125,0.032,0.012512936695839402,0.07939526686574319,64,125,0.512,0.42532911748262675,0.5979552875542559,365 0.61; 363 0.14,2,53 0.62; 99 0.10; 38 0.09,3,medical deduction 0.61; shelter deduction 0.14,"wrong include/exclude decision 0.70; wrong amount, known item 0.11",84,1,77,85,0.9882352941176471,0.936326753002038,0.9979202664122908,0.011764705882352941,77,0.47530864197530864,162,16882.0
1,cat_elig >   0.500 & medical_deductions > 226.000 & unc_rawben_rel_max >   0.316 & unc_rawben_rel_max <=   0.991,test_2024,128,41,66,2,66,0.030303030303030304,0.008349735075946503,0.10392718870586834,5,66,0.07575757575757576,0.03279155406460817,0.16539405451251493,14,66,0.21212121212121213,0.1307786687568397,0.3251329942062081,5,66,0.07575757575757576,0.03279155406460817,0.16539405451251493,39,66,0.5909090909090909,0.4704897153828895,0.7013276542077269,0,66,0.0,0.0,0.05500446725160935,1,66,0.015151515151515152,0.0026795715344567483,0.08096112398225534,31,66,0.4696969696969697,0.354302309719119,0.5884252337506756,26,66,0.3939393939393939,0.2850282099029192,0.5145181922413615,4,66,0.06060606060606061,0.023818229304678556,0.14573115100734177,0,66,0.0,0.0,0.05500446725160935,1,66,0.015151515151515152,0.0026795715344567483,0.08096112398225534,4,66,0.06060606060606061,0.023818229304678556,0.14573115100734177,0,66,0.0,0.0,0.05500446725160935,0,66,0.0,0.0,0.05500446725160935,0,66,0.0,0.0,0.05500446725160935,0,66,0.0,0.0,0.05500446725160935,52,66,0.7878787878787878,0.6748670057937918,0.8692213312431603,2,66,0.030303030303030304,0.008349735075946503,0.10392718870586834,12,66,0.18181818181818182,0.10718501425764242,0.2914541921751999,46,66,0.696969696969697,0.5778096544417832,0.7944613130045526,17,66,0.25757575757575757,0.16748707345896682,0.37433327429938923,0,66,0.0,0.0,0.05500446725160935,0,66,0.0,0.0,0.05500446725160935,3,66,0.045454545454545456,0.015577991894810295,0.1253351601521073,37,66,0.5606060606060606,0.4408242143005392,0.6737206987598716,365 0.59; 363 0.21,2,53 0.32; 56 0.30; 57 0.09; 52 0.08,4,medical deduction 0.59; shelter deduction 0.21,"wrong amount, known item 0.47; wrong include/exclude decision 0.39",34,7,37,41,0.8292682926829268,0.6873709004537024,0.914748560047261,0.17073170731707318,37,0.47435897435897434,78,9450.0
2-3,HH_size_n >=   3.000 & rawben_rel_max >=   0.705 & total_deductions_by_hh_size >= 347.000 & utilities >= 361.000,all_2022_24,357,113,182,46,182,0.25274725274725274,0.1951666551927058,0.3205499550818506,43,182,0.23626373626373626,0.1803988935747976,0.3030321573847292,31,182,0.17032967032967034,0.12266811788205162,0.23162069581735695,7,182,0.038461538461538464,0.018753284304806328,0.07725105487436561,5,182,0.027472527472527472,0.01179030844597875,0.06269032452317347,27,182,0.14835164835164835,0.10400160797952314,0.207239793299846,23,182,0.12637362637362637,0.08570445082845138,0.18248953803087828,52,182,0.2857142857142857,0.22504188610325757,0.35524584280135796,55,182,0.3021978021978022,0.24013697613980275,0.3724363120798423,20,182,0.10989010989010989,0.07227068842832492,0.16363774111597518,9,182,0.04945054945054945,0.02623092582262255,0.09129711956656911,12,182,0.06593406593406594,0.03811559898191012,0.1116980057223111,13,182,0.07142857142857142,0.04221484148110109,0.11836061632812998,2,182,0.01098901098901099,0.0030187111424065383,0.03917636251171611,0,182,0.0,0.0,0.020671367444102935,0,182,0.0,0.0,0.020671367444102935,19,182,0.1043956043956044,0.0678565273005195,0.15729004913877073,115,182,0.6318681318681318,0.5597461730142869,0.6985383015059498,17,182,0.09340659340659341,0.05913673531238838,0.14448613491688214,50,182,0.27472527472527475,0.21503543417500695,0.343728588519589,100,182,0.5494505494505495,0.476885778873708,0.6199708990713808,76,182,0.4175824175824176,0.3483612762037082,0.49021092722114396,0,182,0.0,0.0,0.020671367444102935,0,182,0.0,0.0,0.020671367444102935,6,182,0.03296703296703297,0.015194772981161508,0.07004771309300058,56,182,0.3076923076923077,0.24519072560612903,0.3781444157185259,311 0.21; 363 0.17; 323 0.13; 350 0.07; 331 0.05; 333 0.05; 520 0.04; 150 0.04,8,53 0.18; 38 0.15; 35 0.11; 99 0.10; 37 0.05; 52 0.05; 56 0.05; 75 0.04; 44 0.04,9,earned income 0.25; unearned income 0.24; shelter deduction 0.17; dep care or child support deduction 0.15,"wrong include/exclude decision 0.30; wrong amount, known item 0.29; unreported source of income 0.11; other 0.10",85,28,52,113,0.7522123893805309,0.6651990148002161,0.8226409326157725,0.24778761061946902,52,0.3151515151515151,165,40896.0
2-3,HH_size_n >=   3.000 & rawben_rel_max >=   0.705 & total_deductions_by_hh_size >= 347.000 & utilities >= 361.000,train_2022_23,203,74,117,24,117,0.20512820512820512,0.14189847337772168,0.28710610782610213,29,117,0.24786324786324787,0.1784782855379003,0.3332792549117462,17,117,0.1452991452991453,0.09273862287355038,0.2204118153861218,5,117,0.042735042735042736,0.018389559879770763,0.0961537761899271,4,117,0.03418803418803419,0.013373625444339232,0.08461911877619409,20,117,0.17094017094017094,0.11346914397542025,0.24933306983174552,18,117,0.15384615384615385,0.09958576028690376,0.23011526982193298,24,117,0.20512820512820512,0.14189847337772168,0.28710610782610213,38,117,0.3247863247863248,0.24667452934670642,0.41403833774542087,12,117,0.10256410256410256,0.059649032176476595,0.17074844683737292,6,117,0.05128205128205128,0.023712055277476288,0.10738187264138609,7,117,0.05982905982905983,0.029280101993339018,0.1183644177746879,11,117,0.09401709401709402,0.053309912054020296,0.1605369751106647,2,117,0.017094017094017096,0.004700284108284717,0.06019127641391957,0,117,0.0,0.0,0.03179037682387522,0,117,0.0,0.0,0.03179037682387522,17,117,0.1452991452991453,0.09273862287355038,0.2204118153861218,70,117,0.5982905982905983,0.5077003112164877,0.6826314950489043,11,117,0.09401709401709402,0.053309912054020296,0.1605369751106647,36,117,0.3076923076923077,0.2312874201915981,0.39632426320220016,70,117,0.5982905982905983,0.5077003112164877,0.6826314950489043,45,117,0.38461538461538464,0.3014629737400968,0.47510403629618214,0,117,0.0,0.0,0.03179037682387522,0,117,0.0,0.0,0.03179037682387522,2,117,0.017094017094017096,0.004700284108284717,0.06019127641391957,41,117,0.3504273504273504,0.26998261263996287,0.44038202999965786,311 0.17; 323 0.15; 363 0.15; 350 0.09; 331 0.07; 520 0.06; 150 0.05; 364 0.04,8,53 0.21; 38 0.15; 99 0.15; 35 0.10; 37 0.06; 75 0.05; 52 0.04,7,unearned income 0.25; earned income 0.21; dep care or child support deduction 0.17; other element 0.15,"wrong include/exclude decision 0.32; wrong amount, known item 0.21; other 0.15; unreported source of income 0.10",55,19,37,74,0.7432432432432432,0.6334534054035083,0.8290242415102241,0.25675675675675674,37,0.3333333333333333,111,23715.0
2-3,HH_size_n >=   3.000 & rawben_rel_max >=   0.705 & total_deductions_by_hh_size >= 347.000 & utilities >= 361.000,test_2024,154,39,65,22,65,0.3384615384615385,0.23533338768646592,0.4596185018686867,14,65,0.2153846153846154,0.13286637631048948,0.32966790528668427,14,65,0.2153846153846154,0.13286637631048948,0.32966790528668427,2,65,0.03076923076923077,0.008478819400945352,0.10542905025926008,1,65,0.015384615384615385,0.002720874527486622,0.08213479413797146,7,65,0.1076923076923077,0.05315354431925605,0.20601533031468616,5,65,0.07692307692307693,0.03330301045885137,0.16776146218559615,28,65,0.4307692307692308,0.31759267537345776,0.5516724201501791,17,65,0.26153846153846155,0.17018055060319132,0.3795103339782245,8,65,0.12307692307692308,0.06370391444937325,0.22451716117931636,3,65,0.046153846153846156,0.01581955358590327,0.12714051706904955,5,65,0.07692307692307693,0.03330301045885137,0.16776146218559615,2,65,0.03076923076923077,0.008478819400945352,0.10542905025926008,0,65,0.0,0.0,0.055803467670710726,0,65,0.0,0.0,0.055803467670710726,0,65,0.0,0.0,0.055803467670710726,2,65,0.03076923076923077,0.008478819400945352,0.10542905025926008,45,65,0.6923076923076923,0.5720212794770567,0.7911312329572853,6,65,0.09230769230769231,0.04299450413746196,0.18712216950173294,14,65,0.2153846153846154,0.13286637631048948,0.32966790528668427,30,65,0.46153846153846156,0.34590137149936684,0.5814681260137647,31,65,0.47692307692307695,0.36021590253064156,0.5962057959772373,0,65,0.0,0.0,0.055803467670710726,0,65,0.0,0.0,0.055803467670710726,4,65,0.06153846153846154,0.024188663436562223,0.14782360821313795,15,65,0.23076923076923078,0.14513708450988846,0.3464493980820327,311 0.28; 363 0.22; 323 0.09; 333 0.06; 342 0.06; 312 0.05,6,56 0.15; 38 0.15; 35 0.12; 53 0.11; 52 0.08; 44 0.06; 37 0.05; 57 0.05,8,earned income 0.34; unearned income 0.22; shelter deduction 0.22,"wrong amount, known item 0.43; wrong include/exclude decision 0.26; unreported source of income 0.12",30,9,15,39,0.7692307692307693,0.6166343954261704,0.8735433757121625,0.23076923076923078,15,0.2777777777777778,54,17181.0
4+,medical_deductions <= 179.000 & rawben_rel_max >   0.777 & rawben_rel_max <=   0.817 & total_deductions_by_hh_size > 204.000,all_2022_24,179,61,95,44,95,0.4631578947368421,0.3662747420659421,0.5629048746136747,10,95,0.10526315789473684,0.05818789720392155,0.1830222815062572,18,95,0.18947368421052632,0.12334753468178353,0.2797378059035571,2,95,0.021052631578947368,0.0057923854515239195,0.07354263138349293,0,95,0.0,0.0,0.038866226366226365,14,95,0.14736842105263157,0.0898599863410513,0.23228777330670836,7,95,0.07368421052631578,0.03614850970030849,0.1443584833066845,29,95,0.30526315789473685,0.2217278400249833,0.4039358481387049,28,95,0.29473684210526313,0.21247799848789717,0.39295129444139576,13,95,0.1368421052631579,0.08174716099796558,0.2201662034153989,4,95,0.042105263157894736,0.016493505976432808,0.10331030132737451,9,95,0.09473684210526316,0.05064366025472933,0.17033212322105415,6,95,0.06315789473684211,0.029264489538080835,0.13100810823451697,1,95,0.010526315789473684,0.0018605283639709959,0.05724009323665061,0,95,0.0,0.0,0.038866226366226365,1,95,0.010526315789473684,0.0018605283639709959,0.05724009323665061,4,95,0.042105263157894736,0.016493505976432808,0.10331030132737451,46,94,0.48936170212765956,0.39072589513953443,0.5888329019365559,14,94,0.14893617021276595,0.09083965063643759,0.23460065287454338,34,94,0.3617021276595745,0.27176768917318006,0.46249667281599427,50,95,0.5263157894736842,0.4268517068062815,0.6237342812797065,42,95,0.4421052631578947,0.3464199857704796,0.5422908404403467,0,95,0.0,0.0,0.038866226366226365,1,95,0.010526315789473684,0.0018605283639709959,0.05724009323665061,2,95,0.021052631578947368,0.0057923854515239195,0.07354263138349293,35,94,0.3723404255319149,0.28143034496707225,0.4732752199460117,311 0.37; 363 0.19; 323 0.13; 312 0.09,4,53 0.19; 38 0.17; 35 0.14; 52 0.08; 44 0.07; 99 0.04; 41 0.04; 56 0.04,8,earned income 0.46; shelter deduction 0.19; dep care or child support deduction 0.15,"wrong amount, known item 0.31; wrong include/exclude decision 0.29; unreported source of income 0.14; change in circumstances 0.09",47,14,20,61,0.7704918032786885,0.6508635609254849,0.858068976211168,0.22950819672131148,20,0.24691358024691357,81,20624.0
4+,medical_deductions <= 179.000 & rawben_rel_max >   0.777 & rawben_rel_max <=   0.817 & total_deductions_by_hh_size > 204.000,train_2022_23,107,42,63,31,63,0.49206349206349204,0.3726660281435346,0.6123732288461243,5,63,0.07936507936507936,0.03437534033651937,0.17270528011541472,12,63,0.19047619047619047,0.1124608184449851,0.30407020415172115,2,63,0.031746031746031744,0.00874934404029698,0.10856681834959193,0,63,0.0,0.0,0.057473190348525466,9,63,0.14285714285714285,0.07701861407975047,0.24974795045491055,4,63,0.06349206349206349,0.02496521390048502,0.15219392053076736,14,63,0.2222222222222222,0.1372488386182315,0.33912515601983817,23,63,0.36507936507936506,0.25715218473434465,0.4885151840898606,10,63,0.15873015873015872,0.0885699743235259,0.2681180762318168,2,63,0.031746031746031744,0.00874934404029698,0.10856681834959193,7,63,0.1111111111111111,0.05487478965589834,0.21204880283739927,4,63,0.06349206349206349,0.02496521390048502,0.15219392053076736,0,63,0.0,0.0,0.057473190348525466,0,63,0.0,0.0,0.057473190348525466,0,63,0.0,0.0,0.057473190348525466,3,63,0.047619047619047616,0.016325872842212416,0.13091177556835826,30,63,0.47619047619047616,0.35781921387369653,0.5972985570952808,10,63,0.15873015873015872,0.0885699743235259,0.2681180762318168,23,63,0.36507936507936506,0.25715218473434465,0.4885151840898606,32,63,0.5079365079365079,0.38762677115387556,0.6273339718564653,29,63,0.4603174603174603,0.34308665416425693,0.5821096307840387,0,63,0.0,0.0,0.057473190348525466,0,63,0.0,0.0,0.057473190348525466,2,63,0.031746031746031744,0.00874934404029698,0.10856681834959193,23,63,0.36507936507936506,0.25715218473434465,0.4885151840898606,311 0.40; 363 0.19; 323 0.13; 312 0.10,4,53 0.22; 38 0.17; 35 0.16; 52 0.11; 41 0.06; 99 0.05,6,earned income 0.49; shelter deduction 0.19; dep care or child support deduction 0.14,"wrong include/exclude decision 0.37; wrong amount, known item 0.22; unreported source of income 0.16; change in circumstances 0.11",32,10,14,42,0.7619047619047619,0.6147216491768113,0.8651917918898182,0.23809523809523808,14,0.25,56,11023.0
4+,medical_deductions <= 179.000 & rawben_rel_max >   0.777 & rawben_rel_max <=   0.817 & total_deductions_by_hh_size > 204.000,test_2024,72,19,32,13,32,0.40625,0.255194024803138,0.5774027342701177,5,32,0.15625,0.06864319106627216,0.31754492553566527,6,32,0.1875,0.08889423936162782,0.3530949575492244,0,32,0.0,0.0,0.1071827150573635,0,32,0.0,0.0,0.1071827150573635,5,32,0.15625,0.06864319106627216,0.31754492553566527,3,32,0.09375,0.032400962626319516,0.24218499335778831,15,32,0.46875,0.30869129901682335,0.6355076206742619,5,32,0.15625,0.06864319106627216,0.31754492553566527,3,32,0.09375,0.032400962626319516,0.24218499335778831,2,32,0.0625,0.017310203195157234,0.2014746724800358,2,32,0.0625,0.017310203195157234,0.2014746724800358,2,32,0.0625,0.017310203195157234,0.2014746724800358,1,32,0.03125,0.005537717362550945,0.15744607800372734,0,32,0.0,0.0,0.1071827150573635,1,32,0.03125,0.005537717362550945,0.15744607800372734,1,32,0.03125,0.005537717362550945,0.15744607800372734,16,31,0.5161290322580645,0.34840118286973176,0.6803001396872117,4,31,0.12903225806451613,0.05134201164644764,0.28852756954385356,11,31,0.3548387096774194,0.21116447741565816,0.530523619571851,18,32,0.5625,0.3932530203122613,0.7183491403055682,13,32,0.40625,0.255194024803138,0.5774027342701177,0,32,0.0,0.0,0.1071827150573635,1,32,0.03125,0.005537717362550945,0.15744607800372734,0,32,0.0,0.0,0.1071827150573635,12,31,0.3870967741935484,0.23732875351271562,0.5617619885886803,311 0.31; 363 0.19; 323 0.12; 312 0.09; 350 0.06,5,38 0.16; 56 0.12; 53 0.12; 44 0.12; 35 0.09; 57 0.06; 7 0.06,7,earned income 0.41; shelter deduction 0.19; unearned income 0.16,"wrong amount, known item 0.47; wrong include/exclude decision 0.16; unreported source of income 0.09; change in circumstances 0.06",15,4,6,19,0.7894736842105263,0.5666528575973392,0.9149246150840843,0.21052631578947367,6,0.24,25,9601.0
2-3,cat_elig >=   1.000 & medical_deductions >= 190.000 & rawben_rel_max >=   0.321 & total_deductions_by_hh_size >=  34.000,all_2022_24,173,71,108,1,108,0.009259259259259259,0.0016363187318928635,0.05059469369997506,29,108,0.26851851851851855,0.19394781819614243,0.3589913386113424,23,108,0.21296296296296297,0.14630847191772375,0.2993360825235575,1,108,0.009259259259259259,0.0016363187318928635,0.05059469369997506,49,108,0.4537037037037037,0.3630114551299451,0.5475763762315519,1,108,0.009259259259259259,0.0016363187318928635,0.05059469369997506,4,108,0.037037037037037035,0.014495306806255062,0.09138300680871465,27,108,0.25,0.17787718518702555,0.3392971041650581,62,108,0.5740740740740741,0.4798501364705287,0.6632093333510761,5,108,0.046296296296296294,0.019934521435234435,0.1038262259074359,2,108,0.018518518518518517,0.005093117606642765,0.06502032855292575,1,108,0.009259259259259259,0.0016363187318928635,0.05059469369997506,3,108,0.027777777777777776,0.009491167942144545,0.07850471194512457,1,108,0.009259259259259259,0.0016363187318928635,0.05059469369997506,1,108,0.009259259259259259,0.0016363187318928635,0.05059469369997506,0,108,0.0,3.469446951953614e-18,0.03434857870416731,6,108,0.05555555555555555,0.02570737919718203,0.11593580187318892,60,108,0.5555555555555556,0.4615344791712406,0.645760123194963,18,108,0.16666666666666666,0.10810385411647243,0.24812853168630572,30,108,0.2777777777777778,0.20204904430713197,0.36877254622805344,77,108,0.7129629629629629,0.6214884086956034,0.7898075670415103,28,108,0.25925925925925924,0.18589005606832504,0.3491666670114591,1,108,0.009259259259259259,0.0016363187318928635,0.05059469369997506,0,108,0.0,3.469446951953614e-18,0.03434857870416731,2,108,0.018518518518518517,0.005093117606642765,0.06502032855292575,56,108,0.5185185185185185,0.4252769806921216,0.6104878867632796,365 0.45; 363 0.21; 331 0.17,3,53 0.42; 38 0.14; 52 0.08; 56 0.08; 37 0.07,5,medical deduction 0.45; unearned income 0.27; shelter deduction 0.21,"wrong include/exclude decision 0.57; wrong amount, known item 0.25",67,4,57,71,0.9436619718309859,0.8639019960075406,0.9778758387795298,0.056338028169014086,57,0.4453125,128,17941.0
2-3,cat_elig >=   1.000 & medical_deductions >= 190.000 & rawben_rel_max >=   0.321 & total_deductions_by_hh_size >=  34.000,train_2022_23,110,43,68,1,68,0.014705882352941176,0.0026006166023507804,0.07871160361546173,12,68,0.17647058823529413,0.10393485385088719,0.28360662629432115,15,68,0.22058823529411764,0.1384889157967965,0.3325696352377016,1,68,0.014705882352941176,0.0026006166023507804,0.07871160361546173,35,68,0.5147058823529411,0.3983454954746292,0.6294935281551339,1,68,0.014705882352941176,0.0026006166023507804,0.07871160361546173,3,68,0.04411764705882353,0.0151163456535321,0.12187392182380694,8,68,0.11764705882352941,0.06083419938921196,0.21535118623694333,45,68,0.6617647058823529,0.5433701723652863,0.7628590875621094,3,68,0.04411764705882353,0.0151163456535321,0.12187392182380694,1,68,0.014705882352941176,0.0026006166023507804,0.07871160361546173,1,68,0.014705882352941176,0.0026006166023507804,0.07871160361546173,3,68,0.04411764705882353,0.0151163456535321,0.12187392182380694,0,68,0.0,0.0,0.05347319658804926,1,68,0.014705882352941176,0.0026006166023507804,0.07871160361546173,0,68,0.0,0.0,0.05347319658804926,6,68,0.08823529411764706,0.041067556020174006,0.17943978234645483,40,68,0.5882352941176471,0.4696125189030847,0.6974216228754949,13,68,0.19117647058823528,0.11527185601824742,0.30010864775672413,15,68,0.22058823529411764,0.1384889157967965,0.3325696352377016,49,68,0.7205882352941176,0.6043634045165331,0.8132219499299158,17,68,0.25,0.16234881695499528,0.3643877813390294,0,68,0.0,0.0,0.05347319658804926,0,68,0.0,0.0,0.05347319658804926,2,68,0.029411764705882353,0.008103009605045342,0.10104823424253043,33,68,0.4852941176470588,0.370506471844866,0.6016545045253707,365 0.51; 363 0.22; 331 0.10,3,53 0.53; 38 0.12; 52 0.10,3,medical deduction 0.51; shelter deduction 0.22; unearned income 0.18,"wrong include/exclude decision 0.66; wrong amount, known item 0.12",41,2,38,43,0.9534883720930233,0.8454422407613695,0.9871510096826803,0.046511627906976744,38,0.4691358024691358,81,11609.0
2-3,cat_elig >=   1.000 & medical_deductions >= 190.000 & rawben_rel_max >=   0.321 & total_deductions_by_hh_size >=  34.000,test_2024,63,28,40,0,40,0.0,0.0,0.08762453925039232,17,40,0.425,0.28509168524815875,0.5780519956394001,8,40,0.2,0.10499864973166874,0.34757607381856676,0,40,0.0,0.0,0.08762453925039232,14,40,0.35,0.2213433317104915,0.5049440300646263,0,40,0.0,0.0,0.08762453925039232,1,40,0.025,0.0044267174077949195,0.1288165948800778,19,40,0.475,0.32935229550181694,0.6250289314607027,17,40,0.425,0.28509168524815875,0.5780519956394001,2,40,0.05,0.013820377146101098,0.165041708179252,1,40,0.025,0.0044267174077949195,0.1288165948800778,0,40,0.0,0.0,0.08762453925039232,0,40,0.0,0.0,0.08762453925039232,1,40,0.025,0.0044267174077949195,0.1288165948800778,0,40,0.0,0.0,0.08762453925039232,0,40,0.0,0.0,0.08762453925039232,0,40,0.0,0.0,0.08762453925039232,20,40,0.5,0.35199278797099753,0.6480072120290025,5,40,0.125,0.05459419773541284,0.26112420670238146,15,40,0.375,0.2422277353579172,0.529678399454681,28,40,0.7,0.545696893456796,0.8192532908430471,11,40,0.275,0.1610785343314309,0.4283525083312457,1,40,0.025,0.0044267174077949195,0.1288165948800778,0,40,0.0,0.0,0.08762453925039232,0,40,0.0,0.0,0.08762453925039232,23,40,0.575,0.42194800436059987,0.7149083147518411,365 0.35; 331 0.28; 363 0.20,3,56 0.23; 53 0.23; 38 0.17; 37 0.15,4,unearned income 0.42; medical deduction 0.35,"wrong amount, known item 0.47; wrong include/exclude decision 0.42",26,2,19,28,0.9285714285714286,0.7735426157408214,0.9801883525522292,0.07142857142857142,19,0.40425531914893614,47,6332.0
4+,months_since_cert_n >   5.500 & rawben_rel_max >   0.724 & rawben_rel_max <=   0.974 & shelter_expenses_by_hh_size > 162.000,all_2022_24,803,268,393,159,393,0.40458015267175573,0.35720455672625007,0.453803160206652,80,393,0.2035623409669211,0.16671205611395915,0.2461519178242569,71,393,0.1806615776081425,0.14577287391265967,0.22173295208945296,16,393,0.04071246819338423,0.025212721907822727,0.06510442226254651,3,393,0.007633587786259542,0.0025993896550608638,0.022200429718714464,20,393,0.05089058524173028,0.03318201384214102,0.07729430718871863,44,393,0.11195928753180662,0.08446537535244195,0.1469660068413603,135,393,0.3435114503816794,0.2982786749747964,0.3917739807951632,73,393,0.18575063613231552,0.15040788631472368,0.22717752811763414,46,393,0.11704834605597965,0.08890902626140576,0.1526019443626417,30,393,0.07633587786259542,0.05399142487480002,0.1068828383072857,45,393,0.11450381679389313,0.08668480906050971,0.14978636734841513,23,393,0.058524173027989825,0.039310671808110945,0.08628503186811655,5,393,0.01272264631043257,0.005446185902737927,0.029433221901282614,2,393,0.005089058524173028,0.0013966853513397177,0.018363339807313,2,393,0.005089058524173028,0.0013966853513397177,0.018363339807313,32,393,0.08142493638676845,0.05826541957493074,0.11268843203740021,192,390,0.49230769230769234,0.44300689754259004,0.5417585513079123,36,390,0.09230769230769231,0.0674211467673573,0.1251476423092664,162,390,0.4153846153846154,0.36753361464032297,0.4648863227152027,219,393,0.5572519083969466,0.5078234995659165,0.6055718702743422,157,393,0.3994910941475827,0.35226381848048144,0.4486643100221755,2,393,0.005089058524173028,0.0013966853513397177,0.018363339807313,4,393,0.010178117048346057,0.003964926423514054,0.02587468716538388,11,393,0.027989821882951654,0.01569943253089271,0.04941874056386348,160,390,0.41025641025641024,0.3625442265419259,0.4597193433806012,311 0.31; 363 0.18; 312 0.09; 350 0.06; 150 0.05; 323 0.04; 364 0.04,7,38 0.18; 35 0.12; 53 0.10; 44 0.09; 99 0.08; 56 0.04; 41 0.04; 52 0.04; 39 0.04; 37 0.03,10,earned income 0.40; unearned income 0.20; shelter deduction 0.18,"wrong amount, known item 0.34; wrong include/exclude decision 0.19; unreported source of income 0.12; change in circumstances 0.11",186,82,89,268,0.6940298507462687,0.6364386956375951,0.7461370396435392,0.30597014925373134,89,0.24929971988795518,357,87089.0
4+,months_since_cert_n >   5.500 & rawben_rel_max >   0.724 & rawben_rel_max <=   0.974 & shelter_expenses_by_hh_size > 162.000,train_2022_23,530,178,259,100,259,0.3861003861003861,0.32888325126458867,0.4466469539997226,60,259,0.23166023166023167,0.18442678235924356,0.2867375995346423,45,259,0.17374517374517376,0.1324600670031862,0.22456713112679022,9,259,0.03474903474903475,0.018387145093751157,0.06471081200284237,1,259,0.003861003861003861,0.0006818698910721083,0.021542922531436352,13,259,0.05019305019305019,0.02956428384097465,0.08397025559266141,31,259,0.11969111969111969,0.08561529704453569,0.16488386290579182,72,259,0.277992277992278,0.2269777546679403,0.3354963742370733,57,259,0.22007722007722008,0.17391496239238957,0.27442198274871443,29,259,0.11196911196911197,0.07909919242937878,0.1561816763524274,23,259,0.0888030888030888,0.05990204284987453,0.1297239524263679,32,259,0.12355212355212356,0.08889251907490762,0.1692157864596805,15,259,0.05791505791505792,0.035407603743772054,0.09334522685838531,2,259,0.007722007722007722,0.0021201692749995716,0.027713768731769527,2,259,0.007722007722007722,0.0021201692749995716,0.027713768731769527,2,259,0.007722007722007722,0.0021201692749995716,0.027713768731769527,25,259,0.09652509652509653,0.06623683512174897,0.13860745132301472,130,259,0.5019305019305019,0.4414551356316607,0.5623494371604696,30,259,0.11583011583011583,0.08235067826194584,0.16053933610412102,99,259,0.38223938223938225,0.32518816682885976,0.4427328928511909,148,259,0.5714285714285714,0.5105478857975692,0.6302213075112526,101,259,0.38996138996138996,0.33258217848798816,0.45055717236058374,1,259,0.003861003861003861,0.0006818698910721083,0.021542922531436352,0,259,0.0,0.0,0.014615646838247825,9,259,0.03474903474903475,0.018387145093751157,0.06471081200284237,104,259,0.4015444015444015,0.34370181517366144,0.4622649724276923,311 0.31; 363 0.17; 350 0.08; 312 0.07; 150 0.05; 323 0.04; 364 0.03,7,38 0.18; 53 0.14; 35 0.11; 99 0.10; 44 0.09; 39 0.05; 52 0.04; 41 0.04; 37 0.04,9,earned income 0.39; unearned income 0.23; shelter deduction 0.17,"wrong amount, known item 0.28; wrong include/exclude decision 0.22; change in circumstances 0.12; unreported source of income 0.11; other 0.10",122,56,60,178,0.6853932584269663,0.613869359422294,0.7490838921988973,0.3146067415730337,60,0.25210084033613445,238,54234.0
4+,months_since_cert_n >   5.500 & rawben_rel_max >   0.724 & rawben_rel_max <=   0.974 & shelter_expenses_by_hh_size > 162.000,test_2024,273,90,134,59,134,0.44029850746268656,0.3590717710708736,0.5248529657284672,20,134,0.14925373134328357,0.09874323684475009,0.21931459185137644,26,134,0.19402985074626866,0.13599110366277767,0.26912317243384337,7,134,0.05223880597014925,0.025531676904570998,0.1039038490904842,2,134,0.014925373134328358,0.004102578410135577,0.052785908084507546,7,134,0.05223880597014925,0.025531676904570998,0.1039038490904842,13,134,0.09701492537313433,0.057574453012200946,0.15891752038334878,63,134,0.4701492537313433,0.3876548616084964,0.5543075067911741,16,134,0.11940298507462686,0.07484767651122062,0.1851725205845763,17,134,0.12686567164179105,0.08073793376576298,0.19379167123011637,7,134,0.05223880597014925,0.025531676904570998,0.1039038490904842,13,134,0.09701492537313433,0.057574453012200946,0.15891752038334878,8,134,0.05970149253731343,0.03055866769359481,0.1133862662015428,3,134,0.022388059701492536,0.007642600401146293,0.06375529399357924,0,134,0.0,0.0,0.0278696706944783,0,134,0.0,0.0,0.0278696706944783,7,134,0.05223880597014925,0.025531676904570998,0.1039038490904842,62,131,0.4732824427480916,0.38976625692005357,0.5583209802530442,6,131,0.04580152671755725,0.021157596293058425,0.09632543564960615,63,131,0.48091603053435117,0.3971249733448441,0.5657944817787972,71,134,0.5298507462686567,0.445692493208826,0.6123451383915037,56,134,0.417910447761194,0.3378280766078484,0.502568436491245,1,134,0.007462686567164179,0.0013185304171489005,0.04106054817741181,4,134,0.029850746268656716,0.011668145886576366,0.07423915640823159,2,134,0.014925373134328358,0.004102578410135577,0.052785908084507546,56,131,0.42748091603053434,0.34601929472299015,0.513074634746847,311 0.31; 363 0.19; 312 0.13; 364 0.05; 150 0.05; 323 0.04,6,38 0.16; 56 0.13; 35 0.13; 44 0.09; 99 0.05; 53 0.04; 54 0.04; 57 0.04; 41 0.04; 12 0.03,10,earned income 0.44; shelter deduction 0.19; unearned income 0.15,"wrong amount, known item 0.47; unreported source of income 0.13; wrong include/exclude decision 0.12; change in circumstances 0.10",64,26,29,90,0.7111111111111111,0.6103576218490169,0.7945800603729402,0.28888888888888886,29,0.24369747899159663,119,32855.0
4+,rawben_rel_max >=   0.832 & rawben_rel_max <   0.843 & utilities >= 410.000,all_2022_24,96,36,53,22,53,0.41509433962264153,0.2926070830912865,0.5490581761554623,12,53,0.22641509433962265,0.13454499977265527,0.35526528002242436,8,53,0.1509433962264151,0.07852324257781651,0.2705450454365954,0,53,0.0,0.0,0.06758430445307662,1,53,0.018867924528301886,0.003338367386749398,0.09943143501149412,4,53,0.07547169811320754,0.029739073598901808,0.17858722263484245,6,53,0.11320754716981132,0.052929589110686695,0.22576770301339144,20,53,0.37735849056603776,0.25936076571733824,0.5119334976390768,13,53,0.24528301886792453,0.14932762711854577,0.3756681506217008,7,53,0.1320754716981132,0.06547770200689572,0.2484050880623493,6,53,0.11320754716981132,0.052929589110686695,0.22576770301339144,4,53,0.07547169811320754,0.029739073598901808,0.17858722263484245,2,53,0.03773584905660377,0.010410068833819265,0.12754523150959116,0,53,0.0,0.0,0.06758430445307662,0,53,0.0,0.0,0.06758430445307662,0,53,0.0,0.0,0.06758430445307662,1,53,0.018867924528301886,0.003338367386749398,0.09943143501149412,36,53,0.6792452830188679,0.5451826763724886,0.7890795541065968,4,53,0.07547169811320754,0.029739073598901808,0.17858722263484245,13,53,0.24528301886792453,0.14932762711854577,0.3756681506217008,35,53,0.660377358490566,0.5259453611082096,0.773131371425709,17,53,0.32075471698113206,0.210920445893403,0.45481732362751115,0,53,0.0,0.0,0.06758430445307662,0,53,0.0,0.0,0.06758430445307662,1,53,0.018867924528301886,0.003338367386749398,0.09943143501149412,27,53,0.5094339622641509,0.3788330425329779,0.6387597064396054,311 0.28; 363 0.15; 350 0.13; 312 0.11; 323 0.08,5,38 0.23; 35 0.13; 56 0.09; 37 0.08; 53 0.08; 52 0.08; 44 0.06; 6 0.06,8,earned income 0.42; unearned income 0.23; shelter deduction 0.15,"wrong amount, known item 0.38; wrong include/exclude decision 0.25; unreported source of income 0.13",28,8,9,36,0.7777777777777778,0.6191498017214091,0.882838070251604,0.2222222222222222,9,0.2,45,11428.0
4+,rawben_rel_max >=   0.832 & rawben_rel_max <   0.843 & utilities >= 410.000,train_2022_23,53,23,30,12,30,0.4,0.24590394326083403,0.5767994750172616,7,30,0.23333333333333334,0.11792239210501232,0.40928672330324267,2,30,0.06666666666666667,0.01847663532769335,0.21323817721072091,0,30,0.0,0.0,0.113517091390478,1,30,0.03333333333333333,0.0059084379948573795,0.16670751396958874,3,30,0.1,0.03459925995971615,0.25621441315266624,5,30,0.16666666666666666,0.07336434240351683,0.33564705185680177,6,30,0.2,0.09504978102401235,0.37306047381027446,8,30,0.26666666666666666,0.14182495553910618,0.4444830204431169,6,30,0.2,0.09504978102401235,0.37306047381027446,5,30,0.16666666666666666,0.07336434240351683,0.33564705185680177,3,30,0.1,0.03459925995971615,0.25621441315266624,1,30,0.03333333333333333,0.0059084379948573795,0.16670751396958874,0,30,0.0,0.0,0.113517091390478,0,30,0.0,0.0,0.113517091390478,0,30,0.0,0.0,0.113517091390478,1,30,0.03333333333333333,0.0059084379948573795,0.16670751396958874,17,30,0.5666666666666667,0.3919700954540873,0.7262276256938489,4,30,0.13333333333333333,0.05309569424218104,0.2968168394441695,9,30,0.3,0.16664562643958933,0.4787612101166018,19,30,0.6333333333333333,0.45513246433604937,0.7812629779598231,10,30,0.3333333333333333,0.19230295526846194,0.5122027418616973,0,30,0.0,0.0,0.113517091390478,0,30,0.0,0.0,0.113517091390478,1,30,0.03333333333333333,0.0059084379948573795,0.16670751396958874,15,30,0.5,0.33153851227173764,0.6684614877282624,311 0.30; 350 0.13; 323 0.10; 150 0.10; 312 0.10; 363 0.07,6,35 0.20; 38 0.17; 53 0.13; 37 0.07; 12 0.07; 6 0.07; 39 0.07,7,earned income 0.40; unearned income 0.23; other element 0.17,"wrong include/exclude decision 0.27; wrong amount, known item 0.20; unreported source of income 0.20; household composition 0.17",18,5,5,23,0.782608695652174,0.5809611981726508,0.9033616439828094,0.21739130434782608,5,0.17857142857142858,28,6303.0
4+,rawben_rel_max >=   0.832 & rawben_rel_max <   0.843 & utilities >= 410.000,test_2024,43,13,23,10,23,0.43478260869565216,0.25634368332198654,0.6318895069498304,5,23,0.21739130434782608,0.09663835601719065,0.4190388018273492,6,23,0.2608695652173913,0.1254844588924897,0.4647039054375056,0,23,0.0,0.0,0.14312112541726274,0,23,0.0,0.0,0.14312112541726274,1,23,0.043478260869565216,0.0077164669621267445,0.20991586494059142,1,23,0.043478260869565216,0.0077164669621267445,0.20991586494059142,14,23,0.6086956521739131,0.4078517960374599,0.7784262201761787,5,23,0.21739130434782608,0.09663835601719065,0.4190388018273492,1,23,0.043478260869565216,0.0077164669621267445,0.20991586494059142,1,23,0.043478260869565216,0.0077164669621267445,0.20991586494059142,1,23,0.043478260869565216,0.0077164669621267445,0.20991586494059142,1,23,0.043478260869565216,0.0077164669621267445,0.20991586494059142,0,23,0.0,0.0,0.14312112541726274,0,23,0.0,0.0,0.14312112541726274,0,23,0.0,0.0,0.14312112541726274,0,23,0.0,0.0,0.14312112541726274,19,23,0.8260869565217391,0.6286194521470433,0.9302145964938723,0,23,0.0,0.0,0.14312112541726274,4,23,0.17391304347826086,0.06978540350612772,0.37138054785295666,16,23,0.6956521739130435,0.49133870939427393,0.8439617197902755,7,23,0.30434782608695654,0.15603828020972454,0.5086612906057261,0,23,0.0,0.0,0.14312112541726274,0,23,0.0,0.0,0.14312112541726274,0,23,0.0,0.0,0.14312112541726274,12,23,0.5217391304347826,0.3296242986421849,0.7076313046005427,311 0.26; 363 0.26; 312 0.13; 350 0.13,4,38 0.30; 56 0.22; 37 0.09; 44 0.09; 52 0.09,5,earned income 0.43; shelter deduction 0.26; unearned income 0.22,"wrong amount, known item 0.61; wrong include/exclude decision 0.22",10,3,4,13,0.7692307692307693,0.49743126004873084,0.918206209075343,0.23076923076923078,4,0.23529411764705882,17,5125.0
4+,months_since_cert_n >   6.500 & rawben_rel_max <=   0.998 & shelter_expenses_by_hh_size > 255.000 & unc_rawben_rel_max >   0.605,all_2022_24,648,225,330,141,330,0.42727272727272725,0.37503750705282235,0.48118172985474095,53,330,0.1606060606060606,0.12493168506878129,0.2040914204998477,58,330,0.17575757575757575,0.13848943500712071,0.22048799620576584,14,330,0.04242424242424243,0.025436583190641404,0.069942782352778,1,330,0.0030303030303030303,0.0005351095557256189,0.01696300931262392,15,330,0.045454545454545456,0.027736465445529563,0.07363376522674137,48,330,0.14545454545454545,0.11149535421408927,0.187573425710282,106,330,0.3212121212121212,0.27313749715279634,0.37340146024496357,52,330,0.15757575757575756,0.12223426436571119,0.20079797607406616,38,330,0.11515151515151516,0.08505319006289552,0.1541069385729605,31,330,0.09393939393939393,0.06696916977598746,0.13025490295790787,36,330,0.10909090909090909,0.07984567305795337,0.1473327253201996,25,330,0.07575757575757576,0.05183750170583301,0.10944138025495317,6,330,0.01818181818181818,0.008358751384953416,0.03909369312765376,4,330,0.012121212121212121,0.004723447259738547,0.03074726699516557,1,330,0.0030303030303030303,0.0005351095557256189,0.01696300931262392,31,330,0.09393939393939393,0.06696916977598746,0.13025490295790787,149,325,0.4584615384615385,0.4050892700090783,0.5128043298274387,19,325,0.05846153846153846,0.03774228185113322,0.08949709418888117,156,325,0.48,0.4262342299156764,0.5342330588944983,178,328,0.5426829268292683,0.4885855811384666,0.5957920255268822,139,328,0.42378048780487804,0.37148694342461075,0.477838758958695,1,328,0.003048780487804878,0.0005383736493467933,0.01706520588980683,3,328,0.009146341463414634,0.0031153053847543556,0.0265422179637348,7,328,0.021341463414634148,0.010375299488052662,0.04339011147910757,126,325,0.38769230769230767,0.3363267220639377,0.44168189971627486,311 0.33; 363 0.18; 312 0.09; 150 0.07; 350 0.05; 323 0.04,6,38 0.18; 35 0.12; 99 0.09; 53 0.09; 44 0.07; 56 0.04; 41 0.04; 52 0.04; 12 0.03; 39 0.03; 37 0.02,11,earned income 0.43; shelter deduction 0.18; unearned income 0.16,"wrong amount, known item 0.32; wrong include/exclude decision 0.16; unreported source of income 0.12; change in circumstances 0.11; other 0.09",166,59,76,225,0.7377777777777778,0.676658190040741,0.7909141394657823,0.26222222222222225,76,0.25249169435215946,301,74961.0
4+,months_since_cert_n >   6.500 & rawben_rel_max <=   0.998 & shelter_expenses_by_hh_size > 255.000 & unc_rawben_rel_max >   0.605,train_2022_23,418,142,205,86,205,0.4195121951219512,0.3540470588403688,0.48793844596327185,35,205,0.17073170731707318,0.12539723689424878,0.2281798282115539,40,205,0.1951219512195122,0.14668991695050224,0.2547703285178336,7,205,0.03414634146341464,0.016636899864866765,0.06879435521075036,1,205,0.004878048780487805,0.0008615928370303422,0.02710984580354701,7,205,0.03414634146341464,0.016636899864866765,0.06879435521075036,29,205,0.14146341463414633,0.10033469462534648,0.1957825540454164,58,205,0.28292682926829266,0.2257000161883812,0.3481396785850739,35,205,0.17073170731707318,0.12539723689424878,0.2281798282115539,19,205,0.09268292682926829,0.06013785786229498,0.1402130300834017,22,205,0.1073170731707317,0.0719446154576911,0.15713618070552543,26,205,0.12682926829268293,0.0880403377797195,0.17934700267352355,16,205,0.07804878048780488,0.04860992484636982,0.12301105488180696,3,205,0.014634146341463415,0.004989101745671687,0.04213560903991893,2,205,0.00975609756097561,0.002679507763058954,0.03486856695002503,1,205,0.004878048780487805,0.0008615928370303422,0.02710984580354701,23,205,0.11219512195121951,0.0759334837540648,0.16272394848165836,102,203,0.5024630541871922,0.4342773352857817,0.5705572821219352,14,203,0.06896551724137931,0.041522072600001576,0.11241988104955442,87,203,0.42857142857142855,0.36244311466844925,0.4973529805077629,117,203,0.5763546798029556,0.5075800685699732,0.6422930710692483,80,203,0.39408866995073893,0.3294321385255747,0.46267931294260195,0,203,0.0,1.734723475976807e-18,0.01857266623348494,0,203,0.0,1.734723475976807e-18,0.01857266623348494,6,203,0.029556650246305417,0.0136148410989714,0.06297323402711541,79,203,0.3891625615763547,0.3247437428216672,0.45769847383107587,311 0.33; 363 0.20; 312 0.08; 350 0.06; 150 0.06; 323 0.03,6,38 0.18; 99 0.11; 53 0.11; 44 0.10; 35 0.09; 52 0.05; 39 0.04; 41 0.04; 64 0.03,9,earned income 0.42; shelter deduction 0.20; unearned income 0.17,"wrong amount, known item 0.28; wrong include/exclude decision 0.17; change in circumstances 0.13; other 0.11; household composition 0.11",99,43,49,142,0.6971830985915493,0.6172359313103974,0.7667423026091424,0.3028169014084507,49,0.25654450261780104,191,41146.0
4+,months_since_cert_n >   6.500 & rawben_rel_max <=   0.998 & shelter_expenses_by_hh_size > 255.000 & unc_rawben_rel_max >   0.605,test_2024,230,83,125,55,125,0.44,0.3560569897020464,0.5275209851135412,18,125,0.144,0.09306819886613768,0.21616111837301485,18,125,0.144,0.09306819886613768,0.21616111837301485,7,125,0.056,0.02738787677635804,0.11108913685898955,0,125,0.0,0.0,0.0298164567965626,8,125,0.064,0.032783186697971346,0.12121676362863126,19,125,0.152,0.09952005306579641,0.22523220086461115,48,125,0.384,0.3034059480322462,0.4715114699445564,17,125,0.136,0.08667558082869227,0.20703079971920535,19,125,0.152,0.09952005306579641,0.22523220086461115,9,125,0.072,0.03833870320042581,0.13118418381743177,10,125,0.08,0.04403255671516807,0.14101326699394454,9,125,0.072,0.03833870320042581,0.13118418381743177,3,125,0.024,0.008195108073434175,0.06819015879689341,2,125,0.016,0.004398708009065916,0.05646362217000669,0,125,0.0,0.0,0.0298164567965626,8,125,0.064,0.032783186697971346,0.12121676362863126,47,122,0.38524590163934425,0.30364856037074855,0.47384950068378345,5,122,0.040983606557377046,0.017630459445038327,0.09236178477308984,69,122,0.5655737704918032,0.4769431254810574,0.6502008396306385,61,125,0.488,0.4020447124457442,0.5746708825173733,59,125,0.472,0.38662908900238147,0.559040632578226,1,125,0.008,0.0014135587198986672,0.043925834767918934,3,125,0.024,0.008195108073434175,0.06819015879689341,1,125,0.008,0.0014135587198986672,0.043925834767918934,47,122,0.38524590163934425,0.30364856037074855,0.47384950068378345,311 0.33; 363 0.14; 312 0.11; 150 0.07; 323 0.06; 364 0.06,6,38 0.17; 35 0.15; 56 0.11; 99 0.06; 53 0.06; 54 0.05; 37 0.04; 12 0.04; 41 0.03; 44 0.03; 7 0.02,11,earned income 0.44; other element 0.15; unearned income 0.14; shelter deduction 0.14,"wrong amount, known item 0.38; unreported source of income 0.15; wrong include/exclude decision 0.14; change in circumstances 0.08",67,16,27,83,0.8072289156626506,0.7095641358590259,0.8777120082930856,0.1927710843373494,27,0.24545454545454545,110,33815.0
4+,months_since_cert_n >=  6.000 & rawben_rel_max <  0.997 & total_deductions_by_hh_size >= 88.400 & unc_rawben_rel_max >=  0.709,all_2022_24,1001,332,508,206,508,0.40551181102362205,0.3636785857360186,0.44876338849976066,92,508,0.18110236220472442,0.15004708366740885,0.2169445793783459,96,508,0.1889763779527559,0.15731418445572734,0.22530731407037916,20,508,0.03937007874015748,0.025628212329116967,0.06002641207030661,2,508,0.003937007874015748,0.001080311732943576,0.014240053004897193,28,508,0.05511811023622047,0.038406371324553074,0.07850792403557397,64,508,0.12598425196850394,0.09990678246994848,0.15767603221334414,168,508,0.33070866141732286,0.29120092379932594,0.37275761337311186,96,508,0.1889763779527559,0.15731418445572734,0.22530731407037916,56,508,0.11023622047244094,0.08587195082327531,0.14045119289931385,41,508,0.08070866141732283,0.06004873317216951,0.10766252749910064,58,508,0.1141732283464567,0.08936579382039675,0.14477226764236828,31,508,0.0610236220472441,0.04332035278497301,0.08531631918541782,6,508,0.011811023622047244,0.0054239580677065795,0.025526242150485923,4,508,0.007874015748031496,0.0030661391082851576,0.020069143369731476,3,508,0.005905511811023622,0.002010361093157253,0.01721746251477145,45,508,0.08858267716535433,0.06686141441627286,0.11647968173534903,237,504,0.47023809523809523,0.4270525057086447,0.5138739564008004,40,504,0.07936507936507936,0.058822770831553586,0.10627122698193787,227,504,0.4503968253968254,0.40749770328456636,0.4940464002311755,288,507,0.5680473372781065,0.5245766181531313,0.6104946054903622,199,507,0.39250493096646943,0.35096013110553687,0.4356664866170605,2,507,0.0039447731755424065,0.0010824438407721357,0.014267911337819426,4,507,0.007889546351084813,0.00307219492128071,0.02010837612070178,14,507,0.027613412228796843,0.01651856487420248,0.04581308548473461,207,504,0.4107142857142857,0.3685960861848959,0.45418330014343944,311 0.32; 363 0.19; 312 0.08; 350 0.06; 150 0.06; 323 0.04,6,38 0.18; 35 0.11; 53 0.11; 99 0.09; 44 0.08; 52 0.05; 39 0.04; 56 0.04; 41 0.04; 37 0.03,10,earned income 0.41; shelter deduction 0.19; unearned income 0.18,"wrong amount, known item 0.33; wrong include/exclude decision 0.19; change in circumstances 0.11; unreported source of income 0.11; other 0.09",241,91,115,332,0.7259036144578314,0.6755428692139813,0.7710962606615315,0.2740963855421687,115,0.25727069351230425,447,120683.0
4+,months_since_cert_n >=  6.000 & rawben_rel_max <  0.997 & total_deductions_by_hh_size >= 88.400 & unc_rawben_rel_max >=  0.709,train_2022_23,670,220,329,129,329,0.39209726443769,0.3408771833610034,0.4458081348203777,68,329,0.2066869300911854,0.1664380861639883,0.25370651114596326,61,329,0.18541033434650456,0.1471320342164944,0.2309505131573915,12,329,0.0364741641337386,0.020985542377092294,0.06266265544433385,0,329,0.0,0.0,0.011541826502456422,19,329,0.057750759878419454,0.03727954847928324,0.0884306992782086,40,329,0.12158054711246201,0.09056842134970569,0.1613279762159832,89,329,0.270516717325228,0.22536736441393176,0.32096338270421687,75,329,0.22796352583586627,0.18592395403737053,0.27628269320864673,34,329,0.1033434650455927,0.07489939386975654,0.14094381803644745,30,329,0.0911854103343465,0.0646190187652664,0.12718873603461436,41,329,0.12462006079027356,0.09320535302185495,0.16469990882041474,18,329,0.0547112462006079,0.03488404946696235,0.08481733401394867,2,329,0.0060790273556231,0.0016686396941568045,0.02189091536146124,2,329,0.0060790273556231,0.0016686396941568045,0.02189091536146124,3,329,0.00911854103343465,0.0031058218387631925,0.02646259749343566,35,329,0.10638297872340426,0.07749146738792839,0.14436060879485643,165,329,0.5015197568389058,0.44778601482978075,0.5552184173085097,32,329,0.0972644376899696,0.06974092115368347,0.13408456219935894,132,329,0.4012158054711246,0.34968596628094556,0.45502594473017793,191,329,0.5805471124620061,0.5265944434322343,0.6326404598971573,125,329,0.3799392097264438,0.3291616665282381,0.43348819454681975,1,329,0.00303951367781155,0.0005367366400418384,0.017013954138995396,0,329,0.0,0.0,0.011541826502456422,12,329,0.0364741641337386,0.020985542377092294,0.06266265544433385,134,329,0.4072948328267477,0.35556890916279876,0.46116073040148636,311 0.32; 363 0.19; 350 0.08; 312 0.07; 150 0.06; 323 0.05,6,38 0.19; 53 0.14; 99 0.11; 35 0.10; 44 0.08; 39 0.05; 52 0.05; 41 0.04,8,earned income 0.39; unearned income 0.21; shelter deduction 0.19,"wrong amount, known item 0.27; wrong include/exclude decision 0.23; change in circumstances 0.12; other 0.11; unreported source of income 0.10",160,60,78,220,0.7272727272727273,0.6648976846294733,0.7818467989696433,0.2727272727272727,78,0.26174496644295303,298,73944.0
4+,months_since_cert_n >=  6.000 & rawben_rel_max <  0.997 & total_deductions_by_hh_size >= 88.400 & unc_rawben_rel_max >=  0.709,test_2024,331,112,179,77,179,0.4301675977653631,0.3598550990960377,0.5034145288223353,24,179,0.1340782122905028,0.09178184754087636,0.19175100275139845,35,179,0.19553072625698323,0.14408448865877405,0.25977108906533247,8,179,0.0446927374301676,0.022817546303287715,0.08570042772450465,2,179,0.0111731843575419,0.003069392848568487,0.039818002580042935,9,179,0.05027932960893855,0.026674276540134705,0.0927821272541878,24,179,0.1340782122905028,0.09178184754087636,0.19175100275139845,79,179,0.441340782122905,0.37058812233382277,0.5145583651176105,21,179,0.11731843575418995,0.07802602846925169,0.1726915325234327,22,179,0.12290502793296089,0.08258179139351915,0.17907419936569538,11,179,0.061452513966480445,0.03465683040490904,0.10667643292247378,17,179,0.09497206703910614,0.06014229656492626,0.1468215453616375,13,179,0.07262569832402235,0.04293060088228604,0.12027952197815711,4,179,0.0223463687150838,0.008723433291780467,0.056040821669891286,2,179,0.0111731843575419,0.003069392848568487,0.039818002580042935,0,179,0.0,1.734723475976807e-18,0.021010535895551116,10,179,0.055865921787709494,0.030624655164466552,0.0997701783963861,72,175,0.4114285714285714,0.3411838956677442,0.48547835740983947,8,175,0.045714285714285714,0.023343158944225943,0.08760194555047776,95,175,0.5428571428571428,0.46891937006133627,0.6149537332882198,97,178,0.5449438202247191,0.47160823192241363,0.6163804351372691,74,178,0.4157303370786517,0.34585404829662303,0.4891672009664719,1,178,0.0056179775280898875,0.0009923747839823364,0.031132287559507824,4,178,0.02247191011235955,0.008772632252331075,0.056347780238540104,2,178,0.011235955056179775,0.0030866670600996488,0.04003657866585085,73,175,0.41714285714285715,0.34663288177927876,0.49121245174491246,311 0.33; 363 0.20; 312 0.10; 150 0.07; 364 0.04; 323 0.04,6,38 0.16; 35 0.12; 56 0.12; 44 0.08; 99 0.06; 57 0.04; 53 0.04; 54 0.04; 52 0.04; 41 0.03; 12 0.03,11,earned income 0.43; shelter deduction 0.20; other element 0.13,"wrong amount, known item 0.44; unreported source of income 0.12; wrong include/exclude decision 0.12; change in circumstances 0.09",81,31,37,112,0.7232142857142857,0.6340004702052653,0.7976234023931794,0.2767857142857143,37,0.2483221476510067,149,46739.0
1,rawben_rel_max >=   0.484 & shelter_expenses_by_hh_size >= 879.000 & utilities <  31.000,all_2022_24,333,122,221,21,221,0.09502262443438914,0.06299147076932333,0.14089250799617203,16,221,0.07239819004524888,0.04505151126096084,0.11435671212830524,98,221,0.4434389140271493,0.37946128917808747,0.5093493223813392,74,221,0.334841628959276,0.2759110839003423,0.3994159018531838,10,221,0.04524886877828054,0.02476090684199716,0.08127641009579373,0,221,0.0,1.734723475976807e-18,0.01708580618533225,2,221,0.00904977375565611,0.002485240773447509,0.032390867562376476,30,221,0.13574660633484162,0.09676806330542623,0.18717227513728188,131,221,0.5927601809954751,0.5269339612560303,0.65541663578651,13,221,0.058823529411764705,0.03469521616064434,0.09802755400288415,0,221,0.0,1.734723475976807e-18,0.01708580618533225,30,221,0.13574660633484162,0.09676806330542623,0.18717227513728188,2,221,0.00904977375565611,0.002485240773447509,0.032390867562376476,1,221,0.004524886877828055,0.0007991801409706362,0.02518177711960748,0,221,0.0,1.734723475976807e-18,0.01708580618533225,0,221,0.0,1.734723475976807e-18,0.01708580618533225,14,221,0.06334841628959276,0.03810647185960824,0.10351144937916609,133,221,0.6018099547511312,0.5360596811006194,0.6640812180924124,20,221,0.09049773755656108,0.05934667137366479,0.13564215631658472,68,221,0.3076923076923077,0.2505596976486587,0.3713963816533923,97,221,0.43891402714932126,0.3750825790384913,0.5048328814456896,116,221,0.5248868778280543,0.45918494568975055,0.5897383852241018,2,221,0.00904977375565611,0.002485240773447509,0.032390867562376476,0,221,0.0,1.734723475976807e-18,0.01708580618533225,6,221,0.027149321266968326,0.01250072674301225,0.05795598589379518,55,221,0.248868778280543,0.19648228121133327,0.3098368341125215,363 0.44; 364 0.33,2,53 0.52; 64 0.11; 56 0.08; 99 0.06,4,shelter deduction 0.44; utility allowance 0.33,"wrong include/exclude decision 0.59; wrong amount, known item 0.14; change in circumstances 0.14",118,4,92,122,0.9672131147540983,0.9187231424401917,0.987177608980642,0.03278688524590164,92,0.42990654205607476,214,39428.0
1,rawben_rel_max >=   0.484 & shelter_expenses_by_hh_size >= 879.000 & utilities <  31.000,train_2022_23,185,67,123,9,123,0.07317073170731707,0.03896990061369877,0.13322597203376071,12,123,0.0975609756097561,0.05669218194661626,0.16280678369241697,54,123,0.43902439024390244,0.354485645582187,0.5272566219388787,42,123,0.34146341463414637,0.26360005517078905,0.4289298403839817,4,123,0.032520325203252036,0.0127175527444634,0.08063983158370654,0,123,0.0,0.0,0.03028659367273828,2,123,0.016260162601626018,0.004470414833255703,0.057351574167198396,7,123,0.056910569105691054,0.027837625142034084,0.1128228521777096,80,123,0.6504065040650406,0.5627413223113369,0.7289610844700345,3,123,0.024390243902439025,0.00832891348479355,0.06926077317951848,0,123,0.0,0.0,0.03028659367273828,18,123,0.14634146341463414,0.09461620811067066,0.21948894351151,1,123,0.008130081300813009,0.0014365665731900235,0.04461772476340617,1,123,0.008130081300813009,0.0014365665731900235,0.04461772476340617,0,123,0.0,0.0,0.03028659367273828,0,123,0.0,0.0,0.03028659367273828,13,123,0.10569105691056911,0.06281252708773513,0.172454136215156,74,123,0.6016260162601627,0.5132936289239914,0.6838025918742326,13,123,0.10569105691056911,0.06281252708773513,0.172454136215156,36,123,0.2926829268292683,0.21953047315444635,0.37839323641717687,58,123,0.4715447154471545,0.38552806231685766,0.5592849958596396,59,123,0.4796747967479675,0.39334490336329886,0.5672358524770563,2,123,0.016260162601626018,0.004470414833255703,0.057351574167198396,0,123,0.0,0.0,0.03028659367273828,4,123,0.032520325203252036,0.0127175527444634,0.08063983158370654,34,123,0.2764227642276423,0.20506880352739404,0.3613195107165133,363 0.44; 364 0.34,2,53 0.56; 99 0.11; 64 0.11,3,shelter deduction 0.44; utility allowance 0.34,wrong include/exclude decision 0.65; change in circumstances 0.15,65,2,49,67,0.9701492537313433,0.8975324995811698,0.991775477652546,0.029850746268656716,49,0.4224137931034483,116,20966.0
1,rawben_rel_max >=   0.484 & shelter_expenses_by_hh_size >= 879.000 & utilities <  31.000,test_2024,148,55,98,12,98,0.12244897959183673,0.07145129752202053,0.20193011046842743,4,98,0.04081632653061224,0.015984990527160958,0.10028969486662705,44,98,0.4489795918367347,0.3542819817359245,0.5475263166411631,32,98,0.32653061224489793,0.2417611712469177,0.42438704323518,6,98,0.061224489795918366,0.028358937185437583,0.1271924288575154,0,98,0.0,0.0,0.037721324095458045,0,98,0.0,0.0,0.037721324095458045,23,98,0.23469387755102042,0.1617836559088351,0.3276194956520202,51,98,0.5204081632653061,0.42260631994489084,0.6166703607042743,10,98,0.10204081632653061,0.056375395628467516,0.17772933171281544,0,98,0.0,0.0,0.037721324095458045,12,98,0.12244897959183673,0.07145129752202053,0.20193011046842743,1,98,0.01020408163265306,0.0018035013277367812,0.055556163092303754,0,98,0.0,0.0,0.037721324095458045,0,98,0.0,0.0,0.037721324095458045,0,98,0.0,0.0,0.037721324095458045,1,98,0.01020408163265306,0.0018035013277367812,0.055556163092303754,59,98,0.6020408163265306,0.50304770600903,0.6933356972367949,7,98,0.07142857142857142,0.03502800789949942,0.14016169846803606,32,98,0.32653061224489793,0.2417611712469177,0.42438704323518,39,98,0.3979591836734694,0.3066643027632052,0.49695229399096996,57,98,0.5816326530612245,0.4826969984136946,0.6744097241829652,0,98,0.0,0.0,0.037721324095458045,0,98,0.0,0.0,0.037721324095458045,2,98,0.02040816326530612,0.005614496475772293,0.07138350826885075,21,98,0.21428571428571427,0.14464436812023418,0.30548210279145616,363 0.45; 364 0.33,2,53 0.46; 56 0.17; 64 0.11; 35 0.10,4,shelter deduction 0.45; utility allowance 0.33,"wrong include/exclude decision 0.52; wrong amount, known item 0.23",53,2,43,55,0.9636363636363636,0.8767630702509827,0.989970669144275,0.03636363636363636,43,0.4387755102040816,98,18462.0
2-3,percent_abawd >= 1.000 & rawben_rel_max >= 0.360 & rawben_rel_max < 0.784,all_2022_24,96,34,60,25,60,0.4166666666666667,0.30064086487871833,0.5427214568676039,10,60,0.16666666666666666,0.09313077201321032,0.28031851497207827,11,60,0.18333333333333332,0.1055768903713613,0.29919993226466285,3,60,0.05,0.01714919117914121,0.13700734625099836,0,60,0.0,0.0,0.06017393047793289,0,60,0.0,0.0,0.06017393047793289,11,60,0.18333333333333332,0.1055768903713613,0.29919993226466285,13,60,0.21666666666666667,0.13122921046407016,0.3362026834734252,19,60,0.31666666666666665,0.21305705841174333,0.4423400494301654,5,60,0.08333333333333333,0.03611992405048589,0.18069168468112481,10,60,0.16666666666666666,0.09313077201321032,0.28031851497207827,4,60,0.06666666666666667,0.02622827414319792,0.15925579893767722,2,60,0.03333333333333333,0.009189126490150246,0.11363987528925378,0,60,0.0,0.0,0.06017393047793289,0,60,0.0,0.0,0.06017393047793289,0,60,0.0,0.0,0.06017393047793289,7,60,0.11666666666666667,0.05767647403450049,0.2217902059985814,39,60,0.65,0.5236238380947751,0.7583239827618451,9,60,0.15,0.08097349242295689,0.26114825891159615,12,60,0.2,0.11828389736858964,0.3178204609181701,34,60,0.5666666666666667,0.44103214654694856,0.6842779960559936,25,60,0.4166666666666667,0.30064086487871833,0.5427214568676039,0,60,0.0,0.0,0.06017393047793289,0,60,0.0,0.0,0.06017393047793289,1,60,0.016666666666666666,0.002948083860873682,0.08855338226779477,25,60,0.4166666666666667,0.30064086487871833,0.5427214568676039,311 0.35; 363 0.18; 150 0.13; 350 0.07; 364 0.05,5,7 0.12; 52 0.12; 53 0.12; 38 0.12; 99 0.12; 35 0.08; 44 0.07; 37 0.07,8,earned income 0.42; other element 0.18; shelter deduction 0.18,"wrong include/exclude decision 0.32; wrong amount, known item 0.22; household composition 0.17; other 0.12",24,10,13,34,0.7058823529411765,0.5383077411853625,0.8316554739006805,0.29411764705882354,13,0.2765957446808511,47,9539.0
2-3,percent_abawd >= 1.000 & rawben_rel_max >= 0.360 & rawben_rel_max < 0.784,train_2022_23,71,29,51,20,51,0.39215686274509803,0.27027144858027696,0.5291508877483494,9,51,0.17647058823529413,0.095722957258099,0.30254405172778037,10,51,0.19607843137254902,0.11015224836299273,0.32458342674495444,3,51,0.058823529411764705,0.020206272864052077,0.15924873938941972,0,51,0.0,0.0,0.07004901388726806,0,51,0.0,0.0,0.07004901388726806,9,51,0.17647058823529413,0.095722957258099,0.30254405172778037,10,51,0.19607843137254902,0.11015224836299273,0.32458342674495444,18,51,0.35294117647058826,0.23634305381259788,0.49014195027189267,4,51,0.0784313725490196,0.030921696126931505,0.1850019822486082,8,51,0.1568627450980392,0.08169125888021325,0.2801070839835982,3,51,0.058823529411764705,0.020206272864052077,0.15924873938941972,2,51,0.0392156862745098,0.010820856268751206,0.13216548986265267,0,51,0.0,0.0,0.07004901388726806,0,51,0.0,0.0,0.07004901388726806,0,51,0.0,0.0,0.07004901388726806,6,51,0.11764705882352941,0.05504998764172768,0.23381102297794787,35,51,0.6862745098039216,0.5497274248374967,0.7967249033221485,5,51,0.09803921568627451,0.04260744495307697,0.2097848995445307,11,51,0.21568627450980393,0.12493811244188556,0.3462662287881296,27,51,0.5294117647058824,0.3952307134472659,0.6594722857358359,23,51,0.45098039215686275,0.32267305011132247,0.5861552845835076,0,51,0.0,0.0,0.07004901388726806,0,51,0.0,0.0,0.07004901388726806,1,51,0.0196078431372549,0.003469603253442241,0.10304807675589372,20,51,0.39215686274509803,0.27027144858027696,0.5291508877483494,311 0.33; 363 0.20; 150 0.14; 350 0.08; 364 0.06,5,7 0.14; 52 0.14; 53 0.14; 99 0.12; 38 0.10; 44 0.08; 37 0.08,7,earned income 0.39; shelter deduction 0.20; other element 0.18,"wrong include/exclude decision 0.35; wrong amount, known item 0.20; household composition 0.16; other 0.12",20,9,13,29,0.6896551724137931,0.5076952952728147,0.8272457551023193,0.3103448275862069,13,0.30952380952380953,42,7762.0
2-3,percent_abawd >= 1.000 & rawben_rel_max >= 0.360 & rawben_rel_max < 0.784,test_2024,25,5,9,5,9,0.5555555555555556,0.2666473457440297,0.811224570528086,1,9,0.1111111111111111,0.019890371327130535,0.4350062147680601,1,9,0.1111111111111111,0.019890371327130535,0.4350062147680601,0,9,0.0,0.0,0.2991527535509594,0,9,0.0,0.0,0.2991527535509594,0,9,0.0,0.0,0.2991527535509594,2,9,0.2222222222222222,0.06322376231222723,0.5474166563271946,3,9,0.3333333333333333,0.12058159868274293,0.6458026525009102,1,9,0.1111111111111111,0.019890371327130535,0.4350062147680601,1,9,0.1111111111111111,0.019890371327130535,0.4350062147680601,2,9,0.2222222222222222,0.06322376231222723,0.5474166563271946,1,9,0.1111111111111111,0.019890371327130535,0.4350062147680601,0,9,0.0,0.0,0.2991527535509594,0,9,0.0,0.0,0.2991527535509594,0,9,0.0,0.0,0.2991527535509594,0,9,0.0,0.0,0.2991527535509594,1,9,0.1111111111111111,0.019890371327130535,0.4350062147680601,4,9,0.4444444444444444,0.188775429471914,0.7333526542559703,4,9,0.4444444444444444,0.188775429471914,0.7333526542559703,1,9,0.1111111111111111,0.019890371327130535,0.4350062147680601,7,9,0.7777777777777778,0.4525833436728054,0.9367762376877727,2,9,0.2222222222222222,0.06322376231222723,0.5474166563271946,0,9,0.0,0.0,0.2991527535509594,0,9,0.0,0.0,0.2991527535509594,0,9,0.0,0.0,0.2991527535509594,5,9,0.5555555555555556,0.2666473457440297,0.811224570528086,311 0.44; 363 0.11; 150 0.11; 161 0.11,4,38 0.22; 33 0.11; 56 0.11; 13 0.11; 6 0.11; 99 0.11,6,earned income 0.56; other element 0.22,"wrong amount, known item 0.33; household composition 0.22; wrong include/exclude decision 0.11; other 0.11",4,1,0,5,0.8,0.3755282641185388,0.9637768390302125,0.2,0,0.0,5,1777.0
2-3,medical_deductions > 131.000 & rawben_rel_max >   0.643 & unc_rawben_rel_max >   0.130,all_2022_24,229,79,130,4,130,0.03076923076923077,0.01202908970364043,0.07644564460915917,29,130,0.2230769230769231,0.16004839200095863,0.302002270872169,37,130,0.2846153846153846,0.2141010882972002,0.3674938717152324,3,130,0.023076923076923078,0.00787867765789841,0.06565301951248809,45,130,0.34615384615384615,0.26984915763859174,0.4312900995131458,3,130,0.023076923076923078,0.00787867765789841,0.06565301951248809,9,130,0.06923076923076923,0.036846700857790585,0.12634321916707464,24,130,0.18461538461538463,0.12731550896860322,0.2600199681924588,74,130,0.5692307692307692,0.483326884526903,0.6511604497548151,9,130,0.06923076923076923,0.036846700857790585,0.12634321916707464,6,130,0.046153846153846156,0.021321662363237154,0.0970391462343887,3,130,0.023076923076923078,0.00787867765789841,0.06565301951248809,3,130,0.023076923076923078,0.00787867765789841,0.06565301951248809,1,130,0.007692307692307693,0.0013591392530527095,0.04228648363250753,0,130,0.0,0.0,0.02870258574314712,0,130,0.0,0.0,0.02870258574314712,10,130,0.07692307692307693,0.04231697987575295,0.13581597729152536,86,130,0.6615384615384615,0.5766014566367806,0.7372023233538948,18,130,0.13846153846153847,0.08941124520995952,0.2082660090966238,26,130,0.2,0.140298557361553,0.27692299408433524,81,130,0.6230769230769231,0.5373655824315526,0.7017230118470572,43,130,0.33076923076923076,0.25576905887220586,0.4154841239947055,1,130,0.007692307692307693,0.0013591392530527095,0.04228648363250753,1,130,0.007692307692307693,0.0013591392530527095,0.04228648363250753,4,130,0.03076923076923077,0.01202908970364043,0.07644564460915917,66,130,0.5076923076923077,0.42277206871603834,0.5921709684263747,365 0.35; 363 0.28; 331 0.14,3,53 0.45; 38 0.12; 99 0.08; 35 0.07; 52 0.07,5,medical deduction 0.35; shelter deduction 0.28; unearned income 0.22,"wrong include/exclude decision 0.57; wrong amount, known item 0.18",75,4,61,79,0.9493670886075949,0.8769210451713461,0.980136278685267,0.05063291139240506,61,0.4357142857142857,140,24538.0
2-3,medical_deductions > 131.000 & rawben_rel_max >   0.643 & unc_rawben_rel_max >   0.130,train_2022_23,149,55,97,3,97,0.030927835051546393,0.010573153364052894,0.08702149011641547,20,97,0.20618556701030927,0.13762597270753013,0.2971311116703456,29,97,0.29896907216494845,0.21694502760133394,0.396309819604581,3,97,0.030927835051546393,0.010573153364052894,0.08702149011641547,31,97,0.31958762886597936,0.23518547734357256,0.41773553937968455,3,97,0.030927835051546393,0.010573153364052894,0.08702149011641547,8,97,0.08247422680412371,0.04238219710770542,0.15437787016611806,11,97,0.1134020618556701,0.06451291694876782,0.1917464046010688,58,97,0.5979381443298969,0.4984347077450554,0.6899795974623194,7,97,0.07216494845360824,0.0353937079719825,0.14153327454316997,5,97,0.05154639175257732,0.022215723427449756,0.11504508957036064,3,97,0.030927835051546393,0.010573153364052894,0.08702149011641547,3,97,0.030927835051546393,0.010573153364052894,0.08702149011641547,1,97,0.010309278350515464,0.0018221178995736602,0.05610635606355266,0,97,0.0,0.0,0.03809538920445529,0,97,0.0,0.0,0.03809538920445529,9,97,0.09278350515463918,0.04958265664341581,0.1670104953890787,66,97,0.6804123711340206,0.5822644606203154,0.7648145226564275,15,97,0.15463917525773196,0.09601037466762025,0.23958128591690042,16,97,0.16494845360824742,0.10415835095438805,0.2512663943888036,57,97,0.5876288659793815,0.488152877328067,0.6804283431206368,37,97,0.38144329896907214,0.291045123554349,0.4808744017209342,0,97,0.0,0.0,0.03809538920445529,0,97,0.0,0.0,0.03809538920445529,3,97,0.030927835051546393,0.010573153364052894,0.08702149011641547,45,97,0.4639175257731959,0.36794664127193955,0.5626375620727119,365 0.32; 363 0.30; 331 0.13,3,53 0.49; 38 0.11; 99 0.09; 35 0.07,4,medical deduction 0.32; shelter deduction 0.30; unearned income 0.21,"wrong include/exclude decision 0.60; wrong amount, known item 0.11; other 0.09",53,2,44,55,0.9636363636363636,0.8767630702509827,0.989970669144275,0.03636363636363636,44,0.4444444444444444,99,15656.0
2-3,medical_deductions > 131.000 & rawben_rel_max >   0.643 & unc_rawben_rel_max >   0.130,test_2024,80,24,33,1,33,0.030303030303030304,0.005369272089651725,0.15319061673168066,9,33,0.2727272727272727,0.15067272656322814,0.44217883254386814,8,33,0.24242424242424243,0.12831561346647294,0.4102494868549029,0,33,0.0,0.0,0.10427343003561192,14,33,0.42424242424242425,0.272353589950299,0.5919302630853998,0,33,0.0,0.0,0.10427343003561192,1,33,0.030303030303030304,0.005369272089651725,0.15319061673168066,13,33,0.3939393939393939,0.24682882231508207,0.5631685719348962,16,33,0.48484848484848486,0.32503781646924224,0.6478189541378976,2,33,0.06060606060606061,0.016780530429070947,0.19606581717798194,1,33,0.030303030303030304,0.005369272089651725,0.15319061673168066,0,33,0.0,0.0,0.10427343003561192,0,33,0.0,0.0,0.10427343003561192,0,33,0.0,0.0,0.10427343003561192,0,33,0.0,0.0,0.10427343003561192,0,33,0.0,0.0,0.10427343003561192,1,33,0.030303030303030304,0.005369272089651725,0.15319061673168066,20,33,0.6060606060606061,0.4368314280651038,0.7531711776849179,3,33,0.09090909090909091,0.03140337104926305,0.23572943534351032,10,33,0.30303030303030304,0.17375347814547223,0.4733845397473445,24,33,0.7272727272727273,0.5578211674561319,0.849327273436772,6,33,0.18181818181818182,0.08610651225698263,0.3438856704929522,1,33,0.030303030303030304,0.005369272089651725,0.15319061673168066,1,33,0.030303030303030304,0.005369272089651725,0.15319061673168066,1,33,0.030303030303030304,0.005369272089651725,0.15319061673168066,21,33,0.6363636363636364,0.46615872621534094,0.7781303383204013,365 0.42; 363 0.24; 331 0.15,3,53 0.30; 56 0.24; 38 0.12; 37 0.09,4,medical deduction 0.42; unearned income 0.27; shelter deduction 0.24,"wrong include/exclude decision 0.48; wrong amount, known item 0.39",22,2,17,24,0.9166666666666666,0.741507847985494,0.9768416721570266,0.08333333333333333,17,0.4146341463414634,41,8882.0
4+,count_divisible_by_100 >=   1.000 & married >=   1.000 & rawben_rel_max >=   0.511 & utilities >= 367.000,all_2022_24,212,75,125,54,125,0.432,0.3484684532861727,0.5195865848381598,21,125,0.168,0.11258737613828976,0.24321075117462784,25,125,0.2,0.13929836507680304,0.27859150900113455,2,125,0.016,0.004398708009065916,0.05646362217000669,2,125,0.016,0.004398708009065916,0.05646362217000669,11,125,0.088,0.04984773128723959,0.15072102911312799,10,125,0.08,0.04403255671516807,0.14101326699394454,34,125,0.272,0.20165963789326397,0.3559366664059686,34,125,0.272,0.20165963789326397,0.3559366664059686,27,125,0.216,0.15290710972320587,0.2960286377372417,8,125,0.064,0.032783186697971346,0.12121676362863126,7,125,0.056,0.02738787677635804,0.11108913685898955,9,125,0.072,0.03833870320042581,0.13118418381743177,2,125,0.016,0.004398708009065916,0.05646362217000669,0,125,0.0,0.0,0.0298164567965626,0,125,0.0,0.0,0.0298164567965626,4,125,0.032,0.012512936695839402,0.07939526686574319,90,123,0.7317073170731707,0.6472632082641149,0.8021161751558356,8,123,0.06504065040650407,0.033322237047724246,0.12310593793587735,24,123,0.1951219512195122,0.1347729686621224,0.2739383689432058,66,125,0.528,0.4409593674217741,0.6133709109976185,55,125,0.44,0.3560569897020464,0.5275209851135412,1,125,0.008,0.0014135587198986672,0.043925834767918934,2,125,0.016,0.004398708009065916,0.05646362217000669,1,125,0.008,0.0014135587198986672,0.043925834767918934,45,123,0.36585365853658536,0.2859930738091735,0.4538399147371709,311 0.26; 363 0.20; 312 0.13; 342 0.06; 323 0.05; 346 0.04; 366 0.04,7,35 0.22; 38 0.14; 52 0.13; 53 0.11; 44 0.09; 56 0.04; 99 0.03,7,earned income 0.43; shelter deduction 0.20; unearned income 0.17,"wrong include/exclude decision 0.27; wrong amount, known item 0.27; unreported source of income 0.22",52,23,25,75,0.6933333333333334,0.5816933204791398,0.7861328017710428,0.30666666666666664,25,0.25,100,27710.0
4+,count_divisible_by_100 >=   1.000 & married >=   1.000 & rawben_rel_max >=   0.511 & utilities >= 367.000,train_2022_23,125,47,82,37,82,0.45121951219512196,0.3481109278812157,0.5586941642885482,14,82,0.17073170731707318,0.10451499593969749,0.26641937620620854,14,82,0.17073170731707318,0.10451499593969749,0.26641937620620854,1,82,0.012195121951219513,0.0021559365709651473,0.0658949851266733,1,82,0.012195121951219513,0.0021559365709651473,0.0658949851266733,9,82,0.10975609756097561,0.05882647906650991,0.19561425829160084,6,82,0.07317073170731707,0.03396431451476119,0.15058024197067243,20,82,0.24390243902439024,0.1637976208028234,0.3469291130884367,22,82,0.2682926829268293,0.18435989365284994,0.37296429415352833,21,82,0.25609756097560976,0.17403449018407663,0.35999097066474256,5,82,0.06097560975609756,0.02632356690332186,0.13492226262455276,4,82,0.04878048780487805,0.0191307559738843,0.11881634659643125,8,82,0.0975609756097561,0.05026808709378501,0.18087392330676672,0,82,0.0,0.0,0.044752194740079396,0,82,0.0,0.0,0.044752194740079396,0,82,0.0,0.0,0.044752194740079396,2,82,0.024390243902439025,0.00671422956512354,0.08463541909007394,62,82,0.7560975609756098,0.6530708869115632,0.8362023791971765,4,82,0.04878048780487805,0.0191307559738843,0.11881634659643125,15,82,0.18292682926829268,0.1141092170763672,0.2801238820270978,43,82,0.524390243902439,0.4176454367591391,0.628952017155979,37,82,0.45121951219512196,0.3481109278812157,0.5586941642885482,1,82,0.012195121951219513,0.0021559365709651473,0.0658949851266733,0,82,0.0,0.0,0.044752194740079396,1,82,0.012195121951219513,0.0021559365709651473,0.0658949851266733,30,82,0.36585365853658536,0.26978466322708194,0.4739293402397686,311 0.30; 363 0.17; 312 0.11; 323 0.06; 366 0.05; 342 0.05; 346 0.04,7,35 0.26; 53 0.13; 44 0.13; 52 0.12; 38 0.11,5,earned income 0.45; unearned income 0.17; shelter deduction 0.17,"wrong include/exclude decision 0.27; unreported source of income 0.26; wrong amount, known item 0.24",33,14,12,47,0.7021276595744681,0.5602205595363459,0.8134891584898374,0.2978723404255319,12,0.2033898305084746,59,18619.0
4+,count_divisible_by_100 >=   1.000 & married >=   1.000 & rawben_rel_max >=   0.511 & utilities >= 367.000,test_2024,87,28,43,17,43,0.3953488372093023,0.263651061984564,0.5442120340668091,7,43,0.16279069767441862,0.08116524502857546,0.2997269533591824,11,43,0.2558139534883721,0.14929365877065542,0.40238689868254857,1,43,0.023255813953488372,0.004116981177419918,0.12059267861216882,1,43,0.023255813953488372,0.004116981177419918,0.12059267861216882,2,43,0.046511627906976744,0.012848990317319689,0.15455775923863058,4,43,0.09302325581395349,0.036771045103346514,0.2160298839853268,14,43,0.32558139534883723,0.2049311518177982,0.47484067493449045,12,43,0.27906976744186046,0.16746451821827157,0.42691312900129397,6,43,0.13953488372093023,0.06555634267713947,0.27263876594425684,3,43,0.06976744186046512,0.024011153791962503,0.18609268553034927,3,43,0.06976744186046512,0.024011153791962503,0.18609268553034927,1,43,0.023255813953488372,0.004116981177419918,0.12059267861216882,2,43,0.046511627906976744,0.012848990317319689,0.15455775923863058,0,43,0.0,0.0,0.08201257002322722,0,43,0.0,0.0,0.08201257002322722,2,43,0.046511627906976744,0.012848990317319689,0.15455775923863058,28,41,0.6829268292682927,0.5301551434425414,0.8043556679468827,4,41,0.0975609756097561,0.0385964597529614,0.22547975519030555,9,41,0.21951219512195122,0.12003040155386346,0.36705302098235293,23,43,0.5348837209302325,0.38915389728872773,0.6748917373608144,18,43,0.4186046511627907,0.2838433433748524,0.5667168424428823,0,43,0.0,0.0,0.08201257002322722,2,43,0.046511627906976744,0.012848990317319689,0.15455775923863058,0,43,0.0,0.0,0.08201257002322722,15,41,0.36585365853658536,0.23589630416936816,0.5187957674783876,363 0.26; 311 0.19; 312 0.16; 342 0.07; 350 0.05; 150 0.05,6,38 0.19; 35 0.14; 52 0.14; 56 0.12; 53 0.07; 33 0.05; 97 0.05; 40 0.05,8,earned income 0.40; shelter deduction 0.26; unearned income 0.16,"wrong amount, known item 0.33; wrong include/exclude decision 0.28; unreported source of income 0.14; household composition 0.07",19,9,13,28,0.6785714285714286,0.4933850455563118,0.8206695245657927,0.32142857142857145,13,0.3170731707317073,41,9091.0
2-3,elderly_disabled_i >=   1.000 & total_deductions_by_hh_size >= 524.000 & unc_rawben_rel_max <   0.943,all_2022_24,352,125,208,30,208,0.14423076923076922,0.10293400401931352,0.19843078929795754,50,208,0.2403846153846154,0.18735621077530093,0.3028289086724375,68,208,0.3269230769230769,0.26681455098079165,0.3933088619843673,5,208,0.02403846153846154,0.010310353369145105,0.05502903228504181,35,208,0.16826923076923078,0.12354866085094093,0.225021213998947,4,208,0.019230769230769232,0.007503135858899522,0.04839523348876402,16,208,0.07692307692307693,0.04790051946945612,0.12129004555648781,50,208,0.2403846153846154,0.18735621077530093,0.3028289086724375,83,208,0.39903846153846156,0.334899025374004,0.4668396321890054,29,208,0.13942307692307693,0.09886000397431782,0.1930637730364299,8,208,0.038461538461538464,0.0196154338990466,0.0740470006747104,9,208,0.04326923076923077,0.022928210873058096,0.08017524000722226,4,208,0.019230769230769232,0.007503135858899522,0.04839523348876402,2,208,0.009615384615384616,0.0026408026954240042,0.0343755340391928,4,208,0.019230769230769232,0.007503135858899522,0.04839523348876402,0,208,0.0,0.0,0.01813430412157008,19,208,0.09134615384615384,0.05925868160639376,0.13825493233912023,126,208,0.6057692307692307,0.5380151396163979,0.6696872191271162,23,208,0.11057692307692307,0.07482092932258862,0.16045674984901886,58,208,0.27884615384615385,0.222336142471955,0.34337710742797034,99,208,0.47596153846153844,0.40914207140047115,0.5436528470669121,108,208,0.5192307692307693,0.4515991137241986,0.586164951501895,1,208,0.004807692307692308,0.0008491586222405118,0.026726161805852935,0,208,0.0,0.0,0.01813430412157008,0,208,0.0,0.0,0.01813430412157008,71,208,0.34134615384615385,0.2803061420223026,0.40814031986242644,363 0.33; 365 0.17; 311 0.13; 331 0.10; 346 0.05,5,53 0.25; 35 0.14; 52 0.10; 38 0.10; 99 0.09; 56 0.09,6,shelter deduction 0.33; unearned income 0.24; medical deduction 0.17; earned income 0.14,"wrong include/exclude decision 0.40; wrong amount, known item 0.24; unreported source of income 0.14",109,16,78,125,0.872,0.8021628958094078,0.9196536603339496,0.128,78,0.3842364532019704,203,32153.0
2-3,elderly_disabled_i >=   1.000 & total_deductions_by_hh_size >= 524.000 & unc_rawben_rel_max <   0.943,train_2022_23,206,73,130,15,130,0.11538461538461539,0.07118304149617724,0.1816651013831667,31,130,0.23846153846153847,0.17338273546709032,0.31855400169086356,40,130,0.3076923076923077,0.23482436019527025,0.3915997112444018,4,130,0.03076923076923077,0.01202908970364043,0.07644564460915917,26,130,0.2,0.140298557361553,0.27692299408433524,2,130,0.015384615384615385,0.0042291172310416104,0.054359542796931754,12,130,0.09230769230769231,0.05359289432534566,0.1544261371267589,17,130,0.13076923076923078,0.08327322875925809,0.1994609884049121,61,130,0.46923076923076923,0.385560674118983,0.5546671773113645,17,130,0.13076923076923078,0.08327322875925809,0.1994609884049121,4,130,0.03076923076923077,0.01202908970364043,0.07644564460915917,6,130,0.046153846153846156,0.021321662363237154,0.0970391462343887,2,130,0.015384615384615385,0.0042291172310416104,0.054359542796931754,1,130,0.007692307692307693,0.0013591392530527095,0.04228648363250753,4,130,0.03076923076923077,0.01202908970364043,0.07644564460915917,0,130,0.0,0.0,0.02870258574314712,18,130,0.13846153846153847,0.08941124520995952,0.2082660090966238,75,130,0.5769230769230769,0.49098536167114193,0.6584450097529893,20,130,0.15384615384615385,0.101853111526678,0.22571021706473152,35,130,0.2692307692307692,0.20041586242234705,0.3512930233052593,64,130,0.49230769230769234,0.40782903157362527,0.5772279312839617,66,130,0.5076923076923077,0.42277206871603834,0.5921709684263747,0,130,0.0,0.0,0.02870258574314712,0,130,0.0,0.0,0.02870258574314712,0,130,0.0,0.0,0.02870258574314712,45,130,0.34615384615384615,0.26984915763859174,0.4312900995131458,363 0.31; 365 0.20; 311 0.11; 331 0.08; 346 0.07,5,53 0.31; 99 0.14; 35 0.13; 52 0.12; 38 0.08,5,shelter deduction 0.31; unearned income 0.24; medical deduction 0.20; earned income 0.12,"wrong include/exclude decision 0.47; other 0.14; wrong amount, known item 0.13; unreported source of income 0.13",65,8,48,73,0.8904109589041096,0.7983717410229372,0.9434139583898808,0.1095890410958904,48,0.39669421487603307,121,18746.0
2-3,elderly_disabled_i >=   1.000 & total_deductions_by_hh_size >= 524.000 & unc_rawben_rel_max <   0.943,test_2024,146,52,78,15,78,0.19230769230769232,0.12015101048823744,0.2933501918342978,19,78,0.24358974358974358,0.16185113739317142,0.3493998645422746,28,78,0.358974358974359,0.261454020206891,0.46973403085760435,1,78,0.01282051282051282,0.0022666733888537863,0.06911023028849367,9,78,0.11538461538461539,0.06190440604142225,0.2049720968617468,2,78,0.02564102564102564,0.007059945446585378,0.08875440813398978,4,78,0.05128205128205128,0.020120686846503345,0.1245685665405272,33,78,0.4230769230769231,0.3195888522235069,0.5337864483571269,22,78,0.28205128205128205,0.1942519701528857,0.39031138149224337,12,78,0.15384615384615385,0.09025416205339185,0.2499346905594603,4,78,0.05128205128205128,0.020120686846503345,0.1245685665405272,3,78,0.038461538461538464,0.013165586780815211,0.10708621670298764,2,78,0.02564102564102564,0.007059945446585378,0.08875440813398978,1,78,0.01282051282051282,0.0022666733888537863,0.06911023028849367,0,78,0.0,0.0,0.04693945377411976,0,78,0.0,0.0,0.04693945377411976,1,78,0.01282051282051282,0.0022666733888537863,0.06911023028849367,51,78,0.6538461538461539,0.5432998724955743,0.749949526343158,3,78,0.038461538461538464,0.013165586780815211,0.10708621670298764,23,78,0.2948717948717949,0.20524076724417498,0.40376003430418184,35,78,0.44871794871794873,0.3433419189622355,0.5589082814248538,42,78,0.5384615384615384,0.42863448388730346,0.6446778658223795,1,78,0.01282051282051282,0.0022666733888537863,0.06911023028849367,0,78,0.0,0.0,0.04693945377411976,0,78,0.0,0.0,0.04693945377411976,26,78,0.3333333333333333,0.23872517005631883,0.4435879812017211,363 0.36; 311 0.17; 331 0.12; 365 0.12,4,56 0.24; 35 0.15; 53 0.14; 38 0.12; 37 0.09; 52 0.05,6,shelter deduction 0.36; unearned income 0.24; earned income 0.19,"wrong amount, known item 0.42; wrong include/exclude decision 0.28; unreported source of income 0.15",44,8,30,52,0.8461538461538461,0.7247565640845235,0.9199241040911734,0.15384615384615385,30,0.36585365853658536,82,13407.0
2-3,medical_deductions > 131.000 & rawben_rel_max >   0.148 & unc_rawben_rel_max >   0.494,all_2022_24,344,113,187,6,187,0.03208556149732621,0.014786232211873217,0.06822292302472088,45,187,0.24064171122994651,0.18498858340922344,0.3067364912076316,54,187,0.2887700534759358,0.22858315823922687,0.35746097469614985,5,187,0.026737967914438502,0.011473590848084473,0.061055669019785,63,187,0.33689839572192515,0.27304196510962464,0.4073212261442738,3,187,0.016042780748663103,0.005470637462600011,0.046098831667820195,11,187,0.058823529411764705,0.03315985155649323,0.10224878052372405,39,187,0.20855614973262032,0.1564827970297198,0.2723629053747874,105,187,0.5614973262032086,0.4898474038691104,0.630671392871223,12,187,0.06417112299465241,0.037085852127746975,0.10880267532119497,7,187,0.0374331550802139,0.018248626899479207,0.07524042370583953,3,187,0.016042780748663103,0.005470637462600011,0.046098831667820195,5,187,0.026737967914438502,0.011473590848084473,0.061055669019785,2,187,0.0106951871657754,0.002937861381681197,0.03815171238001436,0,187,0.0,0.0,0.020129783024246284,0,187,0.0,0.0,0.020129783024246284,14,187,0.0748663101604278,0.045116814620621885,0.12173150356576931,124,187,0.6631016042780749,0.5926787738557261,0.7269580348903754,21,187,0.11229946524064172,0.07463279899357167,0.165574786773892,42,187,0.22459893048128343,0.17067488279140935,0.28961050571927177,118,187,0.6310160427807486,0.5598668987368358,0.6968905377969177,61,187,0.32620320855614976,0.2630934532647966,0.3963099472516526,1,187,0.0053475935828877,0.0009445818095611402,0.02966509658340978,1,187,0.0053475935828877,0.0009445818095611402,0.02966509658340978,6,187,0.03208556149732621,0.014786232211873217,0.06822292302472088,93,187,0.49732620320855614,0.42644128680235527,0.5683187655132824,365 0.34; 363 0.29; 331 0.15,3,53 0.40; 38 0.12; 52 0.10; 99 0.07; 56 0.07,5,medical deduction 0.34; shelter deduction 0.29; unearned income 0.24,"wrong include/exclude decision 0.56; wrong amount, known item 0.21",105,8,85,113,0.9292035398230089,0.86649104335969,0.9636927268043614,0.07079646017699115,85,0.4292929292929293,198,31972.0
2-3,medical_deductions > 131.000 & rawben_rel_max >   0.148 & unc_rawben_rel_max >   0.494,train_2022_23,216,76,128,3,128,0.0234375,0.008002271440112167,0.06664488090027204,27,128,0.2109375,0.1492121185502459,0.28950828532834777,38,128,0.296875,0.2245804687093706,0.3810068421242358,4,128,0.03125,0.012218067575115642,0.07759880357936064,44,128,0.34375,0.26710028592933976,0.42950533778881894,3,128,0.0234375,0.008002271440112167,0.06664488090027204,9,128,0.0703125,0.037429343438009605,0.12823612178692698,17,128,0.1328125,0.08460158144609939,0.2024216342915737,78,128,0.609375,0.522844879109364,0.6895311842879249,7,128,0.0546875,0.02673986088319332,0.10858616671355914,5,128,0.0390625,0.0167983630559502,0.08818822691261814,3,128,0.0234375,0.008002271440112167,0.06664488090027204,4,128,0.03125,0.012218067575115642,0.07759880357936064,1,128,0.0078125,0.0013803963628788857,0.04292731834932121,0,128,0.0,0.0,0.02913799589810803,0,128,0.0,0.0,0.02913799589810803,13,128,0.1015625,0.060318074551540965,0.16602626592976388,89,128,0.6953125,0.6108473759049617,0.7683955944473397,17,128,0.1328125,0.08460158144609939,0.2024216342915737,22,128,0.171875,0.11633031408834081,0.24654149571979256,77,128,0.6015625,0.5149808076118778,0.682225536971319,47,128,0.3671875,0.28868321179915,0.45343156836128495,0,128,0.0,0.0,0.02913799589810803,0,128,0.0,0.0,0.02913799589810803,4,128,0.03125,0.012218067575115642,0.07759880357936064,61,128,0.4765625,0.3919872293426451,0.5625036142150788,365 0.34; 363 0.30; 331 0.14,3,53 0.48; 38 0.13; 99 0.10; 52 0.09,4,medical deduction 0.34; shelter deduction 0.30; unearned income 0.21,"wrong include/exclude decision 0.61; wrong amount, known item 0.13; other 0.10",72,4,61,76,0.9473684210526315,0.8723414339669251,0.979344904984198,0.05263157894736842,61,0.44525547445255476,137,19305.0
2-3,medical_deductions > 131.000 & rawben_rel_max >   0.148 & unc_rawben_rel_max >   0.494,test_2024,128,37,59,3,59,0.05084745762711865,0.017442401159453308,0.1391672332228667,18,59,0.3050847457627119,0.20253473477602124,0.4314656725974384,16,59,0.2711864406779661,0.17436824992508337,0.39598005438289097,1,59,0.01694915254237288,0.002998156692981528,0.08995937462385317,19,59,0.3220338983050847,0.21687410829652445,0.44895235060967775,0,59,0.0,0.0,0.061131479784092065,2,59,0.03389830508474576,0.009345713033501513,0.11543786981607584,22,59,0.3728813559322034,0.26083818032585154,0.5004664331785788,27,59,0.4576271186440678,0.3370110214024243,0.583423849765719,5,59,0.0847457627118644,0.036741491306199775,0.1835202461416055,2,59,0.03389830508474576,0.009345713033501513,0.11543786981607584,0,59,0.0,0.0,0.061131479784092065,1,59,0.01694915254237288,0.002998156692981528,0.08995937462385317,1,59,0.01694915254237288,0.002998156692981528,0.08995937462385317,0,59,0.0,0.0,0.061131479784092065,0,59,0.0,0.0,0.061131479784092065,1,59,0.01694915254237288,0.002998156692981528,0.08995937462385317,35,59,0.5932203389830508,0.46593171365564306,0.7091115697744415,4,59,0.06779661016949153,0.026678187098391565,0.16175749881667106,20,59,0.3389830508474576,0.23137483598383493,0.4662776744551099,41,59,0.6949152542372882,0.5685343274025617,0.7974652652239788,14,59,0.23728813559322035,0.1469448625694613,0.3597513386730279,1,59,0.01694915254237288,0.002998156692981528,0.08995937462385317,1,59,0.01694915254237288,0.002998156692981528,0.08995937462385317,2,59,0.03389830508474576,0.009345713033501513,0.11543786981607584,32,59,0.5423728813559322,0.4165761502342809,0.6629889785975757,365 0.32; 363 0.27; 331 0.17,3,56 0.22; 53 0.22; 52 0.12; 37 0.10; 38 0.10,5,medical deduction 0.32; unearned income 0.31; shelter deduction 0.27,"wrong include/exclude decision 0.46; wrong amount, known item 0.37",33,4,24,37,0.8918918918918919,0.7529115358483284,0.9571487947949374,0.10810810810810811,24,0.39344262295081966,61,12667.0
4+,months_since_cert_n >=   2.000 & rawben_rel_max <   0.997 & shelter_expenses_by_hh_size < 428.000 & total_deductions_by_hh_size >= 243.000,all_2022_24,701,225,352,127,352,0.36079545454545453,0.31237822593354814,0.4122183361322699,41,352,0.11647727272727272,0.08702985850100475,0.15420556759869802,62,352,0.17613636363636365,0.13989823391423883,0.21936723701439909,17,352,0.048295454545454544,0.030368716651038734,0.07597522964416675,2,352,0.005681818181818182,0.0015595122193720317,0.020477259198022672,73,352,0.20738636363636365,0.16830124540279812,0.25278948710290106,30,352,0.08522727272727272,0.06034982383402585,0.11906034068861568,127,352,0.36079545454545453,0.31237822593354814,0.4122183361322699,101,352,0.2869318181818182,0.2421774575326152,0.33628666807833074,28,352,0.07954545454545454,0.05560563669471579,0.11256357117755098,20,352,0.056818181818181816,0.03707845976747816,0.0861269215032895,26,352,0.07386363636363637,0.05090178836838115,0.10602646285351085,22,352,0.0625,0.04163263171464421,0.09281370620649823,5,352,0.014204545454545454,0.006082100333785607,0.03281610605917126,0,352,0.0,8.673617379884035e-19,0.010795814767019931,3,352,0.008522727272727272,0.002902593571266378,0.02475465617131571,20,352,0.056818181818181816,0.03707845976747816,0.0861269215032895,223,348,0.6408045977011494,0.5891121509802282,0.6894222804229941,19,348,0.05459770114942529,0.03522800463920191,0.08369369194244165,106,348,0.3045977011494253,0.2585929039881546,0.3548695177379858,199,352,0.5653409090909091,0.5131247322563006,0.6161462692230093,133,352,0.3778409090909091,0.3287653840920068,0.4295540479249356,1,352,0.002840909090909091,0.0005016534566580928,0.015914639635549226,6,352,0.017045454545454544,0.007834797346791829,0.03668388737135242,13,352,0.036931818181818184,0.0217078614247264,0.06215417156972956,162,348,0.46551724137931033,0.4137708463631374,0.5180166398238284,311 0.32; 363 0.18; 323 0.16; 350 0.07; 364 0.05,5,38 0.17; 53 0.16; 52 0.10; 44 0.09; 35 0.08; 56 0.08; 99 0.06; 41 0.03,8,earned income 0.36; dep care or child support deduction 0.21; shelter deduction 0.18; unearned income 0.12,"wrong amount, known item 0.36; wrong include/exclude decision 0.29; unreported source of income 0.08; change in circumstances 0.07",163,62,103,225,0.7244444444444444,0.662665218653768,0.7786881017215483,0.27555555555555555,103,0.31402439024390244,328,70506.0
4+,months_since_cert_n >=   2.000 & rawben_rel_max <   0.997 & shelter_expenses_by_hh_size < 428.000 & total_deductions_by_hh_size >= 243.000,train_2022_23,410,136,219,73,219,0.3333333333333333,0.27424542702035065,0.3981676233257247,28,219,0.1278538812785388,0.08995854148324894,0.17858018737168657,39,219,0.1780821917808219,0.1330939348178548,0.23416962817935932,14,219,0.0639269406392694,0.03845797286729507,0.10443096707928581,2,219,0.0091324200913242,0.002507969557322508,0.03268115132495441,45,219,0.2054794520547945,0.1572631902489165,0.26385028228044966,18,219,0.0821917808219178,0.0526203194616329,0.1261685601730493,60,219,0.273972602739726,0.21918138802473902,0.3365568583350071,78,219,0.3561643835616438,0.2957211709701562,0.4215668039860458,16,219,0.0730593607305936,0.04546755311729188,0.11537135667333968,13,219,0.0593607305936073,0.03501506093965403,0.09889889408490152,18,219,0.0821917808219178,0.0526203194616329,0.1261685601730493,17,219,0.0776255707762557,0.04902744168127718,0.12078645303137969,0,219,0.0,0.0,0.017239151038226253,0,219,0.0,0.0,0.017239151038226253,1,219,0.0045662100456621,0.0008064827143618135,0.02540765324588977,16,219,0.0730593607305936,0.04546755311729188,0.11537135667333968,142,219,0.6484018264840182,0.5831005915586688,0.7085864184071543,11,219,0.0502283105022831,0.028274743425381867,0.08768924175512302,66,219,0.3013698630136986,0.2444503895734658,0.3651377663184323,118,219,0.5388127853881278,0.472689382473052,0.6035979893641633,89,219,0.4063926940639269,0.3434979808357749,0.47251482826270574,0,219,0.0,0.0,0.017239151038226253,0,219,0.0,0.0,0.017239151038226253,12,219,0.0547945205479452,0.0316189325731369,0.09332003752939333,100,219,0.45662100456621,0.39196310751736774,0.5227745357233916,311 0.30; 363 0.18; 323 0.16; 350 0.08; 364 0.06,5,53 0.20; 38 0.17; 52 0.15; 44 0.09; 99 0.07; 35 0.07; 98 0.04,7,earned income 0.33; dep care or child support deduction 0.21; shelter deduction 0.18; unearned income 0.13,"wrong include/exclude decision 0.36; wrong amount, known item 0.27; change in circumstances 0.08; method or computation 0.08",95,41,64,136,0.6985294117647058,0.6168209463338249,0.769330241867683,0.3014705882352941,64,0.32,200,42753.0
4+,months_since_cert_n >=   2.000 & rawben_rel_max <   0.997 & shelter_expenses_by_hh_size < 428.000 & total_deductions_by_hh_size >= 243.000,test_2024,291,89,133,54,133,0.40601503759398494,0.32632903795153656,0.49097797979745195,13,133,0.09774436090225563,0.05801425130918243,0.1600597846564888,23,133,0.17293233082706766,0.1180865260982738,0.24614189566820655,3,133,0.022556390977443608,0.0077002833384402225,0.06421936682642192,0,133,0.0,0.0,0.028073334424619414,28,133,0.21052631578947367,0.14986350566500917,0.2874421090018757,12,133,0.09022556390977443,0.05236602199372364,0.15109257539186668,67,133,0.5037593984962406,0.4198806659491524,0.5874270533408882,23,133,0.17293233082706766,0.1180865260982738,0.24614189566820655,12,133,0.09022556390977443,0.05236602199372364,0.15109257539186668,7,133,0.05263157894736842,0.025725400701750632,0.10465600378343515,8,133,0.06015037593984962,0.030790812823276732,0.11420603024198997,5,133,0.03759398496240601,0.016162680948680702,0.08498784637634325,5,133,0.03759398496240601,0.016162680948680702,0.08498784637634325,0,133,0.0,0.0,0.028073334424619414,2,133,0.015037593984962405,0.0041334978576213245,0.05317071372715991,4,133,0.03007518796992481,0.011756335717357333,0.07477875302758571,81,129,0.627906976744186,0.5419266716443314,0.7064894871492995,8,129,0.06201550387596899,0.031755775023967675,0.1176070751675386,40,129,0.31007751937984496,0.23672366283538515,0.3944159801680114,81,133,0.6090225563909775,0.5241449162153446,0.6877789431958286,44,133,0.3308270676691729,0.2565988210561916,0.41455381089198784,1,133,0.007518796992481203,0.0013284534153853028,0.04136031958931502,6,133,0.045112781954887216,0.020836924674096327,0.09492904123100854,1,133,0.007518796992481203,0.0013284534153853028,0.04136031958931502,62,129,0.4806201550387597,0.3962152136207532,0.5661459744408179,311 0.36; 323 0.18; 363 0.17; 350 0.06,4,56 0.21; 38 0.17; 53 0.10; 35 0.09; 44 0.08; 97 0.04; 57 0.04; 99 0.03; 52 0.02,9,earned income 0.41; dep care or child support deduction 0.21; shelter deduction 0.17,"wrong amount, known item 0.50; wrong include/exclude decision 0.17; unreported source of income 0.09",68,21,39,89,0.7640449438202247,0.6660617969546638,0.8401767857496412,0.23595505617977527,39,0.3046875,128,27753.0
4+,count_divisible_by_100 >   0.500 & HH_size_n >   4.500 & rawben_rel_max <=   0.948 & shelter_expenses_by_hh_size > 178.000,all_2022_24,287,98,159,58,159,0.36477987421383645,0.2939659218059304,0.44197378893137507,37,159,0.23270440251572327,0.17380272316484663,0.3042176352693619,32,159,0.20125786163522014,0.14632162477883665,0.2702893640593964,7,159,0.0440251572327044,0.021486646808347526,0.08807749405000809,3,159,0.018867924528301886,0.006437094385737592,0.05399955079583763,13,159,0.08176100628930817,0.04840183689637578,0.1348535474771504,9,159,0.05660377358490566,0.030061636525488253,0.10406625217125755,45,159,0.2830188679245283,0.21875991541939405,0.35751543436837524,49,159,0.3081761006289308,0.2416368783774211,0.3837659670871285,30,159,0.18867924528301888,0.1354824009228981,0.25656484007694474,7,159,0.0440251572327044,0.021486646808347526,0.08807749405000809,7,159,0.0440251572327044,0.021486646808347526,0.08807749405000809,12,159,0.07547169811320754,0.04369701922530143,0.12727649122902968,3,159,0.018867924528301886,0.006437094385737592,0.05399955079583763,0,159,0.0,0.0,0.023591023423989943,0,159,0.0,0.0,0.023591023423989943,6,159,0.03773584905660377,0.01740719288942665,0.07987507404973387,117,156,0.75,0.6765939424452027,0.8113891608270368,6,156,0.038461538461538464,0.01774419018011971,0.08136392685574578,33,156,0.21153846153846154,0.15477937930678962,0.28216319384062627,85,159,0.5345911949685535,0.457157962499145,0.6103923440564282,68,159,0.4276729559748428,0.353370950299826,0.5053874996294305,1,159,0.006289308176100629,0.0011110528093918985,0.034761844533793135,3,159,0.018867924528301886,0.006437094385737592,0.05399955079583763,2,159,0.012578616352201259,0.0034562431139245307,0.044698528148455596,56,156,0.358974358974359,0.28791948832992426,0.436807991875479,311 0.30; 363 0.20; 350 0.07; 342 0.06; 312 0.06; 323 0.04; 364 0.04,7,35 0.19; 52 0.17; 38 0.16; 53 0.11; 44 0.09; 99 0.04,6,earned income 0.36; unearned income 0.23; shelter deduction 0.20,"wrong include/exclude decision 0.31; wrong amount, known item 0.28; unreported source of income 0.19",65,33,28,98,0.6632653061224489,0.5651133741942346,0.7491000709990853,0.336734693877551,28,0.2222222222222222,126,34864.0
4+,count_divisible_by_100 >   0.500 & HH_size_n >   4.500 & rawben_rel_max <=   0.948 & shelter_expenses_by_hh_size > 178.000,train_2022_23,185,66,108,38,108,0.35185185185185186,0.2682886207090901,0.4455924396477001,27,108,0.25,0.17787718518702555,0.3392971041650581,21,108,0.19444444444444445,0.13084280853074548,0.27903687845513453,3,108,0.027777777777777776,0.009491167942144545,0.07850471194512457,2,108,0.018518518518518517,0.005093117606642765,0.06502032855292575,10,108,0.09259259259259259,0.051072779285118,0.16210013669605533,7,108,0.06481481481481481,0.03174778644278938,0.12777782835528215,28,108,0.25925925925925924,0.18589005606832504,0.3491666670114591,33,108,0.3055555555555556,0.22660104620023352,0.3978678455180537,20,108,0.18518518518518517,0.12319860172367544,0.2687986515345039,5,108,0.046296296296296294,0.019934521435234435,0.1038262259074359,6,108,0.05555555555555555,0.02570737919718203,0.11593580187318892,11,108,0.10185185185185185,0.05782872158872558,0.17322662812014833,0,108,0.0,3.469446951953614e-18,0.03434857870416731,0,108,0.0,3.469446951953614e-18,0.03434857870416731,0,108,0.0,3.469446951953614e-18,0.03434857870416731,5,108,0.046296296296296294,0.019934521435234435,0.1038262259074359,84,108,0.7777777777777778,0.6905974226538109,0.8458755891772073,5,108,0.046296296296296294,0.019934521435234435,0.1038262259074359,19,108,0.17592592592592593,0.11561771988481864,0.25849709964566014,58,108,0.5370370370370371,0.44334384333440474,0.6281858915763978,47,108,0.4351851851851852,0.3454995455105564,0.5293234183955392,1,108,0.009259259259259259,0.0016363187318928635,0.05059469369997506,0,108,0.0,3.469446951953614e-18,0.03434857870416731,2,108,0.018518518518518517,0.005093117606642765,0.06502032855292575,37,108,0.3425925925925926,0.2598782635387472,0.4361203630903425,311 0.29; 363 0.19; 342 0.07; 350 0.07; 323 0.05; 366 0.05; 312 0.05,7,35 0.19; 52 0.18; 38 0.14; 44 0.12; 53 0.11; 99 0.05,6,earned income 0.35; unearned income 0.25; shelter deduction 0.19,"wrong include/exclude decision 0.31; wrong amount, known item 0.26; unreported source of income 0.19",40,26,16,66,0.6060606060606061,0.48548180775863853,0.7149717900970809,0.3939393939393939,16,0.1951219512195122,82,24828.0
4+,count_divisible_by_100 >   0.500 & HH_size_n >   4.500 & rawben_rel_max <=   0.948 & shelter_expenses_by_hh_size > 178.000,test_2024,102,32,51,20,51,0.39215686274509803,0.27027144858027696,0.5291508877483494,10,51,0.19607843137254902,0.11015224836299273,0.32458342674495444,11,51,0.21568627450980393,0.12493811244188556,0.3462662287881296,4,51,0.0784313725490196,0.030921696126931505,0.1850019822486082,1,51,0.0196078431372549,0.003469603253442241,0.10304807675589372,3,51,0.058823529411764705,0.020206272864052077,0.15924873938941972,2,51,0.0392156862745098,0.010820856268751206,0.13216548986265267,17,51,0.3333333333333333,0.21969755762722826,0.4703187803351943,16,51,0.3137254901960784,0.20327509667785154,0.45027257516250324,10,51,0.19607843137254902,0.11015224836299273,0.32458342674495444,2,51,0.0392156862745098,0.010820856268751206,0.13216548986265267,1,51,0.0196078431372549,0.003469603253442241,0.10304807675589372,1,51,0.0196078431372549,0.003469603253442241,0.10304807675589372,3,51,0.058823529411764705,0.020206272864052077,0.15924873938941972,0,51,0.0,0.0,0.07004901388726806,0,51,0.0,0.0,0.07004901388726806,1,51,0.0196078431372549,0.003469603253442241,0.10304807675589372,33,48,0.6875,0.5466666274950367,0.800544878322685,1,48,0.020833333333333332,0.003687015979399688,0.10899469137531158,14,48,0.2916666666666667,0.18241416061863377,0.43179527736167544,27,51,0.5294117647058824,0.3952307134472659,0.6594722857358359,21,51,0.4117647058823529,0.28754192992486893,0.5483490725258254,0,51,0.0,0.0,0.07004901388726806,3,51,0.058823529411764705,0.020206272864052077,0.15924873938941972,0,51,0.0,0.0,0.07004901388726806,19,48,0.3958333333333333,0.2702062649595057,0.5368984540306487,311 0.31; 363 0.22; 364 0.08; 312 0.08; 350 0.06; 346 0.06,6,35 0.20; 38 0.20; 52 0.16; 56 0.10; 53 0.10; 97 0.06,6,earned income 0.39; shelter deduction 0.22; unearned income 0.20,"wrong amount, known item 0.33; wrong include/exclude decision 0.31; unreported source of income 0.20",25,7,12,32,0.78125,0.6124466920955516,0.8897630306846815,0.21875,12,0.2727272727272727,44,10036.0
4+,expedited_i <=   0.5 & months_since_cert_n >   5.5 & total_deductions_by_hh_size > 208.0,all_2022_24,884,281,460,185,460,0.40217391304347827,0.3583530648785109,0.4476151794531748,64,460,0.1391304347826087,0.11048203610604923,0.1737563763175023,74,460,0.1608695652173913,0.13012386805688309,0.19723271229296047,27,460,0.058695652173913045,0.04064919852428361,0.0840519925719872,2,460,0.004347826086956522,0.0011931166278073436,0.015712654652733256,45,460,0.09782608695652174,0.0739164591528162,0.12839743421078034,63,460,0.13695652173913042,0.1085310742051107,0.17139552142581155,152,460,0.33043478260869563,0.28900953349939845,0.3746687566755233,100,460,0.21739130434782608,0.18212156720250497,0.25734224975569797,47,460,0.10217391304347827,0.07770884616310725,0.1332286807857477,35,460,0.07608695652173914,0.055214631701333165,0.10398109373597128,46,460,0.1,0.07581072059105942,0.13081498956516632,35,460,0.07608695652173914,0.055214631701333165,0.10398109373597128,5,460,0.010869565217391304,0.004651448597827075,0.025189773060601144,2,460,0.004347826086956522,0.0011931166278073436,0.015712654652733256,0,460,0.0,0.0,0.008282137695282184,38,460,0.08260869565217391,0.06077512013007949,0.11135605568511259,216,457,0.4726477024070022,0.42729250698978094,0.5184589182287757,27,457,0.05908096280087528,0.040918126003102503,0.08459484852003081,213,457,0.4660831509846827,0.4208191627225115,0.5119126045484986,239,460,0.5195652173913043,0.4739346117248634,0.5648717394087995,196,460,0.4260869565217391,0.381691751793092,0.4717064772575149,0,460,0.0,0.0,0.008282137695282184,5,460,0.010869565217391304,0.004651448597827075,0.025189773060601144,20,460,0.043478260869565216,0.028319001634483858,0.06619947191338249,174,457,0.38074398249452956,0.3373934770234305,0.4260827369294765,311 0.34; 363 0.16; 323 0.08; 150 0.07; 350 0.06; 364 0.06,6,38 0.18; 53 0.11; 35 0.10; 99 0.08; 44 0.07; 52 0.06; 56 0.04; 39 0.03; 41 0.03; 37 0.03; 54 0.02,11,earned income 0.40; shelter deduction 0.16; unearned income 0.14; other element 0.14,"wrong amount, known item 0.33; wrong include/exclude decision 0.22; unreported source of income 0.10; change in circumstances 0.10; other 0.08",210,71,97,281,0.7473309608540926,0.6934205311729902,0.7945699870659189,0.2526690391459075,97,0.2566137566137566,378,113647.0
4+,expedited_i <=   0.5 & months_since_cert_n >   5.5 & total_deductions_by_hh_size > 208.0,train_2022_23,552,179,294,115,294,0.391156462585034,0.3371193760256411,0.44800130557155693,48,294,0.16326530612244897,0.12540814894439667,0.2098089597469346,50,294,0.17006802721088435,0.13144446278555763,0.21720260330594873,19,294,0.06462585034013606,0.04175948083787026,0.09872324555092166,2,294,0.006802721088435374,0.0018674990356095846,0.024460589451693736,28,294,0.09523809523809523,0.06671474560782809,0.1342027890817519,32,294,0.10884353741496598,0.07816017792459272,0.1496172715653375,82,294,0.2789115646258503,0.23075140279796064,0.3327749816963477,68,294,0.23129251700680273,0.1867453037910161,0.2827713789020665,32,294,0.10884353741496598,0.07816017792459272,0.1496172715653375,21,294,0.07142857142857142,0.047189841718699235,0.10672284207026779,31,294,0.1054421768707483,0.0752820732010559,0.1457803975887868,26,294,0.08843537414965986,0.06106418627988603,0.12642339100951885,1,294,0.003401360544217687,0.0006006607448315292,0.019012449042384225,0,294,0.0,0.0,0.012898131087128192,0,294,0.0,0.0,0.012898131087128192,33,294,0.11224489795918367,0.08104869917634044,0.15344372901367737,149,294,0.5068027210884354,0.4499351972324454,0.5634947601677297,23,294,0.0782312925170068,0.0526924073418235,0.11465023384731869,122,294,0.41496598639455784,0.36009427417725703,0.47203125832055404,150,294,0.5102040816326531,0.45329917240704637,0.5668457636932164,125,294,0.42517006802721086,0.3699815078754845,0.48228896072258914,0,294,0.0,0.0,0.012898131087128192,0,294,0.0,0.0,0.012898131087128192,19,294,0.06462585034013606,0.04175948083787026,0.09872324555092166,113,294,0.3843537414965986,0.33058002610854126,0.44111069808848163,311 0.33; 363 0.17; 323 0.07; 350 0.07; 364 0.06; 312 0.06,6,38 0.19; 53 0.13; 99 0.11; 35 0.11; 44 0.08; 52 0.07; 39 0.04; 98 0.03,8,earned income 0.39; shelter deduction 0.17; unearned income 0.16; other element 0.11,"wrong amount, known item 0.28; wrong include/exclude decision 0.23; other 0.11; unreported source of income 0.11; change in circumstances 0.11",132,47,62,179,0.7374301675977654,0.6684643651635719,0.7964188999139598,0.26256983240223464,62,0.2572614107883817,241,65706.0
4+,expedited_i <=   0.5 & months_since_cert_n >   5.5 & total_deductions_by_hh_size > 208.0,test_2024,332,102,166,70,166,0.42168674698795183,0.349167457937409,0.4977487274965482,16,166,0.0963855421686747,0.060201111371260656,0.15082845971144226,24,166,0.14457831325301204,0.09911975400985601,0.20611524142118087,8,166,0.04819277108433735,0.024619173376324223,0.09220497335804473,0,166,0.0,1.734723475976807e-18,0.022618722386034983,17,166,0.10240963855421686,0.06492650342433197,0.15787874570191268,31,166,0.18674698795180722,0.13479538493882787,0.25286935679700123,70,166,0.42168674698795183,0.349167457937409,0.4977487274965482,32,166,0.1927710843373494,0.13998748322998028,0.2594529365493906,15,166,0.09036144578313253,0.05552452283752021,0.14372937020164095,14,166,0.08433734939759036,0.050900877380029026,0.1365773376155904,15,166,0.09036144578313253,0.05552452283752021,0.14372937020164095,9,166,0.05421686746987952,0.028782352761620243,0.09981747201629046,4,166,0.024096385542168676,0.009409449080503025,0.06031198547969896,2,166,0.012048192771084338,0.003310221981407086,0.042859856491711396,0,166,0.0,1.734723475976807e-18,0.022618722386034983,5,166,0.030120481927710843,0.012932695782301017,0.06856441682144268,67,163,0.4110429447852761,0.338402899936514,0.48777953897560383,4,163,0.024539877300613498,0.009583366662591221,0.06139173786769379,91,163,0.558282208588957,0.48157481995645135,0.6323056511011267,89,166,0.536144578313253,0.4603217064180836,0.6103323618431669,71,166,0.42771084337349397,0.3549204324019173,0.5037714310755816,0,166,0.0,1.734723475976807e-18,0.022618722386034983,5,166,0.030120481927710843,0.012932695782301017,0.06856441682144268,1,166,0.006024096385542169,0.0010641662329914856,0.03333023419658525,61,163,0.37423312883435583,0.30364057392525057,0.4506173569505022,311 0.37; 363 0.14; 323 0.09; 150 0.08; 312 0.05; 364 0.05,6,38 0.16; 56 0.10; 35 0.09; 53 0.07; 44 0.07; 57 0.05; 52 0.05; 41 0.04; 54 0.04; 37 0.04; 99 0.03; 7 0.03,12,earned income 0.42; other element 0.19; shelter deduction 0.14,"wrong amount, known item 0.42; wrong include/exclude decision 0.19; change in circumstances 0.09; unreported source of income 0.09",78,24,35,102,0.7647058823529411,0.6737161802309318,0.8364801886826144,0.23529411764705882,35,0.25547445255474455,137,47941.0
1,medical_deductions > 96.200 & rawben_rel_max >  0.885 & rawben_rel_max <=  0.998 & unc_rawben_rel_max >  0.279,all_2022_24,384,122,174,5,174,0.028735632183908046,0.012335107894271426,0.06549595075567324,15,174,0.08620689655172414,0.052937053496014394,0.13735363214783947,43,174,0.2471264367816092,0.18895819542267966,0.31621944580412,14,174,0.08045977011494253,0.04853065268904715,0.13051407025541578,93,174,0.5344827586206896,0.46042226268372766,0.6070535135126177,2,174,0.011494252873563218,0.003157753039523311,0.040935417512248606,2,174,0.011494252873563218,0.003157753039523311,0.040935417512248606,23,174,0.13218390804597702,0.0897205141884268,0.19053787305055442,122,174,0.7011494252873564,0.6293863893994311,0.7642223050792512,6,174,0.034482758620689655,0.015897570022231685,0.0731794513271039,1,174,0.005747126436781609,0.0010152042313482327,0.031832003621032764,11,174,0.06321839080459771,0.03566308211391016,0.10964375273238004,5,174,0.028735632183908046,0.012335107894271426,0.06549595075567324,1,174,0.005747126436781609,0.0010152042313482327,0.031832003621032764,0,174,0.0,0.0,0.021601245152990077,0,174,0.0,0.0,0.021601245152990077,5,174,0.028735632183908046,0.012335107894271426,0.06549595075567324,109,174,0.6264367816091954,0.5525547106985461,0.694856468688054,30,174,0.1724137931034483,0.12352314026114938,0.2354569858735683,34,174,0.19540229885057472,0.14333520447497392,0.2606287724573074,126,174,0.7241379310344828,0.6534285745719332,0.7851639707043127,42,174,0.2413793103448276,0.18382529260919322,0.3101063859182155,3,174,0.017241379310344827,0.005880554387019371,0.04945857886414346,0,174,0.0,0.0,0.021601245152990077,3,174,0.017241379310344827,0.005880554387019371,0.04945857886414346,90,174,0.5172413793103449,0.44342489256318707,0.5903129955349858,365 0.53; 363 0.25,2,53 0.63; 52 0.06; 56 0.06,3,medical deduction 0.53; shelter deduction 0.25,"wrong include/exclude decision 0.70; wrong amount, known item 0.13",122,0,111,122,1.0,0.9694727339766817,0.9999999999999999,0.0,111,0.47639484978540775,233,23167.0
1,medical_deductions > 96.200 & rawben_rel_max >  0.885 & rawben_rel_max <=  0.998 & unc_rawben_rel_max >  0.279,train_2022_23,249,86,121,2,121,0.01652892561983471,0.004544498317862633,0.058267897550181344,13,121,0.10743801652892562,0.06386907603931685,0.1751666300073855,27,121,0.2231404958677686,0.1581287736809404,0.30519114532041813,7,121,0.05785123966942149,0.02830239313891006,0.11461150735579681,68,121,0.5619834710743802,0.47302233622056394,0.6471299207194305,2,121,0.01652892561983471,0.004544498317862633,0.058267897550181344,2,121,0.01652892561983471,0.004544498317862633,0.058267897550181344,9,121,0.0743801652892562,0.03962223436060222,0.1353322679847698,91,121,0.7520661157024794,0.6681652874208607,0.8204538908017832,5,121,0.04132231404958678,0.01777722390103202,0.0930960747430097,1,121,0.008264462809917356,0.001460335796523226,0.04533175914618817,5,121,0.04132231404958678,0.01777722390103202,0.0930960747430097,4,121,0.03305785123966942,0.0129289722168894,0.08192402550181974,1,121,0.008264462809917356,0.001460335796523226,0.04533175914618817,0,121,0.0,0.0,0.03077179401737882,0,121,0.0,0.0,0.03077179401737882,5,121,0.04132231404958678,0.01777722390103202,0.0930960747430097,71,121,0.5867768595041323,0.497686903764853,0.6705262559511391,26,121,0.21487603305785125,0.15106665784733153,0.2962329602286944,23,121,0.19008264462809918,0.1301333553120293,0.26910535998799884,87,121,0.71900826446281,0.6331336035326757,0.7914043709886377,30,121,0.24793388429752067,0.17954610919821684,0.3318347125791394,3,121,0.024793388429752067,0.008467160919079428,0.07036553587429713,0,121,0.0,0.0,0.03077179401737882,1,121,0.008264462809917356,0.001460335796523226,0.04533175914618817,64,121,0.5289256198347108,0.4404684422079434,0.6156026110307207,365 0.56; 363 0.22,2,53 0.68; 52 0.07; 38 0.05,3,medical deduction 0.56; shelter deduction 0.22,wrong include/exclude decision 0.75,86,0,78,86,1.0,0.9572402984808819,1.0,0.0,78,0.47560975609756095,164,15815.0
1,medical_deductions > 96.200 & rawben_rel_max >  0.885 & rawben_rel_max <=  0.998 & unc_rawben_rel_max >  0.279,test_2024,135,36,53,3,53,0.05660377358490566,0.019436308927314183,0.15370448936126319,2,53,0.03773584905660377,0.010410068833819265,0.12754523150959116,16,53,0.3018867924528302,0.19518140287607166,0.43537086869967556,7,53,0.1320754716981132,0.06547770200689572,0.2484050880623493,25,53,0.4716981132075472,0.343820276089814,0.6034014769924354,0,53,0.0,0.0,0.06758430445307662,0,53,0.0,0.0,0.06758430445307662,14,53,0.2641509433962264,0.16437206511316813,0.3958092105722453,31,53,0.5849056603773585,0.45094182384453757,0.7073929169087134,1,53,0.018867924528301886,0.003338367386749398,0.09943143501149412,0,53,0.0,0.0,0.06758430445307662,6,53,0.11320754716981132,0.052929589110686695,0.22576770301339144,1,53,0.018867924528301886,0.003338367386749398,0.09943143501149412,0,53,0.0,0.0,0.06758430445307662,0,53,0.0,0.0,0.06758430445307662,0,53,0.0,0.0,0.06758430445307662,0,53,0.0,0.0,0.06758430445307662,38,53,0.7169811320754716,0.5842945799989226,0.8203386463704966,4,53,0.07547169811320754,0.029739073598901808,0.17858722263484245,11,53,0.20754716981132076,0.12004475729322063,0.3345800245566921,39,53,0.7358490566037735,0.6041907894277545,0.8356279348868316,12,53,0.22641509433962265,0.13454499977265527,0.35526528002242436,0,53,0.0,0.0,0.06758430445307662,0,53,0.0,0.0,0.06758430445307662,2,53,0.03773584905660377,0.010410068833819265,0.12754523150959116,26,53,0.49056603773584906,0.36124029356039444,0.6211669574670219,365 0.47; 363 0.30,2,53 0.51; 56 0.21; 64 0.08,3,medical deduction 0.47; shelter deduction 0.30,"wrong include/exclude decision 0.58; wrong amount, known item 0.26",36,0,33,36,1.0,0.9035781695514236,1.0,0.0,33,0.4782608695652174,69,7352.0
1,rawben_rel_max <   0.992 & total_deductions_by_hh_size >= 535.000 & unc_rawben_rel_max >=   0.964 & utilities < 645.000,all_2022_24,679,233,317,12,317,0.03785488958990536,0.021784741956740367,0.064992035119549,16,317,0.050473186119873815,0.03130344031915555,0.08040775922604058,203,317,0.6403785488958991,0.5861596343764169,0.6912358155901709,42,317,0.13249211356466878,0.09953509256319955,0.1742498530298906,41,317,0.12933753943217666,0.09678883411211281,0.17076250586375064,1,317,0.0031545741324921135,0.0005570626746672774,0.017650052612128448,2,317,0.006309148264984227,0.0017318683052554192,0.022708852598767,61,317,0.19242902208201892,0.15281915367932825,0.23940429864106905,185,317,0.583596214511041,0.5286443291485999,0.6365462197079076,7,317,0.022082018927444796,0.010736681306713278,0.04487206768344262,1,317,0.0031545741324921135,0.0005570626746672774,0.017650052612128448,28,317,0.08832807570977919,0.061817161100991835,0.12469730585092464,9,317,0.028391167192429023,0.015007029969994843,0.05306893025461443,3,317,0.00946372239747634,0.0032235796769826876,0.027450746844266426,0,317,0.0,0.0,0.011973509669569032,0,317,0.0,0.0,0.011973509669569032,23,317,0.07255520504731862,0.0488304928100995,0.10651594605568351,209,317,0.6593059936908517,0.6055029998621158,0.7092940838078323,39,317,0.12302839116719243,0.09131743167544251,0.16376669706596755,69,317,0.21766561514195584,0.17576519698866847,0.2663271002695424,155,317,0.4889589905362776,0.43439260447762573,0.5437897758620809,158,317,0.49842271293375395,0.4437301008465897,0.5531530963447969,2,317,0.006309148264984227,0.0017318683052554192,0.022708852598767,0,317,0.0,0.0,0.011973509669569032,2,317,0.006309148264984227,0.0017318683052554192,0.022708852598767,88,317,0.277602523659306,0.23119146881791805,0.32933933516760006,363 0.64; 364 0.13,2,53 0.55; 56 0.15; 64 0.08,3,shelter deduction 0.64; utility allowance 0.13,"wrong include/exclude decision 0.58; wrong amount, known item 0.19",232,1,223,233,0.9957081545064378,0.9760934128360578,0.9992420012128257,0.004291845493562232,223,0.48903508771929827,456,48450.0
1,rawben_rel_max <   0.992 & total_deductions_by_hh_size >= 535.000 & unc_rawben_rel_max >=   0.964 & utilities < 645.000,train_2022_23,454,149,198,7,198,0.03535353535353535,0.017228647911409007,0.07116541951572197,12,198,0.06060606060606061,0.03500530114481619,0.10293256696562288,128,198,0.6464646464646465,0.5776643789993823,0.7096896649638047,22,198,0.1111111111111111,0.07452908480463652,0.16249638467241875,27,198,0.13636363636363635,0.09543737774140781,0.19113189241895556,0,198,0.0,0.0,0.01903274647049964,2,198,0.010101010101010102,0.0027743880346107024,0.03607587870921218,8,198,0.04040404040404041,0.020612918777837285,0.07768990878595532,138,198,0.696969696969697,0.6297084141104701,0.7567332312193331,4,198,0.020202020202020204,0.007883407186424475,0.05078437983072165,1,198,0.005050505050505051,0.0008920722330250878,0.02804943437413617,17,198,0.08585858585858586,0.054295290879466274,0.1331863779142809,7,198,0.03535353535353535,0.017228647911409007,0.07116541951572197,2,198,0.010101010101010102,0.0027743880346107024,0.03607587870921218,0,198,0.0,0.0,0.01903274647049964,0,198,0.0,0.0,0.01903274647049964,21,198,0.10606060606060606,0.07042200910563365,0.15669470023476,131,198,0.6616161616161617,0.5931909680892282,0.7238893562839437,31,198,0.15656565656565657,0.11254472005003678,0.2136595906569731,36,198,0.18181818181818182,0.1343204258911728,0.24142768549914514,95,198,0.4797979797979798,0.41125812421650265,0.5491068352368508,101,198,0.51010101010101,0.44094295948995044,0.5788745607833726,2,198,0.010101010101010102,0.0027743880346107024,0.03607587870921218,0,198,0.0,0.0,0.01903274647049964,0,198,0.0,0.0,0.01903274647049964,59,198,0.29797979797979796,0.23860926828519083,0.36504032624834437,363 0.65; 365 0.14,2,53 0.66; 99 0.11,2,shelter deduction 0.65; medical deduction 0.14,wrong include/exclude decision 0.70; other 0.11,149,0,141,149,1.0,0.9748654816489752,1.0,0.0,141,0.4862068965517241,290,29278.0
1,rawben_rel_max <   0.992 & total_deductions_by_hh_size >= 535.000 & unc_rawben_rel_max >=   0.964 & utilities < 645.000,test_2024,225,84,119,5,119,0.04201680672268908,0.018078207847971574,0.0946002333315637,4,119,0.03361344537815126,0.013147540181404155,0.08324977147848957,75,119,0.6302521008403361,0.5407139742525193,0.7116435333019246,20,119,0.16806722689075632,0.1115123807876709,0.24538300318648776,14,119,0.11764705882352941,0.07138672488935097,0.18782188196695834,1,119,0.008403361344537815,0.0014849048183694993,0.04606901828259955,0,119,0.0,3.469446951953614e-18,0.03127279358132749,53,119,0.44537815126050423,0.3591783519641876,0.5349943061581423,47,119,0.3949579831932773,0.311733225446669,0.4847526555578115,3,119,0.025210084033613446,0.008610075311511797,0.07150610682874037,0,119,0.0,3.469446951953614e-18,0.03127279358132749,11,119,0.09243697478991597,0.05240003349104728,0.15796518480633737,2,119,0.01680672268907563,0.004621078613443866,0.059213974007166756,1,119,0.008403361344537815,0.0014849048183694993,0.04606901828259955,0,119,0.0,3.469446951953614e-18,0.03127279358132749,0,119,0.0,3.469446951953614e-18,0.03127279358132749,2,119,0.01680672268907563,0.004621078613443866,0.059213974007166756,78,119,0.6554621848739496,0.5664219552433888,0.73477894086998,8,119,0.06722689075630252,0.03445533736402665,0.12706649237443327,33,119,0.2773109243697479,0.20480261028046137,0.3637474574490374,60,119,0.5042016806722689,0.41565273000948033,0.5924878347503404,57,119,0.4789915966386555,0.3913036522440084,0.5679935239568877,0,119,0.0,3.469446951953614e-18,0.03127279358132749,0,119,0.0,3.469446951953614e-18,0.03127279358132749,2,119,0.01680672268907563,0.004621078613443866,0.059213974007166756,29,119,0.24369747899159663,0.1753707625793421,0.32805478707159047,363 0.63; 364 0.17,2,56 0.39; 53 0.36; 64 0.09,3,shelter deduction 0.63; utility allowance 0.17,"wrong amount, known item 0.45; wrong include/exclude decision 0.39",83,1,82,84,0.9880952380952381,0.9356030079821146,0.9978954710984119,0.011904761904761904,82,0.4939759036144578,166,19172.0
1,rawben_rel_max <=   0.991 & total_deductions_by_hh_size > 604.000 & unc_rawben_rel_max >   0.985 & utilities <= 368.000,all_2022_24,109,73,112,1,112,0.008928571428571428,0.0015778140883850773,0.04884966619503642,3,112,0.026785714285714284,0.009150654164698513,0.07580673592659858,70,112,0.625,0.5325956874612924,0.7091136811938367,30,112,0.26785714285714285,0.19454473061185257,0.35656644188576486,8,112,0.07142857142857142,0.03663546303394121,0.1346467015770448,0,112,0.0,0.0,0.03316252537948371,0,112,0.0,0.0,0.03316252537948371,16,112,0.14285714285714285,0.08988584177181091,0.21951596207067742,73,112,0.6517857142857143,0.5598502165764603,0.7336540167904821,2,112,0.017857142857142856,0.004910708625338288,0.062781726562021,0,112,0.0,0.0,0.03316252537948371,13,112,0.11607142857142858,0.06909968490657367,0.18850725422410133,4,112,0.03571428571428571,0.01397438629425541,0.08824795870097946,1,112,0.008928571428571428,0.0015778140883850773,0.04884966619503642,0,112,0.0,0.0,0.03316252537948371,0,112,0.0,0.0,0.03316252537948371,3,112,0.026785714285714284,0.009150654164698513,0.07580673592659858,67,112,0.5982142857142857,0.5056188371038529,0.6842956668394627,15,112,0.13392857142857142,0.08287068691908167,0.2092661620194689,30,112,0.26785714285714285,0.19454473061185257,0.35656644188576486,57,112,0.5089285714285714,0.4175936103660135,0.5996713445379241,52,112,0.4642857142857143,0.37464203862409856,0.5562981417601502,1,112,0.008928571428571428,0.0015778140883850773,0.04884966619503642,0,112,0.0,0.0,0.03316252537948371,2,112,0.017857142857142856,0.004910708625338288,0.062781726562021,33,112,0.29464285714285715,0.21815539352569846,0.38475064368373235,363 0.62; 364 0.27,2,53 0.61; 64 0.12; 56 0.11,3,shelter deduction 0.62; utility allowance 0.27,"wrong include/exclude decision 0.65; wrong amount, known item 0.14",73,0,73,73,1.0,0.950006246616416,0.9999999999999999,0.0,73,0.5,146,20025.0
1,rawben_rel_max <=   0.991 & total_deductions_by_hh_size > 604.000 & unc_rawben_rel_max >   0.985 & utilities <= 368.000,train_2022_23,61,41,57,0,57,0.0,0.0,0.06314100878346394,2,57,0.03508771929824561,0.009675461353255768,0.11921003804189491,39,57,0.6842105263157895,0.5551998120281706,0.7899587636831847,14,57,0.24561403508771928,0.1523270046544784,0.3710254384107928,2,57,0.03508771929824561,0.009675461353255768,0.11921003804189491,0,57,0.0,0.0,0.06314100878346394,0,57,0.0,0.0,0.06314100878346394,0,57,0.0,0.0,0.06314100878346394,48,57,0.8421052631578947,0.726365780957114,0.9146430025068315,1,57,0.017543859649122806,0.003103584706680096,0.09290966938262721,0,57,0.0,0.0,0.06314100878346394,2,57,0.03508771929824561,0.009675461353255768,0.11921003804189491,3,57,0.05263157894736842,0.01805996809628102,0.14369777660471303,1,57,0.017543859649122806,0.003103584706680096,0.09290966938262721,0,57,0.0,0.0,0.06314100878346394,0,57,0.0,0.0,0.06314100878346394,2,57,0.03508771929824561,0.009675461353255768,0.11921003804189491,37,57,0.6491228070175439,0.519416545881409,0.7599975392182597,11,57,0.19298245614035087,0.11132633377760481,0.3134093733701362,9,57,0.15789473684210525,0.08535699749316844,0.2736342190428858,30,57,0.5263157894736842,0.3991779445222314,0.6501304234365335,26,57,0.45614035087719296,0.3337239950481139,0.5840953916872776,1,57,0.017543859649122806,0.003103584706680096,0.09290966938262721,0,57,0.0,0.0,0.06314100878346394,0,57,0.0,0.0,0.06314100878346394,20,57,0.3508771929824561,0.24000246078174026,0.48058345411859105,363 0.68; 364 0.25,2,53 0.77,1,shelter deduction 0.68; utility allowance 0.25,wrong include/exclude decision 0.84,41,0,41,41,1.0,0.9143295511310926,1.0,0.0,41,0.5,82,9492.0
1,rawben_rel_max <=   0.991 & total_deductions_by_hh_size > 604.000 & unc_rawben_rel_max >   0.985 & utilities <= 368.000,test_2024,48,32,55,1,55,0.01818181818181818,0.003216697592252786,0.09606000460483224,1,55,0.01818181818181818,0.003216697592252786,0.09606000460483224,31,55,0.5636363636363636,0.43269584078681317,0.686267613639987,16,55,0.2909090909090909,0.18771037010850328,0.4214097082034393,6,55,0.10909090909090909,0.050966556283051315,0.21825793795231957,0,55,0.0,0.0,0.06528714378942788,0,55,0.0,0.0,0.06528714378942788,16,55,0.2909090909090909,0.18771037010850328,0.4214097082034393,25,55,0.45454545454545453,0.33025071746446194,0.5847753865163952,1,55,0.01818181818181818,0.003216697592252786,0.09606000460483224,0,55,0.0,0.0,0.06528714378942788,11,55,0.2,0.1155209712045974,0.3236513150690593,1,55,0.01818181818181818,0.003216697592252786,0.09606000460483224,0,55,0.0,0.0,0.06528714378942788,0,55,0.0,0.0,0.06528714378942788,0,55,0.0,0.0,0.06528714378942788,1,55,0.01818181818181818,0.003216697592252786,0.09606000460483224,30,55,0.5454545454545454,0.41522461348360484,0.669749282535538,4,55,0.07272727272727272,0.028643596503688543,0.17260178091636796,21,55,0.38181818181818183,0.26515766317415235,0.513910207176076,27,55,0.4909090909090909,0.36376560487101584,0.6192396159251554,26,55,0.4727272727272727,0.34692885310480803,0.6020868092837061,0,55,0.0,0.0,0.06528714378942788,0,55,0.0,0.0,0.06528714378942788,2,55,0.03636363636363636,0.010029330855724924,0.1232369297490173,13,55,0.23636363636363636,0.14366521587457487,0.36348618721439613,363 0.56; 364 0.29,2,53 0.44; 56 0.22; 64 0.20,3,shelter deduction 0.56; utility allowance 0.29,"wrong include/exclude decision 0.45; wrong amount, known item 0.29; change in circumstances 0.20",32,0,32,32,1.0,0.8928172849426366,1.0,0.0,32,0.5,64,10533.0
4+,elderly_disabled_i <=   0.5 & medical_deductions <=  67.0 & shelter_expenses_by_hh_size > 263.0 & total_deductions_by_hh_size > 244.0,all_2022_24,1416,377,591,251,591,0.42470389170896783,0.38546399048732305,0.4649163460594147,65,591,0.10998307952622674,0.08723301025573739,0.13777075545264617,102,591,0.17258883248730963,0.14426135476367713,0.20514527718674458,23,591,0.038917089678511,0.026070191770332183,0.05771950955519717,0,591,0.0,0.0,0.006458189877775865,88,591,0.14890016920473773,0.12246954154197423,0.17986573561416278,62,591,0.10490693739424704,0.08270081498780962,0.13221623183608433,201,591,0.3401015228426396,0.303048827012837,0.3792195281257411,139,591,0.23519458544839256,0.202778343844143,0.271031154348317,67,591,0.11336717428087986,0.09026373027922216,0.14146451468548776,43,591,0.0727580372250423,0.054462306158095095,0.09657218773069816,40,591,0.0676818950930626,0.05009463766697958,0.09085313733732409,52,591,0.08798646362098139,0.06772753827666378,0.11356711226559824,4,591,0.00676818950930626,0.002635029988787705,0.01727211840164094,0,591,0.0,0.0,0.006458189877775865,4,591,0.00676818950930626,0.002635029988787705,0.01727211840164094,41,591,0.06937394247038917,0.05154717383426234,0.0927628407982045,382,588,0.6496598639455783,0.6102398838467101,0.6871369818551941,52,588,0.08843537414965986,0.06807640152082252,0.11413721779894144,154,588,0.2619047619047619,0.2279938584675435,0.2989065824612456,330,591,0.5583756345177665,0.5180902142920094,0.5979070528796209,240,591,0.40609137055837563,0.36722682798450207,0.4461688726524406,1,591,0.001692047377326565,0.00029874269429985487,0.009521686811639205,6,591,0.01015228426395939,0.004660892658348565,0.021970734988406473,14,591,0.023688663282571912,0.014162220958972212,0.03936732371308839,230,588,0.391156462585034,0.3525395149041187,0.4311864009490419,311 0.36; 363 0.17; 323 0.12; 350 0.07; 312 0.06,5,38 0.15; 53 0.12; 35 0.11; 52 0.08; 56 0.08; 44 0.08; 99 0.07; 41 0.03; 13 0.03; 98 0.02,10,earned income 0.42; shelter deduction 0.17; dep care or child support deduction 0.15; unearned income 0.11,"wrong amount, known item 0.34; wrong include/exclude decision 0.24; unreported source of income 0.11; method or computation 0.09",267,110,143,377,0.7082228116710876,0.6604185053058574,0.7518263755054827,0.2917771883289125,143,0.275,520,118602.0
4+,elderly_disabled_i <=   0.5 & medical_deductions <=  67.0 & shelter_expenses_by_hh_size > 263.0 & total_deductions_by_hh_size > 244.0,train_2022_23,770,188,296,126,296,0.42567567567567566,0.3706533254208948,0.48260252700251804,37,296,0.125,0.09206322248579576,0.16754585110506023,51,296,0.17229729729729729,0.13354503299176126,0.21944667996601377,11,296,0.037162162162162164,0.020875078510387574,0.0653090933990473,0,296,0.0,0.0,0.012812098121141296,43,296,0.14527027027027026,0.10967169737030628,0.18995850737780073,28,296,0.0945945945945946,0.06625826306496739,0.13331911379001204,78,296,0.2635135135135135,0.21658664860507826,0.3165001545603263,79,296,0.2668918918918919,0.21972131554131166,0.3200356761503015,33,296,0.11148648648648649,0.08049322098240227,0.15243509850361966,22,296,0.07432432432432433,0.04959171735402129,0.10996452834370712,24,296,0.08108108108108109,0.05508914399189394,0.11780747875825148,31,296,0.10472972972972973,0.07476645387949243,0.1448214885541125,0,296,0.0,0.0,0.012812098121141296,0,296,0.0,0.0,0.012812098121141296,2,296,0.006756756756756757,0.001854867437256628,0.024297607736301678,27,296,0.09121621621621621,0.063446027103196,0.1294611612255749,187,296,0.6317567567567568,0.575447635124992,0.6846897173971398,27,296,0.09121621621621621,0.063446027103196,0.1294611612255749,82,296,0.27702702702702703,0.22914713348652876,0.33062042378370987,156,296,0.527027027027027,0.47016716540622866,0.5831943428034393,128,296,0.43243243243243246,0.3772153019654477,0.4893809275103822,0,296,0.0,0.0,0.012812098121141296,0,296,0.0,0.0,0.012812098121141296,12,296,0.04054054054054054,0.023340284089947174,0.06951407634569619,111,296,0.375,0.32177998055835894,0.4314230439719264,311 0.35; 363 0.17; 323 0.11; 350 0.08; 312 0.07,5,38 0.16; 53 0.16; 35 0.11; 44 0.09; 99 0.09; 52 0.09; 13 0.03; 41 0.03,8,earned income 0.43; shelter deduction 0.17; dep care or child support deduction 0.15; unearned income 0.12,"wrong include/exclude decision 0.27; wrong amount, known item 0.26; unreported source of income 0.11; method or computation 0.10; other 0.09",125,63,70,188,0.6648936170212766,0.5947138280189954,0.7284694648643,0.3351063829787234,70,0.2713178294573643,258,57886.0
4+,elderly_disabled_i <=   0.5 & medical_deductions <=  67.0 & shelter_expenses_by_hh_size > 263.0 & total_deductions_by_hh_size > 244.0,test_2024,646,189,295,125,295,0.423728813559322,0.36867426308185897,0.48074429176458805,28,295,0.09491525423728814,0.06648572056261795,0.13375949295517878,51,295,0.17288135593220338,0.13400677755214022,0.22016613545595506,12,295,0.04067796610169491,0.023419917869188955,0.06974515687274792,0,295,0.0,0.0,0.012854970660041976,45,295,0.15254237288135594,0.11599974497631194,0.1980181159908359,34,295,0.1152542372881356,0.08365848237669087,0.15674178318205334,123,295,0.41694915254237286,0.3621041937902832,0.4739293437091813,60,295,0.2033898305084746,0.16140611232001875,0.25299937874949774,34,295,0.1152542372881356,0.08365848237669087,0.15674178318205334,21,295,0.0711864406779661,0.04702824637977539,0.10636940642358265,16,295,0.05423728813559322,0.03365711099957879,0.08627799843632306,21,295,0.0711864406779661,0.04702824637977539,0.10636940642358265,4,295,0.013559322033898305,0.005285166317945109,0.03433983903606183,0,295,0.0,0.0,0.012854970660041976,2,295,0.006779661016949152,0.0018611618041704959,0.024378826202853962,14,295,0.04745762711864407,0.028476730310615404,0.07807336177830396,195,292,0.6678082191780822,0.6119130833230295,0.7193452657394417,25,292,0.08561643835616438,0.05866273599265867,0.12333195305715719,72,292,0.2465753424657534,0.2006402286549619,0.2990920605159998,174,295,0.5898305084745763,0.5328963287640301,0.6444551510834878,112,295,0.37966101694915255,0.32616274555591757,0.43625319653514344,1,295,0.003389830508474576,0.0005986237528442448,0.01894885558068897,6,295,0.020338983050847456,0.009353942425891507,0.04365608027509791,2,295,0.006779661016949152,0.0018611618041704959,0.024378826202853962,119,292,0.4075342465753425,0.35272824821673954,0.4647416410753682,311 0.37; 363 0.17; 323 0.13; 350 0.06; 312 0.05,5,56 0.16; 38 0.14; 35 0.12; 53 0.07; 52 0.07; 44 0.06; 99 0.05; 37 0.03; 41 0.03; 57 0.03,10,earned income 0.42; shelter deduction 0.17; dep care or child support deduction 0.15; other element 0.12,"wrong amount, known item 0.42; wrong include/exclude decision 0.20; unreported source of income 0.12; household composition 0.07",142,47,73,189,0.7513227513227513,0.6851030291019018,0.8075292660045481,0.24867724867724866,73,0.2786259541984733,262,60716.0
4+,elderly_disabled_i <=   0.5 & shelter_expenses_by_hh_size <= 471.0 & total_deductions_by_hh_size > 244.0,all_2022_24,1076,316,511,186,511,0.3639921722113503,0.3234326284529786,0.4065814185859554,58,511,0.11350293542074363,0.08883482907071714,0.14393890172337562,94,511,0.18395303326810175,0.15276026090132458,0.2198623088366298,24,511,0.046966731898238745,0.03176166348883626,0.0689326083027206,0,511,0.0,0.0,0.007461712495649147,103,511,0.20156555772994128,0.16906741980672,0.23851735966719975,46,511,0.09001956947162426,0.0681670330484479,0.11799041809769104,174,511,0.3405088062622309,0.300747234916246,0.38265053247473413,147,511,0.2876712328767123,0.2501206985800613,0.32839043960302267,51,511,0.09980430528375733,0.07672701388951005,0.128853887109943,30,511,0.05870841487279843,0.041429631612557964,0.08257278000297583,31,511,0.060665362035225046,0.04306406865574414,0.08482303293045246,34,511,0.06653620352250489,0.04800130112364058,0.09153987037454449,6,511,0.011741682974559686,0.005392050764163582,0.025377801555462494,0,511,0.0,0.0,0.007461712495649147,4,511,0.007827788649706457,0.0030481140718193033,0.01995235830648113,34,511,0.06653620352250489,0.04800130112364058,0.09153987037454449,351,506,0.6936758893280632,0.6521763879244465,0.7322567379719102,37,506,0.07312252964426877,0.05351297643282326,0.09916503179561473,118,506,0.233201581027668,0.19845021725039358,0.27197353789238016,288,511,0.5636007827788649,0.5202838233203214,0.6059686007262203,198,511,0.38747553816046965,0.34622413434082766,0.43040619234606015,1,511,0.0019569471624266144,0.00034552390392660406,0.011000878562385366,8,511,0.015655577299412915,0.007953704795721073,0.030585527465230647,16,511,0.03131115459882583,0.01936331159915363,0.05025344042710065,210,506,0.4150197628458498,0.37288487573265505,0.458435283312821,311 0.32; 363 0.18; 323 0.16; 350 0.07; 364 0.05,5,53 0.15; 38 0.15; 52 0.10; 35 0.10; 44 0.08; 56 0.08; 99 0.07; 41 0.02,8,earned income 0.36; dep care or child support deduction 0.20; shelter deduction 0.18; unearned income 0.11,"wrong amount, known item 0.34; wrong include/exclude decision 0.29; unreported source of income 0.10; other 0.07",228,88,141,316,0.7215189873417721,0.6696604651444252,0.7680562046071017,0.27848101265822783,141,0.3085339168490153,457,105111.0
4+,elderly_disabled_i <=   0.5 & shelter_expenses_by_hh_size <= 471.0 & total_deductions_by_hh_size > 244.0,train_2022_23,624,177,284,104,284,0.36619718309859156,0.3122980635914295,0.4236678287604753,35,284,0.12323943661971831,0.08996158287839975,0.16657395611248968,51,284,0.1795774647887324,0.13930527433368314,0.22840252050903595,13,284,0.045774647887323945,0.026942977593132855,0.07673070960149087,0,284,0.0,0.0,0.013346229315012146,60,284,0.2112676056338028,0.16780534993869245,0.26243683882068075,21,284,0.07394366197183098,0.04886905995968731,0.11039075516085121,75,284,0.2640845070422535,0.21620690425605432,0.3182592743644092,96,284,0.3380281690140845,0.285498990029621,0.3948807743963689,29,284,0.10211267605633803,0.07204137582676018,0.14280456721969317,18,284,0.06338028169014084,0.04046326147525901,0.09795175567306146,19,284,0.06690140845070422,0.043244291127090134,0.1021189920119697,20,284,0.07042253521126761,0.0460466906253498,0.10626485850444939,0,284,0.0,0.0,0.013346229315012146,0,284,0.0,0.0,0.013346229315012146,2,284,0.007042253521126761,0.0019333286238324005,0.02530943267265845,25,284,0.0880281690140845,0.06033523993988061,0.12671763914361533,198,284,0.6971830985915493,0.6414048030133758,0.7476980924680278,18,284,0.06338028169014084,0.04046326147525901,0.09795175567306146,68,284,0.23943661971830985,0.19349218565214807,0.29233613103314,149,284,0.5246478873239436,0.4666252791345527,0.5820125828006228,121,284,0.426056338028169,0.36990689179375486,0.4841795224007189,0,284,0.0,0.0,0.013346229315012146,0,284,0.0,0.0,0.013346229315012146,14,284,0.04929577464788732,0.029588164726077643,0.08103378845928542,117,284,0.4119718309859155,0.3562738502355443,0.470019499995972,311 0.31; 363 0.18; 323 0.15; 350 0.08; 366 0.06,5,53 0.19; 38 0.17; 52 0.13; 35 0.10; 44 0.09; 99 0.09,6,earned income 0.37; dep care or child support deduction 0.21; shelter deduction 0.18,"wrong include/exclude decision 0.34; wrong amount, known item 0.26; unreported source of income 0.10; other 0.09",124,53,79,177,0.7005649717514124,0.6294137772628124,0.7631950030178308,0.2994350282485876,79,0.30859375,256,57485.0
4+,elderly_disabled_i <=   0.5 & shelter_expenses_by_hh_size <= 471.0 & total_deductions_by_hh_size > 244.0,test_2024,452,139,227,82,227,0.36123348017621143,0.3015322596203737,0.42555332633986914,23,227,0.1013215859030837,0.06846780974169736,0.14744474674725436,43,227,0.1894273127753304,0.14378279912597589,0.24540875040409146,11,227,0.048458149779735685,0.02727039549441056,0.0846747651698718,0,227,0.0,0.0,0.016641714491668746,43,227,0.1894273127753304,0.14378279912597589,0.24540875040409146,25,227,0.11013215859030837,0.0757174884906459,0.15752296730241738,99,227,0.43612334801762115,0.3732046749793344,0.5011680550658568,51,227,0.22466960352422907,0.17521577509617248,0.2832873716503411,22,227,0.09691629955947137,0.06487460766940248,0.14237399916749346,12,227,0.05286343612334802,0.03049511908868713,0.090113991227651,12,227,0.05286343612334802,0.03049511908868713,0.090113991227651,14,227,0.06167400881057269,0.037089497524374765,0.10084751209607493,6,227,0.02643171806167401,0.012168799965886646,0.056456612438116796,0,227,0.0,0.0,0.016641714491668746,2,227,0.00881057268722467,0.002419460791781838,0.031550153003998466,9,227,0.039647577092511016,0.020996356283429815,0.07362090507674098,153,222,0.6891891891891891,0.6255222495248723,0.7464198550298243,19,222,0.08558558558558559,0.055474129279163994,0.12979554645816693,50,222,0.22522522522522523,0.17521740237511524,0.28458096958115847,139,227,0.6123348017621145,0.5475851556515599,0.6733455604758625,77,227,0.3392070484581498,0.2807492308618938,0.4030166068380702,1,227,0.004405286343612335,0.000778044920221474,0.024527619223503053,8,227,0.03524229074889868,0.017963794807951294,0.06798951690016371,2,227,0.00881057268722467,0.002419460791781838,0.031550153003998466,93,222,0.4189189189189189,0.3559349857591003,0.48466125514602953,311 0.33; 363 0.19; 323 0.16; 350 0.07; 364 0.05,5,56 0.18; 38 0.12; 53 0.11; 35 0.10; 44 0.07; 52 0.06; 99 0.04; 57 0.04; 54 0.03; 97 0.03,10,earned income 0.36; dep care or child support deduction 0.19; shelter deduction 0.19; other element 0.11,"wrong amount, known item 0.44; wrong include/exclude decision 0.22; unreported source of income 0.10",104,35,62,139,0.7482014388489209,0.6700328883002307,0.8130196678178749,0.2517985611510791,62,0.30845771144278605,201,47626.0
4+,HH_size_n <=   6.500 & shelter_expenses_by_hh_size <= 461.000 & total_deductions_by_hh_size > 221.000 & unc_rawben_rel_max <=   0.831,all_2022_24,1359,393,629,233,629,0.37042925278219396,0.3335819753602703,0.40884962205684,84,629,0.13354531001589826,0.1091735947977916,0.16236607642483342,131,629,0.2082670906200318,0.1783505573160798,0.2417254933101748,27,629,0.04292527821939587,0.029665975260357795,0.06173383157914201,2,629,0.003179650238473768,0.0008723900311572485,0.011518704359603407,100,629,0.1589825119236884,0.13248795260276247,0.18961729458705562,52,629,0.08267090620031796,0.06359928032428178,0.10680923896395714,218,629,0.3465818759936407,0.31042427816198537,0.38460209178588145,181,629,0.287758346581876,0.2537507177842889,0.324342757739444,60,629,0.09538950715421304,0.07482719656792583,0.12086411070390962,32,629,0.05087440381558029,0.03626441075158261,0.07093713857766502,34,629,0.05405405405405406,0.03893639097569382,0.07458585534945295,49,629,0.07790143084260731,0.059425223602574746,0.1015022501918155,6,629,0.009538950715421303,0.004378852535518573,0.020653635847040344,0,629,0.0,0.0,0.006070397394861525,6,629,0.009538950715421303,0.004378852535518573,0.020653635847040344,43,629,0.06836248012718601,0.051146276428295244,0.0908191063783976,420,626,0.670926517571885,0.6331727046965324,0.7065952623605817,47,626,0.07507987220447285,0.05692862275084562,0.0984145619482914,159,626,0.2539936102236422,0.2214653545662261,0.28952280499643224,358,629,0.5691573926868044,0.5301533546990795,0.6073218049617266,242,629,0.3847376788553259,0.34752376466265184,0.4233509692360045,2,629,0.003179650238473768,0.0008723900311572485,0.011518704359603407,7,629,0.011128775834658187,0.005400949627880645,0.022791887252627836,20,629,0.03179650238473768,0.020675943209754022,0.04860142414409882,258,626,0.41214057507987223,0.3742312659973233,0.4511216481321974,311 0.31; 363 0.21; 323 0.12; 350 0.08; 312 0.05,5,38 0.16; 53 0.14; 52 0.10; 35 0.10; 44 0.09; 99 0.07; 56 0.07; 98 0.03,8,earned income 0.37; shelter deduction 0.21; dep care or child support deduction 0.16; unearned income 0.13,"wrong amount, known item 0.35; wrong include/exclude decision 0.29; unreported source of income 0.10; method or computation 0.08",270,123,173,393,0.6870229007633588,0.639552949335844,0.7308719254756678,0.31297709923664124,173,0.30565371024734983,566,126166.0
4+,HH_size_n <=   6.500 & shelter_expenses_by_hh_size <= 461.000 & total_deductions_by_hh_size > 221.000 & unc_rawben_rel_max <=   0.831,train_2022_23,829,242,381,141,381,0.3700787401574803,0.32311844702513187,0.41963285636826425,52,381,0.13648293963254593,0.1056206033851303,0.17460274045295787,79,381,0.2073490813648294,0.16966033946138437,0.2508804752530332,18,381,0.047244094488188976,0.030089919591978324,0.07343734980925065,2,381,0.005249343832020997,0.0014407116023125548,0.018935463946276786,58,381,0.15223097112860892,0.11964237437648029,0.19176262965634777,31,381,0.08136482939632546,0.05791071317971824,0.11317681997678045,102,381,0.2677165354330709,0.22573685645219793,0.3143336556753891,125,381,0.32808398950131235,0.2828587630207502,0.3767414465200063,38,381,0.09973753280839895,0.07352920119644907,0.13393693552057942,21,381,0.05511811023622047,0.036329745301986405,0.0827883541966125,23,381,0.06036745406824147,0.04055915685223567,0.0889528293779432,35,381,0.09186351706036745,0.06679374913486835,0.12508155748479025,1,381,0.0026246719160104987,0.0004634574653101693,0.014715774717489196,0,381,0.0,0.0,0.009982288817009388,3,381,0.007874015748031496,0.002681368617999178,0.022891750296380138,33,381,0.08661417322834646,0.06233738764544135,0.1191440322426373,253,381,0.6640419947506562,0.6151854956326817,0.7096234647291919,30,381,0.07874015748031496,0.05570929189016682,0.11018129790054185,98,381,0.2572178477690289,0.21590285221135752,0.3033798864530697,211,381,0.5538057742782152,0.5036001548517326,0.602937184146962,151,381,0.3963254593175853,0.34847939569851016,0.4462413413527857,1,381,0.0026246719160104987,0.0004634574653101693,0.014715774717489196,0,381,0.0,0.0,0.009982288817009388,18,381,0.047244094488188976,0.030089919591978324,0.07343734980925065,160,381,0.4199475065616798,0.37142886575329115,0.47006436159011455,311 0.30; 363 0.21; 323 0.11; 350 0.08; 312 0.06,5,53 0.17; 38 0.17; 52 0.13; 35 0.10; 44 0.09; 99 0.09,6,earned income 0.37; shelter deduction 0.21; dep care or child support deduction 0.15; unearned income 0.14,"wrong include/exclude decision 0.33; wrong amount, known item 0.27; unreported source of income 0.10; method or computation 0.09",163,79,105,242,0.6735537190082644,0.6121624429751449,0.7295209824500068,0.32644628099173556,105,0.3025936599423631,347,72131.0
4+,HH_size_n <=   6.500 & shelter_expenses_by_hh_size <= 461.000 & total_deductions_by_hh_size > 221.000 & unc_rawben_rel_max <=   0.831,test_2024,530,151,248,92,248,0.3709677419354839,0.3132416753173435,0.4326303331197059,32,248,0.12903225806451613,0.09290208472217706,0.17647993953433974,52,248,0.20967741935483872,0.163634226614076,0.26457779236928497,9,248,0.036290322580645164,0.01920764820306371,0.0675198821175823,0,248,0.0,0.0,0.015254032693566115,42,248,0.1693548387096774,0.1278015041834678,0.22099551743647106,21,248,0.0846774193548387,0.05604945069719733,0.1259760764595552,116,248,0.46774193548387094,0.40660708145783725,0.5298609206514252,56,248,0.22580645161290322,0.17818001632930222,0.2817980015994276,22,248,0.08870967741935484,0.059311379385833474,0.13065564750726127,11,248,0.04435483870967742,0.024944526353032508,0.07766600344029792,11,248,0.04435483870967742,0.024944526353032508,0.07766600344029792,14,248,0.056451612903225805,0.03392108371520571,0.09251394528715132,5,248,0.020161290322580645,0.008641570420160682,0.04631996095511648,0,248,0.0,0.0,0.015254032693566115,3,248,0.012096774193548387,0.004122290881182709,0.034956241021410026,10,248,0.04032258064516129,0.02204721594037865,0.07262181411660956,167,245,0.6816326530612244,0.6208800052038576,0.7367772353861403,17,245,0.06938775510204082,0.04376993474111391,0.10830110161293624,61,245,0.24897959183673468,0.1989870514771713,0.30672260478609015,147,248,0.592741935483871,0.5306287415010462,0.6520257524348247,91,248,0.36693548387096775,0.30940404453307363,0.42852646416763357,1,248,0.004032258064516129,0.0007121292102298671,0.022483403219678455,7,248,0.028225806451612902,0.013738318203984391,0.05710621264397719,2,248,0.008064516129032258,0.0022143279641083334,0.028922704202142196,98,245,0.4,0.3406546541613424,0.4624329324801196,311 0.33; 363 0.21; 323 0.15; 350 0.09,4,56 0.17; 38 0.14; 53 0.10; 44 0.09; 35 0.09; 52 0.06; 57 0.05; 99 0.04; 37 0.04,9,earned income 0.37; shelter deduction 0.21; dep care or child support deduction 0.17,"wrong amount, known item 0.47; wrong include/exclude decision 0.23; unreported source of income 0.09",107,44,68,151,0.7086092715231788,0.6316731117214294,0.7751942934203413,0.2913907284768212,68,0.3105022831050228,219,54035.0
4+,rawben_rel_max <=   0.983 & shelter_expenses_by_hh_size > 260.000 & total_deductions_by_hh_size > 244.000,all_2022_24,1581,433,686,275,686,0.4008746355685131,0.3648508332257119,0.43800245947220595,89,686,0.12973760932944606,0.10663998534601571,0.15695907855503055,125,686,0.18221574344023322,0.15512440507291275,0.21284644504688283,26,686,0.037900874635568516,0.025993694968420897,0.054954743049814014,3,686,0.004373177842565598,0.0014883391413067944,0.0127781243482827,93,686,0.13556851311953352,0.11197129205169142,0.1632246369847714,75,686,0.10932944606413994,0.08811688222063531,0.13489315370645288,242,686,0.35276967930029157,0.3179221976998451,0.38925695763088597,161,686,0.23469387755102042,0.20451042038177847,0.2678322159567665,73,686,0.10641399416909621,0.08548994314003167,0.1317216602193482,52,686,0.07580174927113703,0.058271610446030256,0.09805645095241251,47,686,0.06851311953352769,0.05191150713196248,0.08992047284720954,54,686,0.07871720116618076,0.060830628701006195,0.10129586526514486,6,686,0.008746355685131196,0.004014467307755273,0.018949645033396665,0,686,0.0,0.0,0.005568814638027048,4,686,0.0058309037900874635,0.002269755213957947,0.014895924559485695,47,686,0.06851311953352769,0.05191150713196248,0.08992047284720954,444,682,0.6510263929618768,0.6144974115642321,0.6858634880953978,57,682,0.08357771260997067,0.06506657155988389,0.10675386044657358,181,682,0.2653958944281525,0.23363793684941986,0.29978202484435906,381,686,0.5553935860058309,0.5180012693607251,0.5921689494257324,279,686,0.4067055393586006,0.37056442674015166,0.44388573109318286,1,686,0.0014577259475218659,0.0002573641660370621,0.008210666755844136,8,686,0.011661807580174927,0.005920741285166399,0.022841803623693833,17,686,0.02478134110787172,0.015528743223853007,0.039326748239694564,267,682,0.3914956011730205,0.3555691692068898,0.428637563076483,311 0.34; 363 0.18; 323 0.11; 350 0.07; 150 0.06,5,38 0.15; 53 0.11; 35 0.11; 56 0.09; 44 0.08; 52 0.08; 99 0.07; 37 0.03; 41 0.03; 13 0.03,10,earned income 0.40; shelter deduction 0.18; dep care or child support deduction 0.14; unearned income 0.13,"wrong amount, known item 0.35; wrong include/exclude decision 0.23; unreported source of income 0.11; method or computation 0.08",303,130,172,433,0.6997690531177829,0.6549931492563095,0.7410314051817295,0.3002309468822171,172,0.28429752066115704,605,141118.0
4+,rawben_rel_max <=   0.983 & shelter_expenses_by_hh_size > 260.000 & total_deductions_by_hh_size > 244.000,train_2022_23,860,214,335,133,335,0.3970149253731343,0.34607222839049556,0.45029279880805384,48,335,0.14328358208955225,0.10980362331183574,0.18485205060777748,59,335,0.1761194029850746,0.13906592484456756,0.2205168418523197,15,335,0.04477611940298507,0.027319653279547478,0.07255474230824338,2,335,0.005970149253731343,0.0016387256581546772,0.02150365119285771,43,335,0.12835820895522387,0.09670784935598258,0.16843550966486964,35,335,0.1044776119402985,0.07608534313858192,0.14183831204425276,88,335,0.2626865671641791,0.2184398735284166,0.31231431958128425,92,335,0.2746268656716418,0.2295897138602762,0.3247743311684334,36,335,0.10746268656716418,0.0786379742892169,0.14518814387336998,26,335,0.07761194029850746,0.05351196115776051,0.11128952720730446,28,335,0.08358208955223881,0.058458714467459774,0.11814769985710959,33,335,0.09850746268656717,0.07100428887468989,0.13511444034864045,0,335,0.0,0.0,0.011337450891508009,0,335,0.0,0.0,0.011337450891508009,2,335,0.005970149253731343,0.0016387256581546772,0.02150365119285771,30,335,0.08955223880597014,0.06344812355070809,0.12496321673336566,213,335,0.6358208955223881,0.5830210253300139,0.6855410402487108,31,335,0.09253731343283582,0.0659576468399133,0.12835615642391263,91,335,0.2716417910447761,0.22679824686520011,0.3216633351837572,176,335,0.5253731343283582,0.4719145501425337,0.5782563851853599,145,335,0.43283582089552236,0.380835572270065,0.48635901068551063,0,335,0.0,0.0,0.011337450891508009,0,335,0.0,0.0,0.011337450891508009,14,335,0.041791044776119404,0.02505447372396533,0.06891745888407336,127,335,0.37910447761194027,0.32879789267802834,0.43215235664200785,311 0.33; 363 0.18; 323 0.10; 350 0.07; 150 0.07; 312 0.07,6,38 0.16; 53 0.15; 35 0.11; 52 0.10; 44 0.09; 99 0.09; 13 0.04; 41 0.03,8,earned income 0.40; shelter deduction 0.18; unearned income 0.14; dep care or child support deduction 0.13,"wrong include/exclude decision 0.27; wrong amount, known item 0.26; unreported source of income 0.11; method or computation 0.10; other 0.09",139,75,84,214,0.6495327102803738,0.5834816403444821,0.710309811793218,0.35046728971962615,84,0.28187919463087246,298,64679.0
4+,rawben_rel_max <=   0.983 & shelter_expenses_by_hh_size > 260.000 & total_deductions_by_hh_size > 244.000,test_2024,721,219,351,142,351,0.4045584045584046,0.3545132075578108,0.4566701486213971,41,351,0.1168091168091168,0.08728128510102755,0.15463398075280693,66,351,0.18803418803418803,0.15061542522803356,0.23220778377564583,11,351,0.03133903133903134,0.01758748981181569,0.05523824426220495,1,351,0.002849002849002849,0.000503083172408339,0.01595947364167434,50,351,0.14245014245014245,0.10974925915869144,0.18289286622908724,40,351,0.11396011396011396,0.08481340131739884,0.15146554681044186,154,351,0.43874643874643876,0.3877725870644358,0.49104658182669764,69,351,0.19658119658119658,0.15838530830413075,0.24134685387753,37,351,0.10541310541310542,0.07744874131630505,0.14192125363355426,26,351,0.07407407407407407,0.05104825761483966,0.10632224234908788,19,351,0.05413105413105413,0.034924541868504626,0.08299173401346638,21,351,0.05982905982905983,0.03946121068646426,0.08972770064749434,6,351,0.017094017094017096,0.007857184338735035,0.03678696110531662,0,351,0.0,0.0,0.010826239088088881,2,351,0.005698005698005698,0.0015639592395947054,0.02053491530048177,17,351,0.04843304843304843,0.030455860994362243,0.07618777943562115,231,347,0.6657060518731989,0.6144947797010178,0.713288470631896,26,347,0.07492795389048991,0.051642663664146604,0.10752204200359636,90,347,0.25936599423631124,0.21606261058286608,0.30793910415107656,205,351,0.584045584045584,0.5318432424582877,0.6344281304585293,134,351,0.3817663817663818,0.33248104156500297,0.43361177280625457,1,351,0.002849002849002849,0.000503083172408339,0.01595947364167434,8,351,0.022792022792022793,0.011593205812697474,0.044323575083341775,3,351,0.008547008547008548,0.0029108749609698392,0.02482431730510043,140,347,0.4034582132564842,0.35316864181484225,0.45586198625206903,311 0.35; 363 0.19; 323 0.13; 350 0.07; 150 0.05,5,56 0.17; 38 0.15; 35 0.11; 53 0.07; 44 0.07; 52 0.06; 99 0.05; 37 0.04; 57 0.03; 41 0.03,10,earned income 0.40; shelter deduction 0.19; dep care or child support deduction 0.14; unearned income 0.12,"wrong amount, known item 0.44; wrong include/exclude decision 0.20; unreported source of income 0.11; household composition 0.07",164,55,88,219,0.7488584474885844,0.6874669986640929,0.8016696795862877,0.2511415525114155,88,0.28664495114006516,307,76439.0
4+,percent_abawd <=   0.183 & shelter_expenses_by_hh_size > 260.000 & total_deductions_by_hh_size > 244.000,all_2022_24,1631,428,676,264,676,0.3905325443786982,0.35447208483188586,0.4278301455700195,94,676,0.1390532544378698,0.11500358210069583,0.16718215057585706,121,676,0.17899408284023668,0.1519342372734308,0.20968176268891336,27,676,0.03994082840236687,0.027592634808009157,0.05748836052972834,4,676,0.005917159763313609,0.002303365585479322,0.015114809471769304,91,676,0.1346153846153846,0.11094023449551565,0.16241991292706043,75,676,0.11094674556213018,0.08943427146466798,0.13685608793669843,233,676,0.34467455621301774,0.30981540109611094,0.38128911501470075,167,676,0.2470414201183432,0.21601860666351064,0.2809230338598113,74,676,0.10946745562130178,0.08810037802566562,0.13524811962437522,49,676,0.07248520710059171,0.05526069645977346,0.09454125740712727,48,676,0.07100591715976332,0.0539718482839351,0.09288824383164006,52,676,0.07692307692307693,0.05914075443539661,0.09948678468548096,6,676,0.008875739644970414,0.004073943130079294,0.01922795542982054,2,676,0.0029585798816568047,0.000811707623336288,0.010722743931261134,4,676,0.005917159763313609,0.002303365585479322,0.015114809471769304,41,676,0.060650887573964495,0.04502003188763827,0.08124702796865767,432,672,0.6428571428571429,0.6059106622979196,0.6781795742308767,51,672,0.07589285714285714,0.058192357848393605,0.098414752456743,189,672,0.28125,0.2485730265530907,0.31641379876219045,374,676,0.5532544378698225,0.5155804342320744,0.5903265888156473,276,676,0.40828402366863903,0.3718507268850848,0.4457538445327278,1,676,0.0014792899408284023,0.00026117202447332923,0.008331417778798492,7,676,0.010355029585798817,0.005024781313114254,0.021218978998111183,18,676,0.026627218934911243,0.016908094949072777,0.04169614462673429,268,672,0.39880952380952384,0.3624635659523913,0.4363058498397116,311 0.34; 363 0.18; 323 0.11; 350 0.07; 150 0.05,5,38 0.15; 53 0.12; 35 0.11; 56 0.08; 44 0.08; 52 0.08; 99 0.06; 37 0.04; 41 0.03; 13 0.02,10,earned income 0.39; shelter deduction 0.18; unearned income 0.14; dep care or child support deduction 0.13,"wrong amount, known item 0.34; wrong include/exclude decision 0.25; unreported source of income 0.11; method or computation 0.08",313,115,169,428,0.7313084112149533,0.6873909879843164,0.7711104625475452,0.26869158878504673,169,0.2830820770519263,597,144107.0
4+,percent_abawd <=   0.183 & shelter_expenses_by_hh_size > 260.000 & total_deductions_by_hh_size > 244.000,train_2022_23,888,213,331,131,331,0.3957703927492447,0.3445733398457134,0.4493590747646576,52,331,0.15709969788519637,0.12185838618396366,0.20020912275160468,58,331,0.17522658610271905,0.13806293274275871,0.2198424171301364,14,331,0.04229607250755287,0.02535923165353852,0.0697352846789602,3,331,0.00906344410876133,0.003087026916651147,0.026304781030748462,42,331,0.1268882175226586,0.09526098016545163,0.16707679387457203,31,331,0.09365558912386707,0.06676439002037501,0.1298706756345496,84,331,0.2537764350453172,0.2099039414818501,0.30329871911946116,97,331,0.2930513595166163,0.24661478498073022,0.3442365309847891,39,331,0.11782477341389729,0.08739935411968158,0.15701949945167876,22,331,0.06646525679758308,0.04429868287372579,0.09857962137520865,28,331,0.08459214501510574,0.059173106415207344,0.11954303877105388,34,331,0.1027190332326284,0.07444094305466634,0.1401130430689217,0,331,0.0,0.0,0.011472887478736215,0,331,0.0,0.0,0.011472887478736215,2,331,0.006042296072507553,0.001658547735000064,0.02176028672284508,25,331,0.0755287009063444,0.051679276249752625,0.1091179484678452,213,331,0.6435045317220544,0.5905291319698219,0.693187108784015,25,331,0.0755287009063444,0.051679276249752625,0.1091179484678452,93,331,0.2809667673716012,0.23527059787925103,0.3316888241280504,174,331,0.525679758308157,0.4718992244590058,0.5788710502022071,141,331,0.4259818731117825,0.37385856586125793,0.47980358364465786,0,331,0.0,0.0,0.011472887478736215,0,331,0.0,0.0,0.011472887478736215,16,331,0.04833836858006042,0.02996975726493861,0.07707070604666903,129,331,0.38972809667673713,0.33874083328327764,0.4432456343479845,311 0.33; 363 0.18; 323 0.10; 350 0.07; 312 0.06; 150 0.05,6,53 0.17; 38 0.16; 35 0.12; 52 0.09; 44 0.08; 99 0.08; 41 0.03; 98 0.03,8,earned income 0.40; shelter deduction 0.18; unearned income 0.16; dep care or child support deduction 0.13,"wrong include/exclude decision 0.29; wrong amount, known item 0.25; unreported source of income 0.12; method or computation 0.10",145,68,80,213,0.6807511737089202,0.615416121644109,0.7396817931471489,0.3192488262910798,80,0.27303754266211605,293,67735.0
4+,percent_abawd <=   0.183 & shelter_expenses_by_hh_size > 260.000 & total_deductions_by_hh_size > 244.000,test_2024,743,215,345,133,345,0.3855072463768116,0.33567656545714075,0.4378596183007596,42,345,0.12173913043478261,0.09133899103178146,0.16047042619368707,63,345,0.1826086956521739,0.14541039859327487,0.22679750321660097,13,345,0.03768115942028986,0.0221509153967159,0.06339392787885673,1,345,0.002898550724637681,0.0005118355816843678,0.01623387364565549,49,345,0.14202898550724638,0.10912710547392723,0.18281513994634369,44,345,0.12753623188405797,0.0963932891331712,0.1668826504336694,149,345,0.4318840579710145,0.38064784317681155,0.48462051931206584,70,345,0.2028985507246377,0.1638412258761263,0.248499504128552,35,345,0.10144927536231885,0.07385191085905664,0.13782467817160943,27,345,0.0782608695652174,0.054340141975944375,0.11147035768923315,20,345,0.057971014492753624,0.03783704355166501,0.08784062791871008,18,345,0.05217391304347826,0.03325381114190497,0.08095733798709798,6,345,0.017391304347826087,0.00799423984751081,0.03741777523325937,2,345,0.005797101449275362,0.001591183229382601,0.02088778716864332,2,345,0.005797101449275362,0.001591183229382601,0.02088778716864332,16,345,0.0463768115942029,0.028745082048238633,0.07399954473939219,219,341,0.6422287390029325,0.5900260828816221,0.6912624855509567,26,341,0.07624633431085044,0.05256069415381056,0.10937336484603166,96,341,0.28152492668621704,0.23642737772038303,0.3314901821099856,200,345,0.5797101449275363,0.527025848423011,0.6306388337708557,135,345,0.391304347826087,0.3412721077668939,0.4437305983323786,1,345,0.002898550724637681,0.0005118355816843678,0.01623387364565549,7,345,0.020289855072463767,0.009862285270074982,0.04128299098138126,2,345,0.005797101449275362,0.001591183229382601,0.02088778716864332,139,341,0.40762463343108507,0.35677843612027166,0.4605289885059916,311 0.34; 363 0.18; 323 0.12; 350 0.07; 150 0.06,5,56 0.16; 38 0.15; 35 0.10; 53 0.08; 44 0.07; 52 0.06; 99 0.05; 37 0.04; 57 0.03; 41 0.02,10,earned income 0.39; shelter deduction 0.18; dep care or child support deduction 0.14; other element 0.13,"wrong amount, known item 0.43; wrong include/exclude decision 0.20; unreported source of income 0.10; household composition 0.08",168,47,89,215,0.7813953488372093,0.7214742254208031,0.8314371040522037,0.2186046511627907,89,0.29276315789473684,304,76372.0
4+,elderly_disabled_i <=   0.5 & HH_size_n <=   5.5 & total_deductions_by_hh_size > 236.0,all_2022_24,1669,440,700,290,700,0.4142857142857143,0.3783580732524595,0.45114902038906457,77,700,0.11,0.08891498198904006,0.13534229407989362,123,700,0.1757142857142857,0.14931211136890557,0.20565639290819313,31,700,0.04428571428571428,0.03137186385222552,0.06217418400854317,0,700,0.0,0.0,0.005458046242222682,111,700,0.15857142857142856,0.13338462085776875,0.1874853021476347,68,700,0.09714285714285714,0.0773521532305444,0.12133118688461789,237,700,0.3385714285714286,0.3044803007652841,0.3744247255929193,176,700,0.25142857142857145,0.22070551318379714,0.28486505837662224,77,700,0.11,0.08891498198904006,0.13534229407989362,45,700,0.06428571428571428,0.048388913454087606,0.08493881255699215,46,700,0.06571428571428571,0.04962602601475949,0.08654324843562822,57,700,0.08142857142857143,0.06337919101883185,0.10404711626394314,6,700,0.008571428571428572,0.003934060191568017,0.01857327668650228,0,700,0.0,0.0,0.005458046242222682,4,700,0.005714285714285714,0.002224315576231416,0.014599924423223007,52,700,0.07428571428571429,0.0570968678029165,0.09612169728331882,451,695,0.6489208633093525,0.6127040255672028,0.6835004362164115,57,695,0.08201438848920864,0.06383906367549422,0.10478512812991636,187,695,0.26906474820143883,0.23742951656448094,0.3032389267565806,391,700,0.5585714285714286,0.5215653787931417,0.5949381072184837,280,700,0.4,0.3643487190948421,0.43674289015360257,1,700,0.0014285714285714286,0.000252215973715443,0.008047378707815174,9,700,0.012857142857142857,0.006778594130673591,0.024253388065320507,19,700,0.027142857142857142,0.017444207281101458,0.042003259307971996,280,695,0.4028776978417266,0.36704255539924713,0.4397806216983956,311 0.35; 363 0.18; 323 0.12; 350 0.07; 312 0.07,5,38 0.16; 53 0.13; 35 0.11; 52 0.09; 44 0.08; 99 0.07; 56 0.07; 41 0.03; 98 0.02,9,earned income 0.41; shelter deduction 0.18; dep care or child support deduction 0.16; unearned income 0.11,"wrong amount, known item 0.34; wrong include/exclude decision 0.25; unreported source of income 0.11; method or computation 0.08",315,125,170,440,0.7159090909090909,0.6720421860763898,0.7560384625153601,0.2840909090909091,170,0.2786885245901639,610,142695.0
4+,elderly_disabled_i <=   0.5 & HH_size_n <=   5.5 & total_deductions_by_hh_size > 236.0,train_2022_23,946,243,388,162,388,0.4175257731958763,0.3694983190056081,0.46717037569143266,48,388,0.12371134020618557,0.09459152587146033,0.16020939368378853,65,388,0.16752577319587628,0.13366534371786565,0.2079053317795802,18,388,0.04639175257731959,0.029543367703765703,0.07213445312995895,0,388,0.0,0.0,0.00980396160081012,64,388,0.16494845360824742,0.13133894619062497,0.20512762601610346,31,388,0.07989690721649484,0.056855207229944374,0.11117595638310741,109,388,0.2809278350515464,0.23852131070421598,0.32762990958479865,111,388,0.2860824742268041,0.24338292125006974,0.3329765056203799,41,388,0.1056701030927835,0.07885289694311563,0.14021929957711088,24,388,0.061855670103092786,0.041915478215519414,0.09038696236251009,30,388,0.07731958762886598,0.05469415733477845,0.10823290298755589,36,388,0.09278350515463918,0.0677726587864125,0.12577902128022667,0,388,0.0,0.0,0.00980396160081012,0,388,0.0,0.0,0.00980396160081012,2,388,0.005154639175257732,0.0014146984018567291,0.018597469780388336,35,388,0.09020618556701031,0.06557518025850054,0.12287239651742113,245,388,0.6314432989690721,0.5823711150848221,0.6779381527417689,34,388,0.08762886597938144,0.06338442504844277,0.11995904843676145,109,388,0.2809278350515464,0.23852131070421598,0.32762990958479865,209,388,0.538659793814433,0.488920048853745,0.5876415005070171,162,388,0.4175257731958763,0.3694983190056081,0.46717037569143266,0,388,0.0,0.0,0.00980396160081012,0,388,0.0,0.0,0.00980396160081012,17,388,0.04381443298969072,0.02753265675387526,0.0690410607891319,156,388,0.4020618556701031,0.35446409348180924,0.45157998147092665,311 0.34; 363 0.17; 323 0.12; 350 0.07; 312 0.07,5,38 0.18; 53 0.17; 35 0.11; 52 0.10; 44 0.09; 99 0.09; 13 0.03,7,earned income 0.42; shelter deduction 0.17; dep care or child support deduction 0.16,"wrong include/exclude decision 0.29; wrong amount, known item 0.28; unreported source of income 0.11; method or computation 0.09",165,78,93,243,0.6790123456790124,0.6179186342229567,0.734534112801856,0.32098765432098764,93,0.2767857142857143,336,77168.0
4+,elderly_disabled_i <=   0.5 & HH_size_n <=   5.5 & total_deductions_by_hh_size > 236.0,test_2024,723,197,312,128,312,0.41025641025641024,0.3570893635637354,0.4656065700941489,29,312,0.09294871794871795,0.06549645510231178,0.13030295827452015,58,312,0.1858974358974359,0.14664413265202625,0.2327916351505685,13,312,0.041666666666666664,0.024509147942215564,0.06997365609626448,0,312,0.0,0.0,0.012163058951069143,47,312,0.15064102564102563,0.11521286090264998,0.1945677379798278,37,312,0.11858974358974358,0.08727221954079156,0.15918549850521632,128,312,0.41025641025641024,0.3570893635637354,0.4656065700941489,65,312,0.20833333333333334,0.1669515560769419,0.25681022831118183,36,312,0.11538461538461539,0.084518653901997,0.1556067760603639,21,312,0.0673076923076923,0.04444116525852003,0.10069994344913595,16,312,0.05128205128205128,0.03180898977748543,0.08167067851193559,21,312,0.0673076923076923,0.04444116525852003,0.10069994344913595,6,312,0.019230769230769232,0.008842583941249794,0.04131420351170131,0,312,0.0,0.0,0.012163058951069143,2,312,0.00641025641025641,0.0017596504817955477,0.023067984636567583,17,312,0.05448717948717949,0.034293797007048814,0.0855181593660192,206,307,0.6710097719869706,0.6166208782467983,0.7211717466785654,23,307,0.0749185667752443,0.05043772465617545,0.10990632195791998,78,307,0.254071661237785,0.20861926093470493,0.3056027736964384,182,312,0.5833333333333334,0.5279384393680798,0.636701050806742,118,312,0.3782051282051282,0.3261838855984525,0.4331891672229618,1,312,0.003205128205128205,0.0005659935005814382,0.017929353534134697,9,312,0.028846153846153848,0.015248681015203727,0.05390497068868835,2,312,0.00641025641025641,0.0017596504817955477,0.023067984636567583,124,307,0.40390879478827363,0.3505347183836558,0.4596579971344732,311 0.35; 363 0.19; 323 0.12; 350 0.06; 312 0.06,5,56 0.16; 38 0.13; 35 0.12; 53 0.08; 52 0.07; 44 0.06; 99 0.05; 37 0.04; 57 0.04; 41 0.03,10,earned income 0.41; shelter deduction 0.19; dep care or child support deduction 0.15; other element 0.12,"wrong amount, known item 0.41; wrong include/exclude decision 0.21; unreported source of income 0.12; household composition 0.07",150,47,77,197,0.7614213197969543,0.6972628368976267,0.8155791241303675,0.23857868020304568,77,0.28102189781021897,274,65527.0
4+,elderly_disabled_i <=   0.5 & HH_size_n <=   5.5 & total_deductions_by_hh_size > 229.0,all_2022_24,1835,484,773,324,773,0.4191461836998706,0.3848455888165944,0.45424644744922865,85,773,0.10996119016817593,0.08980603856530739,0.133973944381023,137,773,0.17723156532988357,0.15192691588505178,0.20572849288811382,34,773,0.04398447606727038,0.031644056845302054,0.06083502769393993,0,773,0.0,0.0,0.004945152267849713,115,773,0.14877102199223805,0.12542280836006103,0.17559299717867427,78,773,0.10090556274256145,0.08160622388286548,0.12415206712523708,263,773,0.34023285899094435,0.3076959967290002,0.3743498669322662,195,773,0.2522639068564036,0.2229228542485653,0.2840551448699165,88,773,0.11384217335058215,0.09333473293343582,0.13816883227213506,50,773,0.0646830530401035,0.0494055668144658,0.0842659564407255,47,773,0.06080206985769728,0.04602962177432178,0.079918319221629,65,773,0.08408796895213454,0.06652095851184628,0.10576847603954748,6,773,0.007761966364812419,0.003562045018611853,0.016830271767718848,0,773,0.0,0.0,0.004945152267849713,5,773,0.00646830530401035,0.0027659042822888507,0.01505188508429502,54,773,0.06985769728331177,0.05393353509646317,0.09003609783771543,492,768,0.640625,0.6060671324087644,0.6737830337393157,67,768,0.08723958333333333,0.06928027074716453,0.10930766750337806,208,768,0.2708333333333333,0.240601833101303,0.30334604428701084,432,773,0.5588615782664942,0.5236528900985411,0.5934881074999399,307,773,0.39715394566623546,0.3632497421357823,0.43207532799434467,1,773,0.00129366106080207,0.00022839357993325758,0.007291286107663287,9,773,0.01164294954721863,0.006137215533249472,0.021978683512321726,24,773,0.031047865459249677,0.020951294461398217,0.04578251588037545,301,768,0.3919270833333333,0.35802004427475465,0.42690992062996147,311 0.35; 363 0.18; 323 0.12; 350 0.07; 312 0.07,5,38 0.16; 53 0.13; 35 0.11; 52 0.09; 44 0.08; 99 0.07; 56 0.07; 98 0.02; 41 0.02,9,earned income 0.42; shelter deduction 0.18; dep care or child support deduction 0.15; unearned income 0.11,"wrong amount, known item 0.34; wrong include/exclude decision 0.25; unreported source of income 0.11; method or computation 0.08",347,137,184,484,0.7169421487603306,0.6752215889996179,0.7552460053998756,0.2830578512396694,184,0.2754491017964072,668,160646.0
4+,elderly_disabled_i <=   0.5 & HH_size_n <=   5.5 & total_deductions_by_hh_size > 229.0,train_2022_23,1055,272,438,185,438,0.4223744292237443,0.3769874927464389,0.4691111996356276,52,438,0.1187214611872146,0.09169398271627899,0.15237900633681156,75,438,0.17123287671232876,0.13884891768227364,0.20933377946530146,19,438,0.04337899543378995,0.027943931630439064,0.06675425885230409,0,438,0.0,0.0,0.008694518578603734,67,438,0.15296803652968036,0.1222860181124045,0.1896846066544803,40,438,0.091324200913242,0.06778256558285276,0.12197231489920238,125,438,0.2853881278538813,0.24510366500347214,0.3294044845234172,127,438,0.2899543378995434,0.24943238683473093,0.334128780787331,48,438,0.1095890410958904,0.08365896310831694,0.14230798975442846,29,438,0.06621004566210045,0.04649175694232612,0.09347152401627987,31,438,0.07077625570776255,0.05030609924635432,0.09871019980742424,40,438,0.091324200913242,0.06778256558285276,0.12197231489920238,0,438,0.0,0.0,0.008694518578603734,0,438,0.0,0.0,0.008694518578603734,2,438,0.0045662100456621,0.0012530876972149567,0.016494448976561348,36,438,0.0821917808219178,0.059957873764356406,0.11169097052735358,270,438,0.6164383561643836,0.5700742970029558,0.6607776644239449,44,438,0.1004566210045662,0.07568601667246577,0.13217489999993448,124,438,0.2831050228310502,0.24294125554947443,0.32704038492982856,235,438,0.5365296803652968,0.4897133799117221,0.5827107648496584,181,438,0.4132420091324201,0.36807514078533776,0.4599175154063835,0,438,0.0,0.0,0.008694518578603734,0,438,0.0,0.0,0.008694518578603734,22,438,0.0502283105022831,0.03340077519159999,0.07487694243390201,168,438,0.3835616438356164,0.33922233557605525,0.4299257029970443,311 0.35; 363 0.17; 323 0.12; 350 0.07; 312 0.07,5,38 0.19; 53 0.17; 35 0.11; 52 0.10; 44 0.09; 99 0.08; 13 0.03,7,earned income 0.42; shelter deduction 0.17; dep care or child support deduction 0.15; unearned income 0.12,"wrong include/exclude decision 0.29; wrong amount, known item 0.29; unreported source of income 0.11; method or computation 0.09",189,83,104,272,0.6948529411764706,0.6377305898611627,0.7465479236045365,0.30514705882352944,104,0.2765957446808511,376,89249.0
4+,elderly_disabled_i <=   0.5 & HH_size_n <=   5.5 & total_deductions_by_hh_size > 229.0,test_2024,780,212,335,139,335,0.41492537313432837,0.3634186145737306,0.468361190503332,33,335,0.09850746268656717,0.07100428887468989,0.13511444034864045,62,335,0.18507462686567164,0.14713983424044647,0.2301503213956974,15,335,0.04477611940298507,0.027319653279547478,0.07255474230824338,0,335,0.0,0.0,0.011337450891508009,48,335,0.14328358208955225,0.10980362331183574,0.18485205060777748,38,335,0.11343283582089553,0.08376602764167146,0.15186501648041983,138,335,0.41194029850746267,0.3605226135600167,0.46535472853729365,68,335,0.20298507462686566,0.16339276086557675,0.24931217264908023,40,335,0.11940298507462686,0.08892278650626859,0.15851318357532704,21,335,0.0626865671641791,0.041362727530489,0.093926445935815,16,335,0.04776119402985075,0.02960932889168466,0.0761675296758584,25,335,0.07462686567164178,0.05105591890676865,0.10784310647854413,6,335,0.01791044776119403,0.008233609336063138,0.03851861943395801,0,335,0.0,0.0,0.011337450891508009,3,335,0.008955223880597015,0.003050111339826663,0.025994728490937924,18,335,0.05373134328358209,0.034254314835366485,0.08332746969168095,222,330,0.6727272727272727,0.6203665634771522,0.7211127488673847,23,330,0.0696969696969697,0.046888159694626966,0.10240899200845617,84,330,0.2545454545454545,0.21055647046196987,0.30418345410105646,197,335,0.5880597014925373,0.5346452714627064,0.6394773864399832,126,335,0.3761194029850746,0.3259259645980646,0.4291218217422194,1,335,0.0029850746268656717,0.0005271198970087636,0.016712793974251433,9,335,0.026865671641791045,0.014197082119803861,0.05026253558947387,2,335,0.005970149253731343,0.0016387256581546772,0.02150365119285771,133,330,0.403030303030303,0.3515167511893685,0.4567755646873826,311 0.36; 363 0.19; 323 0.12; 350 0.06; 312 0.06,5,56 0.15; 38 0.13; 35 0.12; 53 0.07; 44 0.07; 52 0.07; 99 0.05; 57 0.04; 37 0.04; 54 0.03,10,earned income 0.41; shelter deduction 0.19; dep care or child support deduction 0.14; other element 0.11,"wrong amount, known item 0.41; wrong include/exclude decision 0.20; unreported source of income 0.12; method or computation 0.07",158,54,80,212,0.7452830188679245,0.6826266856427345,0.7992081413785626,0.25471698113207547,80,0.273972602739726,292,71397.0
1,months_since_cert_n >=   8.00 & unc_rawben_rel_max >=   1.93 & utilities < 366.00,all_2022_24,46,30,45,6,45,0.13333333333333333,0.0625706363434968,0.2617758224129731,24,45,0.5333333333333333,0.3907720886241046,0.6706509605798527,7,45,0.15555555555555556,0.07745325311328677,0.28784190511248803,3,45,0.06666666666666667,0.022931616462147086,0.17856874388640825,1,45,0.022222222222222223,0.003933497522757505,0.11566946388718813,0,45,0.0,0.0,0.07865426194064076,4,45,0.08888888888888889,0.035110548134203154,0.20733851168365702,9,45,0.2,0.10896004402509006,0.3382325131392944,17,45,0.37777777777777777,0.25107885298349863,0.5237032999353246,8,45,0.17777777777777778,0.0929427892585383,0.3133010684365414,0,45,0.0,0.0,0.07865426194064076,4,45,0.08888888888888889,0.035110548134203154,0.20733851168365702,1,45,0.022222222222222223,0.003933497522757505,0.11566946388718813,1,45,0.022222222222222223,0.003933497522757505,0.11566946388718813,0,45,0.0,0.0,0.07865426194064076,0,45,0.0,0.0,0.07865426194064076,5,45,0.1111111111111111,0.04840400437825558,0.23499375490890945,14,45,0.3111111111111111,0.19528525463541907,0.4566507998754897,3,45,0.06666666666666667,0.022931616462147086,0.17856874388640825,28,45,0.6222222222222222,0.4762967000646754,0.7489211470165014,32,45,0.7111111111111111,0.5663118252773978,0.8227008196809984,11,45,0.24444444444444444,0.14235335025509283,0.3867366058479013,0,45,0.0,0.0,0.07865426194064076,0,45,0.0,0.0,0.07865426194064076,2,45,0.044444444444444446,0.012273869040444335,0.14827779183880616,21,45,0.4666666666666667,0.3293490394201473,0.6092279113758954,331 0.38; 363 0.16; 311 0.13; 333 0.11,4,37 0.24; 35 0.18; 38 0.13; 99 0.11; 53 0.11,5,unearned income 0.53; shelter deduction 0.16; earned income 0.13,"wrong include/exclude decision 0.38; wrong amount, known item 0.20; unreported source of income 0.18",30,0,0,30,1.0,0.8864829086095221,1.0,0.0,0,0.0,30,7594.0
1,months_since_cert_n >=   8.00 & unc_rawben_rel_max >=   1.93 & utilities < 366.00,train_2022_23,31,20,30,4,30,0.13333333333333333,0.05309569424218104,0.2968168394441695,16,30,0.5333333333333333,0.3614201328152505,0.6976787277587178,3,30,0.1,0.03459925995971615,0.25621441315266624,2,30,0.06666666666666667,0.01847663532769335,0.21323817721072091,1,30,0.03333333333333333,0.0059084379948573795,0.16670751396958874,0,30,0.0,0.0,0.113517091390478,4,30,0.13333333333333333,0.05309569424218104,0.2968168394441695,7,30,0.23333333333333334,0.11792239210501232,0.40928672330324267,11,30,0.36666666666666664,0.21873702204017678,0.5448675356639506,3,30,0.1,0.03459925995971615,0.25621441315266624,0,30,0.0,0.0,0.113517091390478,3,30,0.1,0.03459925995971615,0.25621441315266624,1,30,0.03333333333333333,0.0059084379948573795,0.16670751396958874,0,30,0.0,0.0,0.113517091390478,0,30,0.0,0.0,0.113517091390478,0,30,0.0,0.0,0.113517091390478,5,30,0.16666666666666666,0.07336434240351683,0.33564705185680177,8,30,0.26666666666666666,0.14182495553910618,0.4444830204431169,2,30,0.06666666666666667,0.01847663532769335,0.21323817721072091,20,30,0.6666666666666666,0.48779725813830266,0.807697044731538,21,30,0.7,0.5212387898833981,0.8333543735604105,7,30,0.23333333333333334,0.11792239210501232,0.40928672330324267,0,30,0.0,0.0,0.113517091390478,0,30,0.0,0.0,0.113517091390478,2,30,0.06666666666666667,0.01847663532769335,0.21323817721072091,11,30,0.36666666666666664,0.21873702204017678,0.5448675356639506,331 0.43; 311 0.13; 363 0.10; 333 0.10,4,37 0.23; 38 0.20; 99 0.17; 53 0.13; 39 0.10,5,unearned income 0.53; other element 0.13; earned income 0.13,"wrong include/exclude decision 0.37; wrong amount, known item 0.23; other 0.17",20,0,0,20,1.0,0.8388698745050667,1.0,0.0,0,0.0,20,4532.0
1,months_since_cert_n >=   8.00 & unc_rawben_rel_max >=   1.93 & utilities < 366.00,test_2024,15,10,15,2,15,0.13333333333333333,0.0373604698913593,0.3788249920651624,8,15,0.5333333333333333,0.3011663015105079,0.7519077474025355,4,15,0.26666666666666666,0.1089727610318281,0.5195088965768675,1,15,0.06666666666666667,0.011866588606194856,0.2981707755242399,0,15,0.0,0.0,0.20388926630434784,0,15,0.0,0.0,0.20388926630434784,0,15,0.0,0.0,0.20388926630434784,2,15,0.13333333333333333,0.0373604698913593,0.3788249920651624,6,15,0.4,0.19824228082594664,0.642535572434923,5,15,0.3333333333333333,0.15176100694691236,0.5828687484878701,0,15,0.0,0.0,0.20388926630434784,1,15,0.06666666666666667,0.011866588606194856,0.2981707755242399,0,15,0.0,0.0,0.20388926630434784,1,15,0.06666666666666667,0.011866588606194856,0.2981707755242399,0,15,0.0,0.0,0.20388926630434784,0,15,0.0,0.0,0.20388926630434784,0,15,0.0,0.0,0.20388926630434784,6,15,0.4,0.19824228082594664,0.642535572434923,1,15,0.06666666666666667,0.011866588606194856,0.2981707755242399,8,15,0.5333333333333333,0.3011663015105079,0.7519077474025355,11,15,0.7333333333333333,0.4804911034231324,0.8910272389681718,4,15,0.26666666666666666,0.1089727610318281,0.5195088965768675,0,15,0.0,0.0,0.20388926630434784,0,15,0.0,0.0,0.20388926630434784,0,15,0.0,0.0,0.20388926630434784,10,15,0.6666666666666666,0.41713125151212976,0.8482389930530876,331 0.27; 363 0.27; 311 0.13; 333 0.13,4,35 0.33; 37 0.27; 124 0.07; 52 0.07; 53 0.07,5,unearned income 0.53; shelter deduction 0.27,"wrong include/exclude decision 0.40; unreported source of income 0.33; wrong amount, known item 0.13",10,0,0,10,1.0,0.7224598312333834,1.0,0.0,0,0.0,10,3062.0
4+,elderly_disabled_i <=   0.5 & shelter_expenses_by_hh_size > 163.0 & total_deductions_by_hh_size > 221.0,all_2022_24,2107,561,886,367,886,0.4142212189616253,0.38222389340450247,0.4469591881686674,99,886,0.11173814898419865,0.0926465588472676,0.1341821261681329,164,886,0.18510158013544017,0.16090628371603297,0.2120158183749459,38,886,0.04288939051918736,0.03140496025890443,0.058320671808645565,0,886,0.0,0.0,0.004317172854134938,129,886,0.1455981941309255,0.12390334022713212,0.17035307574622766,89,886,0.10045146726862303,0.08235016037455847,0.12200261432152226,289,886,0.3261851015801354,0.2961227088414746,0.35774827224100114,225,886,0.25395033860045146,0.22639338747639687,0.2836317675624325,101,886,0.11399548532731377,0.09471405226836939,0.13660981481089504,59,886,0.06659142212189616,0.05197484321768915,0.08495020052043233,54,886,0.060948081264108354,0.04701068871797041,0.07867639986049121,80,886,0.09029345372460497,0.07314811930496737,0.11097633610372559,7,886,0.007900677200902935,0.003832214358322249,0.016218095719336516,0,886,0.0,0.0,0.004317172854134938,5,886,0.0056433408577878106,0.002412799694633717,0.013142328319161097,66,886,0.0744920993227991,0.05897934988232358,0.09367883107932173,573,881,0.6503972758229285,0.6183179740366376,0.6811706576009346,69,881,0.07832009080590238,0.06235330597110625,0.0979483796639272,238,881,0.27014755959137343,0.24187068664477193,0.3004202725506365,495,886,0.5586907449209932,0.5258108980495444,0.5910638356109184,360,886,0.40632054176072235,0.3744516092356258,0.4389983351140202,2,886,0.002257336343115124,0.0006192485080742855,0.008193106409924603,9,886,0.010158013544018058,0.0053531705440122675,0.01919232159751045,20,886,0.022573363431151242,0.014659450988908446,0.034609542503866,348,881,0.39500567536889897,0.3632475559170681,0.4276754748265135,311 0.34; 363 0.19; 323 0.11; 350 0.07; 312 0.07,5,38 0.15; 53 0.13; 35 0.11; 52 0.09; 44 0.08; 99 0.07; 56 0.07; 98 0.02; 13 0.02,9,earned income 0.41; shelter deduction 0.19; dep care or child support deduction 0.15; unearned income 0.11,"wrong amount, known item 0.33; wrong include/exclude decision 0.25; unreported source of income 0.11; method or computation 0.09",402,159,219,561,0.7165775401069518,0.6779097483887606,0.7522993580226651,0.28342245989304815,219,0.28076923076923077,780,186597.0
4+,elderly_disabled_i <=   0.5 & shelter_expenses_by_hh_size > 163.0 & total_deductions_by_hh_size > 221.0,train_2022_23,1211,314,498,204,498,0.40963855421686746,0.3672985952293186,0.4533619478583807,59,498,0.11847389558232932,0.09296910483521245,0.14981985486840718,92,498,0.18473895582329317,0.15311189174407444,0.2211926696952323,20,498,0.040160642570281124,0.02614577147468136,0.06121565890494439,0,498,0.0,0.0,0.007655005085269933,76,498,0.15261044176706828,0.12369407511670164,0.18684534608712047,47,498,0.09437751004016064,0.07171595372074555,0.12324915080626056,131,498,0.26305220883534136,0.22630107797400723,0.3034310127892934,145,498,0.29116465863453816,0.25298320756023457,0.3325433809091151,55,498,0.11044176706827309,0.08583844271486547,0.14100923192988296,34,498,0.06827309236947791,0.049264931518331764,0.09389099656734308,34,498,0.06827309236947791,0.049264931518331764,0.09389099656734308,50,498,0.10040160642570281,0.07698855461072376,0.12993251371043574,1,498,0.002008032128514056,0.0003545458436622186,0.011285780506325505,0,498,0.0,0.0,0.007655005085269933,2,498,0.004016064257028112,0.0011020183742671838,0.014523629240438332,46,498,0.09236947791164658,0.0699651510940133,0.12101463216827502,322,498,0.6465863453815262,0.6036249734511818,0.6873034788732171,42,498,0.08433734939759036,0.0629982602945714,0.11204023790884576,134,498,0.26907630522088355,0.2320024618667677,0.30968559269068635,268,498,0.5381526104417671,0.4942406737704607,0.5814804302591775,211,498,0.42369477911646586,0.3810409346602105,0.4675168572805134,1,498,0.002008032128514056,0.0003545458436622186,0.011285780506325505,0,498,0.0,0.0,0.007655005085269933,18,498,0.03614457831325301,0.02298328783807262,0.056407500012117556,192,498,0.3855421686746988,0.3438245200847752,0.42901216782631074,311 0.33; 363 0.18; 323 0.11; 312 0.08; 350 0.07,5,38 0.17; 53 0.17; 35 0.11; 52 0.11; 99 0.09; 44 0.08; 13 0.03,7,earned income 0.41; shelter deduction 0.18; dep care or child support deduction 0.15; unearned income 0.12,"wrong include/exclude decision 0.29; wrong amount, known item 0.26; unreported source of income 0.11; method or computation 0.10",217,97,125,314,0.6910828025477707,0.637923949688159,0.7396226018016396,0.3089171974522293,125,0.2847380410022779,439,99595.0
4+,elderly_disabled_i <=   0.5 & shelter_expenses_by_hh_size > 163.0 & total_deductions_by_hh_size > 221.0,test_2024,896,247,388,163,388,0.42010309278350516,0.3720087944575541,0.4697640035302042,40,388,0.10309278350515463,0.07662516127108136,0.1373429319584277,72,388,0.18556701030927836,0.1500337146693642,0.22726568386310406,18,388,0.04639175257731959,0.029543367703765703,0.07213445312995895,0,388,0.0,0.0,0.00980396160081012,53,388,0.13659793814432988,0.10597062801564988,0.1743508079931863,42,388,0.10824742268041238,0.08108610486613269,0.14309019494481134,158,388,0.4072164948453608,0.35947002379462034,0.4567822577395505,80,388,0.20618556701030927,0.1689046617184032,0.24922756313980474,46,388,0.11855670103092783,0.09007045217072679,0.15452226080308712,25,388,0.06443298969072164,0.044020653746694255,0.0933858901220527,20,388,0.05154639175257732,0.0336127717698613,0.07827325564529829,30,388,0.07731958762886598,0.05469415733477845,0.10823290298755589,6,388,0.015463917525773196,0.0071059250077388225,0.03332265633737614,0,388,0.0,0.0,0.00980396160081012,3,388,0.007731958762886598,0.0026329305029419627,0.022483340970020575,20,388,0.05154639175257732,0.0336127717698613,0.07827325564529829,251,383,0.6553524804177546,0.6064242936337724,0.7011951557739439,27,383,0.07049608355091384,0.048897976848685035,0.1006247218476289,104,383,0.27154046997389036,0.22943020522853128,0.3181882515248272,227,388,0.5850515463917526,0.5354246091580507,0.6330107994356261,149,388,0.38402061855670105,0.3369870616222016,0.433328290295512,1,388,0.002577319587628866,0.00045509345415400623,0.014452971437373587,9,388,0.023195876288659795,0.012250328125346264,0.04349056309192112,2,388,0.005154639175257732,0.0014146984018567291,0.018597469780388336,156,383,0.4073107049608355,0.35925975580489733,0.4572025895064652,311 0.36; 363 0.19; 323 0.11; 350 0.07; 312 0.06,5,56 0.15; 38 0.13; 35 0.12; 53 0.07; 52 0.07; 44 0.07; 99 0.05; 57 0.04; 37 0.04; 98 0.02,10,earned income 0.42; shelter deduction 0.19; dep care or child support deduction 0.14; other element 0.11,"wrong amount, known item 0.41; wrong include/exclude decision 0.21; unreported source of income 0.12; method or computation 0.08",185,62,94,247,0.7489878542510121,0.6913805126112813,0.7989687755450692,0.25101214574898784,94,0.2756598240469208,341,87002.0
4+,HH_size_n <=   5.5 & months_since_cert_n >   2.5 & shelter_expenses_by_hh_size > 338.0 & total_deductions_by_hh_size > 153.0,all_2022_24,1627,423,659,273,659,0.4142640364188164,0.37725682133648114,0.45226504331413825,107,659,0.16236722306525037,0.136180434588152,0.19246761646959692,113,659,0.17147192716236723,0.1446181844672508,0.20213373937096332,34,659,0.051593323216995446,0.037152662841921105,0.07123160272016793,2,659,0.0030349013657056147,0.0008326569109938795,0.01099762048861411,44,659,0.06676783004552352,0.050110205575853356,0.08844718128701101,86,659,0.13050075872534142,0.10690860210502486,0.15837589422109585,225,659,0.34142640364188165,0.3062341850140433,0.3784566973928545,133,659,0.20182094081942337,0.17294509841527633,0.2341530680244885,87,659,0.13201820940819423,0.10829227291390148,0.1600095355422968,50,659,0.07587253414264036,0.05802275873553375,0.09863850090779583,57,659,0.08649468892261002,0.06735805282156661,0.11042439173230571,50,659,0.07587253414264036,0.05802275873553375,0.09863850090779583,6,659,0.009104704097116844,0.004179201045900479,0.01972032487401764,5,659,0.007587253414264037,0.0032450014350847824,0.01763721235475581,1,659,0.0015174506828528073,0.0002679106546730125,0.008545054614857446,45,659,0.06828528072837632,0.05142259498815771,0.09015210400478418,357,656,0.5442073170731707,0.5059474523681009,0.5819524314828111,40,656,0.06097560975609756,0.04509558688599803,0.08196763556011631,259,656,0.3948170731707317,0.35812711069815484,0.4327317863462268,340,659,0.5159332321699545,0.47779551469388803,0.553886262671926,297,659,0.45068285280728376,0.4130886184439856,0.48884873732849454,1,659,0.0015174506828528073,0.0002679106546730125,0.008545054614857446,5,659,0.007587253414264037,0.0032450014350847824,0.01763721235475581,16,659,0.024279210925644917,0.014998918022508587,0.039073729198184866,250,656,0.38109756097560976,0.3447267598888551,0.4188528628569676,311 0.35; 363 0.17; 350 0.08; 312 0.07; 150 0.06; 323 0.05,6,38 0.17; 35 0.13; 44 0.08; 52 0.08; 53 0.07; 99 0.07; 56 0.06; 37 0.04; 39 0.03; 41 0.03; 54 0.02,11,earned income 0.41; shelter deduction 0.17; unearned income 0.16; other element 0.13,"wrong amount, known item 0.34; wrong include/exclude decision 0.20; unreported source of income 0.13; change in circumstances 0.09",308,115,129,423,0.7281323877068558,0.6838201237777923,0.7683382412925288,0.2718676122931442,129,0.23369565217391305,552,153235.0
4+,HH_size_n <=   5.5 & months_since_cert_n >   2.5 & shelter_expenses_by_hh_size > 338.0 & total_deductions_by_hh_size > 153.0,train_2022_23,946,232,365,148,365,0.4054794520547945,0.3563465991247422,0.4565812268037863,68,365,0.1863013698630137,0.14969928877653,0.22943798858047093,61,365,0.16712328767123288,0.13235733778099962,0.2088232665759926,19,365,0.052054794520547946,0.03357484568675698,0.07986572067018323,2,365,0.005479452054794521,0.0015039202796377476,0.019756154505852823,19,365,0.052054794520547946,0.03357484568675698,0.07986572067018323,48,365,0.13150684931506848,0.10064191189718087,0.1700477283169381,106,365,0.29041095890410956,0.2462142248488774,0.3389735630795991,78,365,0.2136986301369863,0.1747402041056788,0.25862089182276304,47,365,0.12876712328767123,0.09823299646727938,0.1670342618896955,31,365,0.08493150684931507,0.060477020937346235,0.11803212770532313,36,365,0.09863013698630137,0.07209538466404992,0.13352567326433992,36,365,0.09863013698630137,0.07209538466404992,0.13352567326433992,2,365,0.005479452054794521,0.0015039202796377476,0.019756154505852823,3,365,0.00821917808219178,0.0027990705748571695,0.023883386067777495,0,365,0.0,0.0,0.010415311071202379,26,365,0.07123287671232877,0.04907143689276014,0.10232580246418874,204,365,0.5589041095890411,0.5076145138356811,0.608966696092917,26,365,0.07123287671232877,0.04907143689276014,0.10232580246418874,135,365,0.3698630136986301,0.32193075479892974,0.4205061069867255,185,365,0.5068493150684932,0.455754999731242,0.5578009549116183,166,365,0.4547945205479452,0.4044444347784795,0.5060862645786428,0,365,0.0,0.0,0.010415311071202379,0,365,0.0,0.0,0.010415311071202379,14,365,0.038356164383561646,0.02298297900470298,0.06334567806651675,136,365,0.3726027397260274,0.3245682275923204,0.42329101605047903,311 0.33; 363 0.17; 350 0.10; 312 0.08; 150 0.07; 364 0.05,6,38 0.19; 35 0.13; 53 0.10; 44 0.09; 52 0.08; 99 0.07; 39 0.04; 41 0.02; 64 0.02; 98 0.02,10,earned income 0.41; unearned income 0.19; shelter deduction 0.17,"wrong amount, known item 0.29; wrong include/exclude decision 0.21; unreported source of income 0.13; method or computation 0.10; change in circumstances 0.10",165,67,68,232,0.7112068965517241,0.6498231511382737,0.7657099863574013,0.28879310344827586,68,0.22666666666666666,300,80515.0
4+,HH_size_n <=   5.5 & months_since_cert_n >   2.5 & shelter_expenses_by_hh_size > 338.0 & total_deductions_by_hh_size > 153.0,test_2024,681,191,294,125,294,0.42517006802721086,0.3699815078754845,0.48228896072258914,39,294,0.1326530612244898,0.09857801092756491,0.17620428946297828,52,294,0.17687074829931973,0.13750488405197148,0.22457213943971005,15,294,0.05102040816326531,0.031159336235023937,0.08246347535341772,0,294,0.0,0.0,0.012898131087128192,25,294,0.08503401360544217,0.058259002125586754,0.12251359646373054,38,294,0.1292517006802721,0.09563449006994593,0.17243283162050974,119,294,0.40476190476190477,0.3502314256215118,0.46174917077603655,55,294,0.1870748299319728,0.1466383995369554,0.23558356005498887,40,294,0.1360544217687075,0.10152965626852578,0.179967622822105,19,294,0.06462585034013606,0.04175948083787026,0.09872324555092166,21,294,0.07142857142857142,0.047189841718699235,0.10672284207026779,14,294,0.047619047619047616,0.028574307326296206,0.07833352556205789,4,294,0.013605442176870748,0.005303185254200062,0.03445486063327839,2,294,0.006802721088435374,0.0018674990356095846,0.024460589451693736,1,294,0.003401360544217687,0.0006006607448315292,0.019012449042384225,19,294,0.06462585034013606,0.04175948083787026,0.09872324555092166,153,291,0.5257731958762887,0.4684391404318102,0.5824356343625201,14,291,0.048109965635738834,0.02887109263171002,0.07912452264103305,124,291,0.4261168384879725,0.3706246823407091,0.4835342965822109,155,294,0.5272108843537415,0.470158012191351,0.5835618174093496,131,294,0.445578231292517,0.38982820212027824,0.5027321386783208,1,294,0.003401360544217687,0.0006006607448315292,0.019012449042384225,5,294,0.017006802721088437,0.0072855026546605195,0.03918752193290549,2,294,0.006802721088435374,0.0018674990356095846,0.024460589451693736,114,291,0.3917525773195876,0.33742555486030684,0.44890039100350626,311 0.37; 363 0.18; 323 0.07; 150 0.06; 350 0.06; 312 0.05,6,38 0.14; 35 0.14; 56 0.13; 44 0.07; 52 0.07; 99 0.06; 37 0.05; 53 0.04; 57 0.04; 41 0.03,10,earned income 0.43; shelter deduction 0.18; unearned income 0.13; other element 0.13,"wrong amount, known item 0.40; wrong include/exclude decision 0.19; unreported source of income 0.14; change in circumstances 0.07",143,48,61,191,0.7486910994764397,0.6826832618426202,0.8048922867055337,0.2513089005235602,61,0.24206349206349206,252,72720.0
2-3,married <= 0.500 & months_since_cert_n > 1.500 & rawben_rel_max > 0.997 & unc_rawben_rel_max > 1.520,all_2022_24,139,61,86,28,86,0.32558139534883723,0.23585553745183332,0.43022342819437065,32,86,0.37209302325581395,0.27746093282766765,0.4776636419795485,12,86,0.13953488372093023,0.08165766761659309,0.22823886138556176,2,86,0.023255813953488372,0.006400792019477797,0.08088171408014642,1,86,0.011627906976744186,0.002055515742405551,0.0629655880669656,7,86,0.08139534883720931,0.0399859229859802,0.15860359456490936,4,86,0.046511627906976744,0.01823367317295907,0.11357163750717128,25,86,0.29069767441860467,0.2053243782930262,0.3939703804824186,25,86,0.29069767441860467,0.2053243782930262,0.3939703804824186,12,86,0.13953488372093023,0.08165766761659309,0.22823886138556176,3,86,0.03488372093023256,0.011933581807332512,0.09761032658254476,6,86,0.06976744186046512,0.03236497351786072,0.14396314174277575,4,86,0.046511627906976744,0.01823367317295907,0.11357163750717128,2,86,0.023255813953488372,0.006400792019477797,0.08088171408014642,0,86,0.0,0.0,0.042759701519118086,0,86,0.0,0.0,0.042759701519118086,9,86,0.10465116279069768,0.05604026272483177,0.18707205940656396,50,86,0.5813953488372093,0.47584264364729545,0.6799871723844758,8,86,0.09302325581395349,0.04789171128373092,0.1729592085574117,28,86,0.32558139534883723,0.23585553745183332,0.43022342819437065,44,86,0.5116279069767442,0.4077653726724701,0.614496029617783,41,86,0.47674418604651164,0.37445361147407896,0.5810235839454149,0,86,0.0,0.0,0.042759701519118086,1,86,0.011627906976744186,0.002055515742405551,0.0629655880669656,0,86,0.0,0.0,0.042759701519118086,34,86,0.3953488372093023,0.29862264637556246,0.5010247330121598,311 0.28; 331 0.14; 363 0.14; 323 0.07; 342 0.06; 333 0.06; 346 0.05,7,38 0.23; 35 0.14; 37 0.12; 99 0.10; 52 0.08; 53 0.08,6,unearned income 0.37; earned income 0.33; shelter deduction 0.14,"wrong include/exclude decision 0.29; wrong amount, known item 0.29; unreported source of income 0.14; other 0.10",59,2,5,61,0.9672131147540983,0.888102992233543,0.9909622991843121,0.03278688524590164,5,0.07575757575757576,66,23437.0
2-3,married <= 0.500 & months_since_cert_n > 1.500 & rawben_rel_max > 0.997 & unc_rawben_rel_max > 1.520,train_2022_23,81,43,57,18,57,0.3157894736842105,0.2100412363168152,0.44480018797182935,24,57,0.42105263157894735,0.3018739975305186,0.5502008985931862,8,57,0.14035087719298245,0.07287189227128286,0.253247078958928,2,57,0.03508771929824561,0.009675461353255768,0.11921003804189491,1,57,0.017543859649122806,0.003103584706680096,0.09290966938262721,1,57,0.017543859649122806,0.003103584706680096,0.09290966938262721,3,57,0.05263157894736842,0.01805996809628102,0.14369777660471303,18,57,0.3157894736842105,0.2100412363168152,0.44480018797182935,17,57,0.2982456140350877,0.1953239240924326,0.42664525489036853,7,57,0.12280701754385964,0.060779830035075005,0.2324668958892925,2,57,0.03508771929824561,0.009675461353255768,0.11921003804189491,4,57,0.07017543859649122,0.02762597299465902,0.1670040170121784,3,57,0.05263157894736842,0.01805996809628102,0.14369777660471303,2,57,0.03508771929824561,0.009675461353255768,0.11921003804189491,0,57,0.0,0.0,0.06314100878346394,0,57,0.0,0.0,0.06314100878346394,4,57,0.07017543859649122,0.02762597299465902,0.1670040170121784,29,57,0.5087719298245614,0.38259680329032353,0.6338393193625982,6,57,0.10526315789473684,0.04914398953912691,0.21123049107939723,22,57,0.38596491228070173,0.2706253699552471,0.5157050355567709,31,57,0.543859649122807,0.41590460831272247,0.6662760049518861,26,57,0.45614035087719296,0.3337239950481139,0.5840953916872776,0,57,0.0,0.0,0.06314100878346394,0,57,0.0,0.0,0.06314100878346394,0,57,0.0,0.0,0.06314100878346394,26,57,0.45614035087719296,0.3337239950481139,0.5840953916872776,311 0.28; 331 0.18; 363 0.14; 333 0.09; 342 0.04; 364 0.04,6,38 0.30; 37 0.16; 35 0.12; 52 0.07; 53 0.07; 41 0.07,6,unearned income 0.42; earned income 0.32; shelter deduction 0.14,"wrong amount, known item 0.32; wrong include/exclude decision 0.30; unreported source of income 0.12; change in circumstances 0.07",41,2,3,43,0.9534883720930233,0.8454422407613695,0.9871510096826803,0.046511627906976744,3,0.06521739130434782,46,13371.0
2-3,married <= 0.500 & months_since_cert_n > 1.500 & rawben_rel_max > 0.997 & unc_rawben_rel_max > 1.520,test_2024,58,18,29,10,29,0.3448275862068966,0.19940508749190483,0.5265522349284402,8,29,0.27586206896551724,0.1469858133850274,0.4571747634443597,4,29,0.13793103448275862,0.05497350852047822,0.30559357712699325,0,29,0.0,0.0,0.11697359446555587,0,29,0.0,0.0,0.11697359446555587,6,29,0.20689655172413793,0.09845936515585207,0.3839044660825772,1,29,0.034482758620689655,0.006113056614032261,0.1717589106470025,7,29,0.2413793103448276,0.12218268185062131,0.4210795221832869,8,29,0.27586206896551724,0.1469858133850274,0.4571747634443597,5,29,0.1724137931034483,0.07597745271479928,0.34548800572815114,1,29,0.034482758620689655,0.006113056614032261,0.1717589106470025,2,29,0.06896551724137931,0.019120864097994433,0.21964947595851925,1,29,0.034482758620689655,0.006113056614032261,0.1717589106470025,0,29,0.0,0.0,0.11697359446555587,0,29,0.0,0.0,0.11697359446555587,0,29,0.0,0.0,0.11697359446555587,5,29,0.1724137931034483,0.07597745271479928,0.34548800572815114,21,29,0.7241379310344828,0.5428252365556403,0.8530141866149725,2,29,0.06896551724137931,0.019120864097994433,0.21964947595851925,6,29,0.20689655172413793,0.09845936515585207,0.3839044660825772,13,29,0.4482758620689655,0.2841291114874579,0.6245233293193238,15,29,0.5172413793103449,0.3443073797056916,0.6861418066920478,0,29,0.0,0.0,0.11697359446555587,1,29,0.034482758620689655,0.006113056614032261,0.1717589106470025,0,29,0.0,0.0,0.11697359446555587,8,29,0.27586206896551724,0.1469858133850274,0.4571747634443597,311 0.28; 323 0.17; 363 0.14; 342 0.10; 331 0.07,5,99 0.17; 35 0.17; 38 0.10; 52 0.10; 53 0.10; 41 0.07; 56 0.07,7,earned income 0.34; unearned income 0.28; dep care or child support deduction 0.21,"wrong include/exclude decision 0.28; wrong amount, known item 0.24; other 0.17; unreported source of income 0.17",18,0,2,18,1.0,0.8241154494176252,1.0,0.0,2,0.1,20,10066.0
4+,HH_size_n <=   6.50 & rawben_rel_max <=   0.91 & shelter_expenses_by_hh_size > 338.00 & total_deductions_by_hh_size > 197.00,all_2022_24,1880,475,782,326,782,0.41687979539641945,0.382811215253992,0.45176104460092015,112,782,0.1432225063938619,0.1204123738157143,0.16952086463844743,148,782,0.18925831202046037,0.1633474734260742,0.21820728264690542,34,782,0.043478260869565216,0.031277937448149926,0.06014201283190651,2,782,0.0025575447570332483,0.000701636747214897,0.009276964538336797,70,782,0.08951406649616368,0.0714596473679956,0.11158182053087867,90,782,0.11508951406649616,0.09457905209372025,0.13936325892671947,273,782,0.3491048593350384,0.31650537053363137,0.3831796550491323,170,782,0.21739130434782608,0.189900650898107,0.24764503260859458,94,782,0.12020460358056266,0.0992482074939714,0.14487427215078144,53,782,0.06777493606138107,0.05218679317230211,0.0875889580732415,57,782,0.07289002557544758,0.05668284795494032,0.0932730719149164,66,782,0.08439897698209718,0.06688860002126322,0.10597269925329796,7,782,0.008951406649616368,0.00434264108554232,0.01836117098040074,2,782,0.0025575447570332483,0.000701636747214897,0.009276964538336797,5,782,0.00639386189258312,0.00273403659429982,0.014879691159486692,55,782,0.07033248081841433,0.054431486147287975,0.09043434941041222,489,779,0.6277278562259306,0.5932315098734136,0.6609706173513021,60,779,0.07702182284980745,0.06030487320838574,0.09789009241428942,230,779,0.2952503209242619,0.26428480622294653,0.32822535164296146,429,782,0.5485933503836317,0.5135615147827599,0.5831500871482143,325,782,0.4156010230179028,0.38155381128297655,0.45047340641585726,1,782,0.0012787723785166241,0.00022576459381954675,0.007207794535653874,9,782,0.011508951406649617,0.006066448862102234,0.021727447515997374,18,782,0.023017902813299233,0.014608579089497416,0.036090696693306654,297,779,0.38125802310654683,0.34781188402256563,0.4158695554921458,311 0.34; 363 0.19; 350 0.08; 312 0.07; 323 0.07,5,38 0.16; 35 0.12; 53 0.09; 44 0.08; 52 0.08; 99 0.07; 56 0.07; 37 0.03; 41 0.02; 13 0.02,10,earned income 0.42; shelter deduction 0.19; unearned income 0.14; other element 0.12,"wrong amount, known item 0.35; wrong include/exclude decision 0.22; unreported source of income 0.12; method or computation 0.08",332,143,159,475,0.6989473684210527,0.6562333646232933,0.7384691841945205,0.30105263157894735,159,0.250788643533123,634,170642.0
4+,HH_size_n <=   6.50 & rawben_rel_max <=   0.91 & shelter_expenses_by_hh_size > 338.00 & total_deductions_by_hh_size > 197.00,train_2022_23,1080,250,411,169,411,0.41119221411192214,0.36465701606416945,0.4593722037633503,65,411,0.15815085158150852,0.12606110753525485,0.19657191673232105,77,411,0.1873479318734793,0.15258333394469134,0.2279030975028781,21,411,0.051094890510948905,0.0336587804738804,0.07684508413371924,1,411,0.0024330900243309003,0.0004296182742209373,0.013651901033389485,30,411,0.072992700729927,0.05160452311560371,0.10228939687699107,48,411,0.11678832116788321,0.08922764904106269,0.15144638172152236,115,411,0.2798053527980535,0.23859792380756661,0.32509096370998225,97,411,0.2360097323600973,0.1975189335901987,0.27938984315735993,52,411,0.12652068126520682,0.0978022651862552,0.16215623463632775,28,411,0.0681265206812652,0.04755158874773101,0.09670009671486486,34,411,0.0827250608272506,0.05980065433329254,0.11337773471930007,42,411,0.10218978102189781,0.07649364704836677,0.13525368012422154,1,411,0.0024330900243309003,0.0004296182742209373,0.013651901033389485,2,411,0.004866180048661801,0.0013354700434012549,0.01756716652920863,3,411,0.0072992700729927005,0.0024854080429072764,0.021238345794702067,37,411,0.09002433090024331,0.06601753624289813,0.12162420460469289,250,411,0.6082725060827251,0.560285322168607,0.6542543961238689,37,411,0.09002433090024331,0.06601753624289813,0.12162420460469289,124,411,0.30170316301703165,0.25933157187344336,0.3477473710291008,221,411,0.537712895377129,0.4893839573198572,0.5853433602876345,174,411,0.4233576642335766,0.37651524016866555,0.47161956598385146,0,411,0.0,0.0,0.009260402042610964,0,411,0.0,0.0,0.009260402042610964,16,411,0.038929440389294405,0.024102059649170914,0.06229621863343141,150,411,0.36496350364963503,0.3198696095068282,0.41255838228570185,311 0.32; 363 0.19; 312 0.09; 350 0.08; 150 0.05; 364 0.05,6,38 0.17; 35 0.13; 53 0.12; 52 0.09; 44 0.09; 99 0.09; 39 0.03; 64 0.02; 13 0.02,9,earned income 0.41; shelter deduction 0.19; unearned income 0.16,"wrong amount, known item 0.28; wrong include/exclude decision 0.24; unreported source of income 0.13; method or computation 0.10; other 0.09",166,84,81,250,0.664,0.6033580805392674,0.7196780175628562,0.336,81,0.24471299093655588,331,85356.0
4+,HH_size_n <=   6.50 & rawben_rel_max <=   0.91 & shelter_expenses_by_hh_size > 338.00 & total_deductions_by_hh_size > 197.00,test_2024,800,225,371,157,371,0.42318059299191374,0.3739449941282677,0.4739907739401645,47,371,0.12668463611859837,0.09662109908970067,0.16440008959373253,71,371,0.19137466307277629,0.15458793707186347,0.23448734165920587,13,371,0.03504043126684636,0.020590031001111557,0.059021196781503825,1,371,0.0026954177897574125,0.00047595374464795386,0.015108229014149363,40,371,0.1078167115902965,0.08018180346270931,0.14349027562349673,42,371,0.11320754716981132,0.08485155813662362,0.14949169512021876,158,371,0.42587601078167114,0.3765715539086005,0.4766998012451498,73,371,0.1967654986522911,0.15950694595439813,0.24023950694730756,42,371,0.11320754716981132,0.08485155813662362,0.14949169512021876,25,371,0.0673854447439353,0.04605623682306818,0.09758203598336525,23,371,0.06199460916442048,0.0416617944301069,0.09130530420569022,24,371,0.0646900269541779,0.043853181839818546,0.09444950388129675,6,371,0.016172506738544475,0.007432438574381578,0.0348296796110066,0,371,0.0,0.0,0.010248595673479145,2,371,0.005390835579514825,0.0014795775840231538,0.01944019226009234,18,371,0.04851752021563342,0.030906743007730737,0.07538242020147551,239,368,0.6494565217391305,0.5993899551815693,0.6964349336958453,23,368,0.0625,0.042004374156363544,0.09203549658429594,106,368,0.28804347826086957,0.24415206371790404,0.33631445751049,208,371,0.5606469002695418,0.5097775644531451,0.6102731449665136,151,371,0.40700808625336926,0.35821745477250033,0.4577047907840228,1,371,0.0026954177897574125,0.00047595374464795386,0.015108229014149363,9,371,0.02425876010781671,0.012813921784022127,0.04545495765732056,2,371,0.005390835579514825,0.0014795775840231538,0.01944019226009234,147,368,0.39945652173913043,0.35070108453715937,0.45028944476348903,311 0.36; 363 0.19; 323 0.09; 350 0.08; 312 0.06,5,38 0.15; 56 0.14; 35 0.11; 44 0.08; 52 0.06; 53 0.06; 37 0.05; 99 0.05; 57 0.04; 41 0.03,10,earned income 0.42; shelter deduction 0.19; unearned income 0.13; other element 0.11,"wrong amount, known item 0.43; wrong include/exclude decision 0.20; unreported source of income 0.11; household composition 0.07",166,59,78,225,0.7377777777777778,0.676658190040741,0.7909141394657823,0.26222222222222225,78,0.25742574257425743,303,85286.0
4+,HH_size_n <=   6 & shelter_expenses_by_hh_size > 338 & shelter_expenses_by_hh_size <= 459 & total_deductions_by_hh_size > 165,all_2022_24,1624,413,667,263,667,0.39430284857571213,0.3579213100601415,0.4318949446265087,116,667,0.17391304347826086,0.1470366414339939,0.20452414430141666,133,667,0.19940029985007496,0.1708372651639135,0.23140612582436149,30,667,0.044977511244377814,0.0316844579338766,0.06348197181645493,1,667,0.0014992503748125937,0.00026469673792017465,0.00844317111046609,56,667,0.08395802098950525,0.06521944673476668,0.10746155575523988,68,667,0.10194902548725637,0.08121779674592627,0.12723916239316108,239,667,0.3583208395802099,0.3228369357587169,0.3954274056297717,145,667,0.21739130434782608,0.18775446039098176,0.250264887246374,88,667,0.13193403298350825,0.10834570006895496,0.15973785348526706,41,667,0.06146926536731634,0.04563182327194114,0.08232923340671443,46,667,0.06896551724137931,0.05210021513534596,0.09076749014709326,53,667,0.07946026986506746,0.061260865291847696,0.10247614803588866,8,667,0.01199400299850075,0.006089736124884452,0.023487439768798943,0,667,0.0,0.0,0.005726538127629532,7,667,0.010494752623688156,0.005092702447624586,0.02150314372530207,40,667,0.05997001499250375,0.044346675319472825,0.080633051638426,423,663,0.6380090497737556,0.6007293482701713,0.6736986418252274,44,663,0.06636500754147813,0.04980560546931673,0.08792065515989417,196,663,0.2956259426847662,0.26214811480256434,0.3314585228157247,364,667,0.545727136431784,0.5077859858327366,0.5831445706503436,273,667,0.40929535232383807,0.37260200668621735,0.44702754520800014,1,667,0.0014992503748125937,0.00026469673792017465,0.00844317111046609,11,667,0.01649175412293853,0.009233141309535503,0.02928802374641809,18,667,0.026986506746626688,0.017137131510870582,0.04225334159038014,263,663,0.39668174962292607,0.3601409770216957,0.4344129320325685,311 0.32; 363 0.20; 350 0.10; 312 0.07; 323 0.06,5,38 0.16; 35 0.13; 53 0.10; 44 0.09; 52 0.07; 56 0.07; 99 0.06; 41 0.02; 37 0.02; 98 0.02,10,earned income 0.39; shelter deduction 0.20; unearned income 0.17,"wrong amount, known item 0.36; wrong include/exclude decision 0.22; unreported source of income 0.13; method or computation 0.08",286,127,139,413,0.6924939467312349,0.6463842540839174,0.7350556022068174,0.3075060532687651,139,0.25181159420289856,552,140765.0
4+,HH_size_n <=   6 & shelter_expenses_by_hh_size > 338 & shelter_expenses_by_hh_size <= 459 & total_deductions_by_hh_size > 165,train_2022_23,918,224,360,141,360,0.39166666666666666,0.34264075070584477,0.4429802448042893,69,360,0.19166666666666668,0.1543460413623663,0.23549833047416924,71,360,0.19722222222222222,0.1594082119644949,0.24142995497408498,17,360,0.04722222222222222,0.02968911468883021,0.07431658449455067,1,360,0.002777777777777778,0.0004905017720812479,0.015564836594944405,23,360,0.06388888888888888,0.04294608551772852,0.09404099897178558,38,360,0.10555555555555556,0.07787368727909985,0.14156686047574732,103,360,0.2861111111111111,0.24187559631318697,0.3348632922581033,87,360,0.24166666666666667,0.2003213616461834,0.2884671661087517,52,360,0.14444444444444443,0.11188178261915036,0.18451533085000768,26,360,0.07222222222222222,0.04975961902703419,0.10371815811554652,28,360,0.07777777777777778,0.05435723069908242,0.11011434154554271,33,360,0.09166666666666666,0.06601597571891975,0.1259400842808164,1,360,0.002777777777777778,0.0004905017720812479,0.015564836594944405,0,360,0.0,0.0,0.010558440816003448,4,360,0.011111111111111112,0.0043290733267216715,0.028216957693370584,26,360,0.07222222222222222,0.04975961902703419,0.10371815811554652,234,360,0.65,0.5993799860524319,0.6974524817027671,24,360,0.06666666666666667,0.04520541590536091,0.0972785661351754,102,360,0.2833333333333333,0.2392617088037017,0.3319802822165665,188,360,0.5222222222222223,0.4706606848684134,0.5733144955397642,156,360,0.43333333333333335,0.3831139609338178,0.4849604978416494,0,360,0.0,0.0,0.010558440816003448,0,360,0.0,0.0,0.010558440816003448,16,360,0.044444444444444446,0.027539347577120128,0.07096945405523858,143,360,0.3972222222222222,0.34801568498958974,0.4485991056225887,311 0.31; 363 0.20; 350 0.11; 312 0.07; 150 0.05; 364 0.05,6,38 0.17; 35 0.14; 53 0.13; 44 0.10; 52 0.09; 99 0.07; 41 0.03; 64 0.03,8,earned income 0.39; shelter deduction 0.20; unearned income 0.19,"wrong amount, known item 0.29; wrong include/exclude decision 0.24; unreported source of income 0.14; method or computation 0.09",152,72,72,224,0.6785714285714286,0.6148430201947865,0.7362781095725606,0.32142857142857145,72,0.24324324324324326,296,70445.0
4+,HH_size_n <=   6 & shelter_expenses_by_hh_size > 338 & shelter_expenses_by_hh_size <= 459 & total_deductions_by_hh_size > 165,test_2024,706,189,307,122,307,0.3973941368078176,0.3442455555561482,0.4530788694886335,47,307,0.15309446254071662,0.11712300122531583,0.19764053106894597,62,307,0.20195439739413681,0.16085609643425738,0.25041961441010835,13,307,0.04234527687296417,0.02491098041114768,0.07109161383621175,0,307,0.0,0.0,0.012358706170602647,33,307,0.10749185667752444,0.07756930024694075,0.14711619873389067,30,307,0.09771986970684039,0.06930900392125564,0.136074059349555,136,307,0.44299674267100975,0.3884742899357898,0.49892816842242227,58,307,0.18892508143322476,0.14908279121121013,0.23645633868646124,36,307,0.11726384364820847,0.08591542455473065,0.15807251013612156,15,307,0.048859934853420196,0.02982999567252668,0.07904088904817995,18,307,0.05863192182410423,0.03740551869433297,0.09076780173639443,20,307,0.06514657980456026,0.042564438730783694,0.09847717217329091,7,307,0.02280130293159609,0.011087770726966109,0.04630995210035173,0,307,0.0,0.0,0.012358706170602647,3,307,0.009771986970684038,0.003328755025579685,0.028332386855043752,14,307,0.04560260586319218,0.02735574469848909,0.07508099478554395,189,303,0.6237623762376238,0.5679857145594291,0.676440073860394,20,303,0.066006600660066,0.04313170370386604,0.09974853157062083,94,303,0.3102310231023102,0.2607925000239578,0.3644212910656467,176,307,0.5732899022801303,0.5173921955593977,0.6273760722657583,117,307,0.3811074918566775,0.32856629539730253,0.4365874034641112,1,307,0.003257328990228013,0.0005752153501427468,0.0182176360571335,11,307,0.035830618892508145,0.020122773050378667,0.06301153072363357,2,307,0.006514657980456026,0.0017883385400153298,0.023438658103934515,120,303,0.39603960396039606,0.342602365767881,0.45207997195946764,311 0.34; 363 0.20; 350 0.09; 323 0.09; 312 0.06,5,38 0.15; 56 0.15; 35 0.12; 44 0.09; 53 0.07; 52 0.06; 99 0.05; 57 0.04; 37 0.03; 98 0.02,10,earned income 0.40; shelter deduction 0.20; unearned income 0.15,"wrong amount, known item 0.44; wrong include/exclude decision 0.19; unreported source of income 0.12; method or computation 0.07",134,55,67,189,0.708994708994709,0.6405860014550239,0.7690766439492872,0.291005291005291,67,0.26171875,256,70320.0
4+,HH_size_n <   5 & months_since_cert_n >=   5 & total_deductions_by_hh_size >= 150,all_2022_24,1603,382,586,237,586,0.4044368600682594,0.36544684740283073,0.4446716657708756,86,586,0.14675767918088736,0.12040798679284427,0.1777086601171058,102,586,0.17406143344709898,0.14551126090507907,0.2068572393838121,28,586,0.04778156996587031,0.03326249470629972,0.06819118370498901,0,586,0.0,0.0,0.006512934998141874,43,586,0.07337883959044368,0.05493091706549534,0.09738387388855065,90,586,0.15358361774744028,0.1266551540038663,0.1850244562508191,179,586,0.3054607508532423,0.2695343094068888,0.34392123526815616,121,586,0.20648464163822525,0.1756733519598095,0.24111922421657417,71,586,0.12116040955631399,0.0971780252151272,0.15007750915206564,53,586,0.09044368600682594,0.06981104081090407,0.11641115850498009,64,586,0.10921501706484642,0.08645992989482633,0.13706041861907978,36,586,0.06143344709897611,0.044701781930160195,0.08387782317059908,5,586,0.008532423208191127,0.0036498364862501097,0.019816802692810845,4,586,0.006825938566552901,0.0026575395430643864,0.017418358799812756,1,586,0.0017064846416382253,0.00030129223117178645,0.009602383603153903,52,586,0.08873720136518772,0.06831098100153819,0.11452047747816214,276,583,0.4734133790737564,0.4331898895808158,0.5139849528298108,45,583,0.07718696397941681,0.05818455895692645,0.101725031637878,262,583,0.44939965694682676,0.40948283944556224,0.489978957400469,296,586,0.5051194539249146,0.46473683412316613,0.5454353883853853,261,586,0.4453924914675768,0.4056365672667716,0.48585972597534627,0,586,0.0,0.0,0.006512934998141874,5,586,0.008532423208191127,0.0036498364862501097,0.019816802692810845,24,586,0.040955631399317405,0.02767405560505876,0.06021665946149471,224,583,0.38421955403087477,0.3456153279308364,0.4243396309541505,311 0.34; 363 0.17; 150 0.08; 350 0.07; 323 0.06; 312 0.06,6,38 0.15; 35 0.12; 53 0.10; 99 0.09; 44 0.08; 52 0.06; 56 0.05; 39 0.04; 41 0.04; 37 0.03; 12 0.03,11,earned income 0.40; shelter deduction 0.17; other element 0.15; unearned income 0.15,"wrong amount, known item 0.31; wrong include/exclude decision 0.21; unreported source of income 0.12; change in circumstances 0.11; household composition 0.09",272,110,138,382,0.7120418848167539,0.6646990441680148,0.755162370464311,0.2879581151832461,138,0.2653846153846154,520,130488.0
4+,HH_size_n <   5 & months_since_cert_n >=   5 & total_deductions_by_hh_size >= 150,train_2022_23,1028,231,346,146,346,0.42196531791907516,0.37106210383178584,0.4745823249611306,56,346,0.16184971098265896,0.12678916674216795,0.2043366913604705,57,346,0.16473988439306358,0.1293759827061844,0.20746674840412382,16,346,0.046242774566473986,0.028661424356629477,0.07378951343921868,0,346,0.0,0.0,0.010980969673132068,24,346,0.06936416184971098,0.047051999329049736,0.10113392252815645,47,346,0.13583815028901733,0.10371215413984694,0.17596184689376368,96,346,0.2774566473988439,0.2329176711274599,0.3268831072819687,79,346,0.22832369942196531,0.18722002307903307,0.27539391420000975,36,346,0.10404624277456648,0.07610553923568006,0.14068285871356323,32,346,0.09248554913294797,0.06627366089711767,0.1276472450214466,44,346,0.12716763005780346,0.0961105131078012,0.1664128689028002,23,346,0.06647398843930635,0.04469985008187399,0.09776919876766246,1,346,0.002890173410404624,0.0005103557592828819,0.01618748692151894,2,346,0.005780346820809248,0.00158658026994901,0.02082813541852257,0,346,0.0,0.0,0.010980969673132068,33,346,0.0953757225433526,0.06871951734677118,0.13091826157946285,164,346,0.47398843930635837,0.42194918001055665,0.5265989629204153,32,346,0.09248554913294797,0.06627366089711767,0.1276472450214466,150,346,0.43352601156069365,0.3823208794730078,0.4861910413505877,174,346,0.5028901734104047,0.45046424121131456,0.5552526317963552,151,346,0.43641618497109824,0.38514002881874987,0.4890887650125153,0,346,0.0,0.0,0.010980969673132068,0,346,0.0,0.0,0.010980969673132068,21,346,0.06069364161849711,0.040036377677354545,0.09099892515684241,134,346,0.3872832369942196,0.3374596363433564,0.439582316357523,311 0.35; 363 0.16; 350 0.08; 150 0.08; 312 0.06; 323 0.05,6,38 0.18; 53 0.13; 35 0.10; 99 0.10; 44 0.09; 39 0.06; 52 0.06; 41 0.04,8,earned income 0.42; shelter deduction 0.16; unearned income 0.16; other element 0.14,"wrong amount, known item 0.28; wrong include/exclude decision 0.23; change in circumstances 0.13; unreported source of income 0.10; other 0.10",162,69,80,231,0.7012987012987013,0.6393751607019792,0.7566364488254641,0.2987012987012987,80,0.2572347266881029,311,73820.0
4+,HH_size_n <   5 & months_since_cert_n >=   5 & total_deductions_by_hh_size >= 150,test_2024,575,151,240,91,240,0.37916666666666665,0.3201423446530402,0.4419983237152774,30,240,0.125,0.0889788148889117,0.17283705246104009,45,240,0.1875,0.14318572407835667,0.2416608320466031,12,240,0.05,0.02883001643094939,0.08534902438899274,0,240,0.0,0.0,0.015754489799935698,19,240,0.07916666666666666,0.05126483412019705,0.12032852812808215,43,240,0.17916666666666667,0.13582187273248902,0.23262059155580306,83,240,0.3458333333333333,0.28851201281500544,0.4080122882066413,42,240,0.175,0.13215385632212678,0.2280865620478314,35,240,0.14583333333333334,0.1067632269727411,0.19606286996888,21,240,0.0875,0.05794139771629913,0.13005605636864778,20,240,0.08333333333333333,0.05459106258101232,0.12520434558560076,13,240,0.05416666666666667,0.031924882079320746,0.09045620465895525,4,240,0.016666666666666666,0.0064998355877797925,0.04206283788549137,2,240,0.008333333333333333,0.002288235363161974,0.029870346273441456,1,240,0.004166666666666667,0.0007358790897501466,0.023220656628519416,19,240,0.07916666666666666,0.05126483412019705,0.12032852812808215,112,237,0.47257383966244726,0.409956755088823,0.5360658589446331,13,237,0.05485232067510549,0.03233251198301119,0.09157299271385183,112,237,0.47257383966244726,0.409956755088823,0.5360658589446331,122,240,0.5083333333333333,0.44545218038399503,0.5709519114526727,110,240,0.4583333333333333,0.39644617109692387,0.5215333697197374,0,240,0.0,0.0,0.015754489799935698,5,240,0.020833333333333332,0.008930664388657018,0.04783405500294802,3,240,0.0125,0.004259990188158945,0.036100637366778356,90,237,0.379746835443038,0.3203404014787032,0.4429895215910656,311 0.33; 363 0.19; 150 0.09; 323 0.06; 350 0.05; 364 0.05,6,35 0.15; 56 0.11; 38 0.11; 99 0.08; 52 0.06; 44 0.06; 53 0.05; 37 0.04; 57 0.04; 41 0.03; 12 0.03,11,earned income 0.38; shelter deduction 0.19; other element 0.18; unearned income 0.12,"wrong amount, known item 0.35; wrong include/exclude decision 0.17; unreported source of income 0.15; household composition 0.09",110,41,58,151,0.7284768211920529,0.6525268862659193,0.7930897955560199,0.271523178807947,58,0.27751196172248804,209,56668.0
1,elderly_disabled_i >=   1.00 & rawben_rel_max >=   1.00 & unc_rawben_rel_max >=   1.52 & utilities < 313.00,all_2022_24,201,100,128,20,128,0.15625,0.10348275682804894,0.22904961535190035,84,128,0.65625,0.5704946622111811,0.7328997140706601,14,128,0.109375,0.0662781874950252,0.1752358718003717,8,128,0.0625,0.03200654206938657,0.11848920434145796,2,128,0.015625,0.004295359707748747,0.055182073818543405,0,128,0.0,0.0,0.02913799589810803,0,128,0.0,0.0,0.02913799589810803,17,128,0.1328125,0.08460158144609939,0.2024216342915737,59,128,0.4609375,0.3769796782209271,0.5471717277086126,30,128,0.234375,0.16939254101487963,0.3148370193059903,0,128,0.0,0.0,0.02913799589810803,10,128,0.078125,0.04298691065341302,0.13784827338561562,1,128,0.0078125,0.0013803963628788857,0.04292731834932121,7,128,0.0546875,0.02673986088319332,0.10858616671355914,0,128,0.0,0.0,0.02913799589810803,0,128,0.0,0.0,0.02913799589810803,4,128,0.03125,0.012218067575115642,0.07759880357936064,46,128,0.359375,0.281465985317146,0.44547907602919684,11,128,0.0859375,0.048662628996882715,0.147342273856238,71,128,0.5546875,0.46824182376346457,0.6379462079351798,75,128,0.5859375,0.4993170001197534,0.6675499068352593,46,128,0.359375,0.281465985317146,0.44547907602919684,2,128,0.015625,0.004295359707748747,0.055182073818543405,0,128,0.0,0.0,0.02913799589810803,5,128,0.0390625,0.0167983630559502,0.08818822691261814,64,128,0.5,0.41465072364379996,0.5853492763562,331 0.50; 311 0.14; 363 0.11,3,37 0.33; 35 0.23; 38 0.12; 53 0.08,4,unearned income 0.66; earned income 0.16,"wrong include/exclude decision 0.46; unreported source of income 0.23; wrong amount, known item 0.13",99,1,1,100,0.99,0.9455124752390653,0.9982326134344526,0.01,1,0.009900990099009901,101,24027.0
1,elderly_disabled_i >=   1.00 & rawben_rel_max >=   1.00 & unc_rawben_rel_max >=   1.52 & utilities < 313.00,train_2022_23,142,69,89,14,89,0.15730337078651685,0.09607722097921384,0.24688972487264566,58,89,0.651685393258427,0.5482912406815135,0.7425266685315979,9,89,0.10112359550561797,0.05411793406379983,0.1811386750424629,6,89,0.06741573033707865,0.03126095907688764,0.139369447982017,2,89,0.02247191011235955,0.006184269063094168,0.07827786859933303,0,89,0.0,0.0,0.04137800296418846,0,89,0.0,0.0,0.04137800296418846,14,89,0.15730337078651685,0.09607722097921384,0.24688972487264566,43,89,0.48314606741573035,0.3821909362267175,0.5854959627496036,16,89,0.1797752808988764,0.11379795967440831,0.2722531208756899,0,89,0.0,0.0,0.04137800296418846,8,89,0.0898876404494382,0.04625187572306141,0.16746266603408194,1,89,0.011235955056179775,0.0019861320934023673,0.06093393821990546,5,89,0.056179775280898875,0.024232521079919085,0.1248558186298662,0,89,0.0,0.0,0.04137800296418846,0,89,0.0,0.0,0.04137800296418846,2,89,0.02247191011235955,0.006184269063094168,0.07827786859933303,33,89,0.3707865168539326,0.27773476646124157,0.47453145902388577,5,89,0.056179775280898875,0.024232521079919085,0.1248558186298662,51,89,0.5730337078651685,0.46934928250408064,0.6706741552651951,52,89,0.5842696629213483,0.4804691516664702,0.6810963534519249,31,89,0.34831460674157305,0.2574733314684021,0.45170875931848653,2,89,0.02247191011235955,0.006184269063094168,0.07827786859933303,0,89,0.0,0.0,0.04137800296418846,4,89,0.0449438202247191,0.01761420103381913,0.10993207132684676,46,89,0.5168539325842697,0.4145040372503965,0.6178090637732825,331 0.55; 311 0.16; 363 0.10,3,37 0.34; 35 0.18; 38 0.16; 53 0.09,4,unearned income 0.65; earned income 0.16,"wrong include/exclude decision 0.48; unreported source of income 0.18; wrong amount, known item 0.16",68,1,0,69,0.9855072463768116,0.9223669266494263,0.9974371413556695,0.014492753623188406,0,0.0,69,15968.0
1,elderly_disabled_i >=   1.00 & rawben_rel_max >=   1.00 & unc_rawben_rel_max >=   1.52 & utilities < 313.00,test_2024,59,31,39,6,39,0.15384615384615385,0.07247373845051469,0.2972976986573431,26,39,0.6666666666666666,0.5097710432024052,0.7936723389308484,5,39,0.1282051282051282,0.05602734948028318,0.26706049037630475,2,39,0.05128205128205128,0.014177657646399527,0.1688593904563791,0,39,0.0,0.0,0.08966985360023902,0,39,0.0,0.0,0.08966985360023902,0,39,0.0,0.0,0.08966985360023902,3,39,0.07692307692307693,0.026506914073495688,0.2032137312805527,16,39,0.41025641025641024,0.27079089435400483,0.5658165152665509,14,39,0.358974358974359,0.22741884696491105,0.515821368153105,0,39,0.0,0.0,0.08966985360023902,2,39,0.05128205128205128,0.014177657646399527,0.1688593904563791,0,39,0.0,0.0,0.08966985360023902,2,39,0.05128205128205128,0.014177657646399527,0.1688593904563791,0,39,0.0,0.0,0.08966985360023902,0,39,0.0,0.0,0.08966985360023902,2,39,0.05128205128205128,0.014177657646399527,0.1688593904563791,13,39,0.3333333333333333,0.20632766106915157,0.4902289567975947,6,39,0.15384615384615385,0.07247373845051469,0.2972976986573431,20,39,0.5128205128205128,0.3619910864569657,0.661350712168669,23,39,0.5897435897435898,0.43418348473344903,0.7292091056459952,15,39,0.38461538461538464,0.24891162547007065,0.5410121868992154,0,39,0.0,0.0,0.08966985360023902,0,39,0.0,0.0,0.08966985360023902,1,39,0.02564102564102564,0.00454058606523737,0.13181286478627147,18,39,0.46153846153846156,0.3156664723404835,0.6143081317826119,331 0.38; 333 0.13; 363 0.13; 346 0.10; 311 0.10,5,35 0.36; 37 0.31; 124 0.05; 52 0.05,4,unearned income 0.67; earned income 0.15,wrong include/exclude decision 0.41; unreported source of income 0.36,31,0,1,31,1.0,0.889740999265246,0.9999999999999999,0.0,1,0.03125,32,8059.0
4+,months_since_cert_n >   5.500 & shelter_expenses_by_hh_size > 156.000 & total_deductions_by_hh_size >   1.380 & unc_rawben_rel_max <=   0.834,all_2022_24,2010,561,908,353,908,0.38876651982378857,0.35759110270289646,0.4208791930151318,175,908,0.19273127753303965,0.1683906476237142,0.2196609613399479,175,908,0.19273127753303965,0.1683906476237142,0.2196609613399479,50,908,0.05506607929515418,0.042016353821383724,0.07186482905072915,5,908,0.005506607929515419,0.0023542844139176344,0.012825545065237517,47,908,0.051762114537444934,0.03914700837171141,0.06815408427420427,103,908,0.11343612334801761,0.09441652273814757,0.13571292079678218,327,908,0.3601321585903084,0.32955764449415437,0.3918852025968317,202,908,0.22246696035242292,0.19661557565719556,0.2506568453422412,89,908,0.09801762114537445,0.08033745168037965,0.11908490413229661,56,908,0.06167400881057269,0.04779749491850539,0.07924386840600185,92,908,0.1013215859030837,0.08334316543711208,0.12265928060176133,56,908,0.06167400881057269,0.04779749491850539,0.07924386840600185,6,908,0.006607929515418502,0.003031847522892421,0.014341345364995126,2,908,0.0022026431718061676,0.0006042395219930637,0.007995499730964906,3,908,0.003303964757709251,0.0011242483030280285,0.009668854358662334,75,908,0.08259911894273128,0.06640381185852237,0.10231145623190036,416,906,0.45916114790286977,0.42695216428264116,0.4917149971221574,58,906,0.0640176600441501,0.04984647726296429,0.08187051611258592,431,906,0.4757174392935982,0.4433686305239396,0.508271303284319,496,906,0.5474613686534217,0.5149175432716608,0.5796044042849249,382,906,0.4216335540838852,0.38987475819496564,0.4540541190953232,3,906,0.0033112582781456954,0.001126731466112166,0.009690096430084269,3,906,0.0033112582781456954,0.001126731466112166,0.009690096430084269,22,906,0.024282560706401765,0.016089577373533906,0.03649276223371202,361,906,0.3984547461368653,0.3670681798124452,0.4306988161129994,311 0.34; 363 0.19; 350 0.06; 150 0.06; 364 0.06; 312 0.05,6,38 0.19; 44 0.10; 35 0.10; 52 0.09; 53 0.09; 99 0.08; 41 0.04; 37 0.03; 56 0.03,9,earned income 0.39; unearned income 0.19; shelter deduction 0.19,"wrong amount, known item 0.36; wrong include/exclude decision 0.22; change in circumstances 0.10; unreported source of income 0.10",378,183,172,561,0.6737967914438503,0.6339331870834667,0.7112963427528628,0.32620320855614976,172,0.23465211459754434,733,194314.0
4+,months_since_cert_n >   5.500 & shelter_expenses_by_hh_size > 156.000 & total_deductions_by_hh_size >   1.380 & unc_rawben_rel_max <=   0.834,train_2022_23,1354,367,590,223,590,0.37796610169491524,0.3397484907561653,0.4177626031112902,127,590,0.21525423728813559,0.18398817103386542,0.25020438132353084,115,590,0.19491525423728814,0.16496642716192467,0.22881130750671425,34,590,0.0576271186440678,0.041528369379092475,0.07944934589043395,4,590,0.006779661016949152,0.002639501342618948,0.017301169705013955,28,590,0.04745762711864407,0.03303559726273255,0.06773470916241517,59,590,0.1,0.07832012367045263,0.12685512845065175,184,590,0.31186440677966104,0.2758017826222159,0.3503611537567781,139,590,0.23559322033898306,0.2031286426904696,0.2714787273556841,55,590,0.09322033898305085,0.07231978591949298,0.11938386030535891,34,590,0.0576271186440678,0.041528369379092475,0.07944934589043395,62,590,0.10508474576271186,0.0828425004767019,0.13243645606659182,45,590,0.07627118644067797,0.05748826846973054,0.10053636301449018,5,590,0.00847457627118644,0.0036250556961975027,0.019683516825498515,2,590,0.003389830508474576,0.0009300870738511583,0.012274781025655511,3,590,0.005084745762711864,0.0017307163456227025,0.014842053227947084,61,590,0.10338983050847457,0.08133302651068426,0.1305780285585463,280,588,0.47619047619047616,0.43610728218945155,0.5165827619034272,44,588,0.07482993197278912,0.05621245573121391,0.09896690307019512,264,588,0.4489795918367347,0.40923652107171715,0.4893850019844519,328,588,0.5578231292517006,0.5174331831063006,0.5974624240967077,240,588,0.40816326530612246,0.369157067133648,0.4483616743674564,1,588,0.0017006802721088435,0.00030026721219230876,0.00956994130305907,0,588,0.0,0.0,0.006490925950457014,19,588,0.03231292517006803,0.020782279409898154,0.04991501527165178,233,588,0.39625850340136054,0.35751960391628723,0.4363441596312565,311 0.33; 363 0.19; 350 0.07; 364 0.06; 150 0.05; 312 0.04; 323 0.04,7,38 0.19; 44 0.11; 99 0.10; 53 0.10; 52 0.09; 35 0.09; 37 0.04; 41 0.03,8,earned income 0.38; unearned income 0.22; shelter deduction 0.19,"wrong amount, known item 0.31; wrong include/exclude decision 0.24; change in circumstances 0.11; other 0.10",243,124,114,367,0.662125340599455,0.6122761667204965,0.7086155563224416,0.33787465940054495,114,0.23700623700623702,481,120207.0
4+,months_since_cert_n >   5.500 & shelter_expenses_by_hh_size > 156.000 & total_deductions_by_hh_size >   1.380 & unc_rawben_rel_max <=   0.834,test_2024,656,194,318,130,318,0.4088050314465409,0.35617212381610003,0.46361500127897787,48,318,0.1509433962264151,0.11577652101795066,0.19444316469079553,60,318,0.18867924528301888,0.14948825762583112,0.23530227287115874,16,318,0.050314465408805034,0.031204252859267225,0.08015984674749586,1,318,0.0031446540880503146,0.0005553102238291183,0.017595233397629386,19,318,0.059748427672955975,0.03858032416299855,0.09142648664082545,44,318,0.13836477987421383,0.1047119202188484,0.18065081722714987,143,318,0.449685534591195,0.39593336647238436,0.5046388404766242,63,318,0.19811320754716982,0.15802178884852472,0.24541145284552604,34,318,0.1069182389937107,0.07752538893174762,0.14569497785738095,22,318,0.06918238993710692,0.046127303534686415,0.1025222184661985,30,318,0.09433962264150944,0.06688186784498568,0.13148155068139503,11,318,0.03459119496855346,0.019422807647175536,0.06087010663115269,1,318,0.0031446540880503146,0.0005553102238291183,0.017595233397629386,0,318,0.0,0.0,0.011936306555771534,0,318,0.0,0.0,0.011936306555771534,14,318,0.0440251572327044,0.026403009470282183,0.07253261600510695,136,318,0.4276729559748428,0.37447722515721216,0.48259532233198754,14,318,0.0440251572327044,0.026403009470282183,0.07253261600510695,167,318,0.5251572327044025,0.47029860807435353,0.5794152884511422,168,318,0.5283018867924528,0.4734238997809428,0.58250423381024,142,318,0.44654088050314467,0.39286166436353176,0.5014963055197897,2,318,0.006289308176100629,0.0017264168117718075,0.02263836387537367,3,318,0.009433962264150943,0.0032134265350796092,0.027365591217752838,3,318,0.009433962264150943,0.0032134265350796092,0.027365591217752838,128,318,0.4025157232704403,0.3500883030147549,0.45727034794894905,311 0.36; 363 0.19; 150 0.07; 350 0.06; 312 0.05; 364 0.05,6,38 0.18; 35 0.11; 44 0.09; 56 0.08; 52 0.08; 53 0.06; 54 0.05; 41 0.05; 99 0.04,9,earned income 0.41; shelter deduction 0.19; unearned income 0.15; other element 0.14,"wrong amount, known item 0.45; wrong include/exclude decision 0.20; unreported source of income 0.11",135,59,58,194,0.6958762886597938,0.6278556305795397,0.756290069819163,0.30412371134020616,58,0.23015873015873015,252,74107.0
1,elderly_disabled_i >   0.500 & rawben_rel_max >   0.881 & shelter_expenses_by_hh_size > 474.000 & utilities <=  28.500,all_2022_24,228,110,186,11,186,0.05913978494623656,0.03333986224682891,0.10278204148765291,41,186,0.22043010752688172,0.16684773421771656,0.28532713156512557,68,186,0.3655913978494624,0.29974904266352825,0.43687348896283823,49,186,0.26344086021505375,0.20538303067165803,0.3310726249907469,13,186,0.06989247311827956,0.04129682156306809,0.1158952796413044,2,186,0.010752688172043012,0.0029536830046733957,0.038352332115300314,2,186,0.010752688172043012,0.0029536830046733957,0.038352332115300314,25,186,0.13440860215053763,0.09272482029439133,0.19088846572932533,111,186,0.5967741935483871,0.5250070353791424,0.664624741849874,14,186,0.07526881720430108,0.04536226942769034,0.1223649305116275,0,186,0.0,0.0,0.02023581765008302,18,186,0.0967741935483871,0.062092570930009666,0.14777502394908956,3,186,0.016129032258064516,0.005500129644394957,0.0463409842105241,6,186,0.03225806451612903,0.014866173288856168,0.06858023677089892,0,186,0.0,0.0,0.02023581765008302,0,186,0.0,0.0,0.02023581765008302,9,186,0.04838709677419355,0.025662221990541502,0.08938948427404961,93,186,0.5,0.42887367285933603,0.571126327140664,24,186,0.12903225806451613,0.08826370499966515,0.18481448228910616,68,186,0.3655913978494624,0.29974904266352825,0.43687348896283823,97,186,0.521505376344086,0.4500083574451156,0.5921320374946658,83,186,0.44623655913978494,0.3766021883667029,0.5180468242838437,3,186,0.016129032258064516,0.005500129644394957,0.0463409842105241,0,186,0.0,0.0,0.02023581765008302,3,186,0.016129032258064516,0.005500129644394957,0.0463409842105241,70,186,0.3763440860215054,0.3098840975312504,0.4478086315650068,363 0.37; 364 0.26; 331 0.15,3,53 0.47; 37 0.09; 64 0.08; 35 0.08; 56 0.06,5,shelter deduction 0.37; utility allowance 0.26; unearned income 0.22,"wrong include/exclude decision 0.60; wrong amount, known item 0.13; change in circumstances 0.10",108,2,66,110,0.9818181818181818,0.9361185758998575,0.9949997499142563,0.01818181818181818,66,0.375,176,32206.0
1,elderly_disabled_i >   0.500 & rawben_rel_max >   0.881 & shelter_expenses_by_hh_size > 474.000 & utilities <=  28.500,train_2022_23,139,67,111,5,111,0.04504504504504504,0.01939147410855501,0.10113627890080745,27,111,0.24324324324324326,0.17289320485810217,0.33077097258282523,38,111,0.34234234234234234,0.2606726872036486,0.43455970245306114,31,111,0.27927927927927926,0.20427535700815574,0.3690499885112379,7,111,0.06306306306306306,0.03088026451475212,0.12447807253384349,1,111,0.009009009009009009,0.0015920445055909102,0.04927454042530521,2,111,0.018018018018018018,0.004955074866777286,0.06332680208373542,8,111,0.07207207207207207,0.03696964141610903,0.1358039876521032,75,111,0.6756756756756757,0.5839796034465838,0.7556185909359396,4,111,0.036036036036036036,0.014101074357880557,0.08901138663186531,0,111,0.0,0.0,0.03345129291127953,9,111,0.08108108108108109,0.04324151215311865,0.14694740893471014,2,111,0.018018018018018018,0.004955074866777286,0.06332680208373542,6,111,0.05405405405405406,0.02500597339497708,0.11293707163400198,0,111,0.0,0.0,0.03345129291127953,0,111,0.0,0.0,0.03345129291127953,7,111,0.06306306306306306,0.03088026451475212,0.12447807253384349,56,111,0.5045045045045045,0.4129089369409994,0.5957987090688087,21,111,0.1891891891891892,0.12720241592903933,0.27197000939418847,34,111,0.3063063063063063,0.2282290959806323,0.3973421255976111,61,111,0.5495495495495496,0.4568786347151331,0.6389054713927581,46,111,0.4144144144144144,0.327133075352556,0.5074216504610864,3,111,0.02702702702702703,0.00923347121399111,0.07646369775613819,0,111,0.0,0.0,0.03345129291127953,1,111,0.009009009009009009,0.0015920445055909102,0.04927454042530521,44,111,0.3963963963963964,0.31033119486484406,0.48939294690956525,363 0.34; 364 0.28; 331 0.19,3,53 0.54; 37 0.10; 38 0.07; 99 0.06,4,shelter deduction 0.34; utility allowance 0.28; unearned income 0.24,wrong include/exclude decision 0.68; change in circumstances 0.08,66,1,38,67,0.9850746268656716,0.9201794802686531,0.997360496242323,0.014925373134328358,38,0.3619047619047619,105,18170.0
1,elderly_disabled_i >   0.500 & rawben_rel_max >   0.881 & shelter_expenses_by_hh_size > 474.000 & utilities <=  28.500,test_2024,89,43,75,6,75,0.08,0.03717961789436808,0.16374984066557996,14,75,0.18666666666666668,0.11458005622312066,0.2892879525438247,30,75,0.4,0.29662343078170594,0.5131216783992341,18,75,0.24,0.15754748728758244,0.3477897965828615,6,75,0.08,0.03717961789436808,0.16374984066557996,1,75,0.013333333333333334,0.002357490433136912,0.07173537424743781,0,75,0.0,0.0,0.04872554590470005,17,75,0.22666666666666666,0.14661247942117506,0.33335748567339424,36,75,0.48,0.37068921756788065,0.5912598042683074,10,75,0.13333333333333333,0.0740650509941473,0.22833368266929943,0,75,0.0,0.0,0.04872554590470005,9,75,0.12,0.06443298969072164,0.2125984251968504,1,75,0.013333333333333334,0.002357490433136912,0.07173537424743781,0,75,0.0,0.0,0.04872554590470005,0,75,0.0,0.0,0.04872554590470005,0,75,0.0,0.0,0.04872554590470005,2,75,0.02666666666666667,0.00734353502360055,0.09211664843284882,37,75,0.49333333333333335,0.3832981847341953,0.6040181558778673,3,75,0.04,0.013695816001486477,0.11113168623083756,34,75,0.4533333333333333,0.3456961212759212,0.5655182630085175,36,75,0.48,0.37068921756788065,0.5912598042683074,37,75,0.49333333333333335,0.3832981847341953,0.6040181558778673,0,75,0.0,0.0,0.04872554590470005,0,75,0.0,0.0,0.04872554590470005,2,75,0.02666666666666667,0.00734353502360055,0.09211664843284882,26,75,0.3466666666666667,0.24882118363617925,0.4594546504412621,363 0.40; 364 0.24; 365 0.08; 331 0.08,4,53 0.36; 56 0.16; 35 0.13; 64 0.12,4,shelter deduction 0.40; utility allowance 0.24; unearned income 0.19,"wrong include/exclude decision 0.48; wrong amount, known item 0.23; unreported source of income 0.13",42,1,28,43,0.9767441860465116,0.8794073213878312,0.9958830188225801,0.023255813953488372,28,0.39436619718309857,71,14036.0
1,elderly_disabled_i >   0.50 & unc_rawben_rel_max >   1.93 & utilities <= 365.00,all_2022_24,117,56,76,10,76,0.13157894736842105,0.07306803021855036,0.22554322005699518,47,76,0.618421052631579,0.5060154789314374,0.719430904908566,9,76,0.11842105263157894,0.06356747118952921,0.20999418088157157,5,76,0.06578947368421052,0.02842611306337576,0.1449371461899458,1,76,0.013157894736842105,0.002326420140567463,0.0708384462949749,0,76,0.0,0.0,0.04811526823109757,4,76,0.05263157894736842,0.020655095015801955,0.1276585660330748,15,76,0.19736842105263158,0.12341879212336243,0.30044044917440715,30,76,0.39473684210526316,0.2924641219449393,0.5071390924195023,14,76,0.18421052631578946,0.11302493284924942,0.2857847102440753,0,76,0.0,0.0,0.04811526823109757,5,76,0.06578947368421052,0.02842611306337576,0.1449371461899458,3,76,0.039473684210526314,0.013514390129808602,0.10974967271462335,3,76,0.039473684210526314,0.013514390129808602,0.10974967271462335,0,76,0.0,0.0,0.04811526823109757,0,76,0.0,0.0,0.04811526823109757,6,76,0.07894736842105263,0.03668350552145426,0.1617293519363121,29,76,0.3815789473684211,0.2805690950914341,0.4939845210685628,5,76,0.06578947368421052,0.02842611306337576,0.1449371461899458,42,76,0.5526315789473685,0.4410031528161144,0.6591952400016647,49,76,0.6447368421052632,0.5325617632032839,0.742983817045609,21,76,0.27631578947368424,0.18840105352742306,0.38575577699701535,2,76,0.02631578947368421,0.007246507130607822,0.09096795750937933,0,76,0.0,0.0,0.04811526823109757,4,76,0.05263157894736842,0.020655095015801955,0.1276585660330748,38,76,0.5,0.3903240360982663,0.6096759639017337,331 0.47; 363 0.12; 311 0.12; 333 0.08,4,37 0.26; 35 0.18; 38 0.16; 53 0.09; 99 0.08,5,unearned income 0.62; earned income 0.13,"wrong include/exclude decision 0.39; wrong amount, known item 0.20; unreported source of income 0.18",56,0,0,56,1.0,0.9358038555118846,1.0,0.0,0,0.0,56,12641.0
1,elderly_disabled_i >   0.50 & unc_rawben_rel_max >   1.93 & utilities <= 365.00,train_2022_23,85,43,58,7,58,0.1206896551724138,0.059708902448596696,0.22879592278231584,37,58,0.6379310344827587,0.5092728615828533,0.7494526565149967,5,58,0.08620689655172414,0.03738483193379338,0.18643861377265664,4,58,0.06896551724137931,0.027143807598168326,0.16433894834605045,1,58,0.017241379310344827,0.003049959884541764,0.09141072677298324,0,58,0.0,0.0,0.062119996895293766,4,58,0.06896551724137931,0.027143807598168326,0.16433894834605045,12,58,0.20689655172413793,0.12251364354883215,0.3276946304932366,24,58,0.41379310344827586,0.29627832678138283,0.5420182244074607,7,58,0.1206896551724138,0.059708902448596696,0.22879592278231584,0,58,0.0,0.0,0.062119996895293766,4,58,0.06896551724137931,0.027143807598168326,0.16433894834605045,3,58,0.05172413793103448,0.017745812831795674,0.14139625335019185,2,58,0.034482758620689655,0.009507728866485675,0.11729364755327057,0,58,0.0,0.0,0.062119996895293766,0,58,0.0,0.0,0.062119996895293766,6,58,0.10344827586206896,0.04828075015859154,0.20788338531008968,21,58,0.3620689655172414,0.25054734348500335,0.4907271384171466,3,58,0.05172413793103448,0.017745812831795674,0.14139625335019185,34,58,0.5862068965517241,0.4579817755925391,0.7037216732186171,37,58,0.6379310344827587,0.5092728615828533,0.7494526565149967,15,58,0.25862068965517243,0.16345403519517457,0.383776308133588,2,58,0.034482758620689655,0.009507728866485675,0.11729364755327057,0,58,0.0,0.0,0.062119996895293766,4,58,0.06896551724137931,0.027143807598168326,0.16433894834605045,28,58,0.4827586206896552,0.35927974452990297,0.6083795657078658,331 0.53; 311 0.12; 363 0.09; 364 0.07,4,37 0.28; 38 0.19; 35 0.12; 99 0.10; 53 0.10,5,unearned income 0.64; earned income 0.12,"wrong include/exclude decision 0.41; wrong amount, known item 0.21; unreported source of income 0.12; other 0.10",43,0,0,43,1.0,0.9179874299767729,1.0,0.0,0,0.0,43,9174.0
1,elderly_disabled_i >   0.50 & unc_rawben_rel_max >   1.93 & utilities <= 365.00,test_2024,32,13,18,3,18,0.16666666666666666,0.05836470400465757,0.39222499638359243,10,18,0.5555555555555556,0.3371606942825164,0.7544076889861088,4,18,0.2222222222222222,0.09000781913382,0.4521502645230549,1,18,0.05555555555555555,0.009874935830924525,0.2575779980200754,0,18,0.0,0.0,0.1758845505823749,0,18,0.0,0.0,0.1758845505823749,0,18,0.0,0.0,0.1758845505823749,3,18,0.16666666666666666,0.05836470400465757,0.39222499638359243,6,18,0.3333333333333333,0.1627855436366286,0.5625093065574964,7,18,0.3888888888888889,0.20304991926931162,0.6138133141934384,0,18,0.0,0.0,0.1758845505823749,1,18,0.05555555555555555,0.009874935830924525,0.2575779980200754,0,18,0.0,0.0,0.1758845505823749,1,18,0.05555555555555555,0.009874935830924525,0.2575779980200754,0,18,0.0,0.0,0.1758845505823749,0,18,0.0,0.0,0.1758845505823749,0,18,0.0,0.0,0.1758845505823749,8,18,0.4444444444444444,0.24559231101389126,0.6628393057174837,2,18,0.1111111111111111,0.031018868453582787,0.3280024486660421,8,18,0.4444444444444444,0.24559231101389126,0.6628393057174837,12,18,0.6666666666666666,0.4374906934425036,0.8372144563633714,6,18,0.3333333333333333,0.1627855436366286,0.5625093065574964,0,18,0.0,0.0,0.1758845505823749,0,18,0.0,0.0,0.1758845505823749,0,18,0.0,0.0,0.1758845505823749,10,18,0.5555555555555556,0.3371606942825164,0.7544076889861088,331 0.28; 363 0.22; 311 0.11; 333 0.11; 346 0.06,5,35 0.39; 37 0.22; 124 0.06; 52 0.06; 53 0.06,5,unearned income 0.56; shelter deduction 0.22,"unreported source of income 0.39; wrong include/exclude decision 0.33; wrong amount, known item 0.17",13,0,0,13,1.0,0.7718981569447083,1.0,0.0,0,0.0,13,3467.0
4+,elderly_disabled_i <= 0.500 & months_since_cert_n > 5.500 & rawben_rel_max > 0.372 & unc_rawben_rel_max <= 0.834,all_2022_24,1696,490,771,345,771,0.4474708171206226,0.41271887586111194,0.48274362899149276,118,771,0.15304798962386512,0.12935898851719674,0.18017730896605666,131,771,0.16990920881971466,0.14505156009477907,0.19803998274442833,38,771,0.04928664072632944,0.036116407948004,0.06692607196014755,0,771,0.0,0.0,0.004957916559978194,42,771,0.054474708171206226,0.040551393678689374,0.07281577710821727,97,771,0.125810635538262,0.10424095676471205,0.15109071360507711,265,771,0.3437094682230869,0.3110332766732677,0.37793541060423524,152,771,0.19714656290531776,0.17059469679517375,0.2267014731574979,85,771,0.11024643320363164,0.09004134717306564,0.1343162505604582,55,771,0.07133592736705577,0.055213893862442756,0.09170852228041791,86,771,0.11154345006485085,0.09121975066988809,0.13571901978332457,53,771,0.06874189364461739,0.05293679578302239,0.08882327492046076,5,771,0.00648508430609598,0.0027730871397051247,0.015090693018716931,4,771,0.005188067444876783,0.0020192999646219236,0.01326330747411136,2,771,0.0025940337224383916,0.0007116511899523765,0.009408610809403362,64,771,0.08300907911802853,0.06554027031025136,0.10461270030980827,365,768,0.4752604166666667,0.4401519500826897,0.5106151503171851,46,768,0.059895833333333336,0.045202734539553605,0.0789698936266401,356,768,0.4635416666666667,0.42854196747863765,0.4989042857422305,424,769,0.5513654096228868,0.5160439038193201,0.5861762665234771,325,769,0.4226267880364109,0.38818213997355794,0.4578406414088108,3,769,0.0039011703511053317,0.0013275939701758435,0.01140671018736433,3,769,0.0039011703511053317,0.0013275939701758435,0.01140671018736433,14,769,0.018205461638491547,0.010874977234965565,0.030325703473733343,297,768,0.38671875,0.3529206134217107,0.421644530514558,311 0.39; 363 0.17; 150 0.06; 350 0.06; 364 0.05; 312 0.05,6,38 0.18; 35 0.11; 44 0.10; 99 0.08; 53 0.08; 52 0.08; 41 0.04; 39 0.03; 56 0.03; 12 0.03,10,earned income 0.45; shelter deduction 0.17; unearned income 0.15,"wrong amount, known item 0.34; wrong include/exclude decision 0.20; change in circumstances 0.11; unreported source of income 0.11",331,159,137,490,0.6755102040816326,0.6328291268122967,0.7154606891934832,0.32448979591836735,137,0.21850079744816586,627,170088.0
4+,elderly_disabled_i <= 0.500 & months_since_cert_n > 5.500 & rawben_rel_max > 0.372 & unc_rawben_rel_max <= 0.834,train_2022_23,1154,334,515,232,515,0.45048543689320386,0.40803817264964787,0.49366593126183506,94,515,0.1825242718446602,0.15155378655548923,0.218196056171077,82,515,0.15922330097087378,0.13016207948470992,0.1933308709649071,27,515,0.05242718446601942,0.036278017874482635,0.07520417630578358,0,515,0.0,0.0,0.007404186557130346,23,515,0.04466019417475728,0.029940982274077984,0.06612224781387178,57,515,0.11067961165048544,0.08641261263861592,0.14071181223402343,158,515,0.3067961165048544,0.2685188078614251,0.347934460342204,101,515,0.19611650485436893,0.16412665141457086,0.23260637847354917,55,515,0.10679611650485436,0.08297235273994753,0.1364425900865336,34,515,0.06601941747572816,0.047625432842697935,0.090839948499122,64,515,0.12427184466019417,0.09853145093519047,0.1555761610990026,43,515,0.08349514563106795,0.0625768147297003,0.11058123581983158,3,515,0.005825242718446602,0.001983009053564175,0.016985400572803486,2,515,0.003883495145631068,0.0010656189599909972,0.014048049643297561,2,515,0.003883495145631068,0.0010656189599909972,0.014048049643297561,53,515,0.1029126213592233,0.07954283315769246,0.13216262762263048,252,513,0.49122807017543857,0.4481929007419579,0.5343936402795076,30,513,0.05847953216374269,0.041266903818237805,0.08225566092887232,231,513,0.4502923976608187,0.40776687040839155,0.493556862046581,283,513,0.5516569200779727,0.5083949621767596,0.5941509629190531,215,513,0.4191033138401559,0.37716135043033777,0.46224786121206857,2,513,0.003898635477582846,0.0010697759545932085,0.01410237737052613,0,513,0.0,0.0,0.007432838223548568,13,513,0.025341130604288498,0.01486810100141264,0.04287028538234593,193,513,0.3762183235867446,0.3353631310875298,0.4189136144375981,311 0.39; 363 0.16; 350 0.07; 364 0.05; 312 0.05; 150 0.05,6,38 0.18; 44 0.11; 35 0.11; 99 0.10; 53 0.09; 52 0.08; 41 0.05; 39 0.03,8,earned income 0.45; unearned income 0.18; shelter deduction 0.16,"wrong amount, known item 0.31; wrong include/exclude decision 0.20; change in circumstances 0.12; unreported source of income 0.11; other 0.10",216,118,88,334,0.6467065868263473,0.5940403552511786,0.696036414453914,0.3532934131736527,88,0.20853080568720378,422,106195.0
4+,elderly_disabled_i <= 0.500 & months_since_cert_n > 5.500 & rawben_rel_max > 0.372 & unc_rawben_rel_max <= 0.834,test_2024,542,156,256,113,256,0.44140625,0.38188965966779864,0.5026553862370912,24,256,0.09375,0.0638093967149548,0.13570292155894748,49,256,0.19140625,0.1479166280119583,0.24402061375379444,11,256,0.04296875,0.024159562780836398,0.07529179527730365,0,256,0.0,0.0,0.014784391721725852,19,256,0.07421875,0.048025724882263164,0.11300160869326903,40,256,0.15625,0.11689181247227712,0.20577245683640946,107,256,0.41796875,0.3591975114566437,0.479165552810202,51,256,0.19921875,0.1548974099242564,0.2524338257208444,30,256,0.1171875,0.0833307632374911,0.1623635366744553,21,256,0.08203125,0.054277180955178764,0.12214414649970147,22,256,0.0859375,0.0574351542702768,0.12668317012427743,10,256,0.0390625,0.021353804338076477,0.07040055678038956,2,256,0.0078125,0.0021450454442769468,0.02803334015679694,2,256,0.0078125,0.0021450454442769468,0.02803334015679694,0,256,0.0,0.0,0.014784391721725852,11,256,0.04296875,0.024159562780836398,0.07529179527730365,113,255,0.44313725490196076,0.3834576230687642,0.5045047446495624,16,255,0.06274509803921569,0.03898704862412708,0.09948219279610829,125,255,0.49019607843137253,0.4294402536847673,0.5512429131632198,141,256,0.55078125,0.48954464249048335,0.6105163177252789,110,256,0.4296875,0.3705266391091252,0.4909274159767426,1,256,0.00390625,0.0006898644160236098,0.02179152424537626,3,256,0.01171875,0.003993214821806392,0.03388216771894151,1,256,0.00390625,0.0006898644160236098,0.02179152424537626,104,255,0.40784313725490196,0.3493259881152627,0.46909578025581833,311 0.38; 363 0.19; 150 0.09; 323 0.06; 312 0.05,5,38 0.16; 35 0.12; 56 0.09; 44 0.08; 52 0.08; 53 0.06; 54 0.05; 57 0.05; 99 0.04; 41 0.03,10,earned income 0.44; shelter deduction 0.19; other element 0.16,"wrong amount, known item 0.42; wrong include/exclude decision 0.20; unreported source of income 0.12; change in circumstances 0.09",115,41,49,156,0.7371794871794872,0.6630033116659751,0.7999550170794828,0.26282051282051283,49,0.23902439024390243,205,63893.0
4+,months_since_cert_n >=   6.000 & rawben_rel_max <   0.884 & shelter_expenses_by_hh_size >= 167.000,all_2022_24,2122,600,974,375,974,0.38501026694045176,0.3549592333965995,0.41596480992493634,197,974,0.20225872689938398,0.17822414606715284,0.2286327518189669,189,974,0.19404517453798767,0.17043077439941584,0.22006355515252785,53,974,0.054414784394250515,0.041840230333764536,0.07049043753718716,5,974,0.00513347022587269,0.00219461299637937,0.01196064486951629,50,974,0.0513347022587269,0.039153530750632784,0.0670411739950029,105,974,0.10780287474332649,0.08984400268189152,0.1288433593612042,352,974,0.3613963039014374,0.331824614994625,0.39205704436615485,211,974,0.2166324435318275,0.1919011069084879,0.2435902855624398,98,974,0.10061601642710473,0.08326482404014007,0.12110529071055165,58,974,0.059548254620123205,0.046345195908049544,0.07621207717176215,100,974,0.1026694045174538,0.0851417138570154,0.12331904297722031,58,974,0.059548254620123205,0.046345195908049544,0.07621207717176215,8,974,0.008213552361396304,0.004167650438972184,0.01612357055223948,2,974,0.002053388090349076,0.0005632820144464948,0.0074560127261331655,4,974,0.004106776180698152,0.001598143196888298,0.010511793627235363,83,974,0.08521560574948665,0.06926933566639779,0.10442096345771393,456,972,0.4691358024691358,0.4379453146378691,0.5005692967498807,64,972,0.06584362139917696,0.05189834445639613,0.08320718906461796,451,972,0.46399176954732513,0.43284307888347956,0.495423967735562,536,972,0.551440329218107,0.5200320521710226,0.5824435955160613,406,972,0.4176954732510288,0.38707414734687623,0.44896481635379,3,972,0.0030864197530864196,0.0010501853946522591,0.009035057948119764,3,972,0.0030864197530864196,0.0010501853946522591,0.009035057948119764,24,972,0.024691358024691357,0.01664768458354373,0.03647733078780342,397,972,0.40843621399176955,0.37795350561397867,0.4396398415030125,311 0.33; 363 0.19; 350 0.07; 364 0.05; 150 0.05; 312 0.05,6,38 0.19; 44 0.10; 35 0.10; 52 0.09; 53 0.09; 99 0.09; 41 0.04; 56 0.03; 37 0.03,9,earned income 0.39; unearned income 0.20; shelter deduction 0.19,"wrong amount, known item 0.36; wrong include/exclude decision 0.22; change in circumstances 0.10; unreported source of income 0.10",406,194,183,600,0.6766666666666666,0.6382173507845876,0.7128680994394445,0.3233333333333333,183,0.23371647509578544,783,208620.0
4+,months_since_cert_n >=   6.000 & rawben_rel_max <   0.884 & shelter_expenses_by_hh_size >= 167.000,train_2022_23,1420,392,634,235,634,0.37066246056782337,0.3339506508529812,0.4089322216344828,145,634,0.22870662460567823,0.19770480733152535,0.2629763398373015,123,634,0.19400630914826497,0.16510562369135542,0.22659287951069348,35,634,0.055205047318611984,0.039958810795363314,0.07580911653957376,4,634,0.006309148264984227,0.0024561197882280988,0.016108991048067303,31,634,0.04889589905362776,0.03465778429363017,0.06856784413825637,61,634,0.09621451104100946,0.07563249168282205,0.1216603785219435,200,634,0.31545741324921134,0.28048805734890747,0.3526496997368642,144,634,0.22712933753943218,0.19621583648299928,0.261329735960065,61,634,0.09621451104100946,0.07563249168282205,0.1216603785219435,36,634,0.056782334384858045,0.041294213907453414,0.0776092881532463,65,634,0.10252365930599369,0.08125526822672179,0.12857990088109433,46,634,0.07255520504731862,0.05483409912908451,0.09542515018924153,7,634,0.011041009463722398,0.005358275724007541,0.02261355928957577,2,634,0.0031545741324921135,0.0008655065882955705,0.011428454796474566,4,634,0.006309148264984227,0.0024561197882280988,0.016108991048067303,69,634,0.10883280757097792,0.08690515429113779,0.13547231371972884,305,632,0.4825949367088608,0.4438591377816815,0.5215410499380273,49,632,0.07753164556962025,0.05914073531556033,0.10102745751737166,278,632,0.439873417721519,0.40165263871311996,0.47882073704587413,356,632,0.5632911392405063,0.524355106143684,0.601462393057375,254,632,0.40189873417721517,0.36437785302269843,0.4406050232156602,1,632,0.0015822784810126582,0.00027935844363810667,0.00890783534802321,0,632,0.0,0.0,0.006041756311634847,21,632,0.03322784810126582,0.0218339991331614,0.05026194425902936,257,632,0.40664556962025317,0.36902447949805145,0.44539470918038665,311 0.32; 363 0.19; 350 0.08; 364 0.06; 312 0.05; 150 0.05; 323 0.04,7,38 0.19; 44 0.11; 99 0.11; 53 0.10; 35 0.10; 52 0.09; 41 0.03; 37 0.03,8,earned income 0.37; unearned income 0.23; shelter deduction 0.19,"wrong amount, known item 0.32; wrong include/exclude decision 0.23; other 0.11; change in circumstances 0.10",256,136,121,392,0.6530612244897959,0.6046602632693254,0.6984913003864397,0.3469387755102041,121,0.23586744639376217,513,128072.0
4+,months_since_cert_n >=   6.000 & rawben_rel_max <   0.884 & shelter_expenses_by_hh_size >= 167.000,test_2024,702,208,340,140,340,0.4117647058823529,0.36072039028244274,0.46478065438463645,52,340,0.15294117647058825,0.11857678268017299,0.19506065967700545,66,340,0.19411764705882353,0.15558906126049613,0.23948122691871196,18,340,0.052941176470588235,0.03374664825709931,0.0821253113894356,1,340,0.0029411764705882353,0.0005193653137751005,0.01646985297743806,19,340,0.05588235294117647,0.03606363544354903,0.08562495604741657,44,340,0.12941176470588237,0.09783251500729898,0.1692718725944339,152,340,0.4470588235294118,0.3950938456503136,0.500206781149934,67,340,0.19705882352941176,0.1582622246350808,0.24262469538855794,37,340,0.10882352941176471,0.07998812266510144,0.1463998420256166,22,340,0.06470588235294118,0.04311538956090387,0.09602309746335384,35,340,0.10294117647058823,0.07495198681346119,0.13980271418839546,12,340,0.03529411764705882,0.02030278204843923,0.060669386531511535,1,340,0.0029411764705882353,0.0005193653137751005,0.01646985297743806,0,340,0.0,0.0,0.01117258644678247,0,340,0.0,0.0,0.01117258644678247,14,340,0.041176470588235294,0.024683675198928924,0.06792175706988321,151,340,0.4441176470588235,0.39221918096295794,0.49726481399285893,15,340,0.04411764705882353,0.026915183896032896,0.07150688021720995,173,340,0.5088235294117647,0.455882857611248,0.561567037922044,180,340,0.5294117647058824,0.4763234233804052,0.5818428950639017,152,340,0.4470588235294118,0.3950938456503136,0.500206781149934,2,340,0.0058823529411764705,0.001614604544640531,0.02119124559100332,3,340,0.008823529411764706,0.0030051901569739924,0.025617291823100553,3,340,0.008823529411764706,0.0030051901569739924,0.025617291823100553,140,340,0.4117647058823529,0.36072039028244274,0.46478065438463645,311 0.36; 363 0.19; 150 0.07; 350 0.06; 364 0.05; 312 0.05,6,38 0.19; 35 0.11; 56 0.09; 52 0.08; 44 0.08; 53 0.06; 41 0.05; 54 0.05; 99 0.04,9,earned income 0.41; shelter deduction 0.19; unearned income 0.15,"wrong amount, known item 0.45; wrong include/exclude decision 0.20; unreported source of income 0.11",150,58,62,208,0.7211538461538461,0.6566228925720298,0.7776638575280451,0.27884615384615385,62,0.22962962962962963,270,80548.0
4+,HH_size_n <=   4.500 & rawben_rel_max <=   0.834 & total_deductions_by_hh_size > 154.000,all_2022_24,2261,535,821,336,821,0.4092570036540804,0.376121124621011,0.4432381317501518,114,821,0.13885505481120586,0.11687838650203673,0.1641957009348724,159,821,0.19366626065773446,0.1680868598620746,0.2220990861425886,39,821,0.047503045066991476,0.034941770576577665,0.06427921924740794,0,821,0.0,0.0,0.00465737906526538,86,821,0.10475030450669914,0.08561145528950687,0.12757080903857745,87,821,0.10596833130328867,0.0867178646540423,0.12888910764221434,280,821,0.341047503045067,0.30942702701168834,0.37414858314182486,205,821,0.2496954933008526,0.2212993205315292,0.28042319200906046,88,821,0.1071863580998782,0.08782512823029537,0.1302065520341336,53,821,0.06455542021924482,0.04969076593716367,0.0834761354412343,53,821,0.06455542021924482,0.04969076593716367,0.0834761354412343,60,821,0.0730816077953715,0.05719683499476859,0.0929430221608356,5,821,0.0060901339829476245,0.00260402541781543,0.014176893488311516,3,821,0.0036540803897685747,0.0012434560659915763,0.010688046903790743,5,821,0.0060901339829476245,0.00260402541781543,0.014176893488311516,69,821,0.08404384896467722,0.06694745279463396,0.10501477607452103,507,819,0.6190476190476191,0.5853057195710449,0.6516779234533234,77,819,0.09401709401709402,0.07588096859494198,0.1159440436552894,235,819,0.2869352869352869,0.25700719260199867,0.318852851421055,439,821,0.5347137637028014,0.5005115457775965,0.5685926313153143,350,821,0.42630937880633374,0.39290096837301447,0.4604041995525606,2,821,0.00243605359317905,0.0006682941676709178,0.008838500833939087,7,821,0.008526187576126675,0.0041360549045552615,0.017494279937916316,23,821,0.028014616321559074,0.018738876409411617,0.04168678592381698,305,819,0.3724053724053724,0.3399628917543548,0.40603925495286075,311 0.34; 363 0.19; 323 0.09; 350 0.08; 312 0.06,5,38 0.16; 53 0.12; 35 0.11; 44 0.10; 99 0.08; 52 0.08; 56 0.05; 37 0.03; 41 0.03,9,earned income 0.41; shelter deduction 0.19; unearned income 0.14; other element 0.11,"wrong amount, known item 0.34; wrong include/exclude decision 0.25; unreported source of income 0.11; other 0.08",357,178,193,535,0.6672897196261682,0.6262944993591524,0.7058995999828435,0.33271028037383177,193,0.2651098901098901,728,159623.0
4+,HH_size_n <=   4.500 & rawben_rel_max <=   0.834 & total_deductions_by_hh_size > 154.000,train_2022_23,1438,321,481,199,481,0.41372141372141374,0.3705605522671244,0.45824951683585685,73,481,0.15176715176715178,0.1224697567156573,0.18658293183252006,90,481,0.18711018711018712,0.1547856501870841,0.22439303415023346,20,481,0.04158004158004158,0.027075305545546005,0.06334927848354721,0,481,0.0,0.0,0.007923412512457676,48,481,0.0997920997920998,0.07609595221009312,0.12983027194228985,51,481,0.10602910602910603,0.08156845324041254,0.13673294663946575,136,481,0.28274428274428276,0.2443429909918515,0.32458838783372784,129,481,0.2681912681912682,0.23055065165939775,0.30950531713535917,55,481,0.11434511434511435,0.08890969998298394,0.14589193420022145,33,481,0.06860706860706861,0.04926576602404818,0.09478457949085813,35,481,0.07276507276507277,0.052782423304341713,0.09951803936222817,44,481,0.09147609147609148,0.0688483815738679,0.12057760827518797,0,481,0.0,0.0,0.007923412512457676,3,481,0.006237006237006237,0.002123327073223113,0.018175261166729895,2,481,0.004158004158004158,0.0011409923956261269,0.015032537268495107,44,481,0.09147609147609148,0.0688483815738679,0.12057760827518797,292,481,0.6070686070686071,0.5627376030994057,0.6497029135559308,53,481,0.1101871101871102,0.08523297074419652,0.14131854628734536,136,481,0.28274428274428276,0.2443429909918515,0.32458838783372784,253,481,0.525987525987526,0.48133451902370483,0.5702287131741923,208,481,0.43243243243243246,0.38886602509726476,0.4770695711882026,1,481,0.002079002079002079,0.00036707979113978495,0.011681391297149667,0,481,0.0,0.0,0.007923412512457676,19,481,0.0395010395010395,0.025431606593493777,0.06086791885976767,187,481,0.3887733887733888,0.3462541482294565,0.43305521796354346,311 0.33; 363 0.19; 350 0.08; 323 0.08; 312 0.07,5,38 0.17; 53 0.15; 35 0.11; 44 0.10; 99 0.09; 52 0.09; 41 0.03; 37 0.02,8,earned income 0.41; shelter deduction 0.19; unearned income 0.15,"wrong amount, known item 0.28; wrong include/exclude decision 0.27; unreported source of income 0.11; other 0.09",211,110,117,321,0.6573208722741433,0.6038146128060786,0.7071061559624534,0.3426791277258567,117,0.2671232876712329,438,89835.0
4+,HH_size_n <=   4.500 & rawben_rel_max <=   0.834 & total_deductions_by_hh_size > 154.000,test_2024,823,214,340,137,340,0.40294117647058825,0.35216931045674044,0.45588183867704674,41,340,0.12058823529411765,0.09014605115514007,0.15950844091330074,69,340,0.20294117647058824,0.16361916420247563,0.24890101951002452,19,340,0.05588235294117647,0.03606363544354903,0.08562495604741657,0,340,0.0,0.0,0.01117258644678247,38,340,0.11176470588235295,0.08251725897986412,0.14968733755528463,36,340,0.10588235294117647,0.07746627836454667,0.14310505448174068,144,340,0.4235294117647059,0.3721483376658607,0.4766192343789413,76,340,0.2235294117647059,0.18247421877400008,0.27076238784951495,33,340,0.09705882352941177,0.0699471969833954,0.1331742403295999,20,340,0.058823529411764705,0.03839817713112127,0.08910704620427502,18,340,0.052941176470588235,0.03374664825709931,0.0821253113894356,16,340,0.047058823529411764,0.02917080506827031,0.07506789088940322,5,340,0.014705882352941176,0.006297308643008131,0.033958437025927796,0,340,0.0,0.0,0.01117258644678247,3,340,0.008823529411764706,0.0030051901569739924,0.025617291823100553,25,340,0.07352941176470588,0.0502975591002998,0.10629082345724995,215,338,0.636094674556213,0.5835389730396788,0.6855915248283396,24,338,0.07100591715976332,0.04817655443468555,0.10347731098134338,99,338,0.29289940828402367,0.24692667176944405,0.3435269184313975,186,340,0.5470588235294118,0.4939147976145259,0.5991513118963653,142,340,0.4176470588235294,0.3664305966721677,0.470703711683773,1,340,0.0029411764705882353,0.0005193653137751005,0.01646985297743806,7,340,0.020588235294117647,0.010007827628145376,0.041881181729651926,4,340,0.011764705882352941,0.004584240750676106,0.029854873073829127,118,338,0.34911242603550297,0.300246166210646,0.40137002093568147,311 0.36; 363 0.20; 323 0.09; 350 0.07; 364 0.06,5,38 0.14; 56 0.12; 35 0.10; 44 0.09; 53 0.08; 52 0.08; 99 0.07; 57 0.05; 37 0.05,9,earned income 0.40; shelter deduction 0.20; unearned income 0.12; dep care or child support deduction 0.11,"wrong amount, known item 0.42; wrong include/exclude decision 0.22; unreported source of income 0.10; other 0.07",146,68,76,214,0.6822429906542056,0.6171151963425776,0.7409431359502443,0.3177570093457944,76,0.2620689655172414,290,69788.0
1,count_divisible_by_100 <   1.00 & months_since_cert_n >=   7.00 & unc_rawben_rel_max >=   1.63 & utilities < 353.00,all_2022_24,196,95,154,47,154,0.3051948051948052,0.23793990068132437,0.38193217360074055,56,154,0.36363636363636365,0.29183516406639337,0.44207528793105205,21,154,0.13636363636363635,0.09094960124870863,0.19947827074447946,10,154,0.06493506493506493,0.035650162878397375,0.11539746968488124,2,154,0.012987012987012988,0.003568687884314088,0.04611149782084855,0,154,0.0,1.734723475976807e-18,0.024338323990633647,18,154,0.11688311688311688,0.07522536588337418,0.17718971353802038,18,154,0.11688311688311688,0.07522536588337418,0.17718971353802038,56,154,0.36363636363636365,0.29183516406639337,0.44207528793105205,34,154,0.22077922077922077,0.16251159892911632,0.29263837420851024,0,154,0.0,1.734723475976807e-18,0.024338323990633647,18,154,0.11688311688311688,0.07522536588337418,0.17718971353802038,7,154,0.045454545454545456,0.022189751070152808,0.09084508892133232,4,154,0.025974025974025976,0.010145959753091315,0.06487608766660033,7,154,0.045454545454545456,0.022189751070152808,0.09084508892133232,0,154,0.0,1.734723475976807e-18,0.024338323990633647,10,154,0.06493506493506493,0.035650162878397375,0.11539746968488124,41,154,0.2662337662337662,0.20273550549062647,0.34111098364785153,16,154,0.1038961038961039,0.06496831920387043,0.1621048985029952,97,154,0.6298701298701299,0.5513165004505675,0.7021021166947227,73,154,0.474025974025974,0.39675717052246195,0.5525591060484799,71,154,0.461038961038961,0.3842148762020109,0.539759538654402,2,154,0.012987012987012988,0.003568687884314088,0.04611149782084855,0,154,0.0,1.734723475976807e-18,0.024338323990633647,8,154,0.05194805194805195,0.026554613997815328,0.09915115685093431,59,154,0.38311688311688313,0.31006582821178336,0.46185741635745564,311 0.25; 331 0.25; 363 0.14; 364 0.06; 333 0.06,5,35 0.22; 37 0.18; 52 0.12; 39 0.10; 38 0.09; 99 0.06,6,unearned income 0.36; earned income 0.31; shelter deduction 0.14,"wrong include/exclude decision 0.36; unreported source of income 0.22; wrong amount, known item 0.12; change in circumstances 0.12",95,0,1,95,1.0,0.9611337736337738,1.0,0.0,1,0.010416666666666666,96,30306.0
1,count_divisible_by_100 <   1.00 & months_since_cert_n >=   7.00 & unc_rawben_rel_max >=   1.63 & utilities < 353.00,train_2022_23,144,67,114,32,114,0.2807017543859649,0.20640600067746484,0.3692956191240314,41,114,0.35964912280701755,0.27745645534646424,0.45099258132649334,14,114,0.12280701754385964,0.0745805246720894,0.19562626138648417,7,114,0.06140350877192982,0.030058899274456374,0.12134434032853611,2,114,0.017543859649122806,0.004824317682655357,0.061719245880636375,0,114,0.0,0.0,0.03259969314741144,18,114,0.15789473684210525,0.10227178824604191,0.23582273864429223,13,114,0.11403508771929824,0.06786457323913277,0.1853702776115006,42,114,0.3684210526315789,0.2855100076999257,0.45991096418097205,19,114,0.16666666666666666,0.1093729979154317,0.24569346418284255,0,114,0.0,0.0,0.03259969314741144,15,114,0.13157894736842105,0.08138578986699035,0.20579293139952332,7,114,0.06140350877192982,0.030058899274456374,0.12134434032853611,2,114,0.017543859649122806,0.004824317682655357,0.061719245880636375,7,114,0.06140350877192982,0.030058899274456374,0.12134434032853611,0,114,0.0,0.0,0.03259969314741144,9,114,0.07894736842105263,0.04208813714490404,0.14325897287396874,31,114,0.2719298245614035,0.19868338856494294,0.36004629602861316,9,114,0.07894736842105263,0.04208813714490404,0.14325897287396874,74,114,0.6491228070175439,0.557956079953511,0.7305668185814715,55,114,0.4824561403508772,0.3928049157542809,0.5732512138298388,50,114,0.43859649122807015,0.35098228708513207,0.5302141664592868,2,114,0.017543859649122806,0.004824317682655357,0.061719245880636375,0,114,0.0,0.0,0.03259969314741144,7,114,0.06140350877192982,0.030058899274456374,0.12134434032853611,41,114,0.35964912280701755,0.27745645534646424,0.45099258132649334,331 0.26; 311 0.25; 363 0.12; 364 0.06; 371 0.06,5,37 0.18; 35 0.17; 52 0.13; 39 0.12; 38 0.11; 99 0.08,6,unearned income 0.36; earned income 0.28; other element 0.16,"wrong include/exclude decision 0.37; unreported source of income 0.17; change in circumstances 0.13; wrong amount, known item 0.11",67,0,0,67,1.0,0.9457719757882374,0.9999999999999999,0.0,0,0.0,67,21440.0
1,count_divisible_by_100 <   1.00 & months_since_cert_n >=   7.00 & unc_rawben_rel_max >=   1.63 & utilities < 353.00,test_2024,52,28,40,15,40,0.375,0.2422277353579172,0.529678399454681,15,40,0.375,0.2422277353579172,0.529678399454681,7,40,0.175,0.08745302996883066,0.3195029205439244,3,40,0.075,0.025835556771858226,0.19864530159097524,0,40,0.0,0.0,0.08762453925039232,0,40,0.0,0.0,0.08762453925039232,0,40,0.0,0.0,0.08762453925039232,5,40,0.125,0.05459419773541284,0.26112420670238146,14,40,0.35,0.2213433317104915,0.5049440300646263,15,40,0.375,0.2422277353579172,0.529678399454681,0,40,0.0,0.0,0.08762453925039232,3,40,0.075,0.025835556771858226,0.19864530159097524,0,40,0.0,0.0,0.08762453925039232,2,40,0.05,0.013820377146101098,0.165041708179252,0,40,0.0,0.0,0.08762453925039232,0,40,0.0,0.0,0.08762453925039232,1,40,0.025,0.0044267174077949195,0.1288165948800778,10,40,0.25,0.14186967895549518,0.40194259066970106,7,40,0.175,0.08745302996883066,0.3195029205439244,23,40,0.575,0.42194800436059987,0.7149083147518411,18,40,0.45,0.30705075280944694,0.6017117011155924,21,40,0.525,0.37497106853929735,0.6706477044981831,0,40,0.0,0.0,0.08762453925039232,0,40,0.0,0.0,0.08762453925039232,1,40,0.025,0.0044267174077949195,0.1288165948800778,18,40,0.45,0.30705075280944694,0.6017117011155924,311 0.28; 331 0.20; 363 0.17; 346 0.07; 364 0.07,5,35 0.38; 37 0.20; 52 0.07; 53 0.07; 124 0.05,5,unearned income 0.38; earned income 0.38,"unreported source of income 0.38; wrong include/exclude decision 0.35; wrong amount, known item 0.12",28,0,1,28,1.0,0.8793527963418923,1.0,0.0,1,0.034482758620689655,29,8866.0
4+,months_since_cert_n > 5.500 & total_deductions_by_hh_size > 1.380 & unc_rawben_rel_max <= 0.834,all_2022_24,2647,718,1153,463,1153,0.401561144839549,0.37363703029765843,0.43013904414503096,221,1153,0.191673894189072,0.16999202005314518,0.21540352588849454,198,1153,0.1717259323503903,0.15105551000250375,0.19457659727994528,61,1153,0.05290546400693842,0.04140570055211383,0.06737461993428638,6,1153,0.005203816131830009,0.0023870401013391914,0.011306796634822439,59,1153,0.05117085862966175,0.039876456260380985,0.06544617390782873,145,1153,0.12575888985255854,0.10785377488894964,0.14614953896145128,399,1153,0.3460537727666956,0.31914688682886805,0.37398309743172553,256,1153,0.2220294882914137,0.1989847537427232,0.24692037276725012,110,1153,0.09540329575021683,0.07976475034812854,0.11372898293393875,84,1153,0.07285342584562012,0.05922808330276358,0.08931567584282726,118,1153,0.1023417172593235,0.0861460962839863,0.12117839827084297,71,1153,0.06157849089332177,0.0491054474809697,0.07696332459638297,10,1153,0.008673026886383347,0.004717717113934839,0.015891500258607777,4,1153,0.003469210754553339,0.001349888376104568,0.00888625804186657,5,1153,0.004336513443191674,0.0018536514979618076,0.010111340079104577,96,1153,0.08326105810928014,0.06866418891790982,0.100625712136824,527,1150,0.4582608695652174,0.42964972394445916,0.4871499476915782,88,1150,0.07652173913043478,0.06252829760757012,0.09333503753305922,534,1150,0.4643478260869565,0.4356892417010986,0.4932438111546834,638,1151,0.5543006081668115,0.5254519904754814,0.582787962085978,471,1151,0.4092093831450912,0.3811512136237748,0.43787158569346485,4,1151,0.0034752389226759338,0.0013522353660127243,0.008901638412001507,4,1151,0.0034752389226759338,0.0013522353660127243,0.008901638412001507,34,1151,0.029539530842745437,0.021214617043062906,0.04099443396445189,469,1150,0.4078260869565217,0.3797753007637428,0.43649064076583977,311 0.35; 363 0.17; 350 0.07; 150 0.07; 364 0.05; 312 0.04,6,38 0.18; 44 0.10; 35 0.10; 52 0.09; 99 0.08; 53 0.08; 41 0.04; 37 0.04; 56 0.03; 54 0.02,10,earned income 0.40; unearned income 0.19; shelter deduction 0.17,"wrong amount, known item 0.35; wrong include/exclude decision 0.22; change in circumstances 0.10; unreported source of income 0.10",468,250,219,718,0.6518105849582173,0.6162393633457744,0.6857659519477749,0.34818941504178275,219,0.23372465314834578,937,253010.0
4+,months_since_cert_n > 5.500 & total_deductions_by_hh_size > 1.380 & unc_rawben_rel_max <= 0.834,train_2022_23,1839,486,768,306,768,0.3984375,0.3644000818060689,0.43348590930920655,160,768,0.20833333333333334,0.18109707821885856,0.2384729475480864,131,768,0.17057291666666666,0.14562588967195164,0.19879918407374955,42,768,0.0546875,0.04071078856340156,0.07309701863434473,5,768,0.006510416666666667,0.0027839316496301265,0.015149281589977585,36,768,0.046875,0.03404865124362568,0.06421192450144947,88,768,0.11458333333333333,0.09394867894945877,0.13905456938543273,237,768,0.30859375,0.27694490632475477,0.3421479230848028,174,768,0.2265625,0.19835971688577486,0.257487182270736,68,768,0.08854166666666667,0.07044352842324737,0.11073561506940709,52,768,0.06770833333333333,0.0520047093400268,0.087715150278838,85,768,0.11067708333333333,0.09039663198693412,0.13483300062162182,58,768,0.07552083333333333,0.05887300196644461,0.0963940891050913,8,768,0.010416666666666666,0.005287479062742942,0.02041934990320033,2,768,0.0026041666666666665,0.0007144322096068571,0.009445165303665296,4,768,0.005208333333333333,0.002027194905873839,0.013314813091622019,80,768,0.10416666666666667,0.0844958123597711,0.1277777940382256,360,766,0.4699738903394256,0.43486676901608723,0.5053806792901617,63,766,0.08224543080939947,0.06481071566595104,0.10384943468186075,343,766,0.44778067885117495,0.4129130666605451,0.48316945213293144,432,766,0.5639686684073107,0.5286178751411739,0.5986810393368176,302,766,0.39425587467362927,0.360258063921992,0.4293090366347979,2,766,0.0026109660574412533,0.0007162983295669776,0.009469693178296459,0,766,0.0,0.0,0.0049901174475372595,30,766,0.0391644908616188,0.02756916731539754,0.05535906103703236,308,766,0.402088772845953,0.36793735878840683,0.4372173639493616,311 0.35; 363 0.17; 350 0.07; 150 0.06; 364 0.05; 312 0.04; 346 0.03,7,38 0.19; 44 0.11; 99 0.10; 52 0.10; 53 0.09; 35 0.09; 41 0.04; 37 0.04,8,earned income 0.40; unearned income 0.21; shelter deduction 0.17,"wrong amount, known item 0.31; wrong include/exclude decision 0.23; change in circumstances 0.11; other 0.10",307,179,148,486,0.6316872427983539,0.5879262836789753,0.6733826782385098,0.3683127572016461,148,0.2334384858044164,634,160539.0
4+,months_since_cert_n > 5.500 & total_deductions_by_hh_size > 1.380 & unc_rawben_rel_max <= 0.834,test_2024,808,232,385,157,385,0.4077922077922078,0.35984900190039737,0.45755736614252807,61,385,0.15844155844155844,0.12536452307512294,0.1982675162951502,67,385,0.17402597402597403,0.1394248505055882,0.21506808440672573,19,385,0.04935064935064935,0.03181821993641079,0.07578755063957696,1,385,0.0025974025974025974,0.0004586407760462704,0.014564443173819174,23,385,0.05974025974025974,0.04013427502039607,0.08804542591695219,57,385,0.14805194805194805,0.11605751990575139,0.18700058910316122,162,385,0.42077922077922075,0.3724853257557872,0.47063845523883874,82,385,0.21298701298701297,0.17502927511304528,0.2566158986543705,42,385,0.10909090909090909,0.08172611139365576,0.1441797587601549,32,385,0.08311688311688312,0.059488946479610144,0.11498209777079929,33,385,0.08571428571428572,0.06168270806635609,0.11793181877439346,13,385,0.033766233766233764,0.01983734296293424,0.056907532071012734,2,385,0.005194805194805195,0.001425730993307353,0.01874083554689822,2,385,0.005194805194805195,0.001425730993307353,0.01874083554689822,1,385,0.0025974025974025974,0.0004586407760462704,0.014564443173819174,16,385,0.04155844155844156,0.025739895715561446,0.06643542708940592,167,384,0.4348958333333333,0.3861980021951638,0.48488338773309564,25,384,0.06510416666666667,0.0444832539207993,0.09434043079997334,191,384,0.4973958333333333,0.4476601753024223,0.5471830802947082,206,385,0.535064935064935,0.4851415683765034,0.5842954465930881,169,385,0.43896103896103894,0.39023401747139974,0.4888941416556071,2,385,0.005194805194805195,0.001425730993307353,0.01874083554689822,4,385,0.01038961038961039,0.004047461845881275,0.026406069875004552,4,385,0.01038961038961039,0.004047461845881275,0.026406069875004552,161,384,0.4192708333333333,0.3709547338091146,0.46918618970192705,311 0.35; 363 0.17; 150 0.08; 350 0.07; 364 0.05; 323 0.05,6,38 0.17; 35 0.11; 44 0.09; 52 0.09; 56 0.08; 53 0.05; 54 0.05; 41 0.04; 99 0.04; 37 0.04,10,earned income 0.41; shelter deduction 0.17; unearned income 0.16; other element 0.15,"wrong amount, known item 0.42; wrong include/exclude decision 0.21; unreported source of income 0.11; change in circumstances 0.09",161,71,71,232,0.6939655172413793,0.6319046233415277,0.749707441705521,0.30603448275862066,71,0.23432343234323433,303,92471.0
4+,HH_size_n <=   5.5 & shelter_expenses_by_hh_size > 234.0 & total_deductions_by_hh_size > 183.0,all_2022_24,3369,817,1263,527,1263,0.4172604908946952,0.39035611019616934,0.44466667402563076,168,1263,0.1330166270783848,0.11539589106732606,0.1528630609595098,248,1263,0.19635787806809185,0.1753841604524175,0.21917313858165272,52,1263,0.04117181314330958,0.031533852774103165,0.05359249609224286,3,1263,0.0023752969121140144,0.0008081222969814109,0.006960489027433575,117,1263,0.09263657957244656,0.0778588695697679,0.10988488623995604,148,1263,0.11718131433095803,0.10059249633646516,0.13609186893856207,413,1263,0.3269992082343626,0.30168542175137075,0.3533622179851203,314,1263,0.24861441013460014,0.2255638258893496,0.273189609425689,139,1263,0.110055423594616,0.09396353875775741,0.128512262478956,92,1263,0.0728424386381631,0.05976845820483592,0.08850706416512727,95,1263,0.07521773555027712,0.06192522756097172,0.09108648282176278,104,1263,0.08234362628661916,0.06841989303589889,0.09880038138514947,12,1263,0.009501187648456057,0.005443298046402371,0.016533877316326478,4,1263,0.003167062549485352,0.0012322570688120095,0.008115083593193406,8,1263,0.006334125098970704,0.003213001136078855,0.012449256876288275,82,1263,0.06492478226444973,0.052611884045056886,0.07987634494900202,812,1255,0.6470119521912351,0.6201593375516199,0.6729672956959627,91,1255,0.07250996015936255,0.059429284269907734,0.0881997740643577,351,1255,0.2796812749003984,0.2555494798646337,0.3051577608239485,708,1263,0.5605700712589073,0.5330548327912705,0.5877179615343973,510,1263,0.40380047505938244,0.37707131517066145,0.4311130703121013,2,1263,0.001583531274742676,0.0004343597651323473,0.005755522221692207,14,1263,0.011084718923198733,0.006614245516450544,0.018520388521459163,29,1263,0.022961203483768806,0.016033902169227524,0.032781671932538635,502,1255,0.4,0.3732404357398854,0.4273699031621655,311 0.35; 363 0.20; 323 0.07; 350 0.07; 312 0.06,5,38 0.16; 53 0.12; 35 0.11; 52 0.08; 44 0.08; 99 0.06; 56 0.05; 37 0.04; 41 0.03; 39 0.02,10,earned income 0.42; shelter deduction 0.20; unearned income 0.13; other element 0.12,"wrong amount, known item 0.33; wrong include/exclude decision 0.25; unreported source of income 0.11; method or computation 0.08",591,226,291,817,0.7233782129742962,0.6917127595110758,0.7529528129940214,0.2766217870257038,291,0.26263537906137185,1108,271453.0
4+,HH_size_n <=   5.5 & shelter_expenses_by_hh_size > 234.0 & total_deductions_by_hh_size > 183.0,train_2022_23,2040,472,728,300,728,0.41208791208791207,0.3768849745263952,0.44821379001500267,102,728,0.1401098901098901,0.11678017937463528,0.16721788796671286,150,728,0.20604395604395603,0.17824248126196449,0.2369315126733351,31,728,0.042582417582417584,0.030158808337442996,0.05980820091701862,3,728,0.004120879120879121,0.0014024140262823542,0.012045304715040903,60,728,0.08241758241758242,0.06456519228157427,0.10465393929006635,82,728,0.11263736263736264,0.09167516435022152,0.13766626691031353,196,728,0.2692307692307692,0.2382827008252209,0.3026015560959488,203,728,0.27884615384615385,0.24749674755226933,0.31251733199718507,83,728,0.11401098901098901,0.09292128549762985,0.13915297756694583,57,728,0.0782967032967033,0.0609216154411923,0.10009902071832634,62,728,0.08516483516483517,0.06700233508035122,0.10768246009937071,70,728,0.09615384615384616,0.07680992091440525,0.11973752869764193,1,728,0.0013736263736263737,0.00024251371214865274,0.007739541421093295,2,728,0.0027472527472527475,0.0007537035934684043,0.009961183343814198,5,728,0.006868131868131868,0.002937075774638239,0.015976306574766327,49,728,0.0673076923076923,0.051284422931615004,0.0878735587955784,475,728,0.6524725274725275,0.6171625557081226,0.6861817745403902,60,728,0.08241758241758242,0.06456519228157427,0.10465393929006635,193,728,0.2651098901098901,0.23433961857363736,0.2983461429354104,403,728,0.5535714285714286,0.5172718890800226,0.589308551277563,300,728,0.41208791208791207,0.3768849745263952,0.44821379001500267,1,728,0.0013736263736263737,0.00024251371214865274,0.007739541421093295,0,728,0.0,0.0,0.005249223329201291,24,728,0.03296703296703297,0.022252102582753997,0.04858508404342303,288,728,0.3956043956043956,0.3607207985581137,0.4315839843347964,311 0.34; 363 0.21; 350 0.07; 312 0.07; 323 0.06; 150 0.06,6,38 0.18; 53 0.15; 35 0.11; 52 0.09; 44 0.08; 99 0.07; 41 0.03; 39 0.03; 37 0.03,9,earned income 0.41; shelter deduction 0.21; unearned income 0.14,"wrong include/exclude decision 0.28; wrong amount, known item 0.27; unreported source of income 0.11; method or computation 0.10",336,136,171,472,0.711864406779661,0.6694248248322447,0.7508831095728179,0.288135593220339,171,0.26594090202177295,643,149015.0
4+,HH_size_n <=   5.5 & shelter_expenses_by_hh_size > 234.0 & total_deductions_by_hh_size > 183.0,test_2024,1329,345,535,227,535,0.42429906542056073,0.3831041576769602,0.46657337278839356,66,535,0.1233644859813084,0.0981530542850166,0.15394626395618827,98,535,0.18317757009345795,0.15269760209816768,0.2181750254049798,21,535,0.03925233644859813,0.025814437820856788,0.05925991427074117,0,535,0.0,0.0,0.007129367888448107,57,535,0.10654205607476636,0.08314565137714211,0.13554867363414133,66,535,0.1233644859813084,0.0981530542850166,0.15394626395618827,217,535,0.405607476635514,0.3648163241244705,0.44774454719652623,111,535,0.20747663551401868,0.1752600740488236,0.24386421034198807,56,535,0.10467289719626169,0.08148973658170094,0.1334929225151468,35,535,0.06542056074766354,0.04741211008242377,0.0896255648112741,33,535,0.0616822429906542,0.04425490933904817,0.08535943372577831,34,535,0.06355140186915888,0.0458310712779868,0.08749493770127537,11,535,0.020560747663551402,0.011518724737625477,0.03643896820961542,2,535,0.003738317757009346,0.0010257594329802326,0.013526940284339291,3,535,0.005607476635514018,0.0019088080407768234,0.016355557590978405,33,535,0.0616822429906542,0.04425490933904817,0.08535943372577831,337,527,0.6394686907020873,0.5976004252290136,0.6793183392385792,31,527,0.058823529411764705,0.041746872298687204,0.08228560744668317,158,527,0.2998102466793169,0.26225539918943835,0.3402625647380308,305,535,0.5700934579439252,0.5277898551205014,0.6113976166708377,210,535,0.3925233644859813,0.35205156246961417,0.4345276474503326,1,535,0.001869158878504673,0.000330020184046635,0.010511013618837179,14,535,0.026168224299065422,0.0156505697261461,0.04344212096440192,5,535,0.009345794392523364,0.003998325343761353,0.021689372116865294,214,527,0.4060721062618596,0.364968854697946,0.44853483453816506,311 0.36; 363 0.18; 323 0.09; 350 0.07; 312 0.06,5,38 0.15; 56 0.13; 35 0.10; 44 0.07; 53 0.07; 52 0.07; 99 0.06; 37 0.05; 57 0.04; 41 0.03,10,earned income 0.42; shelter deduction 0.18; other element 0.12; unearned income 0.12,"wrong amount, known item 0.41; wrong include/exclude decision 0.21; unreported source of income 0.10; household composition 0.07",255,90,120,345,0.7391304347826086,0.6903416548570962,0.7826523917245041,0.2608695652173913,120,0.25806451612903225,465,122438.0
4+,rawben_rel_max <   0.745 & shelter_expenses_by_hh_size >= 215.000 & total_deductions_by_hh_size >= 183.000,all_2022_24,2361,611,968,393,968,0.4059917355371901,0.37548566437027664,0.4372410186611967,136,968,0.14049586776859505,0.12002266583348628,0.16381124290225826,202,968,0.20867768595041322,0.18425436778537174,0.23540414446600744,43,968,0.04442148760330578,0.03314423657087152,0.05930045812011515,2,968,0.002066115702479339,0.0005667745597778698,0.007502030068466074,95,968,0.0981404958677686,0.0809569282533779,0.11850109041962396,97,968,0.10020661157024793,0.08284197493641124,0.12073194081282196,324,968,0.3347107438016529,0.3056882307358145,0.3650400031656772,253,968,0.26136363636363635,0.2346662266131123,0.28994766108216635,98,968,0.1012396694214876,0.08378541854065537,0.1218464457466935,62,968,0.0640495867768595,0.050283005263401556,0.08126271165178296,65,968,0.06714876033057851,0.05303142227916388,0.08468814025036767,85,968,0.0878099173553719,0.07157085741665065,0.10730767587519444,6,968,0.006198347107438017,0.0028437240307699905,0.013456874749936659,0,968,0.0,0.0,0.0039529075520125904,6,968,0.006198347107438017,0.0028437240307699905,0.013456874749936659,69,968,0.07128099173553719,0.05671054723540757,0.0892408094465867,621,967,0.6421923474663909,0.6114708401961324,0.6717885504191852,63,967,0.06514994829369183,0.051251347966162236,0.0824899338248117,282,967,0.29162357807652534,0.26384550176908816,0.3210507367110098,544,968,0.5619834710743802,0.5305439046250292,0.5929330076619114,390,968,0.40289256198347106,0.37243652748227263,0.43411630993485373,2,968,0.002066115702479339,0.0005667745597778698,0.007502030068466074,8,968,0.008264462809917356,0.004193518579847529,0.01622297727709047,24,968,0.024793388429752067,0.01671670497490754,0.03662696749188128,382,967,0.39503619441571874,0.3646973200203731,0.4262057479981379,311 0.34; 363 0.21; 350 0.08; 323 0.08; 312 0.06,5,38 0.16; 53 0.11; 52 0.10; 35 0.10; 44 0.09; 99 0.07; 56 0.05; 37 0.04; 41 0.03,9,earned income 0.41; shelter deduction 0.21; unearned income 0.14,"wrong amount, known item 0.33; wrong include/exclude decision 0.26; unreported source of income 0.10; method or computation 0.09",417,194,222,611,0.6824877250409165,0.6445337306063041,0.7181613114988494,0.31751227495908346,222,0.2665066026410564,833,194564.0
4+,rawben_rel_max <   0.745 & shelter_expenses_by_hh_size >= 215.000 & total_deductions_by_hh_size >= 183.000,train_2022_23,1432,346,546,211,546,0.38644688644688646,0.3465312226137178,0.4279492823171568,82,546,0.15018315018315018,0.1226659492752151,0.18258850946344704,119,546,0.21794871794871795,0.1853541427544128,0.2544845307835661,27,546,0.04945054945054945,0.034204886081076594,0.07099195606400663,1,546,0.0018315018315018315,0.00032336992019694165,0.010300780744285339,54,546,0.0989010989010989,0.0765935297150224,0.12681341512145414,52,546,0.09523809523809523,0.07336728871588152,0.12276483369901031,144,546,0.26373626373626374,0.2285168527259058,0.30225710108188164,157,546,0.2875457875457875,0.2511681743046347,0.32689212524345324,55,546,0.10073260073260074,0.07821053376968073,0.12883382227758816,35,546,0.0641025641025641,0.0464494303726458,0.08784670145877617,40,546,0.07326007326007326,0.05425886410017392,0.09822432378520982,62,546,0.11355311355311355,0.08959665731298268,0.14290957720983263,2,546,0.003663003663003663,0.0010050821047212898,0.013256479770553333,0,546,0.0,0.0,0.006986739453689934,4,546,0.007326007326007326,0.002852476148624567,0.018683908148234746,47,546,0.08608058608058608,0.06535018840304882,0.11259487795788131,354,546,0.6483516483516484,0.607390305335877,0.6872400027383029,40,546,0.07326007326007326,0.05425886410017392,0.09822432378520982,152,546,0.2783882783882784,0.2424406060494879,0.3174326374446384,307,546,0.5622710622710623,0.5203657389005419,0.6033062422663978,218,546,0.3992673992673993,0.3590287278694353,0.4409136555369857,1,546,0.0018315018315018315,0.00032336992019694165,0.010300780744285339,0,546,0.0,0.0,0.006986739453689934,20,546,0.03663003663003663,0.023835293932074193,0.05589966973746263,220,546,0.40293040293040294,0.3626047955359119,0.4446124102920938,311 0.31; 363 0.22; 350 0.08; 323 0.07; 312 0.07; 150 0.05,6,38 0.15; 53 0.13; 52 0.12; 44 0.10; 35 0.10; 99 0.09; 98 0.03; 37 0.03,8,earned income 0.39; shelter deduction 0.22; unearned income 0.15,"wrong include/exclude decision 0.29; wrong amount, known item 0.26; method or computation 0.11; unreported source of income 0.10",226,120,129,346,0.653179190751445,0.6015930692719536,0.7014012001345435,0.3468208092485549,129,0.27157894736842103,475,101532.0
4+,rawben_rel_max <   0.745 & shelter_expenses_by_hh_size >= 215.000 & total_deductions_by_hh_size >= 183.000,test_2024,929,265,422,182,422,0.4312796208530806,0.3848561711995344,0.4789429503517655,54,422,0.12796208530805686,0.09941346199534465,0.16322316157548541,83,422,0.1966824644549763,0.1615661123488178,0.23727138967071243,16,422,0.037914691943127965,0.023470232726218183,0.06069627425665996,1,422,0.002369668246445498,0.0004184164119684494,0.013299360338823393,41,422,0.0971563981042654,0.07242647862025187,0.12915457874943678,45,422,0.1066350710900474,0.08065424799133983,0.1397131374402385,180,422,0.4265402843601896,0.3802236587829958,0.4741822987373592,96,422,0.22748815165876776,0.19005412903992722,0.2698389391807445,43,422,0.1018957345971564,0.07653103153185484,0.13444318986877862,27,422,0.06398104265402843,0.04434056546342265,0.09148834368965209,25,422,0.05924170616113744,0.04044551509376915,0.08599023002836076,23,422,0.054502369668246446,0.036588878879299944,0.08045370221188514,4,422,0.009478672985781991,0.003692010771107323,0.024115512026101783,0,422,0.0,0.0,0.009021194735319423,2,422,0.004739336492890996,0.0013006333827986494,0.017113725383465617,22,422,0.052132701421800945,0.034676365149930714,0.07766963392578194,267,421,0.6342042755344418,0.5871735120689641,0.6788079737365691,23,421,0.05463182897862233,0.036676443895892225,0.08064163418309062,130,421,0.3087885985748218,0.2665518403423721,0.35448338784620437,237,422,0.5616113744075829,0.5139242231364002,0.6081869092658826,172,422,0.4075829383886256,0.36173748491571495,0.45509581648086067,1,422,0.002369668246445498,0.0004184164119684494,0.013299360338823393,8,422,0.018957345971563982,0.009636478370047954,0.03695737248905083,4,422,0.009478672985781991,0.003692010771107323,0.024115512026101783,162,421,0.3847980997624703,0.33956145128241116,0.4321181582473523,311 0.38; 363 0.20; 323 0.08; 350 0.08; 150 0.05,5,38 0.17; 56 0.12; 35 0.10; 44 0.08; 52 0.07; 53 0.07; 37 0.05; 99 0.05; 57 0.04,9,earned income 0.43; shelter deduction 0.20; unearned income 0.13,"wrong amount, known item 0.43; wrong include/exclude decision 0.23; unreported source of income 0.10",191,74,93,265,0.720754716981132,0.6638791996777926,0.7713213050060062,0.2792452830188679,93,0.25977653631284914,358,93032.0
4+,months_since_cert_n >   4.500 & rawben_rel_max <=   0.616 & shelter_expenses_by_hh_size > 163.000,all_2022_24,1713,431,691,261,691,0.37771345875542695,0.3423345107127553,0.41444458829340663,131,691,0.18958031837916064,0.16210101333580332,0.22049208414137708,137,691,0.19826338639652677,0.170239788904487,0.22962343172018485,34,691,0.049204052098408106,0.0354217761438934,0.06797099711550844,3,691,0.004341534008683068,0.0014775618339820731,0.012686241830047254,37,691,0.053545586107091175,0.039094083671655,0.07293375116149257,88,691,0.12735166425470332,0.10453883003778307,0.1542850515490419,245,691,0.3545586107091172,0.3197834896210934,0.3909419476584246,164,691,0.23733719247467439,0.20712147306405723,0.27045730172432614,62,691,0.08972503617945007,0.07062274876752554,0.11336393251350312,50,691,0.0723589001447178,0.05531455324588078,0.09413188174016496,63,691,0.09117221418234443,0.07190997903570999,0.11495505610323391,45,691,0.06512301013024602,0.04902377470314476,0.08603089099332475,7,691,0.010130246020260492,0.0049155179402177954,0.020761701155472496,0,691,0.0,0.0,0.005528742090283598,4,691,0.005788712011577424,0.0022533151926072007,0.014788842329337366,51,691,0.07380607814761216,0.0565794918062265,0.09574529703773448,343,688,0.498546511627907,0.4612964643600782,0.5358127005123434,41,688,0.059593023255813955,0.04422938297701467,0.07984757336674958,304,688,0.4418604651162791,0.4051763531360352,0.4791902417608313,386,691,0.5586107091172214,0.521363798619213,0.5952095326263545,283,691,0.40955137481910275,0.3734836254056647,0.4466192584746326,0,691,0.0,0.0,0.005528742090283598,5,691,0.00723589001447178,0.0030945391532333907,0.01682597222662642,17,691,0.024602026049204053,0.015415973621592931,0.0390447840532498,284,688,0.4127906976744186,0.376584585705789,0.44996530663951084,311 0.34; 363 0.20; 350 0.07; 150 0.07; 364 0.05; 323 0.04,6,38 0.20; 52 0.11; 44 0.10; 35 0.09; 53 0.08; 99 0.07; 41 0.04; 37 0.03; 56 0.03; 13 0.03,10,earned income 0.38; shelter deduction 0.20; unearned income 0.19,"wrong amount, known item 0.35; wrong include/exclude decision 0.24; change in circumstances 0.09; unreported source of income 0.09",278,153,139,431,0.6450116009280742,0.5987362005120028,0.6887247967798845,0.35498839907192575,139,0.24385964912280703,570,143318.0
4+,months_since_cert_n >   4.500 & rawben_rel_max <=   0.616 & shelter_expenses_by_hh_size > 163.000,train_2022_23,1112,270,429,161,429,0.3752913752913753,0.3307690471594267,0.42202735688306836,87,429,0.20279720279720279,0.16746350023564247,0.24340643463198577,86,429,0.20046620046620048,0.1653146495444035,0.24093465736140224,22,429,0.05128205128205128,0.03410650194745713,0.07642261540170708,2,429,0.004662004662004662,0.0012793954370045532,0.0168371626757092,22,429,0.05128205128205128,0.03410650194745713,0.07642261540170708,49,429,0.11421911421911422,0.08748238049931512,0.14780369181905725,142,429,0.331002331002331,0.28814465811129725,0.37685981465656976,102,429,0.23776223776223776,0.19991630256644483,0.2802630517285213,29,429,0.0675990675990676,0.047475681295002625,0.09539783178691927,28,429,0.06526806526806526,0.04553931052742796,0.0927135745926714,39,429,0.09090909090909091,0.06721447234908809,0.12186532035105904,39,429,0.09090909090909091,0.06721447234908809,0.12186532035105904,3,429,0.006993006993006993,0.0023810025830163003,0.02035618349151997,0,429,0.0,0.0,0.008875302189068703,4,429,0.009324009324009324,0.0036316715369947954,0.023726142499364,43,429,0.10023310023310024,0.07526763870452687,0.13229466584291036,218,429,0.5081585081585082,0.46098790322350675,0.5551842946428721,29,429,0.0675990675990676,0.047475681295002625,0.09539783178691927,182,429,0.42424242424242425,0.3783493534455902,0.4714802377951778,252,429,0.5874125874125874,0.5402513067283312,0.6330222418400133,163,429,0.37995337995337997,0.33527981976050314,0.4267578402056369,0,429,0.0,0.0,0.008875302189068703,0,429,0.0,0.0,0.008875302189068703,14,429,0.03263403263403263,0.019537021372563825,0.054027072282020194,183,429,0.42657342657342656,0.38062683295570093,0.4738233862468895,311 0.33; 363 0.20; 350 0.07; 150 0.06; 364 0.05; 312 0.04,6,38 0.22; 52 0.12; 44 0.10; 99 0.10; 53 0.09; 35 0.07; 41 0.03; 37 0.03,8,earned income 0.38; unearned income 0.20; shelter deduction 0.20,"wrong amount, known item 0.33; wrong include/exclude decision 0.24; other 0.10; change in circumstances 0.09",165,105,88,270,0.6111111111111112,0.5517910240364242,0.6673137430990294,0.3888888888888889,88,0.24581005586592178,358,79575.0
4+,months_since_cert_n >   4.500 & rawben_rel_max <=   0.616 & shelter_expenses_by_hh_size > 163.000,test_2024,601,161,262,100,262,0.3816793893129771,0.32496579891151534,0.44181261349647505,44,262,0.16793893129770993,0.12754561119724028,0.21792928814131318,51,262,0.1946564885496183,0.15126891830215433,0.24686892017007872,12,262,0.04580152671755725,0.026391384519231027,0.07833865020821569,1,262,0.003816793893129771,0.0006740585333486933,0.021299928984030075,15,262,0.05725190839694656,0.03499859423888581,0.09230127154585215,39,262,0.14885496183206107,0.11084083078501282,0.1970176834580552,103,262,0.3931297709923664,0.33593727191501627,0.4534109715502653,62,262,0.2366412213740458,0.18921325291851926,0.29168063276378176,33,262,0.12595419847328243,0.09110906677161759,0.1716097853568679,22,262,0.08396946564885496,0.056104098477261145,0.12385870644115643,24,262,0.0916030534351145,0.062329393285910355,0.1326799656707014,6,262,0.022900763358778626,0.010536765630157537,0.049053606982706666,4,262,0.015267175572519083,0.005952609025351562,0.03859120954931847,0,262,0.0,0.0,0.014450710498281682,0,262,0.0,0.0,0.014450710498281682,8,262,0.030534351145038167,0.015551649688047904,0.05908527696301046,125,259,0.4826254826254826,0.42246780009873647,0.5432910447720906,12,259,0.04633204633204633,0.026699346967136044,0.07922604688223939,122,259,0.47104247104247104,0.4111180856021549,0.5318133225158903,134,262,0.5114503816793893,0.4511948967814658,0.5713749342758255,120,262,0.4580152671755725,0.3987256226147152,0.5185183301752168,0,262,0.0,0.0,0.014450710498281682,5,262,0.019083969465648856,0.008178278585598775,0.043888817008168345,3,262,0.011450381679389313,0.0039015906784648363,0.0331189508771081,101,259,0.38996138996138996,0.33258217848798816,0.45055717236058374,311 0.36; 363 0.19; 150 0.09; 350 0.07; 323 0.05,5,38 0.16; 35 0.13; 52 0.10; 44 0.08; 56 0.08; 53 0.06; 41 0.05; 37 0.05; 57 0.04; 54 0.03,10,earned income 0.38; shelter deduction 0.19; unearned income 0.17; other element 0.15,"wrong amount, known item 0.39; wrong include/exclude decision 0.24; unreported source of income 0.13",113,48,51,161,0.7018633540372671,0.6271683443522424,0.7671495948087461,0.2981366459627329,51,0.24056603773584906,212,63743.0
1,months_since_cert_n >=   8.00 & shelter_expenses_by_hh_size < 648.00 & unc_rawben_rel_max >=   1.82 & utilities < 493.00,all_2022_24,51,31,51,9,51,0.17647058823529413,0.095722957258099,0.30254405172778037,25,51,0.49019607843137253,0.35857262142306195,0.623193045515904,9,51,0.17647058823529413,0.095722957258099,0.30254405172778037,2,51,0.0392156862745098,0.010820856268751206,0.13216548986265267,2,51,0.0392156862745098,0.010820856268751206,0.13216548986265267,1,51,0.0196078431372549,0.003469603253442241,0.10304807675589372,3,51,0.058823529411764705,0.020206272864052077,0.15924873938941972,10,51,0.19607843137254902,0.11015224836299273,0.32458342674495444,17,51,0.3333333333333333,0.21969755762722826,0.4703187803351943,11,51,0.21568627450980393,0.12493811244188556,0.3462662287881296,0,51,0.0,0.0,0.07004901388726806,3,51,0.058823529411764705,0.020206272864052077,0.15924873938941972,2,51,0.0392156862745098,0.010820856268751206,0.13216548986265267,1,51,0.0196078431372549,0.003469603253442241,0.10304807675589372,2,51,0.0392156862745098,0.010820856268751206,0.13216548986265267,0,51,0.0,0.0,0.07004901388726806,5,51,0.09803921568627451,0.04260744495307697,0.2097848995445307,13,51,0.2549019607843137,0.1554562324126639,0.38868544106148706,2,51,0.0392156862745098,0.010820856268751206,0.13216548986265267,36,51,0.7058823529411765,0.5700066466848335,0.8129143475968796,27,51,0.5294117647058824,0.3952307134472659,0.6594722857358359,22,51,0.43137254901960786,0.30501028092334304,0.5673493876494193,0,51,0.0,0.0,0.07004901388726806,0,51,0.0,0.0,0.07004901388726806,2,51,0.0392156862745098,0.010820856268751206,0.13216548986265267,19,51,0.37254901960784315,0.2532032972099011,0.5097503729966575,331 0.35; 363 0.18; 311 0.14; 333 0.08; 365 0.04,5,35 0.22; 38 0.18; 37 0.18; 99 0.10; 53 0.08; 52 0.08,6,unearned income 0.49; earned income 0.18; shelter deduction 0.18,"wrong include/exclude decision 0.33; unreported source of income 0.22; wrong amount, known item 0.20; other 0.10",31,0,0,31,1.0,0.889740999265246,0.9999999999999999,0.0,0,0.0,31,8761.0
1,months_since_cert_n >=   8.00 & shelter_expenses_by_hh_size < 648.00 & unc_rawben_rel_max >=   1.82 & utilities < 493.00,train_2022_23,42,26,44,7,44,0.1590909090909091,0.07926576557718398,0.29366490563782555,21,44,0.4772727272727273,0.3375475794427176,0.620647798638283,8,44,0.18181818181818182,0.09512692558258554,0.3196083675514233,2,44,0.045454545454545456,0.012554846366981079,0.15135271525303162,2,44,0.045454545454545456,0.012554846366981079,0.15135271525303162,1,44,0.022727272727272728,0.004023148385637013,0.11807979131537633,3,44,0.06818181818181818,0.023458970172840127,0.1822532133661719,8,44,0.18181818181818182,0.09512692558258554,0.3196083675514233,16,44,0.36363636363636365,0.23783334127491423,0.5113389272110895,7,44,0.1590909090909091,0.07926576557718398,0.29366490563782555,0,44,0.0,6.938893903907228e-18,0.08029831778201396,3,44,0.06818181818181818,0.023458970172840127,0.1822532133661719,2,44,0.045454545454545456,0.012554846366981079,0.15135271525303162,1,44,0.022727272727272728,0.004023148385637013,0.11807979131537633,2,44,0.045454545454545456,0.012554846366981079,0.15135271525303162,0,44,0.0,6.938893903907228e-18,0.08029831778201396,5,44,0.11363636363636363,0.04952707589567494,0.23979435148133582,10,44,0.22727272727272727,0.12841810830185085,0.36992642867015674,2,44,0.045454545454545456,0.012554846366981079,0.15135271525303162,32,44,0.7272727272727273,0.581508453144907,0.8365377660450867,26,44,0.5909090909090909,0.44409492646606574,0.7231235612099317,16,44,0.36363636363636365,0.23783334127491423,0.5113389272110895,0,44,0.0,6.938893903907228e-18,0.08029831778201396,0,44,0.0,6.938893903907228e-18,0.08029831778201396,2,44,0.045454545454545456,0.012554846366981079,0.15135271525303162,18,44,0.4090909090909091,0.2768764387900683,0.5559050735339343,331 0.34; 363 0.18; 311 0.14; 333 0.09,4,38 0.18; 37 0.18; 35 0.16; 99 0.11; 53 0.09; 52 0.09,6,unearned income 0.48; shelter deduction 0.18; earned income 0.16,"wrong include/exclude decision 0.36; wrong amount, known item 0.18; unreported source of income 0.16; other 0.11",26,0,0,26,1.0,0.8712669561953784,1.0,0.0,0,0.0,26,7218.0
1,months_since_cert_n >=   8.00 & shelter_expenses_by_hh_size < 648.00 & unc_rawben_rel_max >=   1.82 & utilities < 493.00,test_2024,9,5,7,2,7,0.2857142857142857,0.0822171657090155,0.6410709098517873,4,7,0.5714285714285714,0.2504542304090258,0.8417830777373732,1,7,0.14285714285714285,0.02567895594897479,0.51313450331903,0,7,0.0,0.0,0.35433884297520657,0,7,0.0,0.0,0.35433884297520657,0,7,0.0,0.0,0.35433884297520657,0,7,0.0,0.0,0.35433884297520657,2,7,0.2857142857142857,0.0822171657090155,0.6410709098517873,1,7,0.14285714285714285,0.02567895594897479,0.51313450331903,4,7,0.5714285714285714,0.2504542304090258,0.8417830777373732,0,7,0.0,0.0,0.35433884297520657,0,7,0.0,0.0,0.35433884297520657,0,7,0.0,0.0,0.35433884297520657,0,7,0.0,0.0,0.35433884297520657,0,7,0.0,0.0,0.35433884297520657,0,7,0.0,0.0,0.35433884297520657,0,7,0.0,0.0,0.35433884297520657,3,7,0.42857142857142855,0.15821692226262685,0.7495457695909742,0,7,0.0,0.0,0.35433884297520657,4,7,0.5714285714285714,0.2504542304090258,0.8417830777373732,1,7,0.14285714285714285,0.02567895594897479,0.51313450331903,6,7,0.8571428571428571,0.48686549668097007,0.9743210440510253,0,7,0.0,0.0,0.35433884297520657,0,7,0.0,0.0,0.35433884297520657,0,7,0.0,0.0,0.35433884297520657,1,7,0.14285714285714285,0.02567895594897479,0.51313450331903,331 0.43; 346 0.14; 312 0.14; 363 0.14,4,35 0.57; 37 0.14; 56 0.14,3,unearned income 0.57; earned income 0.29,"unreported source of income 0.57; wrong amount, known item 0.29",5,0,0,5,1.0,0.5655085052479191,1.0,0.0,0,0.0,5,1543.0
1,rawben_rel_max <=   0.991 & total_deductions_by_hh_size > 272.000 & unc_rawben_rel_max >   0.913 & utilities <= 346.000,all_2022_24,339,145,219,9,219,0.0410958904109589,0.021768628219118093,0.07624538711733612,18,219,0.0821917808219178,0.0526203194616329,0.1261685601730493,106,219,0.4840182648401826,0.4186777683274257,0.5499097844454857,57,219,0.2602739726027397,0.20664716674850794,0.32216612484516216,25,219,0.1141552511415525,0.07852765768416939,0.16308611640469015,1,219,0.0045662100456621,0.0008064827143618135,0.02540765324588977,3,219,0.0136986301369863,0.004669426392183703,0.03949467941211854,27,219,0.1232876712328767,0.08612964497976976,0.17343409895314044,144,219,0.6575342465753424,0.5924539293525277,0.7171830504573462,9,219,0.0410958904109589,0.021768628219118093,0.07624538711733612,0,219,0.0,0.0,0.017239151038226253,22,219,0.1004566210045662,0.0672787256115324,0.14741009371125113,6,219,0.0273972602739726,0.012615430006207316,0.058473630564170924,1,219,0.0045662100456621,0.0008064827143618135,0.02540765324588977,0,219,0.0,0.0,0.017239151038226253,0,219,0.0,0.0,0.017239151038226253,10,219,0.045662100456621,0.024988742315311424,0.08200025794316813,131,219,0.5981735159817352,0.5320877617191138,0.6608744141044309,30,219,0.136986301369863,0.09766810794257644,0.18882059075640975,56,219,0.2557077625570776,0.20248472554410663,0.31735358112753814,107,219,0.4885844748858447,0.4231491122395321,0.5544134254554045,106,219,0.4840182648401826,0.4186777683274257,0.5499097844454857,2,219,0.0091324200913242,0.002507969557322508,0.03268115132495441,0,219,0.0,0.0,0.017239151038226253,4,219,0.0182648401826484,0.007125075447008324,0.046014015279319254,67,219,0.3059360730593607,0.24868668812128986,0.36987645269263353,363 0.48; 364 0.26; 365 0.11,3,53 0.59; 64 0.09; 56 0.06; 99 0.05,4,shelter deduction 0.48; utility allowance 0.26; medical deduction 0.11,"wrong include/exclude decision 0.66; wrong amount, known item 0.12",143,2,127,145,0.9862068965517241,0.9511064772560722,0.9962093269277041,0.013793103448275862,127,0.46691176470588236,272,35051.0
1,rawben_rel_max <=   0.991 & total_deductions_by_hh_size > 272.000 & unc_rawben_rel_max >   0.913 & utilities <= 346.000,train_2022_23,234,98,141,7,141,0.04964539007092199,0.02425322142003656,0.09892685944071064,14,141,0.09929078014184398,0.06006952557748608,0.15976786920412364,67,141,0.475177304964539,0.3945043568293785,0.5571669862101902,35,141,0.24822695035460993,0.1842363284953717,0.32557300804882555,15,141,0.10638297872340426,0.06553542911448762,0.16811015337010246,0,141,0.0,0.0,0.026522766939884673,3,141,0.02127659574468085,0.007261812344253545,0.0606855177045722,7,141,0.04964539007092199,0.02425322142003656,0.09892685944071064,103,141,0.7304964539007093,0.6518644486997205,0.7969016516471412,7,141,0.04964539007092199,0.02425322142003656,0.09892685944071064,0,141,0.0,0.0,0.026522766939884673,9,141,0.06382978723404255,0.03394088582358967,0.11685557044311823,5,141,0.03546099290780142,0.015239951514497675,0.08032375394028879,1,141,0.0070921985815602835,0.0012530139445820175,0.03907794069828302,0,141,0.0,0.0,0.026522766939884673,0,141,0.0,0.0,0.026522766939884673,9,141,0.06382978723404255,0.03394088582358967,0.11685557044311823,87,141,0.6170212765957447,0.5346892540798193,0.6931458430193568,24,141,0.1702127659574468,0.1171325106118973,0.24078676119951595,29,141,0.20567375886524822,0.14719271409491427,0.27976749623140085,68,141,0.48226950354609927,0.40136056099121364,0.5641189697513354,69,141,0.48936170212765956,0.40823274403341875,0.5710549744121107,2,141,0.014184397163120567,0.003898449814560761,0.05024069253128463,0,141,0.0,0.0,0.026522766939884673,2,141,0.014184397163120567,0.003898449814560761,0.05024069253128463,47,141,0.3333333333333333,0.26085458327360556,0.414653005706356,363 0.48; 364 0.25; 365 0.11,3,53 0.65; 99 0.06; 35 0.05,3,shelter deduction 0.48; utility allowance 0.25; medical deduction 0.11,wrong include/exclude decision 0.73; other 0.06,97,1,82,98,0.9897959183673469,0.9444438369076963,0.9981964986722632,0.01020408163265306,82,0.45555555555555555,180,21042.0
1,rawben_rel_max <=   0.991 & total_deductions_by_hh_size > 272.000 & unc_rawben_rel_max >   0.913 & utilities <= 346.000,test_2024,105,47,78,2,78,0.02564102564102564,0.007059945446585378,0.08875440813398978,4,78,0.05128205128205128,0.020120686846503345,0.1245685665405272,39,78,0.5,0.39167242528547985,0.6083275747145201,22,78,0.28205128205128205,0.1942519701528857,0.39031138149224337,10,78,0.1282051282051282,0.0711524611999346,0.22016149160646212,1,78,0.01282051282051282,0.0022666733888537863,0.06911023028849367,0,78,0.0,0.0,0.04693945377411976,20,78,0.2564102564102564,0.1725530857155662,0.36313536612310743,41,78,0.5256410256410257,0.4162457167544665,0.632629183051989,2,78,0.02564102564102564,0.007059945446585378,0.08875440813398978,0,78,0.0,0.0,0.04693945377411976,13,78,0.16666666666666666,0.10006850973163443,0.26455779278444536,1,78,0.01282051282051282,0.0022666733888537863,0.06911023028849367,0,78,0.0,0.0,0.04693945377411976,0,78,0.0,0.0,0.04693945377411976,0,78,0.0,0.0,0.04693945377411976,1,78,0.01282051282051282,0.0022666733888537863,0.06911023028849367,44,78,0.5641025641025641,0.4536178766457738,0.6685693728703647,6,78,0.07692307692307693,0.03572997725324493,0.15783417594024104,27,78,0.34615384615384615,0.25005047365684197,0.4567001275044257,39,78,0.5,0.39167242528547985,0.6083275747145201,37,78,0.47435897435897434,0.36737081694801105,0.5837542832455336,0,78,0.0,0.0,0.04693945377411976,0,78,0.0,0.0,0.04693945377411976,2,78,0.02564102564102564,0.007059945446585378,0.08875440813398978,20,78,0.2564102564102564,0.1725530857155662,0.36313536612310743,363 0.50; 364 0.28,2,53 0.49; 56 0.18; 64 0.17,3,shelter deduction 0.50; utility allowance 0.28,"wrong include/exclude decision 0.53; wrong amount, known item 0.26",46,1,45,47,0.9787234042553191,0.8888676347566887,0.9962343289895351,0.02127659574468085,45,0.4891304347826087,92,14009.0
4+,months_since_cert_n >   4.500 & rawben_rel_max <=   0.977 & total_deductions_by_hh_size > 221.000 & utilities <= 454.000,all_2022_24,273,102,166,59,166,0.35542168674698793,0.2866323185398505,0.4307514084151475,22,166,0.13253012048192772,0.08917494595218561,0.19250869339176785,30,166,0.18072289156626506,0.12962533896650527,0.24626372472578215,13,166,0.0783132530120482,0.0463350111571394,0.1293675257949383,2,166,0.012048192771084338,0.003310221981407086,0.042859856491711396,24,166,0.14457831325301204,0.09911975400985601,0.20611524142118087,16,166,0.0963855421686747,0.060201111371260656,0.15082845971144226,50,166,0.30120481927710846,0.23655640714453435,0.374846217418588,46,166,0.27710843373493976,0.21464895836591302,0.34965095402304225,12,166,0.07228915662650602,0.04183263378476524,0.12209422512377069,10,166,0.060240963855421686,0.0330470800231019,0.10732842279835055,18,166,0.10843373493975904,0.06969712284719078,0.16488380432259564,11,166,0.06626506024096386,0.037400567775504975,0.11475061308948921,0,166,0.0,1.734723475976807e-18,0.022618722386034983,0,166,0.0,1.734723475976807e-18,0.022618722386034983,1,166,0.006024096385542169,0.0010641662329914856,0.03333023419658525,18,166,0.10843373493975904,0.06969712284719078,0.16488380432259564,78,166,0.46987951807228917,0.3954966719052559,0.5456249378770354,17,166,0.10240963855421686,0.06492650342433197,0.15787874570191268,71,166,0.42771084337349397,0.3549204324019173,0.5037714310755816,71,166,0.42771084337349397,0.3549204324019173,0.5037714310755816,80,166,0.4819277108433735,0.40718689714941503,0.5574860687199596,0,166,0.0,1.734723475976807e-18,0.022618722386034983,0,166,0.0,1.734723475976807e-18,0.022618722386034983,15,166,0.09036144578313253,0.05552452283752021,0.14372937020164095,49,166,0.29518072289156627,0.23105835424280685,0.36856859227677363,311 0.30; 363 0.18; 323 0.13; 364 0.08; 150 0.06; 312 0.05,6,38 0.20; 53 0.17; 99 0.11; 52 0.07; 35 0.07; 44 0.04; 64 0.04; 37 0.03; 98 0.03,9,earned income 0.36; shelter deduction 0.18; dep care or child support deduction 0.14; unearned income 0.13,"wrong amount, known item 0.30; wrong include/exclude decision 0.28; change in circumstances 0.11; other 0.11",80,22,45,102,0.7843137254901961,0.6949596365633389,0.8530290559734329,0.21568627450980393,45,0.30612244897959184,147,40453.0
4+,months_since_cert_n >   4.500 & rawben_rel_max <=   0.977 & total_deductions_by_hh_size > 221.000 & utilities <= 454.000,train_2022_23,188,76,127,43,127,0.33858267716535434,0.2620962341325621,0.4245477689979408,20,127,0.15748031496062992,0.10431731296129931,0.2307565473400116,21,127,0.16535433070866143,0.1107695500392402,0.23958996864594861,10,127,0.07874015748031496,0.0433298959009003,0.1388873805616315,2,127,0.015748031496062992,0.00432926528219783,0.05560274410931068,18,127,0.14173228346456693,0.09157006914566687,0.21293247438788823,13,127,0.10236220472440945,0.060800981516816066,0.16727327009734946,30,127,0.23622047244094488,0.17077199899216422,0.3171584451479258,37,127,0.29133858267716534,0.21936666512736952,0.3755633876998658,8,127,0.06299212598425197,0.03226130175460205,0.11938465794017394,8,127,0.06299212598425197,0.03226130175460205,0.11938465794017394,16,127,0.12598425196850394,0.07905567165747274,0.19487555510832655,10,127,0.07874015748031496,0.0433298959009003,0.1388873805616315,0,127,0.0,0.0,0.02936069262375269,0,127,0.0,0.0,0.02936069262375269,0,127,0.0,0.0,0.02936069262375269,18,127,0.14173228346456693,0.09157006914566687,0.21293247438788823,58,127,0.4566929133858268,0.37260213016613264,0.5433267487225389,14,127,0.11023622047244094,0.06680938916575475,0.17655052083228873,55,127,0.4330708661417323,0.35010943520734455,0.5199624685296933,51,127,0.4015748031496063,0.3204164822002565,0.4885127880012697,62,127,0.4881889763779528,0.40288415034635855,0.5741873620778246,0,127,0.0,0.0,0.02936069262375269,0,127,0.0,0.0,0.02936069262375269,14,127,0.11023622047244094,0.06680938916575475,0.17655052083228873,39,127,0.30708661417322836,0.23350688497514038,0.39199448461985087,311 0.29; 363 0.17; 323 0.13; 364 0.08; 150 0.06; 350 0.06,6,38 0.20; 53 0.19; 99 0.14; 52 0.06; 35 0.06; 64 0.04; 44 0.04; 98 0.04,8,earned income 0.34; shelter deduction 0.17; unearned income 0.16; dep care or child support deduction 0.14,"wrong include/exclude decision 0.29; wrong amount, known item 0.24; other 0.14; change in circumstances 0.13",61,15,35,76,0.8026315789473685,0.6995595508255928,0.8765812078766376,0.19736842105263158,35,0.3153153153153153,111,31202.0
4+,months_since_cert_n >   4.500 & rawben_rel_max <=   0.977 & total_deductions_by_hh_size > 221.000 & utilities <= 454.000,test_2024,85,26,39,16,39,0.41025641025641024,0.27079089435400483,0.5658165152665509,2,39,0.05128205128205128,0.014177657646399527,0.1688593904563791,9,39,0.23076923076923078,0.1264566242878376,0.38336560457382957,3,39,0.07692307692307693,0.026506914073495688,0.2032137312805527,0,39,0.0,0.0,0.08966985360023902,6,39,0.15384615384615385,0.07247373845051469,0.2972976986573431,3,39,0.07692307692307693,0.026506914073495688,0.2032137312805527,20,39,0.5128205128205128,0.3619910864569657,0.661350712168669,9,39,0.23076923076923078,0.1264566242878376,0.38336560457382957,4,39,0.10256410256410256,0.04061265558286986,0.2357915870224483,2,39,0.05128205128205128,0.014177657646399527,0.1688593904563791,2,39,0.05128205128205128,0.014177657646399527,0.1688593904563791,1,39,0.02564102564102564,0.00454058606523737,0.13181286478627147,0,39,0.0,0.0,0.08966985360023902,0,39,0.0,0.0,0.08966985360023902,1,39,0.02564102564102564,0.00454058606523737,0.13181286478627147,0,39,0.0,0.0,0.08966985360023902,20,39,0.5128205128205128,0.3619910864569657,0.661350712168669,3,39,0.07692307692307693,0.026506914073495688,0.2032137312805527,16,39,0.41025641025641024,0.27079089435400483,0.5658165152665509,20,39,0.5128205128205128,0.3619910864569657,0.661350712168669,18,39,0.46153846153846156,0.3156664723404835,0.6143081317826119,0,39,0.0,0.0,0.08966985360023902,0,39,0.0,0.0,0.08966985360023902,1,39,0.02564102564102564,0.00454058606523737,0.13181286478627147,10,39,0.2564102564102564,0.14568625843452188,0.410819567678415,311 0.33; 363 0.23; 323 0.13; 312 0.08,4,38 0.21; 56 0.13; 52 0.10; 35 0.10; 53 0.10; 57 0.08; 12 0.05,7,earned income 0.41; shelter deduction 0.23; dep care or child support deduction 0.15,"wrong amount, known item 0.51; wrong include/exclude decision 0.23; unreported source of income 0.10",19,7,10,26,0.7307692307692307,0.5391659658023868,0.8629572447493261,0.2692307692307692,10,0.2777777777777778,36,9251.0
1,rawben_rel_max >   0.727 & rawben_rel_max <=   0.991 & shelter_expenses_by_hh_size > 413.000 & utilities <=  28.500,all_2022_24,371,140,238,18,238,0.07563025210084033,0.048371989251504904,0.11637055297448101,18,238,0.07563025210084033,0.048371989251504904,0.11637055297448101,105,238,0.4411764705882353,0.3795241067531262,0.504697631773248,70,238,0.29411764705882354,0.2398678445587814,0.3549082402835285,19,238,0.07983193277310924,0.05170071261708603,0.12131170542844458,3,238,0.012605042016806723,0.004295864517803973,0.036398540415011546,5,238,0.02100840336134454,0.00900598570518914,0.04822817086671577,33,238,0.13865546218487396,0.10046281019695166,0.18832786932220466,146,238,0.6134453781512605,0.5502429407868402,0.6730437063408666,8,238,0.03361344537815126,0.01712880623852241,0.06491497779201658,1,238,0.004201680672268907,0.0007420661629347781,0.023412587130791362,28,238,0.11764705882352941,0.08266182228676278,0.16477947813467006,5,238,0.02100840336134454,0.00900598570518914,0.04822817086671577,3,238,0.012605042016806723,0.004295864517803973,0.036398540415011546,0,238,0.0,1.734723475976807e-18,0.015884777474181447,0,238,0.0,1.734723475976807e-18,0.015884777474181447,14,238,0.058823529411764705,0.03535946716815064,0.09630357177965651,137,238,0.5756302521008403,0.5121249678712904,0.636732796880514,28,238,0.11764705882352941,0.08266182228676278,0.16477947813467006,72,238,0.3025210084033613,0.2476789498084673,0.36363688667293204,110,238,0.46218487394957986,0.39994576077721655,0.5256253568468812,121,238,0.5084033613445378,0.44526122197080764,0.5712785296682816,4,238,0.01680672268907563,0.0065546146613853044,0.04240966609097491,0,238,0.0,1.734723475976807e-18,0.015884777474181447,3,238,0.012605042016806723,0.004295864517803973,0.036398540415011546,66,238,0.2773109243697479,0.22431534045081344,0.3373812411133177,363 0.44; 364 0.29; 365 0.08,3,53 0.53; 64 0.09; 56 0.08; 99 0.06,4,shelter deduction 0.44; utility allowance 0.29; medical deduction 0.08,"wrong include/exclude decision 0.61; wrong amount, known item 0.14",132,8,115,140,0.9428571428571428,0.8912955111799957,0.9707638652451832,0.05714285714285714,115,0.45098039215686275,255,39164.0
1,rawben_rel_max >   0.727 & rawben_rel_max <=   0.991 & shelter_expenses_by_hh_size > 413.000 & utilities <=  28.500,train_2022_23,218,86,144,11,144,0.0763888888888889,0.043186883373293565,0.13160559722756573,13,144,0.09027777777777778,0.053517484403900646,0.14833098043955342,61,144,0.4236111111111111,0.3459188508269002,0.5052732358388285,41,144,0.2847222222222222,0.2173559193129439,0.3632763249268371,12,144,0.08333333333333333,0.0483109828128967,0.14000948990925996,1,144,0.006944444444444444,0.001226887030401979,0.03828567235748344,5,144,0.034722222222222224,0.014920522321761262,0.0787040055513137,6,144,0.041666666666666664,0.01923362439471795,0.0879188955996544,95,144,0.6597222222222222,0.5790835460608978,0.732060272728942,6,144,0.041666666666666664,0.01923362439471795,0.0879188955996544,1,144,0.006944444444444444,0.001226887030401979,0.03828567235748344,16,144,0.1111111111111111,0.06955878888430994,0.17287365232303628,4,144,0.027777777777777776,0.010853942365456264,0.0692425933863213,3,144,0.020833333333333332,0.007109990612497532,0.059458553017982654,0,144,0.0,0.0,0.025984567266588023,0,144,0.0,0.0,0.025984567266588023,13,144,0.09027777777777778,0.053517484403900646,0.14833098043955342,79,144,0.5486111111111112,0.46712120157498654,0.6275747432740952,22,144,0.1527777777777778,0.10310810700831433,0.2204922869268163,43,144,0.2986111111111111,0.22988698170829305,0.37780124677408267,69,144,0.4791666666666667,0.3991775402732238,0.5602384833628841,70,144,0.4861111111111111,0.4059036542402024,0.5670403615172028,4,144,0.027777777777777776,0.010853942365456264,0.0692425933863213,0,144,0.0,0.0,0.025984567266588023,1,144,0.006944444444444444,0.001226887030401979,0.03828567235748344,46,144,0.3194444444444444,0.2488297377623892,0.3994424670838787,363 0.42; 364 0.28; 365 0.08,3,53 0.56; 99 0.09; 64 0.08; 52 0.07,4,shelter deduction 0.42; utility allowance 0.28; unearned income 0.09,wrong include/exclude decision 0.66; change in circumstances 0.11,81,5,67,86,0.9418604651162791,0.8710198527204016,0.9749134343092147,0.05813953488372093,67,0.43790849673202614,153,22912.0
1,rawben_rel_max >   0.727 & rawben_rel_max <=   0.991 & shelter_expenses_by_hh_size > 413.000 & utilities <=  28.500,test_2024,153,54,94,7,94,0.07446808510638298,0.03653811601751902,0.14581376702609433,5,94,0.05319148936170213,0.02293141052501088,0.11853806667078312,44,94,0.46808510638297873,0.3704572385638639,0.5682191526644071,29,94,0.30851063829787234,0.22419957891141779,0.4078587684582082,7,94,0.07446808510638298,0.03653811601751902,0.14581376702609433,2,94,0.02127659574468085,0.005854213528540098,0.07429165489552492,0,94,0.0,3.469446951953614e-18,0.03926346257624569,27,94,0.2872340425531915,0.2055423033081863,0.38563363821362046,51,94,0.5425531914893617,0.44215267421960525,0.6396121374760334,2,94,0.02127659574468085,0.005854213528540098,0.07429165489552492,0,94,0.0,3.469446951953614e-18,0.03926346257624569,12,94,0.1276595744680851,0.07455740366811686,0.21000049399504478,1,94,0.010638297872340425,0.001880347339052478,0.057824318161102874,0,94,0.0,3.469446951953614e-18,0.03926346257624569,0,94,0.0,3.469446951953614e-18,0.03926346257624569,0,94,0.0,3.469446951953614e-18,0.03926346257624569,1,94,0.010638297872340425,0.001880347339052478,0.057824318161102874,58,94,0.6170212765957447,0.5159937196695321,0.7088595124934742,6,94,0.06382978723404255,0.029579332197396002,0.1323313479223077,29,94,0.30851063829787234,0.22419957891141779,0.4078587684582082,41,94,0.43617021276595747,0.3403800142018192,0.5369727682547228,51,94,0.5425531914893617,0.44215267421960525,0.6396121374760334,0,94,0.0,3.469446951953614e-18,0.03926346257624569,0,94,0.0,3.469446951953614e-18,0.03926346257624569,2,94,0.02127659574468085,0.005854213528540098,0.07429165489552492,20,94,0.2127659574468085,0.14216772302859196,0.305919798025847,363 0.47; 364 0.31,2,53 0.48; 56 0.19; 64 0.12,3,shelter deduction 0.47; utility allowance 0.31,"wrong include/exclude decision 0.54; wrong amount, known item 0.29",51,3,48,54,0.9444444444444444,0.8489254853651705,0.980927077496161,0.05555555555555555,48,0.47058823529411764,102,16252.0
2-3,total_deductions_by_hh_size >= 428 & utilities >= 303 & utilities < 342,all_2022_24,73,30,49,20,49,0.40816326530612246,0.2821503460597105,0.5475293002795374,9,49,0.1836734693877551,0.09976228838458358,0.31357871567282575,12,49,0.24489795918367346,0.14602203389475285,0.38086587260315785,1,49,0.02040816326530612,0.003611579538530696,0.10693768467754147,2,49,0.04081632653061224,0.011265396927928273,0.13713283476831106,4,49,0.08163265306122448,0.032202296241712225,0.19189387041486136,1,49,0.02040816326530612,0.003611579538530696,0.10693768467754147,13,49,0.2653061224489796,0.1621113124514944,0.4026255615265835,20,49,0.40816326530612246,0.2821503460597105,0.5475293002795374,7,49,0.14285714285714285,0.07096333720544586,0.2666797318916292,0,49,0.0,0.0,0.07270029673590504,5,49,0.10204081632653061,0.044378892487039884,0.21756624164970087,4,49,0.08163265306122448,0.032202296241712225,0.19189387041486136,0,49,0.0,0.0,0.07270029673590504,0,49,0.0,0.0,0.07270029673590504,0,49,0.0,0.0,0.07270029673590504,0,49,0.0,0.0,0.07270029673590504,31,49,0.6326530612244898,0.49266811386889864,0.7533501747521878,2,49,0.04081632653061224,0.011265396927928273,0.13713283476831106,16,49,0.32653061224489793,0.21207321329264214,0.4662105631259371,25,49,0.5102040816326531,0.37467331533409215,0.6442511684059913,22,49,0.4489795918367347,0.3185262492963633,0.5868513320032188,0,49,0.0,0.0,0.07270029673590504,0,49,0.0,0.0,0.07270029673590504,2,49,0.04081632653061224,0.011265396927928273,0.13713283476831106,18,49,0.3673469387755102,0.24664982524781226,0.5073318861311014,311 0.35; 363 0.24; 323 0.08; 342 0.08,4,52 0.20; 38 0.16; 35 0.14; 53 0.12; 41 0.08; 44 0.06,6,earned income 0.41; shelter deduction 0.24; unearned income 0.18,"wrong include/exclude decision 0.41; wrong amount, known item 0.27; unreported source of income 0.14",25,5,6,30,0.8333333333333334,0.6643529481431982,0.9266356575964831,0.16666666666666666,6,0.16666666666666666,36,8078.0
2-3,total_deductions_by_hh_size >= 428 & utilities >= 303 & utilities < 342,train_2022_23,54,25,42,17,42,0.40476190476190477,0.27042647671209086,0.5550595447182258,8,42,0.19047619047619047,0.09981889609856436,0.33301067354996444,10,42,0.23809523809523808,0.13480820811018188,0.38527835082318873,1,42,0.023809523809523808,0.00421529549910029,0.12321481165248252,2,42,0.047619047619047616,0.013157248639206365,0.1579013531547973,3,42,0.07142857142857142,0.024589963551172864,0.19009713288525165,1,42,0.023809523809523808,0.00421529549910029,0.12321481165248252,10,42,0.23809523809523808,0.13480820811018188,0.38527835082318873,17,42,0.40476190476190477,0.27042647671209086,0.5550595447182258,6,42,0.14285714285714285,0.06715875684189933,0.2784138235217878,0,42,0.0,0.0,0.08380161250916197,5,42,0.11904761904761904,0.05193726765019084,0.2500068180710754,4,42,0.09523809523809523,0.0376616388283121,0.2206539522505333,0,42,0.0,0.0,0.08380161250916197,0,42,0.0,0.0,0.08380161250916197,0,42,0.0,0.0,0.08380161250916197,0,42,0.0,0.0,0.08380161250916197,25,42,0.5952380952380952,0.44494045528177417,0.7295735232879093,2,42,0.047619047619047616,0.013157248639206365,0.1579013531547973,15,42,0.35714285714285715,0.22988992501626865,0.5083391071292063,21,42,0.5,0.3552574591652803,0.6447425408347197,19,42,0.4523809523809524,0.3122316381863852,0.6005113725287732,0,42,0.0,0.0,0.08380161250916197,0,42,0.0,0.0,0.08380161250916197,2,42,0.047619047619047616,0.013157248639206365,0.1579013531547973,14,42,0.3333333333333333,0.2101228076197232,0.4844777298833308,311 0.36; 363 0.24; 323 0.07; 342 0.07; 365 0.05,5,52 0.24; 38 0.17; 35 0.14; 53 0.12; 41 0.10,5,earned income 0.40; shelter deduction 0.24; unearned income 0.19,"wrong include/exclude decision 0.40; wrong amount, known item 0.24; unreported source of income 0.14",20,5,4,25,0.8,0.6086866446346177,0.9113954589934752,0.2,4,0.13793103448275862,29,6379.0
2-3,total_deductions_by_hh_size >= 428 & utilities >= 303 & utilities < 342,test_2024,19,5,7,3,7,0.42857142857142855,0.15821692226262685,0.7495457695909742,1,7,0.14285714285714285,0.02567895594897479,0.51313450331903,2,7,0.2857142857142857,0.0822171657090155,0.6410709098517873,0,7,0.0,0.0,0.35433884297520657,0,7,0.0,0.0,0.35433884297520657,1,7,0.14285714285714285,0.02567895594897479,0.51313450331903,0,7,0.0,0.0,0.35433884297520657,3,7,0.42857142857142855,0.15821692226262685,0.7495457695909742,3,7,0.42857142857142855,0.15821692226262685,0.7495457695909742,1,7,0.14285714285714285,0.02567895594897479,0.51313450331903,0,7,0.0,0.0,0.35433884297520657,0,7,0.0,0.0,0.35433884297520657,0,7,0.0,0.0,0.35433884297520657,0,7,0.0,0.0,0.35433884297520657,0,7,0.0,0.0,0.35433884297520657,0,7,0.0,0.0,0.35433884297520657,0,7,0.0,0.0,0.35433884297520657,6,7,0.8571428571428571,0.48686549668097007,0.9743210440510253,0,7,0.0,0.0,0.35433884297520657,1,7,0.14285714285714285,0.02567895594897479,0.51313450331903,4,7,0.5714285714285714,0.2504542304090258,0.8417830777373732,3,7,0.42857142857142855,0.15821692226262685,0.7495457695909742,0,7,0.0,0.0,0.35433884297520657,0,7,0.0,0.0,0.35433884297520657,0,7,0.0,0.0,0.35433884297520657,4,7,0.5714285714285714,0.2504542304090258,0.8417830777373732,363 0.29; 311 0.29; 323 0.14; 312 0.14,4,32 0.29; 53 0.14; 57 0.14; 56 0.14; 38 0.14,5,earned income 0.43; shelter deduction 0.29; dep care or child support deduction 0.14,"wrong include/exclude decision 0.43; wrong amount, known item 0.43",5,0,2,5,1.0,0.5655085052479191,1.0,0.0,2,0.2857142857142857,7,1699.0
1,rawben_rel_max <=   0.998 & total_deductions_by_hh_size > 588.000 & unc_rawben_rel_max >   0.322 & utilities <= 344.000,all_2022_24,680,251,389,42,389,0.10796915167095116,0.08087499191463782,0.1427306547378552,27,389,0.06940874035989718,0.048136798358434776,0.0991021905877461,158,389,0.40616966580976865,0.3585125735704117,0.455661892677562,93,389,0.2390745501285347,0.19937112066701532,0.28388116218693904,53,389,0.13624678663239073,0.10569408218630992,0.1739137801174786,6,389,0.015424164524421594,0.007087609432204685,0.03323805872513914,10,389,0.02570694087403599,0.014022126919246057,0.04666798329311434,73,389,0.18766066838046272,0.1519841545434787,0.22944591803539277,226,389,0.5809768637532133,0.5313868868713679,0.6289830943118876,16,389,0.04113110539845758,0.025473581480247923,0.06576319181463733,1,389,0.002570694087403599,0.00045392317616263587,0.014416192412410468,39,389,0.10025706940874037,0.07420949073379687,0.13412282437743372,12,389,0.030848329048843187,0.017732823570209964,0.05313950766965871,3,389,0.007712082262210797,0.0026261532651609236,0.022426183350920465,0,389,0.0,0.0,0.009779005074818959,0,389,0.0,0.0,0.009779005074818959,19,389,0.04884318766066838,0.03148872569721701,0.07502137913893067,254,389,0.6529562982005142,0.6043627396227924,0.6985583359455791,37,389,0.09511568123393316,0.06979463177128908,0.1283554623124332,97,389,0.2493573264781491,0.20895483709128054,0.29466188781769037,200,389,0.5141388174807198,0.4645757069007366,0.5634254009249111,171,389,0.43958868894601544,0.3910936945591646,0.48926520836761306,5,389,0.012853470437017995,0.005502312173696504,0.029732245469893177,1,389,0.002570694087403599,0.00045392317616263587,0.014416192412410468,12,389,0.030848329048843187,0.017732823570209964,0.05313950766965871,121,389,0.3110539845758355,0.26708630951821527,0.35871706772085515,363 0.41; 364 0.24; 365 0.14,3,53 0.50; 64 0.08; 38 0.07; 52 0.07; 56 0.07,5,shelter deduction 0.41; utility allowance 0.24; medical deduction 0.14,"wrong include/exclude decision 0.58; wrong amount, known item 0.19",236,15,201,251,0.9402390438247012,0.9037518963373127,0.9634534578905686,0.05976095617529881,201,0.4446902654867257,452,58566.0
1,rawben_rel_max <=   0.998 & total_deductions_by_hh_size > 588.000 & unc_rawben_rel_max >   0.322 & utilities <= 344.000,train_2022_23,466,168,252,29,252,0.11507936507936507,0.08133030405854998,0.16038800914774642,25,252,0.0992063492063492,0.06810207064041562,0.14234689465686207,95,252,0.376984126984127,0.3194168979072282,0.43824565579787683,55,252,0.21825396825396826,0.17169244256678634,0.2732766320481317,35,252,0.1388888888888889,0.1015883252187311,0.1870340098510934,4,252,0.015873015873015872,0.006189471067791771,0.04009541770713772,9,252,0.03571428571428571,0.018900945673675708,0.06647062798752718,30,252,0.11904761904761904,0.08467443584110623,0.16486121434244486,161,252,0.6388888888888888,0.5779087211507542,0.6956980730531593,10,252,0.03968253968253968,0.021694970536664717,0.07149394010179283,1,252,0.003968253968253968,0.0007008200216010608,0.022132057821564396,21,252,0.08333333333333333,0.05514907747725667,0.12403053991100232,10,252,0.03968253968253968,0.021694970536664717,0.07149394010179283,2,252,0.007936507936507936,0.002179136157687991,0.028471078662732144,0,252,0.0,0.0,0.015015540865910781,0,252,0.0,0.0,0.015015540865910781,17,252,0.06746031746031746,0.04254173530838383,0.10536853417085647,165,252,0.6547619047619048,0.5941316006696846,0.7107445414432478,26,252,0.10317460317460317,0.07138548431514136,0.146880817959391,60,252,0.23809523809523808,0.18968885692379872,0.2943669025773926,132,252,0.5238095238095238,0.46225151403377945,0.5846525078297488,105,252,0.4166666666666667,0.35749299697682785,0.47834292650082394,5,252,0.01984126984126984,0.008503930426446045,0.045598295325738114,0,252,0.0,0.0,0.015015540865910781,10,252,0.03968253968253968,0.021694970536664717,0.07149394010179283,81,252,0.32142857142857145,0.26681888078848265,0.38140095523505696,363 0.38; 364 0.22; 365 0.14; 311 0.11,4,53 0.54; 38 0.09; 52 0.09; 99 0.07,4,shelter deduction 0.38; utility allowance 0.22; medical deduction 0.14; earned income 0.12,"wrong include/exclude decision 0.64; wrong amount, known item 0.12",157,11,127,168,0.9345238095238095,0.886570162667767,0.9630494870561649,0.06547619047619048,127,0.43050847457627117,295,34997.0
1,rawben_rel_max <=   0.998 & total_deductions_by_hh_size > 588.000 & unc_rawben_rel_max >   0.322 & utilities <= 344.000,test_2024,214,83,137,13,137,0.0948905109489051,0.05629419132076918,0.1555863894167402,2,137,0.014598540145985401,0.004012534577063031,0.05166419729761036,63,137,0.45985401459854014,0.37863107916464633,0.5432669964039357,38,137,0.2773722627737226,0.20925573554693994,0.3576335926061058,18,137,0.13138686131386862,0.08474946760988773,0.198132862610729,2,137,0.014598540145985401,0.004012534577063031,0.05166419729761036,1,137,0.0072992700729927005,0.0012896313769595533,0.040186750601092384,43,137,0.31386861313868614,0.24213533131272647,0.3957557463234266,65,137,0.4744525547445255,0.39267702082264716,0.5576217545391778,6,137,0.043795620437956206,0.020223886822615784,0.09225424463854343,0,137,0.0,0.0,0.027276032081430486,18,137,0.13138686131386862,0.08474946760988773,0.198132862610729,2,137,0.014598540145985401,0.004012534577063031,0.05166419729761036,1,137,0.0072992700729927005,0.0012896313769595533,0.040186750601092384,0,137,0.0,0.0,0.027276032081430486,0,137,0.0,0.0,0.027276032081430486,2,137,0.014598540145985401,0.004012534577063031,0.05166419729761036,89,137,0.6496350364963503,0.5666553080888594,0.7244518647918803,11,137,0.08029197080291971,0.04542299711733818,0.1380568838269283,37,137,0.27007299270072993,0.20274861096279786,0.34994036729362643,68,137,0.49635036496350365,0.41387476724711403,0.5790250578045754,66,137,0.48175182481751827,0.3997257905601771,0.5647733346982694,0,137,0.0,0.0,0.027276032081430486,1,137,0.0072992700729927005,0.0012896313769595533,0.040186750601092384,2,137,0.014598540145985401,0.004012534577063031,0.05166419729761036,40,137,0.291970802919708,0.22234027891666797,0.37294974902962064,363 0.46; 364 0.28; 365 0.13,3,53 0.42; 56 0.19; 64 0.12; 57 0.06,4,shelter deduction 0.46; utility allowance 0.28; medical deduction 0.13,"wrong include/exclude decision 0.47; wrong amount, known item 0.31",79,4,74,83,0.9518072289156626,0.8825396981330589,0.9811016903259284,0.04819277108433735,74,0.4713375796178344,157,23569.0
1,medical_deductions >= 111.000 & medical_deductions < 130.000 & rawben_rel_max >=   0.274 & shelter_expenses_by_hh_size < 868.000,all_2022_24,128,48,58,0,58,0.0,0.0,0.062119996895293766,10,58,0.1724137931034483,0.09644189395085108,0.2890850005667552,6,58,0.10344827586206896,0.04828075015859154,0.20788338531008968,1,58,0.017241379310344827,0.003049959884541764,0.09141072677298324,40,58,0.6896551724137931,0.5619669315326005,0.7937806558519432,1,58,0.017241379310344827,0.003049959884541764,0.09141072677298324,0,58,0.0,0.0,0.062119996895293766,6,58,0.10344827586206896,0.04828075015859154,0.20788338531008968,47,58,0.8103448275862069,0.6914738161458368,0.8906585995743256,3,58,0.05172413793103448,0.017745812831795674,0.14139625335019185,0,58,0.0,0.0,0.062119996895293766,0,58,0.0,0.0,0.062119996895293766,0,58,0.0,0.0,0.062119996895293766,0,58,0.0,0.0,0.062119996895293766,0,58,0.0,0.0,0.062119996895293766,1,58,0.017241379310344827,0.003049959884541764,0.09141072677298324,1,58,0.017241379310344827,0.003049959884541764,0.09141072677298324,43,58,0.7413793103448276,0.6162236918664121,0.8365459648048255,6,58,0.10344827586206896,0.04828075015859154,0.20788338531008968,9,58,0.15517241379310345,0.08384397416750201,0.26934223058787304,46,58,0.7931034482758621,0.6723053695067633,0.8774863564511679,9,58,0.15517241379310345,0.08384397416750201,0.26934223058787304,0,58,0.0,0.0,0.062119996895293766,0,58,0.0,0.0,0.062119996895293766,3,58,0.05172413793103448,0.017745812831795674,0.14139625335019185,30,58,0.5172413793103449,0.39162043429213433,0.640720255470097,365 0.69; 363 0.10,2,53 0.74; 38 0.07,2,medical deduction 0.69; unearned income 0.17,wrong include/exclude decision 0.81,47,1,41,48,0.9791666666666666,0.8910053086246883,0.9963129840206002,0.020833333333333332,41,0.4606741573033708,89,4348.0
1,medical_deductions >= 111.000 & medical_deductions < 130.000 & rawben_rel_max >=   0.274 & shelter_expenses_by_hh_size < 868.000,train_2022_23,99,40,50,0,50,0.0,0.0,0.07135003417431873,10,50,0.2,0.11243629945973886,0.3303737210448524,6,50,0.12,0.05617523710624646,0.23805078886623582,1,50,0.02,0.0035391680889764604,0.10495686471836953,32,50,0.64,0.5014076201030195,0.7586143703281711,1,50,0.02,0.0035391680889764604,0.10495686471836953,0,50,0.0,0.0,0.07135003417431873,6,50,0.12,0.05617523710624646,0.23805078886623582,39,50,0.78,0.6475818431054045,0.8724621377569771,3,50,0.06,0.020614596364630478,0.16217343370877002,0,50,0.0,0.0,0.07135003417431873,0,50,0.0,0.0,0.07135003417431873,0,50,0.0,0.0,0.07135003417431873,0,50,0.0,0.0,0.07135003417431873,0,50,0.0,0.0,0.07135003417431873,1,50,0.02,0.0035391680889764604,0.10495686471836953,1,50,0.02,0.0035391680889764604,0.10495686471836953,35,50,0.7,0.562493877226366,0.8089661091039063,6,50,0.12,0.05617523710624646,0.23805078886623582,9,50,0.18,0.0977008273245379,0.3079631945470261,39,50,0.78,0.6475818431054045,0.8724621377569771,8,50,0.16,0.08337321362087696,0.2851448096176598,0,50,0.0,0.0,0.07135003417431873,0,50,0.0,0.0,0.07135003417431873,3,50,0.06,0.020614596364630478,0.16217343370877002,26,50,0.52,0.3851151225880844,0.6520308760449429,365 0.64; 363 0.12,2,53 0.70; 38 0.08,2,medical deduction 0.64; unearned income 0.20,wrong include/exclude decision 0.78,39,1,33,40,0.975,0.8711834051199223,0.9955732825922052,0.025,33,0.4520547945205479,73,3873.0
1,medical_deductions >= 111.000 & medical_deductions < 130.000 & rawben_rel_max >=   0.274 & shelter_expenses_by_hh_size < 868.000,test_2024,29,8,8,0,8,0.0,0.0,0.3244156195108769,0,8,0.0,0.0,0.3244156195108769,0,8,0.0,0.0,0.3244156195108769,0,8,0.0,0.0,0.3244156195108769,8,8,1.0,0.6755843804891231,1.0,0,8,0.0,0.0,0.3244156195108769,0,8,0.0,0.0,0.3244156195108769,0,8,0.0,0.0,0.3244156195108769,8,8,1.0,0.6755843804891231,1.0,0,8,0.0,0.0,0.3244156195108769,0,8,0.0,0.0,0.3244156195108769,0,8,0.0,0.0,0.3244156195108769,0,8,0.0,0.0,0.3244156195108769,0,8,0.0,0.0,0.3244156195108769,0,8,0.0,0.0,0.3244156195108769,0,8,0.0,0.0,0.3244156195108769,0,8,0.0,0.0,0.3244156195108769,8,8,1.0,0.6755843804891231,1.0,0,8,0.0,0.0,0.3244156195108769,0,8,0.0,0.0,0.3244156195108769,7,8,0.875,0.5291051942301386,0.9775830911367038,1,8,0.125,0.02241690886329617,0.4708948057698615,0,8,0.0,0.0,0.3244156195108769,0,8,0.0,0.0,0.3244156195108769,0,8,0.0,0.0,0.3244156195108769,4,8,0.5,0.21521252682444186,0.7847874731755582,365 1.00,1,53 1.00,1,medical deduction 1.00,wrong include/exclude decision 1.00,8,0,8,8,1.0,0.6755843804891231,1.0,0.0,8,0.5,16,475.0
2-3,expedited_i <=   0.500 & percent_abawd >   0.583 & rawben_rel_max <=   0.711 & shelter_expenses_by_hh_size <= 278.000,all_2022_24,76,27,38,15,38,0.39473684210526316,0.25597859263618905,0.5528241300130403,4,38,0.10526315789473684,0.041701897932665793,0.24130831200194466,4,38,0.10526315789473684,0.041701897932665793,0.24130831200194466,4,38,0.10526315789473684,0.041701897932665793,0.24130831200194466,1,38,0.02631578947368421,0.004660467553530057,0.13495178436800254,0,38,0.0,0.0,0.09181293258383999,10,38,0.2631578947368421,0.14971462389701296,0.42009150206375323,8,38,0.21052631578947367,0.1107466035209593,0.36346088376442165,9,38,0.23684210526315788,0.12993561496969508,0.39207119165337856,3,38,0.07894736842105263,0.02721410139426493,0.2079967892026529,9,38,0.23684210526315788,0.12993561496969508,0.39207119165337856,3,38,0.07894736842105263,0.02721410139426493,0.2079967892026529,1,38,0.02631578947368421,0.004660467553530057,0.13495178436800254,0,38,0.0,0.0,0.09181293258383999,0,38,0.0,0.0,0.09181293258383999,0,38,0.0,0.0,0.09181293258383999,5,38,0.13157894736842105,0.05753782875731436,0.2732717005149887,29,38,0.7631578947368421,0.6079288083466214,0.8700643850303049,3,38,0.07894736842105263,0.02721410139426493,0.2079967892026529,6,38,0.15789473684210525,0.07443762223722684,0.3041712263727689,22,38,0.5789473684210527,0.42192070613127325,0.7214772518818047,15,38,0.39473684210526316,0.25597859263618905,0.5528241300130403,0,38,0.0,0.0,0.09181293258383999,0,38,0.0,0.0,0.09181293258383999,1,38,0.02631578947368421,0.004660467553530057,0.13495178436800254,14,38,0.3684210526315789,0.23384013155413794,0.5271632717573987,311 0.37; 150 0.18; 363 0.11; 364 0.11,4,53 0.16; 7 0.13; 99 0.13; 44 0.11; 38 0.08; 52 0.08; 35 0.08,7,earned income 0.39; other element 0.26; shelter deduction 0.11,"household composition 0.24; wrong include/exclude decision 0.24; wrong amount, known item 0.21; other 0.13",14,13,13,27,0.5185185185185185,0.3398532458621043,0.6925704935029092,0.48148148148148145,13,0.325,40,7187.0
2-3,expedited_i <=   0.500 & percent_abawd >   0.583 & rawben_rel_max <=   0.711 & shelter_expenses_by_hh_size <= 278.000,train_2022_23,55,24,35,13,35,0.37142857142857144,0.23165607368891059,0.5366335951197893,4,35,0.11428571428571428,0.0453510585448975,0.2595179478812023,4,35,0.11428571428571428,0.0453510585448975,0.2595179478812023,4,35,0.11428571428571428,0.0453510585448975,0.2595179478812023,0,35,0.0,0.0,0.09890426758938868,0,35,0.0,0.0,0.09890426758938868,10,35,0.2857142857142857,0.16326363398295565,0.45055248069821086,7,35,0.2,0.10042319445900802,0.35891936609462516,8,35,0.22857142857142856,0.12065736746179101,0.39017637780102,3,35,0.08571428571428572,0.029581831005296905,0.22379599071162518,9,35,0.2571428571428571,0.1416286872655014,0.4206962427064873,2,35,0.05714285714285714,0.015812829614043955,0.1860738073937003,1,35,0.02857142857142857,0.005061361365853362,0.1453340909327131,0,35,0.0,0.0,0.09890426758938868,0,35,0.0,0.0,0.09890426758938868,0,35,0.0,0.0,0.09890426758938868,5,35,0.14285714285714285,0.06260138804853496,0.2937588030867426,28,35,0.8,0.6410806339053748,0.899576805540992,2,35,0.05714285714285714,0.015812829614043955,0.1860738073937003,5,35,0.14285714285714285,0.06260138804853496,0.2937588030867426,20,35,0.5714285714285714,0.4085712925897337,0.7201566691832108,14,35,0.4,0.25550504933307244,0.5642758041848053,0,35,0.0,0.0,0.09890426758938868,0,35,0.0,0.0,0.09890426758938868,1,35,0.02857142857142857,0.005061361365853362,0.1453340909327131,13,35,0.37142857142857144,0.23165607368891059,0.5366335951197893,311 0.34; 150 0.20; 363 0.11; 364 0.11,4,53 0.17; 7 0.14; 99 0.14; 44 0.11; 35 0.09; 13 0.09; 38 0.06,7,earned income 0.37; other element 0.29; shelter deduction 0.11,"household composition 0.26; wrong include/exclude decision 0.23; wrong amount, known item 0.20; other 0.14",13,11,12,24,0.5416666666666666,0.35074553553106635,0.7210894164831857,0.4583333333333333,12,0.3333333333333333,36,6941.0
2-3,expedited_i <=   0.500 & percent_abawd >   0.583 & rawben_rel_max <=   0.711 & shelter_expenses_by_hh_size <= 278.000,test_2024,21,3,3,2,3,0.6666666666666666,0.2076549551264879,0.9385096847238394,0,3,0.0,0.0,0.5615060804490177,0,3,0.0,0.0,0.5615060804490177,0,3,0.0,0.0,0.5615060804490177,1,3,0.3333333333333333,0.0614903152761605,0.7923450448735121,0,3,0.0,0.0,0.5615060804490177,0,3,0.0,0.0,0.5615060804490177,1,3,0.3333333333333333,0.0614903152761605,0.7923450448735121,1,3,0.3333333333333333,0.0614903152761605,0.7923450448735121,0,3,0.0,0.0,0.5615060804490177,0,3,0.0,0.0,0.5615060804490177,1,3,0.3333333333333333,0.0614903152761605,0.7923450448735121,0,3,0.0,0.0,0.5615060804490177,0,3,0.0,0.0,0.5615060804490177,0,3,0.0,0.0,0.5615060804490177,0,3,0.0,0.0,0.5615060804490177,0,3,0.0,0.0,0.5615060804490177,1,3,0.3333333333333333,0.0614903152761605,0.7923450448735121,1,3,0.3333333333333333,0.0614903152761605,0.7923450448735121,1,3,0.3333333333333333,0.0614903152761605,0.7923450448735121,2,3,0.6666666666666666,0.2076549551264879,0.9385096847238394,1,3,0.3333333333333333,0.0614903152761605,0.7923450448735121,0,3,0.0,0.0,0.5615060804490177,0,3,0.0,0.0,0.5615060804490177,0,3,0.0,0.0,0.5615060804490177,1,3,0.3333333333333333,0.0614903152761605,0.7923450448735121,311 0.67; 365 0.33,2,38 0.33; 52 0.33; 40 0.33,3,earned income 0.67; medical deduction 0.33,"wrong amount, known item 0.33; wrong include/exclude decision 0.33; change in circumstances 0.33",1,2,1,3,0.3333333333333333,0.0614903152761605,0.7923450448735121,0.6666666666666666,1,0.25,4,246.0
4+,expedited_i >=   1.000 & rawben_rel_max <   0.962 & total_deductions_by_hh_size >=   2.250 & total_deductions_by_hh_size < 124.000,all_2022_24,177,61,105,29,105,0.2761904761904762,0.19972009427826307,0.36845971932241894,27,105,0.2571428571428571,0.18315791773630993,0.34827124170272794,17,105,0.1619047619047619,0.10361201777616731,0.2440638708546503,11,105,0.10476190476190476,0.059510259416906686,0.17791366672897868,0,105,0.0,0.0,0.035295328256842964,2,105,0.01904761904761905,0.005239072265250375,0.06680691015323666,19,105,0.18095238095238095,0.11901573432473685,0.2654108084677248,38,105,0.3619047619047619,0.27636595500808664,0.45719180231999373,31,105,0.29523809523809524,0.21646394945677827,0.3884665183055478,2,105,0.01904761904761905,0.005239072265250375,0.06680691015323666,14,105,0.13333333333333333,0.08111317960230989,0.21143672778604156,9,105,0.08571428571428572,0.04574896007099648,0.1549243119132448,3,105,0.02857142857142857,0.009763662138955603,0.08065764736035347,0,105,0.0,0.0,0.035295328256842964,2,105,0.01904761904761905,0.005239072265250375,0.06680691015323666,2,105,0.01904761904761905,0.005239072265250375,0.06680691015323666,4,105,0.0380952380952381,0.014912218047781596,0.09388441853234952,52,105,0.49523809523809526,0.40147502342062186,0.5893373130389671,12,105,0.11428571428571428,0.0665963623948552,0.18920289083185224,41,105,0.3904761904761905,0.3026064253865297,0.4860773131840168,74,105,0.7047619047619048,0.6115334816944522,0.7835360505432216,26,105,0.24761904761904763,0.17494869705401503,0.33810513530420083,1,105,0.009523809523809525,0.0016831259050527937,0.051987529432612214,0,105,0.0,0.0,0.035295328256842964,4,105,0.0380952380952381,0.014912218047781596,0.09388441853234952,64,105,0.6095238095238096,0.5139226868159832,0.6973935746134703,311 0.26; 363 0.16; 150 0.11; 364 0.10; 350 0.09; 334 0.04,6,38 0.20; 44 0.15; 53 0.14; 52 0.11; 12 0.04; 99 0.04; 37 0.04; 40 0.04,8,earned income 0.28; unearned income 0.26; other element 0.18; shelter deduction 0.16,"wrong amount, known item 0.36; wrong include/exclude decision 0.30; household composition 0.13",32,29,21,61,0.5245901639344263,0.4015694171531101,0.6446971771320402,0.47540983606557374,21,0.25609756097560976,82,18921.0
4+,expedited_i >=   1.000 & rawben_rel_max <   0.962 & total_deductions_by_hh_size >=   2.250 & total_deductions_by_hh_size < 124.000,train_2022_23,136,52,92,26,92,0.2826086956521739,0.20075548814347022,0.38188920894005085,23,92,0.25,0.1727513473118804,0.3472900543341689,15,92,0.16304347826086957,0.10136900528642383,0.2517302751930339,9,92,0.09782608695652174,0.05232316443197395,0.17556952517254015,0,92,0.0,0.0,0.04008280329209862,1,92,0.010869565217391304,0.0019212795763616508,0.05902928886156091,18,92,0.1956521739130435,0.12749741209297205,0.28820516382395756,31,92,0.33695652173913043,0.24863459523567621,0.43834892757696464,27,92,0.29347826086956524,0.21021583127441634,0.39329663095492884,2,92,0.021739130434782608,0.005981915837670909,0.0758364177460756,13,92,0.14130434782608695,0.08447613379881469,0.22688761638899513,8,92,0.08695652173913043,0.04472065376437301,0.16230427069431713,3,92,0.03260869565217391,0.011150975342623229,0.09153512338694722,0,92,0.0,0.0,0.04008280329209862,2,92,0.021739130434782608,0.005981915837670909,0.0758364177460756,2,92,0.021739130434782608,0.005981915837670909,0.0758364177460756,4,92,0.043478260869565216,0.01703544061158062,0.10651842326381375,41,92,0.44565217391304346,0.34829640062529765,0.5473647736455826,12,92,0.13043478260869565,0.07621405253905902,0.2142819325029269,39,92,0.42391304347826086,0.3279782090086152,0.5259474349706172,63,92,0.6847826086956522,0.5840649816969505,0.7706870257820566,24,92,0.2608695652173913,0.18202097082654678,0.3588881959653265,1,92,0.010869565217391304,0.0019212795763616508,0.05902928886156091,0,92,0.0,0.0,0.04008280329209862,4,92,0.043478260869565216,0.01703544061158062,0.10651842326381375,56,92,0.6086956521739131,0.5065323092393207,0.7021453422189189,311 0.26; 363 0.16; 150 0.12; 364 0.10; 350 0.07; 334 0.04; 331 0.04,7,38 0.21; 53 0.15; 44 0.13; 52 0.11; 99 0.04; 40 0.04; 12 0.03; 37 0.03,8,earned income 0.28; unearned income 0.25; other element 0.20; shelter deduction 0.16,"wrong amount, known item 0.34; wrong include/exclude decision 0.29; household composition 0.14",29,23,17,52,0.5576923076923077,0.42339524991516386,0.6840515281141191,0.4423076923076923,17,0.2463768115942029,69,16558.0
4+,expedited_i >=   1.000 & rawben_rel_max <   0.962 & total_deductions_by_hh_size >=   2.250 & total_deductions_by_hh_size < 124.000,test_2024,41,9,13,3,13,0.23076923076923078,0.08179379092465713,0.5025687399512693,4,13,0.3076923076923077,0.12680497161618087,0.5763111218666236,2,13,0.15384615384615385,0.04325726318273798,0.4223517050863101,2,13,0.15384615384615385,0.04325726318273798,0.4223517050863101,0,13,0.0,0.0,0.22810184305529166,1,13,0.07692307692307693,0.013710066379696323,0.3331453392824736,1,13,0.07692307692307693,0.013710066379696323,0.3331453392824736,7,13,0.5384615384615384,0.2914343243183205,0.7679424569851186,4,13,0.3076923076923077,0.12680497161618087,0.5763111218666236,0,13,0.0,0.0,0.22810184305529166,1,13,0.07692307692307693,0.013710066379696323,0.3331453392824736,1,13,0.07692307692307693,0.013710066379696323,0.3331453392824736,0,13,0.0,0.0,0.22810184305529166,0,13,0.0,0.0,0.22810184305529166,0,13,0.0,0.0,0.22810184305529166,0,13,0.0,0.0,0.22810184305529166,0,13,0.0,0.0,0.22810184305529166,11,13,0.8461538461538461,0.5776482949136899,0.9567427368172621,0,13,0.0,0.0,0.22810184305529166,2,13,0.15384615384615385,0.04325726318273798,0.4223517050863101,11,13,0.8461538461538461,0.5776482949136899,0.9567427368172621,2,13,0.15384615384615385,0.04325726318273798,0.4223517050863101,0,13,0.0,0.0,0.22810184305529166,0,13,0.0,0.0,0.22810184305529166,0,13,0.0,0.0,0.22810184305529166,8,13,0.6153846153846154,0.35522480972268555,0.8229055341876319,350 0.23; 311 0.23; 364 0.15; 363 0.15,4,44 0.31; 52 0.15; 38 0.15; 37 0.08; 53 0.08,5,unearned income 0.31; earned income 0.23; utility allowance 0.15; shelter deduction 0.15,"wrong amount, known item 0.54; wrong include/exclude decision 0.31",3,6,4,9,0.3333333333333333,0.12058159868274293,0.6458026525009102,0.6666666666666666,4,0.3076923076923077,13,2363.0
2-3,married >=   1.000 & rawben_rel_max >=   0.523 & total_deductions_by_hh_size >= 154.000 & utilities <  29.000,all_2022_24,71,23,39,7,39,0.1794871794871795,0.08977151811469994,0.3266835162444276,5,39,0.1282051282051282,0.05602734948028318,0.26706049037630475,10,39,0.2564102564102564,0.14568625843452188,0.410819567678415,8,39,0.20512820512820512,0.10779590197911117,0.3553427296312862,4,39,0.10256410256410256,0.04061265558286986,0.2357915870224483,1,39,0.02564102564102564,0.00454058606523737,0.13181286478627147,4,39,0.10256410256410256,0.04061265558286986,0.2357915870224483,7,39,0.1794871794871795,0.08977151811469994,0.3266835162444276,18,39,0.46153846153846156,0.3156664723404835,0.6143081317826119,3,39,0.07692307692307693,0.026506914073495688,0.2032137312805527,3,39,0.07692307692307693,0.026506914073495688,0.2032137312805527,1,39,0.02564102564102564,0.00454058606523737,0.13181286478627147,3,39,0.07692307692307693,0.026506914073495688,0.2032137312805527,0,39,0.0,0.0,0.08966985360023902,0,39,0.0,0.0,0.08966985360023902,0,39,0.0,0.0,0.08966985360023902,4,39,0.10256410256410256,0.04061265558286986,0.2357915870224483,26,39,0.6666666666666666,0.5097710432024052,0.7936723389308484,3,39,0.07692307692307693,0.026506914073495688,0.2032137312805527,10,39,0.2564102564102564,0.14568625843452188,0.410819567678415,26,39,0.6666666666666666,0.5097710432024052,0.7936723389308484,13,39,0.3333333333333333,0.20632766106915157,0.4902289567975947,0,39,0.0,0.0,0.08966985360023902,0,39,0.0,0.0,0.08966985360023902,0,39,0.0,0.0,0.08966985360023902,15,39,0.38461538461538464,0.24891162547007065,0.5410121868992154,363 0.26; 364 0.21; 311 0.15; 365 0.10; 333 0.08,5,53 0.31; 99 0.10; 52 0.10; 35 0.08; 38 0.08; 37 0.05; 44 0.05,7,shelter deduction 0.26; utility allowance 0.21; earned income 0.18; unearned income 0.13,"wrong include/exclude decision 0.46; wrong amount, known item 0.18; other 0.10; unreported source of income 0.08",19,4,14,23,0.8260869565217391,0.6286194521470433,0.9302145964938723,0.17391304347826086,14,0.3783783783783784,37,7286.0
2-3,married >=   1.000 & rawben_rel_max >=   0.523 & total_deductions_by_hh_size >= 154.000 & utilities <  29.000,train_2022_23,42,19,34,7,34,0.20588235294117646,0.1034939602235132,0.3679871610821398,4,34,0.11764705882352941,0.04671370973436122,0.26621174796298774,8,34,0.23529411764705882,0.12436838109244344,0.3999646280826443,7,34,0.20588235294117646,0.1034939602235132,0.3679871610821398,3,34,0.08823529411764706,0.030465390304310128,0.22960817952360413,1,34,0.029411764705882353,0.00521077192559663,0.1491590221634482,4,34,0.11764705882352941,0.04671370973436122,0.26621174796298774,5,34,0.14705882352941177,0.06449346382626417,0.30128388174051957,16,34,0.47058823529411764,0.31451251633111366,0.6326355957994516,2,34,0.058823529411764705,0.016282313063842452,0.1909393688946371,3,34,0.08823529411764706,0.030465390304310128,0.22960817952360413,1,34,0.029411764705882353,0.00521077192559663,0.1491590221634482,3,34,0.08823529411764706,0.030465390304310128,0.22960817952360413,0,34,0.0,0.0,0.10151790621961015,0,34,0.0,0.0,0.10151790621961015,0,34,0.0,0.0,0.10151790621961015,4,34,0.11764705882352941,0.04671370973436122,0.26621174796298774,22,34,0.6470588235294118,0.4791365883001342,0.7851228510470394,2,34,0.058823529411764705,0.016282313063842452,0.1909393688946371,10,34,0.29411764705882354,0.16834452609931952,0.4616922588146376,22,34,0.6470588235294118,0.4791365883001342,0.7851228510470394,12,34,0.35294117647058826,0.21487714895296073,0.5208634116998658,0,34,0.0,0.0,0.10151790621961015,0,34,0.0,0.0,0.10151790621961015,0,34,0.0,0.0,0.10151790621961015,14,34,0.4117647058823529,0.26365737785688864,0.5777869585348072,363 0.24; 364 0.21; 311 0.18; 333 0.09; 365 0.09,5,53 0.32; 99 0.12; 52 0.09; 38 0.09; 35 0.06; 37 0.06; 44 0.06,7,shelter deduction 0.24; earned income 0.21; utility allowance 0.21; other element 0.12,"wrong include/exclude decision 0.47; wrong amount, known item 0.15; other 0.12; household composition 0.09",15,4,11,19,0.7894736842105263,0.5666528575973392,0.9149246150840843,0.21052631578947367,11,0.36666666666666664,30,5995.0
2-3,married >=   1.000 & rawben_rel_max >=   0.523 & total_deductions_by_hh_size >= 154.000 & utilities <  29.000,test_2024,29,4,5,0,5,0.0,0.0,0.43449149475208104,1,5,0.2,0.03622316096978745,0.6244717358814613,2,5,0.4,0.1176182311592533,0.769280067791163,1,5,0.2,0.03622316096978745,0.6244717358814613,1,5,0.2,0.03622316096978745,0.6244717358814613,0,5,0.0,0.0,0.43449149475208104,0,5,0.0,0.0,0.43449149475208104,2,5,0.4,0.1176182311592533,0.769280067791163,2,5,0.4,0.1176182311592533,0.769280067791163,1,5,0.2,0.03622316096978745,0.6244717358814613,0,5,0.0,0.0,0.43449149475208104,0,5,0.0,0.0,0.43449149475208104,0,5,0.0,0.0,0.43449149475208104,0,5,0.0,0.0,0.43449149475208104,0,5,0.0,0.0,0.43449149475208104,0,5,0.0,0.0,0.43449149475208104,0,5,0.0,0.0,0.43449149475208104,4,5,0.8,0.3755282641185388,0.9637768390302125,1,5,0.2,0.03622316096978745,0.6244717358814613,0,5,0.0,0.0,0.43449149475208104,4,5,0.8,0.3755282641185388,0.9637768390302125,1,5,0.2,0.03622316096978745,0.6244717358814613,0,5,0.0,0.0,0.43449149475208104,0,5,0.0,0.0,0.43449149475208104,0,5,0.0,0.0,0.43449149475208104,1,5,0.2,0.03622316096978745,0.6244717358814613,363 0.40; 365 0.20; 364 0.20,3,56 0.40; 53 0.20; 52 0.20,3,shelter deduction 0.40; medical deduction 0.20; utility allowance 0.20,"wrong amount, known item 0.40; wrong include/exclude decision 0.40",4,0,3,4,1.0,0.5100999795960008,1.0,0.0,3,0.42857142857142855,7,1291.0
1,months_since_cert_n >=   6.00 & rawben_rel_max >=   1.00 & unc_rawben_rel_max >=   1.48 & utilities < 340.00,all_2022_24,295,115,169,48,169,0.28402366863905326,0.22142353703059567,0.3562244366053807,73,169,0.4319526627218935,0.3596010046529241,0.5073291788214246,21,169,0.1242603550295858,0.08272788383229537,0.18249530317823906,11,169,0.0650887573964497,0.03672952366838914,0.11278077940679643,2,169,0.011834319526627219,0.0032513513834124576,0.04211735614995914,0,169,0.0,0.0,0.022226130746301812,14,169,0.08284023668639054,0.04998539238292145,0.1342387758728688,22,169,0.1301775147928994,0.08756163819432487,0.1892328372097445,61,169,0.3609467455621302,0.29236920662398824,0.43570551612794184,39,169,0.23076923076923078,0.17365584557640895,0.2998505325177535,0,169,0.0,0.0,0.022226130746301812,20,169,0.11834319526627218,0.07792820907832475,0.1757236895386748,2,169,0.011834319526627219,0.0032513513834124576,0.04211735614995914,6,169,0.03550295857988166,0.016370816649777457,0.07528304445773368,6,169,0.03550295857988166,0.016370816649777457,0.07528304445773368,0,169,0.0,0.0,0.022226130746301812,13,169,0.07692307692307693,0.04550230449122948,0.12715057537102586,48,169,0.28402366863905326,0.22142353703059567,0.3562244366053807,11,169,0.0650887573964497,0.03672952366838914,0.11278077940679643,110,169,0.650887573964497,0.5763879082767801,0.7186799457583596,82,169,0.48520710059171596,0.4110256415729105,0.5600461374432522,79,169,0.46745562130177515,0.393791354504637,0.542566559330921,2,169,0.011834319526627219,0.0032513513834124576,0.04211735614995914,0,169,0.0,0.0,0.022226130746301812,6,169,0.03550295857988166,0.016370816649777457,0.07528304445773368,64,169,0.378698224852071,0.30902880836870883,0.45375977956382585,331 0.31; 311 0.25; 363 0.12; 333 0.07,4,35 0.23; 37 0.21; 38 0.10; 39 0.10; 52 0.09; 99 0.08,6,unearned income 0.43; earned income 0.28; shelter deduction 0.12,"wrong include/exclude decision 0.36; unreported source of income 0.23; wrong amount, known item 0.13; change in circumstances 0.12",115,0,1,115,1.0,0.9676746189886368,0.9999999999999999,0.0,1,0.008620689655172414,116,34280.0
1,months_since_cert_n >=   6.00 & rawben_rel_max >=   1.00 & unc_rawben_rel_max >=   1.48 & utilities < 340.00,train_2022_23,212,76,117,30,117,0.2564102564102564,0.1859156601937761,0.3423924721050348,50,117,0.42735042735042733,0.3414265447745581,0.5178934245075435,13,117,0.1111111111111111,0.06609257325647655,0.1808554976065375,8,117,0.06837606837606838,0.0350512906011003,0.12914382101609115,2,117,0.017094017094017096,0.004700284108284717,0.06019127641391957,0,117,0.0,0.0,0.03179037682387522,14,117,0.11965811965811966,0.07263082821640884,0.1908678344957698,14,117,0.11965811965811966,0.07263082821640884,0.1908678344957698,44,117,0.37606837606837606,0.29355101398866745,0.46646540419844695,20,117,0.17094017094017094,0.11346914397542025,0.24933306983174552,0,117,0.0,0.0,0.03179037682387522,16,117,0.13675213675213677,0.08596023421342294,0.21063961219708474,2,117,0.017094017094017096,0.004700284108284717,0.06019127641391957,4,117,0.03418803418803419,0.013373625444339232,0.08461911877619409,6,117,0.05128205128205128,0.023712055277476288,0.10738187264138609,0,117,0.0,0.0,0.03179037682387522,11,117,0.09401709401709402,0.053309912054020296,0.1605369751106647,35,117,0.29914529914529914,0.22364123768326574,0.3874198538613679,3,117,0.02564102564102564,0.008757897045422923,0.07268425532594588,79,117,0.6752136752136753,0.5859616622545792,0.7533254706532936,58,117,0.49572649572649574,0.40671622435748067,0.5850084797179371,52,117,0.4444444444444444,0.35759570763975296,0.5348254453406776,2,117,0.017094017094017096,0.004700284108284717,0.06019127641391957,0,117,0.0,0.0,0.03179037682387522,5,117,0.042735042735042736,0.018389559879770763,0.0961537761899271,42,117,0.358974358974359,0.2778104372600545,0.44910479722873087,331 0.32; 311 0.24; 363 0.11; 364 0.07; 333 0.06,5,37 0.21; 35 0.17; 39 0.13; 38 0.12; 52 0.10; 99 0.09,6,unearned income 0.43; earned income 0.26; other element 0.12,"wrong include/exclude decision 0.38; unreported source of income 0.17; change in circumstances 0.14; wrong amount, known item 0.12",76,0,0,76,1.0,0.9518847317689024,0.9999999999999999,0.0,0,0.0,76,22536.0
1,months_since_cert_n >=   6.00 & rawben_rel_max >=   1.00 & unc_rawben_rel_max >=   1.48 & utilities < 340.00,test_2024,83,39,52,18,52,0.34615384615384615,0.23150828073938617,0.4819669778491929,23,52,0.4423076923076923,0.31594847188588093,0.5766047500848361,8,52,0.15384615384615385,0.08007589590882647,0.2752434359154765,3,52,0.057692307692307696,0.019813812690573196,0.15642755575159178,0,52,0.0,0.0,0.06879459041288215,0,52,0.0,0.0,0.06879459041288215,0,52,0.0,0.0,0.06879459041288215,8,52,0.15384615384615385,0.08007589590882647,0.2752434359154765,17,52,0.3269230769230769,0.2152190173110406,0.46244064860111084,19,52,0.36538461538461536,0.2480051371130184,0.5012857141519882,0,52,0.0,0.0,0.06879459041288215,4,52,0.07692307692307693,0.03031885429734589,0.1817381068212467,0,52,0.0,0.0,0.06879459041288215,2,52,0.038461538461538464,0.010611488322077554,0.12981428744365978,0,52,0.0,0.0,0.06879459041288215,0,52,0.0,0.0,0.06879459041288215,2,52,0.038461538461538464,0.010611488322077554,0.12981428744365978,13,52,0.25,0.15233011761438864,0.38206717759205233,8,52,0.15384615384615385,0.08007589590882647,0.2752434359154765,31,52,0.5961538461538461,0.4606733176249609,0.7184046457571771,24,52,0.46153846153846156,0.3334025986239788,0.5949662160231659,27,52,0.5192307692307693,0.3868545397052721,0.6489610529711556,0,52,0.0,0.0,0.06879459041288215,0,52,0.0,0.0,0.06879459041288215,1,52,0.019230769230769232,0.0034027204090655225,0.10120746268024422,22,52,0.4230769230769231,0.29867847908860445,0.558059150205685,331 0.27; 311 0.27; 363 0.15; 333 0.10,4,35 0.37; 37 0.21; 52 0.06; 53 0.06; 38 0.06,5,unearned income 0.44; earned income 0.35,"unreported source of income 0.37; wrong include/exclude decision 0.33; wrong amount, known item 0.15",39,0,1,39,1.0,0.9103301463997611,1.0,0.0,1,0.025,40,11744.0
4+,HH_size_n >   5.500 & months_since_cert_n >   4.500 & rawben_rel_max <=   0.825 & utilities <= 424.000,all_2022_24,309,105,176,67,176,0.3806818181818182,0.31221904217636015,0.4542421103044895,36,176,0.20454545454545456,0.1515657672943556,0.27014756265822487,19,176,0.10795454545454546,0.070207392304455,0.16245068013262295,10,176,0.056818181818181816,0.03115160867372349,0.10141838625514724,1,176,0.005681818181818182,0.0010036597035756045,0.03147825771708791,7,176,0.03977272727272727,0.019396984200525064,0.07981031822560992,36,176,0.20454545454545456,0.1515657672943556,0.27014756265822487,48,176,0.2727272727272727,0.21230980951769238,0.34285429044583093,37,176,0.21022727272727273,0.15654289553782377,0.2762913319156686,18,176,0.10227272727272728,0.06567535831529453,0.1558618166208715,23,176,0.13068181818181818,0.08868159836471554,0.1884600640760101,12,176,0.06818181818181818,0.0394293955633289,0.11538239436736565,13,176,0.07386363636363637,0.04367105582044981,0.12226163161115666,3,176,0.017045454545454544,0.0058135373431719845,0.048910175079315346,2,176,0.011363636363636364,0.0031218054298649232,0.040481009491710504,1,176,0.005681818181818182,0.0010036597035756045,0.03147825771708791,19,176,0.10795454545454546,0.070207392304455,0.16245068013262295,97,175,0.5542857142857143,0.4802624198849263,0.6259768443578448,19,175,0.10857142857142857,0.07061513886953752,0.1633438505378487,59,175,0.33714285714285713,0.2712679205596076,0.4100142867120786,106,176,0.6022727272727273,0.5285227396344968,0.6716534153819177,63,176,0.35795454545454547,0.29085703261084417,0.43112052986635796,0,176,0.0,1.734723475976807e-18,0.021361019919751596,1,176,0.005681818181818182,0.0010036597035756045,0.03147825771708791,6,176,0.03409090909090909,0.015715845261067427,0.07237055966415565,81,175,0.46285714285714286,0.3905720389660744,0.5367379381309768,311 0.32; 150 0.12; 363 0.11; 350 0.09; 364 0.06; 312 0.05; 520 0.03,7,38 0.13; 44 0.12; 99 0.11; 35 0.10; 52 0.10; 53 0.06; 13 0.05; 37 0.04; 12 0.03; 41 0.03,10,earned income 0.38; other element 0.20; unearned income 0.20,"wrong amount, known item 0.27; wrong include/exclude decision 0.21; household composition 0.13; other 0.11; unreported source of income 0.10",61,44,40,105,0.580952380952381,0.4853552056582404,0.670835074528747,0.41904761904761906,40,0.27586206896551724,145,38791.0
4+,HH_size_n >   5.500 & months_since_cert_n >   4.500 & rawben_rel_max <=   0.825 & utilities <= 424.000,train_2022_23,220,78,127,46,127,0.36220472440944884,0.2837941121770411,0.44870686610509547,25,127,0.1968503937007874,0.137040400556687,0.27446175166401354,14,127,0.11023622047244094,0.06680938916575475,0.17655052083228873,8,127,0.06299212598425197,0.03226130175460205,0.11938465794017394,1,127,0.007874015748031496,0.001391276231238591,0.04325507477639201,6,127,0.047244094488188976,0.021829492501269893,0.09924515042575026,27,127,0.2125984251968504,0.15042374107946094,0.2916497279089954,33,127,0.25984251968503935,0.19141857187461628,0.3423688474171074,26,127,0.2047244094488189,0.14371289780112673,0.28307491280345165,10,127,0.07874015748031496,0.0433298959009003,0.1388873805616315,16,127,0.12598425196850394,0.07905567165747274,0.19487555510832655,9,127,0.07086614173228346,0.037727631027679204,0.12920398705097466,12,127,0.09448818897637795,0.054878655454366924,0.1579099377759207,2,127,0.015748031496062992,0.00432926528219783,0.05560274410931068,0,127,0.0,0.0,0.02936069262375269,1,127,0.007874015748031496,0.001391276231238591,0.04325507477639201,18,127,0.14173228346456693,0.09157006914566687,0.21293247438788823,70,127,0.5511811023622047,0.46444036529260213,0.6349164142026043,14,127,0.11023622047244094,0.06680938916575475,0.17655052083228873,43,127,0.33858267716535434,0.2620962341325621,0.4245477689979408,82,127,0.6456692913385826,0.5593225831054222,0.7234620969963191,40,127,0.31496062992125984,0.24061637478558412,0.400170653193285,0,127,0.0,0.0,0.02936069262375269,0,127,0.0,0.0,0.02936069262375269,5,127,0.03937007874015748,0.01693154776967802,0.08885743677346422,58,127,0.4566929133858268,0.37260213016613264,0.5433267487225389,311 0.31; 150 0.12; 363 0.11; 364 0.06; 350 0.06; 312 0.06; 520 0.04,7,99 0.14; 38 0.13; 44 0.12; 52 0.09; 35 0.08; 53 0.06; 13 0.05; 41 0.04; 37 0.04; 12 0.03,10,earned income 0.36; other element 0.21; unearned income 0.20,"wrong amount, known item 0.26; wrong include/exclude decision 0.20; other 0.14; household composition 0.13; method or computation 0.09",45,33,31,78,0.5769230769230769,0.46621355164287304,0.680411147776493,0.4230769230769231,31,0.28440366972477066,109,25155.0
4+,HH_size_n >   5.500 & months_since_cert_n >   4.500 & rawben_rel_max <=   0.825 & utilities <= 424.000,test_2024,89,27,49,21,49,0.42857142857142855,0.3002310889895705,0.5672975248298444,11,49,0.22448979591836735,0.1302483771472861,0.35879056187045744,5,49,0.10204081632653061,0.044378892487039884,0.21756624164970087,2,49,0.04081632653061224,0.011265396927928273,0.13713283476831106,0,49,0.0,0.0,0.07270029673590504,1,49,0.02040816326530612,0.003611579538530696,0.10693768467754147,9,49,0.1836734693877551,0.09976228838458358,0.31357871567282575,15,49,0.30612244897959184,0.1951532349314748,0.4452815740069374,11,49,0.22448979591836735,0.1302483771472861,0.35879056187045744,8,49,0.16326530612244897,0.08512596988208977,0.29036606669515236,7,49,0.14285714285714285,0.07096333720544586,0.2666797318916292,3,49,0.061224489795918366,0.021039764955529186,0.16520743422087725,1,49,0.02040816326530612,0.003611579538530696,0.10693768467754147,1,49,0.02040816326530612,0.003611579538530696,0.10693768467754147,2,49,0.04081632653061224,0.011265396927928273,0.13713283476831106,0,49,0.0,0.0,0.07270029673590504,1,49,0.02040816326530612,0.003611579538530696,0.10693768467754147,27,48,0.5625,0.4227477150100165,0.6929894535958907,5,48,0.10416666666666667,0.045321050901178245,0.2216768812614093,16,48,0.3333333333333333,0.2167660137089678,0.47460153667527943,24,49,0.4897959183673469,0.3557488315940086,0.6253266846659078,23,49,0.46938775510204084,0.33703281897894777,0.6061937298008014,0,49,0.0,0.0,0.07270029673590504,1,49,0.02040816326530612,0.003611579538530696,0.10693768467754147,1,49,0.02040816326530612,0.003611579538530696,0.10693768467754147,23,48,0.4791666666666667,0.34471090015787464,0.6167100436401562,311 0.37; 350 0.14; 150 0.12; 363 0.10; 331 0.06,5,35 0.16; 38 0.14; 44 0.12; 52 0.10; 29 0.04; 12 0.04; 53 0.04; 33 0.04; 13 0.04; 37 0.04,10,earned income 0.43; unearned income 0.22; other element 0.18,"wrong amount, known item 0.31; wrong include/exclude decision 0.22; unreported source of income 0.16; household composition 0.14",16,11,9,27,0.5925925925925926,0.4072638305536409,0.7548548662714265,0.4074074074074074,9,0.25,36,13636.0
1,months_since_cert_n >=   5.000 & rawben_rel_max >=   0.381 & total_deductions_by_hh_size >= 395.000 & utilities <  27.000,all_2022_24,531,175,284,46,284,0.1619718309859155,0.12368218926637009,0.20928427562265223,34,284,0.11971830985915492,0.08694839272705765,0.16263888027309245,102,284,0.3591549295774648,0.3055789574473813,0.41649040292304484,70,284,0.24647887323943662,0.19996047987258037,0.29976436879418644,22,284,0.07746478873239436,0.05171015533330417,0.11449792577797371,2,284,0.007042253521126761,0.0019333286238324005,0.02530943267265845,8,284,0.028169014084507043,0.014341212571460035,0.05459114466946692,37,284,0.13028169014084506,0.09601670805062741,0.1744153629217407,149,284,0.5246478873239436,0.4666252791345527,0.5820125828006228,24,284,0.08450704225352113,0.05744419371681522,0.12266041937594135,0,284,0.0,0.0,0.013346229315012146,44,284,0.15492957746478872,0.11748043742150838,0.20158949548603522,6,284,0.02112676056338028,0.009717562640298497,0.04531826261914976,2,284,0.007042253521126761,0.0019333286238324005,0.02530943267265845,2,284,0.007042253521126761,0.0019333286238324005,0.02530943267265845,0,284,0.0,0.0,0.013346229315012146,20,284,0.07042253521126761,0.0460466906253498,0.10626485850444939,124,284,0.43661971830985913,0.3801623753758496,0.49476883679084205,35,284,0.12323943661971831,0.08996158287839975,0.16657395611248968,125,284,0.44014084507042256,0.3835866708070459,0.4982928073503853,125,284,0.44014084507042256,0.3835866708070459,0.4982928073503853,149,284,0.5246478873239436,0.4666252791345527,0.5820125828006228,1,284,0.0035211267605633804,0.0006218199843119887,0.019672675321439508,0,284,0.0,0.0,0.013346229315012146,9,284,0.03169014084507042,0.01676000543139424,0.05912061780027208,90,284,0.31690140845070425,0.26553899457841057,0.37315117390314334,363 0.36; 364 0.25; 311 0.15,3,53 0.41; 64 0.10; 35 0.08; 99 0.07; 52 0.06; 39 0.05,6,shelter deduction 0.36; utility allowance 0.25; earned income 0.16,"wrong include/exclude decision 0.52; change in circumstances 0.15; wrong amount, known item 0.13",167,8,105,175,0.9542857142857143,0.9123980544495223,0.9766568410557741,0.045714285714285714,105,0.375,280,48907.0
1,months_since_cert_n >=   5.000 & rawben_rel_max >=   0.381 & total_deductions_by_hh_size >= 395.000 & utilities <  27.000,train_2022_23,315,106,172,26,172,0.1511627906976744,0.10529253427427948,0.21227509477368184,25,172,0.14534883720930233,0.10042891659711195,0.20576483960164876,56,172,0.32558139534883723,0.26002599652532066,0.39875781799866006,41,172,0.23837209302325582,0.1808502189381776,0.3073255028477934,15,172,0.0872093023255814,0.053561039274242626,0.13889398843251163,1,172,0.005813953488372093,0.0010270174299284191,0.03219379038801682,8,172,0.046511627906976744,0.023753540562369307,0.08908437719998044,12,172,0.06976744186046512,0.04035676980018863,0.11797663935896369,91,172,0.5290697674418605,0.45465341557773686,0.6022159486682666,13,172,0.0755813953488372,0.04469900592107299,0.12500827608727996,0,172,0.0,0.0,0.021846934968744597,28,172,0.16279069767441862,0.11509600538971568,0.22521936935664696,5,172,0.029069767441860465,0.012479266745217172,0.06623703246953064,2,172,0.011627906976744186,0.003194538170137408,0.04140014249700848,2,172,0.011627906976744186,0.003194538170137408,0.04140014249700848,0,172,0.0,0.0,0.021846934968744597,19,172,0.11046511627906977,0.07186731318892836,0.16608320591462847,70,172,0.4069767441860465,0.3363673265407741,0.4816507078720155,23,172,0.13372093023255813,0.0907840775709472,0.1926619329294122,79,172,0.45930232558139533,0.3865277553168744,0.5338551347387209,81,172,0.47093023255813954,0.39778405133173356,0.5453465844222631,83,172,0.48255813953488375,0.40907964360812116,0.5567987378442769,1,172,0.005813953488372093,0.0010270174299284191,0.03219379038801682,0,172,0.0,0.0,0.021846934968744597,7,172,0.040697674418604654,0.019851243755243646,0.08161280115790545,57,172,0.3313953488372093,0.2654064136130551,0.40475127376012604,363 0.33; 364 0.24; 311 0.15; 331 0.10,4,53 0.42; 99 0.11; 64 0.09; 35 0.08; 39 0.07,5,shelter deduction 0.33; utility allowance 0.24; earned income 0.15; unearned income 0.15,wrong include/exclude decision 0.53; change in circumstances 0.16; other 0.11,103,3,59,106,0.9716981132075472,0.9200729964539736,0.9903288913553809,0.02830188679245283,59,0.3575757575757576,165,28688.0
1,months_since_cert_n >=   5.000 & rawben_rel_max >=   0.381 & total_deductions_by_hh_size >= 395.000 & utilities <  27.000,test_2024,216,69,112,20,112,0.17857142857142858,0.11867570210914295,0.25978592134909656,9,112,0.08035714285714286,0.04285009181748941,0.14569702769743442,46,112,0.4107142857142857,0.3240369028320017,0.5033135481286204,29,112,0.25892857142857145,0.18675273129699618,0.34709348629668346,7,112,0.0625,0.030601532803567907,0.12341567690348033,1,112,0.008928571428571428,0.0015778140883850773,0.04884966619503642,0,112,0.0,0.0,0.03316252537948371,25,112,0.22321428571428573,0.15601066350684978,0.3087757344710787,58,112,0.5178571428571429,0.42626821184923186,0.6082616979586438,11,112,0.09821428571428571,0.05572918231381242,0.16734784700898697,0,112,0.0,0.0,0.03316252537948371,16,112,0.14285714285714285,0.08988584177181091,0.21951596207067742,1,112,0.008928571428571428,0.0015778140883850773,0.04884966619503642,0,112,0.0,0.0,0.03316252537948371,0,112,0.0,0.0,0.03316252537948371,0,112,0.0,0.0,0.03316252537948371,1,112,0.008928571428571428,0.0015778140883850773,0.04884966619503642,54,112,0.48214285714285715,0.39173830204135623,0.5737317881507682,12,112,0.10714285714285714,0.06235950740307568,0.17798247682366153,46,112,0.4107142857142857,0.3240369028320017,0.5033135481286204,44,112,0.39285714285714285,0.3074014855839453,0.48541905556880116,66,112,0.5892857142857143,0.49668645187137966,0.6759630971679984,0,112,0.0,0.0,0.03316252537948371,0,112,0.0,0.0,0.03316252537948371,2,112,0.017857142857142856,0.004910708625338288,0.062781726562021,33,112,0.29464285714285715,0.21815539352569846,0.38475064368373235,363 0.41; 364 0.26; 311 0.15,3,53 0.38; 56 0.12; 64 0.12; 35 0.10; 52 0.06,5,shelter deduction 0.41; utility allowance 0.26; earned income 0.18,"wrong include/exclude decision 0.52; wrong amount, known item 0.22; change in circumstances 0.14",64,5,46,69,0.927536231884058,0.8413240258191714,0.968652690782331,0.07246376811594203,46,0.4,115,20219.0
4+,HH_size_n >   4.500 & married <=   0.500 & shelter_expenses_by_hh_size > 251.000 & unc_rawben_rel_max <=   0.976,all_2022_24,926,275,432,157,432,0.36342592592592593,0.3194567722950323,0.4098026650785455,100,432,0.23148148148148148,0.19417924856045704,0.27351727237742496,85,432,0.19675925925925927,0.16201302100442327,0.2368511535030125,21,432,0.04861111111111111,0.032011365668431775,0.07316813073576645,1,432,0.0023148148148148147,0.0004087280743688953,0.012994306422567605,29,432,0.06712962962962964,0.04714311086343524,0.09474697030366767,39,432,0.09027777777777778,0.06674264674027514,0.12103566538045862,160,432,0.37037037037037035,0.3261615945811007,0.41686431207856633,111,432,0.2569444444444444,0.21800839774689096,0.3001651772399849,44,432,0.10185185185185185,0.07674963377740926,0.1339727938201399,26,432,0.06018518518518518,0.04139937448964769,0.08672423739136595,24,432,0.05555555555555555,0.03761388195809814,0.08133208373218934,24,432,0.05555555555555555,0.03761388195809814,0.08133208373218934,6,432,0.013888888888888888,0.006380447094039031,0.029966702879712898,0,432,0.0,8.673617379884035e-19,0.008814211401573416,4,432,0.009259259259259259,0.0036064114240666034,0.023563092358959155,33,432,0.0763888888888889,0.05490729809695507,0.10533807545160018,276,429,0.6433566433566433,0.5969395768475074,0.6872290428045777,29,429,0.0675990675990676,0.047475681295002625,0.09539783178691927,124,429,0.289044289044289,0.24816895822716137,0.33366421122790024,261,431,0.605568445475638,0.5586898288541512,0.6505817771743428,155,431,0.35962877030162416,0.3157459025200306,0.40599185210142247,1,431,0.002320185614849188,0.0004096766714551982,0.013024180622787119,2,431,0.004640371229698376,0.0012734542542699638,0.016759778996642553,12,431,0.027842227378190254,0.01599716957596706,0.04802982324164745,188,429,0.4382284382284382,0.3920299106781349,0.48552344833356814,311 0.34; 363 0.20; 350 0.12; 323 0.06; 150 0.05,5,38 0.19; 52 0.13; 44 0.11; 35 0.10; 99 0.08; 53 0.07; 37 0.04; 56 0.04,8,earned income 0.36; unearned income 0.23; shelter deduction 0.20,"wrong amount, known item 0.37; wrong include/exclude decision 0.26; unreported source of income 0.10; other 0.08",191,84,91,275,0.6945454545454546,0.6377357074367067,0.7459946972087983,0.3054545454545455,91,0.24863387978142076,366,101573.0
4+,HH_size_n >   4.500 & married <=   0.500 & shelter_expenses_by_hh_size > 251.000 & unc_rawben_rel_max <=   0.976,train_2022_23,532,172,270,89,270,0.3296296296296296,0.2762912675518993,0.3877480895070719,67,270,0.24814814814814815,0.20039970649335143,0.302962821332954,57,270,0.2111111111111111,0.166658300923678,0.26366930452414294,14,270,0.05185185185185185,0.031134765542600255,0.08514267367773734,1,270,0.003703703703703704,0.0006540772764983358,0.020677962851809416,13,270,0.04814814814814815,0.028350644186968945,0.0806233027955202,29,270,0.10740740740740741,0.07583035525600543,0.14999946753205895,87,270,0.32222222222222224,0.2693087369795083,0.38012363560376616,70,270,0.25925925925925924,0.21062205467198708,0.3146509498678636,25,270,0.09259259259259259,0.06350372488822904,0.1331121289484415,19,270,0.07037037037037037,0.045509740886431435,0.10728515952314845,14,270,0.05185185185185185,0.031134765542600255,0.08514267367773734,20,270,0.07407407407407407,0.04845996426887591,0.1116384283785524,4,270,0.014814814814814815,0.005775784439560047,0.037466732402293056,0,270,0.0,8.673617379884035e-19,0.014028547890459302,2,270,0.007407407407407408,0.002033691697358238,0.026601840668797967,29,270,0.10740740740740741,0.07583035525600543,0.14999946753205895,170,269,0.6319702602230484,0.5728563379943089,0.6873679093345443,24,269,0.08921933085501858,0.06068723260069418,0.12931898346019977,75,269,0.2788104089219331,0.22862531075778558,0.33522419019808036,166,269,0.6171003717472119,0.557748586683162,0.6731546186931443,91,269,0.3382899628252788,0.2843798052192751,0.3967538635467781,1,269,0.0037174721189591076,0.0006565099089014068,0.02075371492484828,0,269,0.0,0.0,0.014079964345612983,11,269,0.040892193308550186,0.02298424488225353,0.07172858483286321,120,269,0.44609665427509293,0.38786699585739876,0.5058442270646188,311 0.30; 363 0.21; 350 0.11; 150 0.07; 364 0.05; 333 0.04,6,38 0.19; 52 0.15; 44 0.11; 99 0.11; 35 0.09; 53 0.07; 37 0.03,7,earned income 0.33; unearned income 0.25; shelter deduction 0.21,"wrong amount, known item 0.32; wrong include/exclude decision 0.26; other 0.11; unreported source of income 0.09",119,53,61,172,0.6918604651162791,0.6192941428045027,0.7560436612191186,0.3081395348837209,61,0.26180257510729615,233,55356.0
4+,HH_size_n >   4.500 & married <=   0.500 & shelter_expenses_by_hh_size > 251.000 & unc_rawben_rel_max <=   0.976,test_2024,394,103,162,68,162,0.41975308641975306,0.34647636645710556,0.4967475291155373,33,162,0.2037037037037037,0.14888616182272285,0.27224822183011216,28,162,0.1728395061728395,0.12237367936993296,0.2384622025800723,7,162,0.043209876543209874,0.02108577416788205,0.08649640063023858,0,162,0.0,0.0,0.023164272414159054,16,162,0.09876543209876543,0.06171046647748883,0.15440901138572521,10,162,0.06172839506172839,0.03387147623021804,0.10988979958960039,73,162,0.4506172839506173,0.3760255595358415,0.5274968377396311,41,162,0.25308641975308643,0.19238655876352928,0.32522542761383333,19,162,0.11728395061728394,0.07638228346042167,0.1759162954244902,7,162,0.043209876543209874,0.02108577416788205,0.08649640063023858,10,162,0.06172839506172839,0.03387147623021804,0.10988979958960039,4,162,0.024691358024691357,0.009642776775314481,0.06176029700110833,2,162,0.012345679012345678,0.003392114427184602,0.043891558668106324,0,162,0.0,0.0,0.023164272414159054,2,162,0.012345679012345678,0.003392114427184602,0.043891558668106324,4,162,0.024691358024691357,0.009642776775314481,0.06176029700110833,106,160,0.6625,0.586183801320542,0.7311959117681972,5,160,0.03125,0.013420318754525096,0.07106127810488057,49,160,0.30625,0.24006651044279392,0.3815192162590937,95,162,0.5864197530864198,0.5094373978087563,0.659398406959167,64,162,0.3950617283950617,0.32304866845075947,0.47193642575961964,0,162,0.0,0.0,0.023164272414159054,2,162,0.012345679012345678,0.003392114427184602,0.043891558668106324,1,162,0.006172839506172839,0.00109046202853268,0.034133510726192307,68,160,0.425,0.35104220189233704,0.5024748536051677,311 0.40; 363 0.17; 350 0.14; 323 0.09,4,38 0.19; 35 0.12; 44 0.10; 52 0.10; 56 0.10; 53 0.06; 37 0.06; 41 0.04,8,earned income 0.42; unearned income 0.20; shelter deduction 0.17,"wrong amount, known item 0.45; wrong include/exclude decision 0.25; unreported source of income 0.12",72,31,30,103,0.6990291262135923,0.6046036532800895,0.77914200384223,0.30097087378640774,30,0.22556390977443608,133,46217.0
1,months_since_cert_n >=   7.00000 & shelter_expenses_by_hh_size >= 405.00000 & unc_rawben_rel_max >=  -0.00400 & unc_rawben_rel_max <   0.00356,all_2022_24,108,31,38,6,38,0.15789473684210525,0.07443762223722684,0.3041712263727689,26,38,0.6842105263157895,0.5254394356005149,0.8091557997633335,6,38,0.15789473684210525,0.07443762223722684,0.3041712263727689,0,38,0.0,0.0,0.09181293258383999,0,38,0.0,0.0,0.09181293258383999,0,38,0.0,0.0,0.09181293258383999,0,38,0.0,0.0,0.09181293258383999,17,38,0.4473684210526316,0.3014616531155089,0.6029397082091058,4,38,0.10526315789473684,0.041701897932665793,0.24130831200194466,0,38,0.0,0.0,0.09181293258383999,0,38,0.0,0.0,0.09181293258383999,5,38,0.13157894736842105,0.05753782875731436,0.2732717005149887,2,38,0.05263157894736842,0.014553902448536798,0.17285766881068843,2,38,0.05263157894736842,0.014553902448536798,0.17285766881068843,0,38,0.0,0.0,0.09181293258383999,0,38,0.0,0.0,0.09181293258383999,8,38,0.21052631578947367,0.1107466035209593,0.36346088376442165,15,38,0.39473684210526316,0.25597859263618905,0.5528241300130403,3,38,0.07894736842105263,0.02721410139426493,0.2079967892026529,20,38,0.5263157894736842,0.37258710742710854,0.6752122119105841,29,38,0.7631578947368421,0.6079288083466214,0.8700643850303049,7,38,0.18421052631578946,0.09221648453257492,0.33419168341511346,0,38,0.0,0.0,0.09181293258383999,0,38,0.0,0.0,0.09181293258383999,2,38,0.05263157894736842,0.014553902448536798,0.17285766881068843,21,38,0.5526315789473685,0.3970602917908942,0.6985383468844911,331 0.18; 333 0.18; 334 0.18; 363 0.16; 311 0.13,5,44 0.39; 99 0.21; 40 0.11; 53 0.08,4,unearned income 0.68; shelter deduction 0.16,"wrong amount, known item 0.45; other 0.21; change in circumstances 0.13",1,30,0,31,0.03225806451612903,0.00571707408694444,0.16194457176169622,0.967741935483871,0,0.0,31,6614.0
1,months_since_cert_n >=   7.00000 & shelter_expenses_by_hh_size >= 405.00000 & unc_rawben_rel_max >=  -0.00400 & unc_rawben_rel_max <   0.00356,train_2022_23,64,26,32,5,32,0.15625,0.06864319106627216,0.31754492553566527,22,32,0.6875,0.514330003019676,0.8204764788338126,5,32,0.15625,0.06864319106627216,0.31754492553566527,0,32,0.0,0.0,0.1071827150573635,0,32,0.0,0.0,0.1071827150573635,0,32,0.0,0.0,0.1071827150573635,0,32,0.0,0.0,0.1071827150573635,13,32,0.40625,0.255194024803138,0.5774027342701177,3,32,0.09375,0.032400962626319516,0.24218499335778831,0,32,0.0,0.0,0.1071827150573635,0,32,0.0,0.0,0.1071827150573635,4,32,0.125,0.04970053844474301,0.2806864978482796,2,32,0.0625,0.017310203195157234,0.2014746724800358,2,32,0.0625,0.017310203195157234,0.2014746724800358,0,32,0.0,0.0,0.1071827150573635,0,32,0.0,0.0,0.1071827150573635,8,32,0.25,0.1325224398262155,0.42106891770246624,12,32,0.375,0.2293366846595921,0.5474589941047487,3,32,0.09375,0.032400962626319516,0.24218499335778831,17,32,0.53125,0.3644923793257382,0.6913087009831766,25,32,0.78125,0.6124466920955516,0.8897630306846815,5,32,0.15625,0.06864319106627216,0.31754492553566527,0,32,0.0,0.0,0.1071827150573635,0,32,0.0,0.0,0.1071827150573635,2,32,0.0625,0.017310203195157234,0.2014746724800358,18,32,0.5625,0.3932530203122613,0.7183491403055682,331 0.19; 334 0.19; 333 0.16; 363 0.16; 311 0.12,5,44 0.38; 99 0.25; 53 0.09; 40 0.09,4,unearned income 0.69; shelter deduction 0.16,"wrong amount, known item 0.41; other 0.25; change in circumstances 0.12",1,25,0,26,0.038461538461538464,0.0068218089769898765,0.18893176991958405,0.9615384615384616,0,0.0,26,5401.0
1,months_since_cert_n >=   7.00000 & shelter_expenses_by_hh_size >= 405.00000 & unc_rawben_rel_max >=  -0.00400 & unc_rawben_rel_max <   0.00356,test_2024,44,5,6,1,6,0.16666666666666666,0.03005258587173032,0.563509436563646,4,6,0.6666666666666666,0.29998832134152864,0.9032306674407831,1,6,0.16666666666666666,0.03005258587173032,0.563509436563646,0,6,0.0,0.0,0.3903430336530645,0,6,0.0,0.0,0.3903430336530645,0,6,0.0,0.0,0.3903430336530645,0,6,0.0,0.0,0.3903430336530645,4,6,0.6666666666666666,0.29998832134152864,0.9032306674407831,1,6,0.16666666666666666,0.03005258587173032,0.563509436563646,0,6,0.0,0.0,0.3903430336530645,0,6,0.0,0.0,0.3903430336530645,1,6,0.16666666666666666,0.03005258587173032,0.563509436563646,0,6,0.0,0.0,0.3903430336530645,0,6,0.0,0.0,0.3903430336530645,0,6,0.0,0.0,0.3903430336530645,0,6,0.0,0.0,0.3903430336530645,0,6,0.0,0.0,0.3903430336530645,3,6,0.5,0.18761280689940868,0.8123871931005913,0,6,0.0,0.0,0.3903430336530645,3,6,0.5,0.18761280689940868,0.8123871931005913,4,6,0.6666666666666666,0.29998832134152864,0.9032306674407831,2,6,0.3333333333333333,0.09676933255921683,0.7000116786584712,0,6,0.0,0.0,0.3903430336530645,0,6,0.0,0.0,0.3903430336530645,0,6,0.0,0.0,0.3903430336530645,3,6,0.5,0.18761280689940868,0.8123871931005913,333 0.33; 363 0.17; 334 0.17; 331 0.17,4,44 0.50; 58 0.17; 56 0.17,3,unearned income 0.67; shelter deduction 0.17,"wrong amount, known item 0.67; wrong include/exclude decision 0.17",0,5,0,5,0.0,0.0,0.43449149475208104,1.0,0,0.0,5,1213.0
4+,HH_size_n >   4.500 & shelter_expenses_by_hh_size > 239.000 & unc_rawben_rel_max >   0.734 & unc_rawben_rel_max <=   0.997,all_2022_24,616,195,281,125,281,0.44483985765124556,0.3878670996438644,0.5033004826194006,61,281,0.21708185053380782,0.17286899036467007,0.26892602834046286,40,281,0.1423487544483986,0.10630901467534826,0.18803563161227266,1,281,0.0035587188612099642,0.0006284615546677825,0.01987977881471646,2,281,0.0071174377224199285,0.0019539921698455056,0.02557569450513455,12,281,0.042704626334519574,0.02459471387202825,0.07314943585890994,40,281,0.1423487544483986,0.10630901467534826,0.18803563161227266,102,281,0.36298932384341637,0.30896283609337144,0.4207114811411898,44,281,0.15658362989323843,0.1187583235105463,0.20367210799945787,39,281,0.1387900355871886,0.10321690873557396,0.18410629124645114,30,281,0.10676156583629894,0.07581215065166816,0.14831803257999465,22,281,0.07829181494661921,0.052268355929042234,0.11569025685785407,28,281,0.099644128113879,0.0698424395497873,0.14024485107068385,4,281,0.014234875444839857,0.005549130789786352,0.03602344849638533,0,281,0.0,0.0,0.013486794063788433,1,281,0.0035587188612099642,0.0006284615546677825,0.01987977881471646,11,281,0.03914590747330961,0.021996477468231135,0.06872622595711124,171,277,0.6173285198555957,0.5588553822495407,0.6725918107589025,19,277,0.06859205776173286,0.04434809818497204,0.10463837675321375,87,277,0.3140794223826715,0.2622777980314807,0.370967419201294,172,281,0.6120996441281139,0.5539794341382676,0.6671961244880005,102,281,0.36298932384341637,0.30896283609337144,0.4207114811411898,1,281,0.0035587188612099642,0.0006284615546677825,0.01987977881471646,4,281,0.014234875444839857,0.005549130789786352,0.03602344849638533,2,281,0.0071174377224199285,0.0019539921698455056,0.02557569450513455,115,277,0.4151624548736462,0.3586808050269929,0.4739650707976713,311 0.35; 363 0.14; 350 0.10; 312 0.09; 150 0.07; 323 0.04,6,38 0.21; 35 0.14; 44 0.09; 53 0.05; 52 0.05; 56 0.05; 99 0.04; 7 0.04; 39 0.04; 37 0.03; 6 0.02,11,earned income 0.44; unearned income 0.22; other element 0.14,"wrong amount, known item 0.36; wrong include/exclude decision 0.16; unreported source of income 0.14; household composition 0.11",146,49,51,195,0.7487179487179487,0.6834319670256306,0.8043935181847077,0.2512820512820513,51,0.2073170731707317,246,74204.0
4+,HH_size_n >   4.500 & shelter_expenses_by_hh_size > 239.000 & unc_rawben_rel_max >   0.734 & unc_rawben_rel_max <=   0.997,train_2022_23,357,118,166,72,166,0.43373493975903615,0.3606844115126007,0.5097831300084399,38,166,0.2289156626506024,0.17156416584910963,0.29853032219151165,19,166,0.1144578313253012,0.0745098548587058,0.17184675035462232,1,166,0.006024096385542169,0.0010641662329914856,0.03333023419658525,1,166,0.006024096385542169,0.0010641662329914856,0.03333023419658525,5,166,0.030120481927710843,0.012932695782301017,0.06856441682144268,30,166,0.18072289156626506,0.12962533896650527,0.24626372472578215,55,166,0.3313253012048193,0.26424828186073984,0.4060327329200912,26,166,0.1566265060240964,0.10918327418489222,0.2196030773332282,20,166,0.12048192771084337,0.07936196668337014,0.1787703165734998,24,166,0.14457831325301204,0.09911975400985601,0.20611524142118087,15,166,0.09036144578313253,0.05552452283752021,0.14372937020164095,17,166,0.10240963855421686,0.06492650342433197,0.15787874570191268,0,166,0.0,1.734723475976807e-18,0.022618722386034983,0,166,0.0,1.734723475976807e-18,0.022618722386034983,1,166,0.006024096385542169,0.0010641662329914856,0.03333023419658525,8,166,0.04819277108433735,0.024619173376324223,0.09220497335804473,99,166,0.5963855421686747,0.5203860388719281,0.6680248098247397,15,166,0.09036144578313253,0.05552452283752021,0.14372937020164095,52,166,0.3132530120481928,0.24759346316307623,0.3873605174871296,104,166,0.6265060240963856,0.5508374542275067,0.6964517846868701,59,166,0.35542168674698793,0.2866323185398505,0.4307514084151475,1,166,0.006024096385542169,0.0010641662329914856,0.03333023419658525,0,166,0.0,1.734723475976807e-18,0.022618722386034983,2,166,0.012048192771084338,0.003310221981407086,0.042859856491711396,66,166,0.39759036144578314,0.32626688977276586,0.4735465834870244,311 0.37; 363 0.11; 150 0.09; 350 0.09; 312 0.05; 346 0.04,6,38 0.23; 35 0.12; 44 0.09; 53 0.05; 52 0.05; 99 0.05; 7 0.04; 6 0.04; 39 0.04; 12 0.04,10,earned income 0.43; unearned income 0.23; other element 0.18,"wrong amount, known item 0.33; wrong include/exclude decision 0.16; household composition 0.14; unreported source of income 0.12",86,32,32,118,0.7288135593220338,0.6423296059039536,0.8008687762578037,0.2711864406779661,32,0.21333333333333335,150,39052.0
4+,HH_size_n >   4.500 & shelter_expenses_by_hh_size > 239.000 & unc_rawben_rel_max >   0.734 & unc_rawben_rel_max <=   0.997,test_2024,259,77,115,53,115,0.4608695652173913,0.37250496228084184,0.5517639805809169,23,115,0.2,0.1371296827840679,0.28226554582274993,21,115,0.1826086956521739,0.12265283002248902,0.26308415096733273,0,115,0.0,0.0,0.03232538101136302,1,115,0.008695652173913044,0.0015366093523631642,0.047617895467497895,7,115,0.06086956521739131,0.02979473672148799,0.12033451094936126,10,115,0.08695652173913043,0.047917980164869006,0.15269863893147434,47,115,0.40869565217391307,0.3232130778320873,0.5000811221786833,18,115,0.1565217391304348,0.10136047320528253,0.23388913635904512,19,115,0.16521739130434782,0.10839728470808423,0.2436814486647414,6,115,0.05217391304347826,0.024128220145076713,0.1091719037172745,7,115,0.06086956521739131,0.02979473672148799,0.12033451094936126,11,115,0.09565217391304348,0.054251959476217054,0.16319378342862434,4,115,0.034782608695652174,0.013607622627126406,0.08603425361822875,0,115,0.0,0.0,0.03232538101136302,0,115,0.0,0.0,0.03232538101136302,3,115,0.02608695652173913,0.008910883301638285,0.07390186913521882,72,111,0.6486486486486487,0.5562210561838965,0.7311312621397772,4,111,0.036036036036036036,0.014101074357880557,0.08901138663186531,35,111,0.3153153153153153,0.2362875116059382,0.40669900199192177,68,115,0.591304347826087,0.4999188778213167,0.6767869221679127,43,115,0.3739130434782609,0.29090239459918776,0.46507531017759063,0,115,0.0,0.0,0.03232538101136302,4,115,0.034782608695652174,0.013607622627126406,0.08603425361822875,0,115,0.0,0.0,0.03232538101136302,49,111,0.44144144144144143,0.35256004350648223,0.5342405583660099,311 0.32; 363 0.18; 312 0.13; 350 0.11; 323 0.06,5,35 0.17; 38 0.17; 56 0.11; 44 0.10; 53 0.05; 37 0.04; 45 0.04; 39 0.03; 52 0.03; 97 0.03,10,earned income 0.46; unearned income 0.20; shelter deduction 0.18,"wrong amount, known item 0.41; unreported source of income 0.17; wrong include/exclude decision 0.16; method or computation 0.10",60,17,19,77,0.7792207792207793,0.6745672277887955,0.8573371382801591,0.22077922077922077,19,0.19791666666666666,96,35152.0
2-3,rawben_rel_max <=   0.804 & shelter_expenses_by_hh_size > 521.000 & total_deductions_by_hh_size >  97.100 & utilities <= 357.000,all_2022_24,348,111,165,53,165,0.3212121212121212,0.2547291402040064,0.39583091134727,20,165,0.12121212121212122,0.07985168894072577,0.1798094372272328,51,165,0.3090909090909091,0.24359343748041756,0.3832757701082335,16,165,0.09696969696969697,0.06057148308887951,0.15170795515382846,6,165,0.03636363636363636,0.016770196391116012,0.07705502203846532,4,165,0.024242424242424242,0.00946671593967631,0.06066765852727969,15,165,0.09090909090909091,0.05586585661801881,0.1445681596433765,41,165,0.24848484848484848,0.18877364729249863,0.3196413404830258,56,165,0.3393939393939394,0.2715314811155468,0.41456483637966757,15,165,0.09090909090909091,0.05586585661801881,0.1445681596433765,11,165,0.06666666666666667,0.03762973233775169,0.11542259599839294,17,165,0.10303030303030303,0.06532625349871299,0.1587986067253076,9,165,0.05454545454545454,0.0289583998546884,0.1004030845188309,0,165,0.0,0.0,0.02275268654170536,1,165,0.006060606060606061,0.001070620565756266,0.03352748795726175,0,165,0.0,0.0,0.02275268654170536,15,165,0.09090909090909091,0.05586585661801881,0.1445681596433765,107,165,0.6484848484848484,0.573009679612094,0.717203158930066,17,165,0.10303030303030303,0.06532625349871299,0.1587986067253076,41,165,0.24848484848484848,0.18877364729249863,0.3196413404830258,95,165,0.5757575757575758,0.4994647229488726,0.6486030518175356,66,165,0.4,0.3283440734963893,0.47620646381195175,0,165,0.0,0.0,0.02275268654170536,0,165,0.0,0.0,0.02275268654170536,4,165,0.024242424242424242,0.00946671593967631,0.06066765852727969,62,165,0.37575757575757573,0.3054752724204488,0.45169357696264145,363 0.31; 311 0.28; 364 0.10; 150 0.05; 365 0.04,5,53 0.19; 38 0.14; 52 0.13; 35 0.09; 99 0.09; 44 0.07; 64 0.04,7,earned income 0.32; shelter deduction 0.31; unearned income 0.12,"wrong include/exclude decision 0.34; wrong amount, known item 0.25; change in circumstances 0.10; unreported source of income 0.09",80,31,56,111,0.7207207207207207,0.6309500114887622,0.7957246429918442,0.27927927927927926,56,0.33532934131736525,167,30623.0
2-3,rawben_rel_max <=   0.804 & shelter_expenses_by_hh_size > 521.000 & total_deductions_by_hh_size >  97.100 & utilities <= 357.000,train_2022_23,264,89,137,42,137,0.30656934306569344,0.2355151585395569,0.3881755691999747,18,137,0.13138686131386862,0.08474946760988773,0.198132862610729,43,137,0.31386861313868614,0.24213533131272647,0.3957557463234266,14,137,0.10218978102189781,0.061852260870062785,0.16422866976406805,5,137,0.0364963503649635,0.015687758895868903,0.08259002266866884,3,137,0.021897810218978103,0.0074746229459378005,0.06240245882535704,12,137,0.08759124087591241,0.050815009419275796,0.14686522142161212,29,137,0.2116788321167883,0.1516209084819946,0.28746527060145804,47,137,0.34306569343065696,0.26882511598985337,0.42586736123278557,14,137,0.10218978102189781,0.061852260870062785,0.16422866976406805,8,137,0.058394160583941604,0.029882773445485754,0.11099605780891636,14,137,0.10218978102189781,0.061852260870062785,0.16422866976406805,9,137,0.06569343065693431,0.03494294222088862,0.12013623893013495,0,137,0.0,0.0,0.027276032081430486,1,137,0.0072992700729927005,0.0012896313769595533,0.040186750601092384,0,137,0.0,0.0,0.027276032081430486,15,137,0.10948905109489052,0.06748228691188912,0.17279899361886317,88,137,0.6423357664233577,0.5591976058025304,0.7177092171815879,15,137,0.10948905109489052,0.06748228691188912,0.17279899361886317,34,137,0.24817518248175183,0.18337487429287933,0.3267130542736806,77,137,0.5620437956204379,0.4783949456364911,0.6423080284847913,56,137,0.40875912408759124,0.33001893020406003,0.4924766960881719,0,137,0.0,0.0,0.027276032081430486,0,137,0.0,0.0,0.027276032081430486,4,137,0.029197080291970802,0.011411340550450556,0.07266609111746575,49,137,0.35766423357664234,0.2822907828184122,0.4408023941974695,363 0.31; 311 0.27; 364 0.10; 150 0.04; 365 0.04,5,53 0.20; 52 0.13; 38 0.12; 99 0.11; 35 0.10; 44 0.09,6,shelter deduction 0.31; earned income 0.31; unearned income 0.13,"wrong include/exclude decision 0.34; wrong amount, known item 0.21; other 0.11; unreported source of income 0.10",64,25,45,89,0.7191011235955056,0.6181638937135869,0.8019064195942405,0.2808988764044944,45,0.3358208955223881,134,24524.0
2-3,rawben_rel_max <=   0.804 & shelter_expenses_by_hh_size > 521.000 & total_deductions_by_hh_size >  97.100 & utilities <= 357.000,test_2024,84,22,28,11,28,0.39285714285714285,0.23565451827580033,0.575912739650937,2,28,0.07142857142857142,0.019811647447770794,0.2264573842591786,8,28,0.2857142857142857,0.15253815848329969,0.470596357370175,2,28,0.07142857142857142,0.019811647447770794,0.2264573842591786,1,28,0.03571428571428571,0.00633235649754188,0.17712576118498663,1,28,0.03571428571428571,0.00633235649754188,0.17712576118498663,3,28,0.10714285714285714,0.03711769205479949,0.2719622536765708,12,28,0.42857142857142855,0.2650829618073122,0.609295210143846,9,28,0.32142857142857145,0.1793304754342074,0.5066149544436882,1,28,0.03571428571428571,0.00633235649754188,0.17712576118498663,3,28,0.10714285714285714,0.03711769205479949,0.2719622536765708,3,28,0.10714285714285714,0.03711769205479949,0.2719622536765708,0,28,0.0,0.0,0.12064720365810762,0,28,0.0,0.0,0.12064720365810762,0,28,0.0,0.0,0.12064720365810762,0,28,0.0,0.0,0.12064720365810762,0,28,0.0,0.0,0.12064720365810762,19,28,0.6785714285714286,0.4933850455563118,0.8206695245657927,2,28,0.07142857142857142,0.019811647447770794,0.2264573842591786,7,28,0.25,0.12676334942200781,0.433560252407046,18,28,0.6428571428571429,0.4582997758222723,0.7929438802754113,10,28,0.35714285714285715,0.20705611972458876,0.5417002241777278,0,28,0.0,0.0,0.12064720365810762,0,28,0.0,0.0,0.12064720365810762,0,28,0.0,0.0,0.12064720365810762,13,28,0.4642857142857143,0.29531303739659587,0.6418760485789833,311 0.36; 363 0.29; 364 0.07; 150 0.07,4,38 0.21; 53 0.11; 56 0.11; 52 0.11; 57 0.07; 32 0.07; 41 0.07; 37 0.04,8,earned income 0.39; shelter deduction 0.29; other element 0.11,"wrong amount, known item 0.43; wrong include/exclude decision 0.32",16,6,11,22,0.7272727272727273,0.5184787630099802,0.8684941798418556,0.2727272727272727,11,0.3333333333333333,33,6099.0
2-3,percent_abawd >=  0.500 & rawben_rel_max <  0.739 & total_deductions_by_hh_size >=  8.500 & utilities < 44.000,all_2022_24,71,28,49,19,49,0.3877551020408163,0.26428814373960496,0.5275425351194757,6,49,0.12244897959183673,0.057347477598098245,0.2424466240188096,3,49,0.061224489795918366,0.021039764955529186,0.16520743422087725,6,49,0.12244897959183673,0.057347477598098245,0.2424466240188096,0,49,0.0,0.0,0.07270029673590504,1,49,0.02040816326530612,0.003611579538530696,0.10693768467754147,14,49,0.2857142857142857,0.1784943493972417,0.4240914920610033,8,49,0.16326530612244897,0.08512596988208977,0.29036606669515236,12,49,0.24489795918367346,0.14602203389475285,0.38086587260315785,5,49,0.10204081632653061,0.044378892487039884,0.21756624164970087,9,49,0.1836734693877551,0.09976228838458358,0.31357871567282575,3,49,0.061224489795918366,0.021039764955529186,0.16520743422087725,3,49,0.061224489795918366,0.021039764955529186,0.16520743422087725,0,49,0.0,0.0,0.07270029673590504,0,49,0.0,0.0,0.07270029673590504,0,49,0.0,0.0,0.07270029673590504,9,49,0.1836734693877551,0.09976228838458358,0.31357871567282575,29,49,0.5918367346938775,0.4524706997204626,0.7178496539402894,7,49,0.14285714285714285,0.07096333720544586,0.2666797318916292,13,49,0.2653061224489796,0.1621113124514944,0.4026255615265835,28,49,0.5714285714285714,0.4327024751701555,0.6997689110104294,18,49,0.3673469387755102,0.24664982524781226,0.5073318861311014,0,49,0.0,0.0,0.07270029673590504,0,49,0.0,0.0,0.07270029673590504,3,49,0.061224489795918366,0.021039764955529186,0.16520743422087725,15,49,0.30612244897959184,0.1951532349314748,0.4452815740069374,311 0.29; 150 0.14; 364 0.12; 350 0.06; 321 0.06; 363 0.06; 331 0.04,7,99 0.18; 53 0.12; 52 0.10; 35 0.10; 13 0.10; 44 0.08; 38 0.08,7,earned income 0.39; other element 0.29; utility allowance 0.12,"wrong include/exclude decision 0.24; household composition 0.18; other 0.18; wrong amount, known item 0.16",18,10,12,28,0.6428571428571429,0.4582997758222723,0.7929438802754113,0.35714285714285715,12,0.3,40,10517.0
2-3,percent_abawd >=  0.500 & rawben_rel_max <  0.739 & total_deductions_by_hh_size >=  8.500 & utilities < 44.000,train_2022_23,56,23,42,13,42,0.30952380952380953,0.1907092651972273,0.46026277766340595,6,42,0.14285714285714285,0.06715875684189933,0.2784138235217878,3,42,0.07142857142857142,0.024589963551172864,0.19009713288525165,6,42,0.14285714285714285,0.06715875684189933,0.2784138235217878,0,42,0.0,0.0,0.08380161250916197,0,42,0.0,0.0,0.08380161250916197,14,42,0.3333333333333333,0.2101228076197232,0.4844777298833308,8,42,0.19047619047619047,0.09981889609856436,0.33301067354996444,9,42,0.21428571428571427,0.11705668531051237,0.3594013789804373,3,42,0.07142857142857142,0.024589963551172864,0.19009713288525165,9,42,0.21428571428571427,0.11705668531051237,0.3594013789804373,2,42,0.047619047619047616,0.013157248639206365,0.1579013531547973,2,42,0.047619047619047616,0.013157248639206365,0.1579013531547973,0,42,0.0,0.0,0.08380161250916197,0,42,0.0,0.0,0.08380161250916197,0,42,0.0,0.0,0.08380161250916197,9,42,0.21428571428571427,0.11705668531051237,0.3594013789804373,25,42,0.5952380952380952,0.44494045528177417,0.7295735232879093,6,42,0.14285714285714285,0.06715875684189933,0.2784138235217878,11,42,0.2619047619047619,0.15302485372603591,0.41069019984975563,23,42,0.5476190476190477,0.39948862747122693,0.6877683618136149,16,42,0.38095238095238093,0.24999520898785943,0.5318623178000363,0,42,0.0,0.0,0.08380161250916197,0,42,0.0,0.0,0.08380161250916197,3,42,0.07142857142857142,0.024589963551172864,0.19009713288525165,12,42,0.2857142857142857,0.1716685874457567,0.43567496077245566,311 0.24; 150 0.17; 364 0.14; 350 0.07; 363 0.07; 321 0.05; 331 0.05,7,99 0.21; 53 0.14; 13 0.12; 44 0.10; 38 0.10; 52 0.07; 35 0.07,7,other element 0.33; earned income 0.31; utility allowance 0.14,"wrong include/exclude decision 0.21; household composition 0.21; other 0.21; wrong amount, known item 0.19",14,9,12,23,0.6086956521739131,0.4078517960374599,0.7784262201761787,0.391304347826087,12,0.34285714285714286,35,8601.0
2-3,percent_abawd >=  0.500 & rawben_rel_max <  0.739 & total_deductions_by_hh_size >=  8.500 & utilities < 44.000,test_2024,15,5,7,6,7,0.8571428571428571,0.48686549668097007,0.9743210440510253,0,7,0.0,0.0,0.35433884297520657,0,7,0.0,0.0,0.35433884297520657,0,7,0.0,0.0,0.35433884297520657,0,7,0.0,0.0,0.35433884297520657,1,7,0.14285714285714285,0.02567895594897479,0.51313450331903,0,7,0.0,0.0,0.35433884297520657,0,7,0.0,0.0,0.35433884297520657,3,7,0.42857142857142855,0.15821692226262685,0.7495457695909742,2,7,0.2857142857142857,0.0822171657090155,0.6410709098517873,0,7,0.0,0.0,0.35433884297520657,1,7,0.14285714285714285,0.02567895594897479,0.51313450331903,1,7,0.14285714285714285,0.02567895594897479,0.51313450331903,0,7,0.0,0.0,0.35433884297520657,0,7,0.0,0.0,0.35433884297520657,0,7,0.0,0.0,0.35433884297520657,0,7,0.0,0.0,0.35433884297520657,4,7,0.5714285714285714,0.2504542304090258,0.8417830777373732,1,7,0.14285714285714285,0.02567895594897479,0.51313450331903,2,7,0.2857142857142857,0.0822171657090155,0.6410709098517873,5,7,0.7142857142857143,0.35892909014821267,0.9177828342909844,2,7,0.2857142857142857,0.0822171657090155,0.6410709098517873,0,7,0.0,0.0,0.35433884297520657,0,7,0.0,0.0,0.35433884297520657,0,7,0.0,0.0,0.35433884297520657,3,7,0.42857142857142855,0.15821692226262685,0.7495457695909742,311 0.57; 312 0.14; 321 0.14,3,35 0.29; 52 0.29; 33 0.14; 43 0.14,4,earned income 0.86,wrong include/exclude decision 0.43; unreported source of income 0.29; method or computation 0.14,4,1,0,5,0.8,0.3755282641185388,0.9637768390302125,0.2,0,0.0,5,1916.0
2-3,months_since_cert_n <=  0.5 & total_deductions_by_hh_size > 83.5 & utilities <= 22.0,all_2022_24,162,53,76,31,76,0.40789473684210525,0.3044362924110896,0.5202165201577967,9,76,0.11842105263157894,0.06356747118952921,0.20999418088157157,19,76,0.25,0.16628799382577897,0.3577696402897699,5,76,0.06578947368421052,0.02842611306337576,0.1449371461899458,1,76,0.013157894736842105,0.002326420140567463,0.0708384462949749,4,76,0.05263157894736842,0.020655095015801955,0.1276585660330748,7,76,0.09210526315789473,0.04533342778112863,0.17812902788108254,24,76,0.3157894736842105,0.22230704805907556,0.42699857707869726,23,76,0.3026315789473684,0.2109118930131978,0.41334413392013025,9,76,0.11842105263157894,0.06356747118952921,0.20999418088157157,7,76,0.09210526315789473,0.04533342778112863,0.17812902788108254,2,76,0.02631578947368421,0.007246507130607822,0.09096795750937933,4,76,0.05263157894736842,0.020655095015801955,0.1276585660330748,0,76,0.0,0.0,0.04811526823109757,0,76,0.0,0.0,0.04811526823109757,1,76,0.013157894736842105,0.002326420140567463,0.0708384462949749,6,76,0.07894736842105263,0.03668350552145426,0.1617293519363121,68,76,0.8947368421052632,0.805798558740362,0.9456893873929819,7,76,0.09210526315789473,0.04533342778112863,0.17812902788108254,1,76,0.013157894736842105,0.002326420140567463,0.0708384462949749,49,76,0.6447368421052632,0.5325617632032839,0.742983817045609,24,76,0.3157894736842105,0.22230704805907556,0.42699857707869726,1,76,0.013157894736842105,0.002326420140567463,0.0708384462949749,0,76,0.0,0.0,0.04811526823109757,2,76,0.02631578947368421,0.007246507130607822,0.09096795750937933,25,76,0.32894736842105265,0.2337912044636209,0.44056401887859675,311 0.34; 363 0.25; 312 0.07; 364 0.07; 342 0.05,5,38 0.22; 53 0.14; 35 0.12; 52 0.12; 99 0.08; 44 0.05; 6 0.04,7,earned income 0.41; shelter deduction 0.25; unearned income 0.12,"wrong amount, known item 0.32; wrong include/exclude decision 0.30; unreported source of income 0.12; household composition 0.09",35,18,19,53,0.660377358490566,0.5259453611082096,0.773131371425709,0.33962264150943394,19,0.2638888888888889,72,12796.0
2-3,months_since_cert_n <=  0.5 & total_deductions_by_hh_size > 83.5 & utilities <= 22.0,train_2022_23,107,39,53,24,53,0.4528301886792453,0.3265736816014746,0.585462573535608,4,53,0.07547169811320754,0.029739073598901808,0.17858722263484245,13,53,0.24528301886792453,0.14932762711854577,0.3756681506217008,4,53,0.07547169811320754,0.029739073598901808,0.17858722263484245,1,53,0.018867924528301886,0.003338367386749398,0.09943143501149412,1,53,0.018867924528301886,0.003338367386749398,0.09943143501149412,6,53,0.11320754716981132,0.052929589110686695,0.22576770301339144,14,53,0.2641509433962264,0.16437206511316813,0.3958092105722453,15,53,0.2830188679245283,0.17966135362950314,0.4157054200010772,7,53,0.1320754716981132,0.06547770200689572,0.2484050880623493,6,53,0.11320754716981132,0.052929589110686695,0.22576770301339144,2,53,0.03773584905660377,0.010410068833819265,0.12754523150959116,3,53,0.05660377358490566,0.019436308927314183,0.15370448936126319,0,53,0.0,0.0,0.06758430445307662,0,53,0.0,0.0,0.06758430445307662,1,53,0.018867924528301886,0.003338367386749398,0.09943143501149412,5,53,0.09433962264150944,0.04097203744189684,0.20253975673701435,51,53,0.9622641509433962,0.8724547684904087,0.9895899311661807,1,53,0.018867924528301886,0.003338367386749398,0.09943143501149412,1,53,0.018867924528301886,0.003338367386749398,0.09943143501149412,36,53,0.6792452830188679,0.5451826763724886,0.7890795541065968,16,53,0.3018867924528302,0.19518140287607166,0.43537086869967556,0,53,0.0,0.0,0.06758430445307662,0,53,0.0,0.0,0.06758430445307662,1,53,0.018867924528301886,0.003338367386749398,0.09943143501149412,17,53,0.32075471698113206,0.210920445893403,0.45481732362751115,311 0.38; 363 0.25; 312 0.08; 364 0.08,4,38 0.21; 35 0.13; 53 0.13; 52 0.11; 99 0.09; 44 0.06; 64 0.04,7,earned income 0.45; shelter deduction 0.25; other element 0.11,"wrong include/exclude decision 0.28; wrong amount, known item 0.26; unreported source of income 0.13; household composition 0.11",25,14,14,39,0.6410256410256411,0.484178631846895,0.772581153035089,0.358974358974359,14,0.2641509433962264,53,7955.0
2-3,months_since_cert_n <=  0.5 & total_deductions_by_hh_size > 83.5 & utilities <= 22.0,test_2024,55,14,23,7,23,0.30434782608695654,0.15603828020972454,0.5086612906057261,5,23,0.21739130434782608,0.09663835601719065,0.4190388018273492,6,23,0.2608695652173913,0.1254844588924897,0.4647039054375056,1,23,0.043478260869565216,0.0077164669621267445,0.20991586494059142,0,23,0.0,0.0,0.14312112541726274,3,23,0.13043478260869565,0.04537576514344702,0.32127897973018194,1,23,0.043478260869565216,0.0077164669621267445,0.20991586494059142,10,23,0.43478260869565216,0.25634368332198654,0.6318895069498304,8,23,0.34782608695652173,0.18811054636982238,0.5511002309310836,2,23,0.08695652173913043,0.02417949540723341,0.2679640429809402,1,23,0.043478260869565216,0.0077164669621267445,0.20991586494059142,0,23,0.0,0.0,0.14312112541726274,1,23,0.043478260869565216,0.0077164669621267445,0.20991586494059142,0,23,0.0,0.0,0.14312112541726274,0,23,0.0,0.0,0.14312112541726274,0,23,0.0,0.0,0.14312112541726274,1,23,0.043478260869565216,0.0077164669621267445,0.20991586494059142,17,23,0.7391304347826086,0.5352960945624944,0.8745155411075104,6,23,0.2608695652173913,0.1254844588924897,0.4647039054375056,0,23,0.0,0.0,0.14312112541726274,13,23,0.5652173913043478,0.3681104930501695,0.7436563166780135,8,23,0.34782608695652173,0.18811054636982238,0.5511002309310836,1,23,0.043478260869565216,0.0077164669621267445,0.20991586494059142,0,23,0.0,0.0,0.14312112541726274,1,23,0.043478260869565216,0.0077164669621267445,0.20991586494059142,8,23,0.34782608695652173,0.18811054636982238,0.5511002309310836,363 0.26; 311 0.26; 366 0.09; 333 0.09; 323 0.04; 111 0.04,6,38 0.26; 53 0.17; 52 0.13; 57 0.09; 35 0.09; 6 0.04,6,earned income 0.30; shelter deduction 0.26; unearned income 0.22,"wrong amount, known item 0.43; wrong include/exclude decision 0.35",10,4,5,14,0.7142857142857143,0.4535045882751561,0.882788120898909,0.2857142857142857,5,0.2631578947368421,19,4841.0
4+,HH_size_n >=   5.000 & rawben_rel_max >=   0.681 & rawben_rel_max <   0.959 & shelter_expenses_by_hh_size >= 199.000,all_2022_24,983,298,441,178,441,0.4036281179138322,0.3588593074602041,0.45006144095900846,93,441,0.2108843537414966,0.17538968085302176,0.25137256440461603,86,441,0.19501133786848074,0.16073157427533968,0.2345587942513449,13,441,0.02947845804988662,0.017306708414580537,0.0497769456321633,2,441,0.0045351473922902496,0.0012445572391172532,0.01638329051612866,20,441,0.045351473922902494,0.029546980293533583,0.06900855048416346,49,441,0.1111111111111111,0.08507213674509582,0.1438668833465503,162,441,0.3673469387755102,0.323678244102081,0.41330678607495286,94,441,0.21315192743764172,0.17749079902284437,0.25376742862492957,48,441,0.10884353741496598,0.08308284638231889,0.14136019131919103,37,441,0.08390022675736962,0.06148064083498568,0.11350659057502634,32,441,0.07256235827664399,0.05186523497137238,0.10064208448795878,36,441,0.08163265306122448,0.05954591581764283,0.110945333202233,6,441,0.013605442176870748,0.006249929780083213,0.02936184753570739,0,441,0.0,0.0,0.008635882974973563,2,441,0.0045351473922902496,0.0012445572391172532,0.01638329051612866,24,441,0.05442176870748299,0.03684055172021001,0.07969890861803175,275,437,0.6292906178489702,0.5830622647321321,0.67326563172773,35,437,0.08009153318077804,0.05814939422720847,0.10935203939430096,127,437,0.2906178489702517,0.2500178232229915,0.3348670878198865,270,441,0.6122448979591837,0.5659864089647615,0.6565647193469792,158,441,0.35827664399092973,0.31492463102791574,0.4040764695885734,2,441,0.0045351473922902496,0.0012445572391172532,0.01638329051612866,5,441,0.011337868480725623,0.0048522433078355826,0.026263551617818848,6,441,0.013605442176870748,0.006249929780083213,0.02936184753570739,180,437,0.41189931350114417,0.36671585158229936,0.4586182366707149,311 0.31; 363 0.20; 312 0.08; 350 0.08; 150 0.07; 346 0.04,6,38 0.20; 35 0.11; 53 0.10; 44 0.09; 52 0.06; 99 0.05; 56 0.05; 7 0.03; 37 0.03; 39 0.03,10,earned income 0.40; unearned income 0.21; shelter deduction 0.20,"wrong amount, known item 0.37; wrong include/exclude decision 0.21; unreported source of income 0.11; household composition 0.08",223,75,99,298,0.7483221476510067,0.696100710421317,0.7942226909918744,0.2516778523489933,99,0.24937027707808565,397,109161.0
4+,HH_size_n >=   5.000 & rawben_rel_max >=   0.681 & rawben_rel_max <   0.959 & shelter_expenses_by_hh_size >= 199.000,train_2022_23,594,182,266,106,266,0.39849624060150374,0.3415072813955465,0.45837531639515744,61,266,0.22932330827067668,0.18286849915704395,0.2834850949514997,48,266,0.18045112781954886,0.13889061780174727,0.23111015302083898,8,266,0.03007518796992481,0.015316601420249917,0.05821394390708286,1,266,0.0037593984962406013,0.0006639175999955567,0.020984338265667857,8,266,0.03007518796992481,0.015316601420249917,0.05821394390708286,34,266,0.12781954887218044,0.09292874391954553,0.173307447979702,84,266,0.3157894736842105,0.2628880452398348,0.3739359285284797,61,266,0.22932330827067668,0.18286849915704395,0.2834850949514997,29,266,0.10902255639097744,0.07698727326052998,0.1521901404518109,27,266,0.10150375939849623,0.07070004688327222,0.143653855554306,20,266,0.07518796992481203,0.04919664831840295,0.11327496465750589,25,266,0.09398496240601503,0.06447108045404759,0.13505931070876792,2,266,0.007518796992481203,0.0020643095758599486,0.026995701927184805,0,266,0.0,0.0,0.014236500228282073,1,266,0.0037593984962406013,0.0006639175999955567,0.020984338265667857,17,266,0.06390977443609022,0.04028116034352704,0.09995518572023777,169,266,0.6353383458646616,0.5759479172703006,0.6908752856754277,28,266,0.10526315789473684,0.07383671560750336,0.1479289424674562,69,266,0.2593984962406015,0.21041466062212794,0.31523297858546656,161,266,0.6052631578947368,0.5454239786425734,0.6621051792041039,98,266,0.3684210526315789,0.3127081910504372,0.42788036164121607,2,266,0.007518796992481203,0.0020643095758599486,0.026995701927184805,0,266,0.0,0.0,0.014236500228282073,5,266,0.018796992481203006,0.00805489611699009,0.043240382298198675,109,266,0.40977443609022557,0.35236582723498866,0.4697520374678593,311 0.33; 363 0.18; 150 0.08; 350 0.08; 312 0.06; 346 0.04,6,38 0.23; 53 0.12; 35 0.11; 44 0.09; 52 0.06; 99 0.06; 12 0.03; 7 0.03; 37 0.03,9,earned income 0.40; unearned income 0.23; shelter deduction 0.18,"wrong amount, known item 0.32; wrong include/exclude decision 0.23; unreported source of income 0.11; household composition 0.10",134,48,58,182,0.7362637362637363,0.6678360999489353,0.7949235835664886,0.26373626373626374,58,0.24166666666666667,240,62230.0
4+,HH_size_n >=   5.000 & rawben_rel_max >=   0.681 & rawben_rel_max <   0.959 & shelter_expenses_by_hh_size >= 199.000,test_2024,389,116,175,72,175,0.4114285714285714,0.3411838956677442,0.48547835740983947,32,175,0.18285714285714286,0.1326079045186423,0.24673113069464148,38,175,0.21714285714285714,0.16248639863716052,0.28395111925576816,5,175,0.02857142857142857,0.012264270311919512,0.06513159284296167,1,175,0.005714285714285714,0.0010093989597420756,0.031654142408709104,12,175,0.06857142857142857,0.0396572195728587,0.11602020670827501,15,175,0.08571428571428572,0.05263048266283355,0.13659618495812265,78,175,0.44571428571428573,0.3740231556421551,0.5197375801150736,33,175,0.18857142857142858,0.1375416963754857,0.25298041928440557,19,175,0.10857142857142857,0.07061513886953752,0.1633438505378487,10,175,0.05714285714285714,0.03133131347979523,0.10197995190812348,12,175,0.06857142857142857,0.0396572195728587,0.11602020670827501,11,175,0.06285714285714286,0.03545718343843059,0.10903716239609561,4,175,0.022857142857142857,0.008923616207532813,0.057289166500740875,0,175,0.0,0.0,0.021480460921843688,1,175,0.005714285714285714,0.0010093989597420756,0.031654142408709104,7,175,0.04,0.019508588709169508,0.08025343533892669,106,171,0.6198830409356725,0.5452480713791868,0.6892498970676816,7,171,0.04093567251461988,0.019968152921721997,0.08207621180612308,58,171,0.3391812865497076,0.27244952232901143,0.412980032193482,109,175,0.6228571428571429,0.5491346691005858,0.6913015605014754,60,175,0.34285714285714286,0.27658299658271074,0.415882291135583,0,175,0.0,0.0,0.021480460921843688,5,175,0.02857142857142857,0.012264270311919512,0.06513159284296167,1,175,0.005714285714285714,0.0010093989597420756,0.031654142408709104,71,171,0.4152046783625731,0.34400302705250496,0.49013255624117336,311 0.29; 363 0.22; 312 0.11; 350 0.09; 323 0.05,5,38 0.17; 56 0.11; 35 0.11; 44 0.10; 53 0.08; 52 0.05; 99 0.04; 37 0.03; 7 0.03; 39 0.03,10,earned income 0.41; shelter deduction 0.22; unearned income 0.18,"wrong amount, known item 0.45; wrong include/exclude decision 0.19; unreported source of income 0.11; change in circumstances 0.07",89,27,41,116,0.7672413793103449,0.6825305162579259,0.8348190518386281,0.23275862068965517,41,0.2611464968152866,157,46931.0
4+,married > 0.500 & months_since_cert_n > 4.500 & rawben_rel_max > 0.493 & rawben_rel_max <= 0.923,all_2022_24,1028,309,472,211,472,0.4470338983050847,0.40278654068859576,0.49213647571013863,79,472,0.1673728813559322,0.13640865874845803,0.20370788423559383,81,472,0.1716101694915254,0.1402800843624674,0.2082426173096857,25,472,0.05296610169491525,0.03613041974794254,0.07701983865737554,1,472,0.00211864406779661,0.00037408102757241664,0.01190227312053065,18,472,0.038135593220338986,0.02425635305599201,0.0594723499409717,57,472,0.12076271186440678,0.09438655211749691,0.15326224529744117,155,472,0.3283898305084746,0.28755586164502095,0.3719947114868785,105,472,0.22245762711864406,0.18726226634096732,0.2621343395884008,51,472,0.10805084745762712,0.08314236788406613,0.1392879534665682,40,472,0.0847457627118644,0.06285077239530293,0.11334567617077454,43,472,0.09110169491525423,0.06833788017480547,0.12046780642342386,39,472,0.0826271186440678,0.06103056318064846,0.1109628060413784,6,472,0.012711864406779662,0.005838551767670742,0.02745319910068545,0,472,0.0,0.0,0.008073274804052441,4,472,0.00847457627118644,0.0033003379091741183,0.021585254271080826,29,472,0.0614406779661017,0.04311608422130097,0.08684649156021962,246,469,0.5245202558635395,0.4793068316452218,0.5693352506081164,36,469,0.0767590618336887,0.055957555823351664,0.1044378070212035,186,469,0.39658848614072495,0.3533270976190297,0.44153020766037054,296,471,0.6284501061571125,0.5839348907208379,0.6708869277550495,166,471,0.3524416135881104,0.3106488820285718,0.3966219215404499,1,471,0.0021231422505307855,0.00037487546331414334,0.011927332262377958,3,471,0.006369426751592357,0.002168456582458683,0.018557612911031356,5,471,0.010615711252653927,0.004542617055388226,0.024607314205899747,212,469,0.4520255863539446,0.4075535978358437,0.4972771107989296,311 0.35; 363 0.17; 312 0.09; 150 0.08; 364 0.05; 350 0.04,6,38 0.20; 35 0.11; 52 0.10; 44 0.08; 53 0.08; 99 0.06; 41 0.04; 12 0.03; 37 0.03; 98 0.03,10,earned income 0.45; shelter deduction 0.17; unearned income 0.17,"wrong amount, known item 0.33; wrong include/exclude decision 0.22; unreported source of income 0.11; change in circumstances 0.09",201,108,88,309,0.6504854368932039,0.5957673537830553,0.7015076889222628,0.34951456310679613,88,0.2216624685138539,397,103758.0
4+,married > 0.500 & months_since_cert_n > 4.500 & rawben_rel_max > 0.493 & rawben_rel_max <= 0.923,train_2022_23,689,208,323,141,323,0.43653250773993807,0.3835045372714013,0.491052434668523,62,323,0.19195046439628483,0.15272058873715733,0.2384217872639392,49,323,0.15170278637770898,0.11668989088756918,0.19490324780713794,17,323,0.05263157894736842,0.03311671731386122,0.08266291416511819,1,323,0.0030959752321981426,0.0005467107983287006,0.017326167072786846,12,323,0.03715170278637771,0.02137767491166376,0.0638060960648582,41,323,0.12693498452012383,0.09496328172945953,0.16767648016131567,101,323,0.3126934984520124,0.26458689891228054,0.36520318900798415,70,323,0.21671826625386997,0.17525619178593266,0.2648395610190958,29,323,0.08978328173374613,0.0632394738651895,0.12597022281968778,28,323,0.08668730650154799,0.06065559760654088,0.12243492697784492,34,323,0.10526315789473684,0.0763092777397239,0.14349627944761084,31,323,0.09597523219814241,0.06843858464736914,0.13300945623849114,3,323,0.009287925696594427,0.003163605318856285,0.026947616753242244,0,323,0.0,0.0,0.011753705770624056,3,323,0.009287925696594427,0.003163605318856285,0.026947616753242244,24,323,0.07430340557275542,0.05043680654140511,0.10817702964101472,172,323,0.5325077399380805,0.4780317382781303,0.5862195687770304,22,323,0.06811145510835913,0.045406398126558306,0.10096909385487854,129,323,0.3993808049535604,0.347451985974921,0.4536749207591054,211,323,0.653250773993808,0.5998198105081058,0.703079208466223,107,323,0.33126934984520123,0.2821866109092461,0.3843185096139675,1,323,0.0030959752321981426,0.0005467107983287006,0.017326167072786846,0,323,0.0,0.0,0.011753705770624056,4,323,0.01238390092879257,0.004826031448156737,0.03140436272443328,155,323,0.47987616099071206,0.4259488419946812,0.5342765393521239,311 0.35; 363 0.15; 312 0.08; 150 0.07; 364 0.05; 346 0.05,6,38 0.21; 52 0.09; 35 0.09; 44 0.09; 53 0.09; 99 0.07; 41 0.04; 12 0.04; 37 0.03,9,earned income 0.44; unearned income 0.19; shelter deduction 0.15,"wrong amount, known item 0.31; wrong include/exclude decision 0.22; change in circumstances 0.11; method or computation 0.10; unreported source of income 0.09",134,74,55,208,0.6442307692307693,0.5770925519250395,0.7061379372706617,0.3557692307692308,55,0.20912547528517111,263,67550.0
4+,married > 0.500 & months_since_cert_n > 4.500 & rawben_rel_max > 0.493 & rawben_rel_max <= 0.923,test_2024,339,101,149,70,149,0.4697986577181208,0.3914295030075444,0.5496860048123161,17,149,0.11409395973154363,0.07246525159271658,0.17512179277216838,32,149,0.21476510067114093,0.15643541386906065,0.28743327109628913,8,149,0.053691275167785234,0.027453913454500024,0.10236414655010606,0,149,0.0,0.0,0.025134518351024853,6,149,0.040268456375838924,0.01858366455493629,0.08506351003627448,16,149,0.10738255033557047,0.06718519772534273,0.16731640393284458,54,149,0.3624161073825503,0.2895865425615825,0.44216188195111555,35,149,0.2348993288590604,0.17402278009427918,0.3091022329911635,22,149,0.1476510067114094,0.0995719488412326,0.21344230905714068,12,149,0.08053691275167785,0.046668384856479436,0.13549144597491725,9,149,0.06040268456375839,0.03209985985173762,0.1108036428595661,8,149,0.053691275167785234,0.027453913454500024,0.10236414655010606,3,149,0.020134228187919462,0.006870586746020212,0.0575202597250976,0,149,0.0,0.0,0.025134518351024853,1,149,0.006711409395973154,0.0011856820977550406,0.037034278959967463,5,149,0.03355704697986577,0.014416893720131246,0.07614483816438186,74,146,0.5068493150684932,0.42662208627112597,0.5867253419464052,14,146,0.0958904109589041,0.057980646711780735,0.15452108845388754,57,146,0.3904109589041096,0.31505775755108917,0.47138339096841414,85,148,0.5743243243243243,0.4937750638108782,0.6511127666650915,59,148,0.39864864864864863,0.32329171013266034,0.4791339755819265,0,148,0.0,0.0,0.02530004952529478,3,148,0.02027027027027027,0.00691716898447111,0.057897743397906314,1,148,0.006756756756756757,0.0011937001683413329,0.03727797030931433,57,146,0.3904109589041096,0.31505775755108917,0.47138339096841414,311 0.36; 363 0.21; 312 0.10; 150 0.08,4,38 0.17; 35 0.15; 52 0.13; 56 0.07; 44 0.07; 53 0.05; 99 0.03; 37 0.03; 41 0.03; 12 0.03,10,earned income 0.47; shelter deduction 0.21; unearned income 0.11,"wrong amount, known item 0.36; wrong include/exclude decision 0.23; unreported source of income 0.15; household composition 0.08",67,34,33,101,0.6633663366336634,0.5667248954458904,0.7480356576170158,0.33663366336633666,33,0.2462686567164179,134,36208.0
2-3,HH_size_n >= 3.000 & percent_abawd >= 0.250 & rawben_rel_max >= 0.288 & rawben_rel_max < 0.711,all_2022_24,269,81,132,55,132,0.4166666666666667,0.33608260611446034,0.5019640600025465,26,132,0.19696969696969696,0.1381111992983935,0.2729675865816314,19,132,0.14393939393939395,0.09412491779512139,0.2138926556139079,7,132,0.05303030303030303,0.025922087095231,0.10541912207780582,1,132,0.007575757575757576,0.0013385269033438958,0.041664500151696676,5,132,0.03787878787878788,0.01628593894182534,0.08560920952521273,19,132,0.14393939393939395,0.09412491779512139,0.2138926556139079,49,132,0.3712121212121212,0.29352649022408883,0.45618199377492175,25,132,0.1893939393939394,0.13170373049398293,0.26465202503304264,15,132,0.11363636363636363,0.07008488210293365,0.17904056989409817,14,132,0.10606060606060606,0.06423528628432873,0.1701671353597037,8,132,0.06060606060606061,0.031026512547256788,0.11503772697877941,5,132,0.03787878787878788,0.01628593894182534,0.08560920952521273,0,132,0.0,0.0,0.028279996702041194,0,132,0.0,0.0,0.028279996702041194,2,132,0.015151515151515152,0.00416488690145933,0.05356117050658061,14,132,0.10606060606060606,0.06423528628432873,0.1701671353597037,83,132,0.6287878787878788,0.5438180062250781,0.7064735097759112,18,132,0.13636363636363635,0.08802774720747256,0.20526679584855737,31,132,0.23484848484848486,0.17066718052506508,0.31402675711995676,76,132,0.5757575757575758,0.4904750031714826,0.6567553003585112,53,132,0.4015151515151515,0.3218172071666352,0.4867833982443728,0,132,0.0,0.0,0.028279996702041194,0,132,0.0,0.0,0.028279996702041194,3,132,0.022727272727272728,0.00775884364242789,0.06469024411861142,61,132,0.4621212121212121,0.3793439270607824,0.5470409211742207,311 0.36; 363 0.14; 150 0.09; 350 0.09; 364 0.05; 312 0.05,6,38 0.17; 44 0.17; 35 0.11; 99 0.11; 53 0.08; 52 0.05; 64 0.05,7,earned income 0.42; unearned income 0.20; other element 0.14,"wrong amount, known item 0.37; wrong include/exclude decision 0.19; unreported source of income 0.11; other 0.11",46,35,24,81,0.5679012345679012,0.4593724052942849,0.6702809722940679,0.43209876543209874,24,0.22857142857142856,105,23476.0
2-3,HH_size_n >= 3.000 & percent_abawd >= 0.250 & rawben_rel_max >= 0.288 & rawben_rel_max < 0.711,train_2022_23,187,63,106,42,106,0.39622641509433965,0.30831324145963807,0.49139834322230397,20,106,0.18867924528301888,0.12559204496833837,0.2735427090774876,17,106,0.16037735849056603,0.10260935199272832,0.24190128878453637,7,106,0.0660377358490566,0.0323537353402859,0.13007652787510787,0,106,0.0,0.0,0.034973998922084165,5,106,0.04716981132075472,0.020313773391376265,0.10570041431164334,15,106,0.14150943396226415,0.0876695987836644,0.2204249664812261,40,106,0.37735849056603776,0.29089613915715784,0.47239937001241006,19,106,0.1792452830188679,0.11786105495852324,0.26306566133111564,9,106,0.08490566037735849,0.045311045103536174,0.1535352936242318,10,106,0.09433962264150944,0.05205194116058447,0.1650024353233706,7,106,0.0660377358490566,0.0323537353402859,0.13007652787510787,5,106,0.04716981132075472,0.020313773391376265,0.10570041431164334,0,106,0.0,0.0,0.034973998922084165,0,106,0.0,0.0,0.034973998922084165,2,106,0.018867924528301886,0.005189500019088127,0.0662005744153702,14,106,0.1320754716981132,0.08033131841647077,0.20955520909223263,68,106,0.6415094339622641,0.5467402280775484,0.7263803382652578,14,106,0.1320754716981132,0.08033131841647077,0.20955520909223263,24,106,0.22641509433962265,0.1571336279648038,0.3148332771057705,60,106,0.5660377358490566,0.47101182829146454,0.6564444360018451,43,106,0.4056603773584906,0.317073366903354,0.500846255534775,0,106,0.0,0.0,0.034973998922084165,0,106,0.0,0.0,0.034973998922084165,3,106,0.02830188679245283,0.009671108644619023,0.07992700354602641,47,106,0.44339622641509435,0.3524492353273998,0.5383025381354777,311 0.35; 363 0.16; 350 0.10; 150 0.08; 364 0.07,5,38 0.18; 44 0.18; 99 0.13; 53 0.10; 35 0.08; 52 0.06; 64 0.05,7,earned income 0.40; unearned income 0.19; shelter deduction 0.16; other element 0.14,"wrong amount, known item 0.38; wrong include/exclude decision 0.18; other 0.13; household composition 0.09",33,30,21,63,0.5238095238095238,0.4027014429047192,0.6421807861263035,0.47619047619047616,21,0.25,84,18760.0
2-3,HH_size_n >= 3.000 & percent_abawd >= 0.250 & rawben_rel_max >= 0.288 & rawben_rel_max < 0.711,test_2024,82,18,26,13,26,0.5,0.32060306315002074,0.6793969368499793,6,26,0.23076923076923078,0.11033699683676687,0.42051925751956787,2,26,0.07692307692307693,0.02135463918337556,0.24141947480515052,0,26,0.0,0.0,0.12873304380462175,1,26,0.038461538461538464,0.0068218089769898765,0.18893176991958405,0,26,0.0,0.0,0.12873304380462175,4,26,0.15384615384615385,0.06149933998929477,0.33531584418313565,9,26,0.34615384615384615,0.19412014972852126,0.5377977099036699,6,26,0.23076923076923078,0.11033699683676687,0.42051925751956787,6,26,0.23076923076923078,0.11033699683676687,0.42051925751956787,4,26,0.15384615384615385,0.06149933998929477,0.33531584418313565,1,26,0.038461538461538464,0.0068218089769898765,0.18893176991958405,0,26,0.0,0.0,0.12873304380462175,0,26,0.0,0.0,0.12873304380462175,0,26,0.0,0.0,0.12873304380462175,0,26,0.0,0.0,0.12873304380462175,0,26,0.0,0.0,0.12873304380462175,15,26,0.5769230769230769,0.3894829692111983,0.744558100972706,4,26,0.15384615384615385,0.06149933998929477,0.33531584418313565,7,26,0.2692307692307692,0.13704275525067386,0.46083403419761304,16,26,0.6153846153846154,0.42534520039420076,0.7757164048816557,10,26,0.38461538461538464,0.22428359511834428,0.5746547996057992,0,26,0.0,0.0,0.12873304380462175,0,26,0.0,0.0,0.12873304380462175,0,26,0.0,0.0,0.12873304380462175,14,26,0.5384615384615384,0.3545763620443012,0.712444173047651,311 0.38; 312 0.12; 150 0.12; 335 0.08; 363 0.08,5,35 0.23; 37 0.19; 44 0.15; 38 0.15; 12 0.08,5,earned income 0.50; unearned income 0.23; other element 0.15,"wrong amount, known item 0.35; unreported source of income 0.23; wrong include/exclude decision 0.23",13,5,3,18,0.7222222222222222,0.49126922453805477,0.8750043085364452,0.2777777777777778,3,0.14285714285714285,21,4716.0
4+,HH_size_n >   4.500 & shelter_expenses_by_hh_size > 183.000 & unc_rawben_rel_max >   0.409 & unc_rawben_rel_max <=   0.982,all_2022_24,2438,696,1060,404,1060,0.38113207547169814,0.35237351985967086,0.41074911042664236,228,1060,0.21509433962264152,0.1914106065053614,0.24083569783167524,214,1060,0.2018867924528302,0.17881781774940103,0.2271087788416704,42,1060,0.03962264150943396,0.02944556511125711,0.05312462202938488,6,1060,0.005660377358490566,0.002596671571298924,0.012294267079718296,57,1060,0.05377358490566038,0.041734495245795526,0.06903537876552346,109,1060,0.10283018867924529,0.08595593264985041,0.12257285584648211,380,1060,0.3584905660377358,0.33017942431604336,0.38782370697718666,250,1060,0.2358490566037736,0.21127428667996817,0.262331558400728,116,1060,0.10943396226415095,0.09203164480399395,0.12965699756532115,74,1060,0.06981132075471698,0.05597296443204363,0.08675655469937592,65,1060,0.06132075471698113,0.0484009201038808,0.07740878690513253,88,1060,0.0830188679245283,0.06787631694546724,0.10117290993191748,14,1060,0.013207547169811321,0.007883480565416804,0.022047291083294805,0,1060,0.0,2.168404344971009e-19,0.003611063902746423,9,1060,0.008490566037735849,0.004473216806134002,0.01605765921901861,64,1060,0.06037735849056604,0.04756407197750164,0.07636565590679992,693,1052,0.658745247148289,0.6295625732794943,0.6867727558077477,67,1052,0.06368821292775666,0.050460615617271,0.080090785274681,291,1052,0.27661596958174905,0.25043414727323976,0.3044233237716595,660,1060,0.6226415094339622,0.5930670741240651,0.6513302120884688,364,1060,0.3433962264150943,0.31542184192060646,0.37250162337723475,3,1060,0.002830188679245283,0.0009629588021949288,0.008288042474686891,10,1060,0.009433962264150943,0.005132261470054297,0.017278593679810116,23,1060,0.02169811320754717,0.014501374508550189,0.03234920926256761,469,1052,0.4458174904942966,0.4160319091536975,0.4759973497805974,311 0.32; 363 0.20; 350 0.09; 312 0.06; 150 0.06; 364 0.04,6,38 0.20; 35 0.11; 53 0.10; 52 0.09; 44 0.09; 99 0.06; 56 0.04; 37 0.03; 7 0.02; 98 0.02,10,earned income 0.38; unearned income 0.22; shelter deduction 0.20,"wrong amount, known item 0.36; wrong include/exclude decision 0.24; unreported source of income 0.11; method or computation 0.08",491,205,231,696,0.7054597701149425,0.6705405149938478,0.7381233883808588,0.29454022988505746,231,0.24919093851132687,927,242291.0
4+,HH_size_n >   4.500 & shelter_expenses_by_hh_size > 183.000 & unc_rawben_rel_max >   0.409 & unc_rawben_rel_max <=   0.982,train_2022_23,1486,427,647,238,647,0.3678516228748068,0.3315754623412057,0.4056877980281377,141,647,0.21792890262751158,0.18783266218155492,0.25135499884072765,131,647,0.20247295208655333,0.1733064990485107,0.23515171874211616,29,647,0.04482225656877898,0.03138679453445775,0.06363110229328038,3,647,0.00463678516228748,0.0015781233959612914,0.01354322102947187,33,647,0.05100463678516229,0.03654566436251532,0.0707640097578851,72,647,0.11128284389489954,0.08930758667370343,0.1378469160501544,189,647,0.2921174652241113,0.2583865830515802,0.32830240548265005,176,647,0.27202472952086554,0.23915531595697087,0.3075853963761069,68,647,0.10510046367851623,0.08375458072670659,0.13110814470448895,51,647,0.07882534775888717,0.06046013020921415,0.1021625417281666,41,647,0.0633693972179289,0.04705275183038285,0.08484047687534219,62,647,0.09582689335394126,0.0754724977972978,0.1209525616949043,6,647,0.00927357032457496,0.004256836328746636,0.02008334106618325,0,647,0.0,0.0,0.005902511455936437,6,647,0.00927357032457496,0.004256836328746636,0.02008334106618325,48,647,0.07418856259659969,0.05641082000854921,0.09699301895933482,435,647,0.6723338485316847,0.6352422209932063,0.7073910710397553,52,647,0.080370942812983,0.061814547139394785,0.10388106912115157,160,647,0.2472952086553323,0.21560668653719314,0.2819669166252353,413,647,0.6383307573415765,0.6005907209012152,0.6744377960221039,212,647,0.3276661514683153,0.29260892896024476,0.3647577790067937,2,647,0.0030911901081916537,0.000848107783671081,0.011200292318596504,0,647,0.0,0.0,0.005902511455936437,20,647,0.030911901081916538,0.020098211229848437,0.04726318668939951,297,647,0.45904173106646057,0.4209979241684598,0.4975690512676525,311 0.31; 363 0.20; 350 0.08; 150 0.06; 312 0.05; 364 0.04; 346 0.03,7,38 0.19; 53 0.12; 52 0.11; 35 0.11; 44 0.09; 99 0.07; 37 0.03; 43 0.02,8,earned income 0.37; unearned income 0.22; shelter deduction 0.20,"wrong amount, known item 0.29; wrong include/exclude decision 0.27; unreported source of income 0.11; method or computation 0.10",289,138,145,427,0.6768149882903981,0.6310473584330286,0.7194294757445437,0.3231850117096019,145,0.2534965034965035,572,142413.0
4+,HH_size_n >   4.500 & shelter_expenses_by_hh_size > 183.000 & unc_rawben_rel_max >   0.409 & unc_rawben_rel_max <=   0.982,test_2024,952,269,413,166,413,0.4019370460048426,0.35576441176904117,0.44991717087530136,87,413,0.2106537530266344,0.1740835033888743,0.2525572157715934,83,413,0.2009685230024213,0.1651563057013409,0.24229247100424697,13,413,0.031476997578692496,0.01848581609934826,0.053103967645844165,3,413,0.007263922518159807,0.0024733574684448825,0.02113657013954818,24,413,0.05811138014527845,0.039358042734323626,0.0850095827617881,37,413,0.08958837772397095,0.06569434153764432,0.12104709693682657,191,413,0.46246973365617433,0.41494984673614127,0.5106813762511997,74,413,0.1791767554479419,0.14519895131238708,0.21906795486972142,48,413,0.1162227602905569,0.08878984458123665,0.15072943564415353,23,413,0.05569007263922518,0.037392348642208445,0.08217729124018333,24,413,0.05811138014527845,0.039358042734323626,0.0850095827617881,26,413,0.06295399515738499,0.043320002327021156,0.09064359439653044,8,413,0.01937046004842615,0.009847157126564136,0.0377526985500286,0,413,0.0,0.0,0.009215970766833252,3,413,0.007263922518159807,0.0024733574684448825,0.02113657013954818,16,413,0.0387409200968523,0.023984663949015175,0.061999076637337044,258,405,0.6370370370370371,0.5891202258984191,0.6823785648312916,15,405,0.037037037037037035,0.022571076164394726,0.06020327947847527,131,405,0.3234567901234568,0.27973978607936467,0.3704915015391165,247,413,0.5980629539951574,0.5500828291246986,0.6442355882309587,152,413,0.36803874092009686,0.3229408889165188,0.41556889513574474,1,413,0.002421307506053269,0.0004275371753579239,0.013586419205195262,10,413,0.024213075060532687,0.013204059977748364,0.043991766926284245,3,413,0.007263922518159807,0.0024733574684448825,0.02113657013954818,172,405,0.4246913580246914,0.3774793958476455,0.47331856600359473,311 0.33; 363 0.20; 350 0.11; 312 0.07; 150 0.05,5,38 0.21; 35 0.12; 56 0.11; 44 0.08; 53 0.07; 52 0.05; 99 0.04; 37 0.04; 57 0.03,9,earned income 0.40; unearned income 0.21; shelter deduction 0.20,"wrong amount, known item 0.46; wrong include/exclude decision 0.18; unreported source of income 0.12",202,67,86,269,0.7509293680297398,0.6959577742995515,0.7988348086496762,0.24907063197026022,86,0.24225352112676057,355,99878.0
4+,rawben_rel_max <   0.703 & shelter_expenses_by_hh_size < 135.000 & unc_rawben_rel_max >=   0.679,all_2022_24,109,36,53,20,53,0.37735849056603776,0.25936076571733824,0.5119334976390768,11,53,0.20754716981132076,0.12004475729322063,0.3345800245566921,5,53,0.09433962264150944,0.04097203744189684,0.20253975673701435,2,53,0.03773584905660377,0.010410068833819265,0.12754523150959116,0,53,0.0,0.0,0.06758430445307662,4,53,0.07547169811320754,0.029739073598901808,0.17858722263484245,11,53,0.20754716981132076,0.12004475729322063,0.3345800245566921,17,53,0.32075471698113206,0.210920445893403,0.45481732362751115,9,53,0.16981132075471697,0.09199841772223752,0.29225536823734133,5,53,0.09433962264150944,0.04097203744189684,0.20253975673701435,7,53,0.1320754716981132,0.06547770200689572,0.2484050880623493,4,53,0.07547169811320754,0.029739073598901808,0.17858722263484245,4,53,0.07547169811320754,0.029739073598901808,0.17858722263484245,1,53,0.018867924528301886,0.003338367386749398,0.09943143501149412,0,53,0.0,0.0,0.06758430445307662,1,53,0.018867924528301886,0.003338367386749398,0.09943143501149412,5,53,0.09433962264150944,0.04097203744189684,0.20253975673701435,31,53,0.5849056603773585,0.45094182384453757,0.7073929169087134,8,53,0.1509433962264151,0.07852324257781651,0.2705450454365954,14,53,0.2641509433962264,0.16437206511316813,0.3958092105722453,29,53,0.5471698113207547,0.41453742646439184,0.6734263183985253,19,53,0.3584905660377358,0.2430176984112362,0.4930910670000117,1,53,0.018867924528301886,0.003338367386749398,0.09943143501149412,0,53,0.0,0.0,0.06758430445307662,4,53,0.07547169811320754,0.029739073598901808,0.17858722263484245,18,53,0.33962264150943394,0.22686862857429074,0.4740546388917903,311 0.34; 350 0.11; 150 0.11; 363 0.09; 323 0.06; 520 0.04,6,38 0.17; 44 0.13; 52 0.09; 99 0.09; 35 0.09; 53 0.08; 7 0.08; 41 0.04,8,earned income 0.38; other element 0.21; unearned income 0.21,"wrong amount, known item 0.32; wrong include/exclude decision 0.17; household composition 0.13; other 0.09; unreported source of income 0.09",22,14,12,36,0.6111111111111112,0.4486417029674347,0.7521534458217705,0.3888888888888889,12,0.25,48,11058.0
4+,rawben_rel_max <   0.703 & shelter_expenses_by_hh_size < 135.000 & unc_rawben_rel_max >=   0.679,train_2022_23,71,27,42,16,42,0.38095238095238093,0.24999520898785943,0.5318623178000363,9,42,0.21428571428571427,0.11705668531051237,0.3594013789804373,5,42,0.11904761904761904,0.05193726765019084,0.2500068180710754,1,42,0.023809523809523808,0.00421529549910029,0.12321481165248252,0,42,0.0,0.0,0.08380161250916197,3,42,0.07142857142857142,0.024589963551172864,0.19009713288525165,8,42,0.19047619047619047,0.09981889609856436,0.33301067354996444,13,42,0.30952380952380953,0.1907092651972273,0.46026277766340595,7,42,0.16666666666666666,0.08315811295836502,0.30604296204774295,4,42,0.09523809523809523,0.0376616388283121,0.2206539522505333,4,42,0.09523809523809523,0.0376616388283121,0.2206539522505333,3,42,0.07142857142857142,0.024589963551172864,0.19009713288525165,4,42,0.09523809523809523,0.0376616388283121,0.2206539522505333,1,42,0.023809523809523808,0.00421529549910029,0.12321481165248252,0,42,0.0,0.0,0.08380161250916197,1,42,0.023809523809523808,0.00421529549910029,0.12321481165248252,5,42,0.11904761904761904,0.05193726765019084,0.2500068180710754,23,42,0.5476190476190477,0.39948862747122693,0.6877683618136149,7,42,0.16666666666666666,0.08315811295836502,0.30604296204774295,12,42,0.2857142857142857,0.1716685874457567,0.43567496077245566,25,42,0.5952380952380952,0.44494045528177417,0.7295735232879093,15,42,0.35714285714285715,0.22988992501626865,0.5083391071292063,1,42,0.023809523809523808,0.00421529549910029,0.12321481165248252,0,42,0.0,0.0,0.08380161250916197,1,42,0.023809523809523808,0.00421529549910029,0.12321481165248252,13,42,0.30952380952380953,0.1907092651972273,0.46026277766340595,311 0.36; 363 0.12; 350 0.10; 150 0.10; 323 0.07; 520 0.05,6,38 0.14; 44 0.14; 99 0.12; 52 0.10; 35 0.10; 53 0.07; 7 0.07; 75 0.02,8,earned income 0.38; unearned income 0.21; other element 0.19,"wrong amount, known item 0.31; wrong include/exclude decision 0.17; other 0.12; method or computation 0.10; unreported source of income 0.10",16,11,9,27,0.5925925925925926,0.4072638305536409,0.7548548662714265,0.4074074074074074,9,0.25,36,9077.0
4+,rawben_rel_max <   0.703 & shelter_expenses_by_hh_size < 135.000 & unc_rawben_rel_max >=   0.679,test_2024,38,9,11,4,11,0.36363636363636365,0.15166223614131383,0.6462032231083628,2,11,0.18181818181818182,0.05136660067100063,0.4769861375782448,0,11,0.0,2.7755575615628914e-17,0.2588400172488141,1,11,0.09090909090909091,0.01623175226282597,0.3773646254862038,0,11,0.0,2.7755575615628914e-17,0.2588400172488141,1,11,0.09090909090909091,0.01623175226282597,0.3773646254862038,3,11,0.2727272727272727,0.09745880573921467,0.5656502930102463,4,11,0.36363636363636365,0.15166223614131383,0.6462032231083628,2,11,0.18181818181818182,0.05136660067100063,0.4769861375782448,1,11,0.09090909090909091,0.01623175226282597,0.3773646254862038,3,11,0.2727272727272727,0.09745880573921467,0.5656502930102463,1,11,0.09090909090909091,0.01623175226282597,0.3773646254862038,0,11,0.0,2.7755575615628914e-17,0.2588400172488141,0,11,0.0,2.7755575615628914e-17,0.2588400172488141,0,11,0.0,2.7755575615628914e-17,0.2588400172488141,0,11,0.0,2.7755575615628914e-17,0.2588400172488141,0,11,0.0,2.7755575615628914e-17,0.2588400172488141,8,11,0.7272727272727273,0.4343497069897537,0.9025411942607853,1,11,0.09090909090909091,0.01623175226282597,0.3773646254862038,2,11,0.18181818181818182,0.05136660067100063,0.4769861375782448,4,11,0.36363636363636365,0.15166223614131383,0.6462032231083628,4,11,0.36363636363636365,0.15166223614131383,0.6462032231083628,0,11,0.0,2.7755575615628914e-17,0.2588400172488141,0,11,0.0,2.7755575615628914e-17,0.2588400172488141,3,11,0.2727272727272727,0.09745880573921467,0.5656502930102463,5,11,0.45454545454545453,0.21270957543988045,0.7199122443100118,311 0.27; 150 0.18; 350 0.18; 312 0.09; 366 0.09,5,38 0.27; 52 0.09; 6 0.09; 12 0.09; 53 0.09; 44 0.09; 41 0.09,7,earned income 0.36; other element 0.27; unearned income 0.18,"wrong amount, known item 0.36; household composition 0.27; wrong include/exclude decision 0.18",6,3,3,9,0.6666666666666666,0.35419734749908977,0.879418401317257,0.3333333333333333,3,0.25,12,1981.0
1,rawben_rel_max >=   0.280 & rawben_rel_max <   0.992 & total_deductions_by_hh_size >= 471.000 & utilities < 347.000,all_2022_24,1391,404,586,65,586,0.11092150170648464,0.08798569013122616,0.13892539921886377,42,586,0.07167235494880546,0.053459092403728245,0.09546495771413392,235,586,0.40102389078498296,0.36211037095246945,0.4412266605488693,149,586,0.25426621160409557,0.22068838543512878,0.2910449341544017,71,586,0.12116040955631399,0.0971780252151272,0.15007750915206564,11,586,0.01877133105802048,0.010513227961477209,0.033297856234686646,13,586,0.02218430034129693,0.013009540273604587,0.037583025594926905,106,586,0.18088737201365188,0.1518317877955545,0.21409967583807188,339,586,0.5784982935153583,0.5381327729399057,0.6178413055245497,20,586,0.034129692832764506,0.02220044587776637,0.05212730584405183,2,586,0.0034129692832764505,0.0009364391812060812,0.012357977489303427,59,586,0.10068259385665529,0.07886035235303926,0.1277062919799478,15,586,0.025597269624573378,0.015572431621817028,0.04180161591908209,3,586,0.005119453924914676,0.0017425402661455005,0.014942617240547821,2,586,0.0034129692832764505,0.0009364391812060812,0.012357977489303427,0,586,0.0,0.0,0.006512934998141874,40,586,0.06825938566552901,0.05052548872848775,0.0916170797170068,381,586,0.6501706484641638,0.6106917438043733,0.6876934497798026,66,586,0.11262798634812286,0.08951330735115734,0.14078852283511642,138,586,0.2354948805460751,0.2029314763220679,0.27150369406944064,299,586,0.5102389078498294,0.469829250240684,0.5505151947764191,264,586,0.45051194539249145,0.41067971869082354,0.49098879705984577,7,586,0.011945392491467578,0.005798067270937804,0.024450053580490783,1,586,0.0017064846416382253,0.00030129223117178645,0.009602383603153903,15,586,0.025597269624573378,0.015572431621817028,0.04180161591908209,165,586,0.2815699658703072,0.2466674639146888,0.3193177090537828,363 0.40; 364 0.25; 365 0.12,3,53 0.50; 64 0.08; 38 0.07; 99 0.07; 52 0.06,5,shelter deduction 0.40; utility allowance 0.25; medical deduction 0.12,"wrong include/exclude decision 0.58; wrong amount, known item 0.18",378,26,324,404,0.9356435643564357,0.9073735554862846,0.9557066207389951,0.06435643564356436,324,0.44505494505494503,728,81180.0
1,rawben_rel_max >=   0.280 & rawben_rel_max <   0.992 & total_deductions_by_hh_size >= 471.000 & utilities < 347.000,train_2022_23,991,288,402,47,402,0.11691542288557213,0.08907014297096343,0.15201307767472694,36,402,0.08955223880597014,0.06538635573679975,0.12148852352643992,156,402,0.3880597014925373,0.3416961924773031,0.43654241095812596,96,402,0.23880597014925373,0.1997238641727733,0.282832877176561,50,402,0.12437810945273632,0.09562977203605827,0.16023754171393684,6,402,0.014925373134328358,0.006857820410904231,0.03217612780928808,11,402,0.02736318407960199,0.015346404383779912,0.048327699010253626,48,402,0.11940298507462686,0.09125243384092083,0.1547588178395378,250,402,0.6218905472636815,0.5735442184726071,0.6679293022310367,13,402,0.03233830845771144,0.018994205199142484,0.054535960264427544,1,402,0.0024875621890547263,0.0004392395526710948,0.013954553493679994,39,402,0.09701492537313433,0.07178158945904961,0.1298773829084948,13,402,0.03233830845771144,0.018994205199142484,0.054535960264427544,2,402,0.004975124378109453,0.0013653919171270623,0.017956432163992272,2,402,0.004975124378109453,0.0013653919171270623,0.017956432163992272,0,402,0.0,0.0,0.009465762011582845,34,402,0.0845771144278607,0.06115363316045607,0.11586518403324711,262,402,0.6517412935323383,0.6039309188289413,0.6966789742919216,46,402,0.11442786069651742,0.08689225732632816,0.14926293228459397,93,402,0.23134328358208955,0.1927803314112606,0.274992316833769,203,402,0.5049751243781094,0.45628434259075534,0.5535717194787811,179,402,0.44527363184079605,0.39743507550277357,0.4941482417323252,7,402,0.017412935323383085,0.008459757985235506,0.03550222126972506,0,402,0.0,0.0,0.009465762011582845,13,402,0.03233830845771144,0.018994205199142484,0.054535960264427544,113,402,0.2810945273631841,0.23938149378133083,0.32695177515906365,363 0.39; 364 0.24; 365 0.12,3,53 0.54; 38 0.09; 99 0.08; 64 0.07,4,shelter deduction 0.39; utility allowance 0.24; medical deduction 0.12,"wrong include/exclude decision 0.62; wrong amount, known item 0.12; change in circumstances 0.10",272,16,224,288,0.9444444444444444,0.9116702324499548,0.9655179408604986,0.05555555555555555,224,0.4375,512,51760.0
1,rawben_rel_max >=   0.280 & rawben_rel_max <   0.992 & total_deductions_by_hh_size >= 471.000 & utilities < 347.000,test_2024,400,116,184,18,184,0.09782608695652174,0.06277749948912326,0.14932461207721773,6,184,0.03260869565217391,0.015028677081613609,0.06930620933332324,79,184,0.42934782608695654,0.35999148862541225,0.5015940174605666,53,184,0.28804347826086957,0.22747199048194464,0.35728452777599184,21,184,0.11413043478260869,0.07587008331411743,0.1681738345400746,5,184,0.02717391304347826,0.011661546019694796,0.062026071632625024,2,184,0.010869565217391304,0.002985843055377687,0.03875996830909109,58,184,0.31521739130434784,0.25244721029469674,0.3855456517763248,89,184,0.483695652173913,0.41256237000304147,0.5554958237091076,7,184,0.03804347826086957,0.01854810834641455,0.0764340468311393,1,184,0.005434782608695652,0.0009599929623922178,0.030138549639459552,20,184,0.10869565217391304,0.07147243890981494,0.16192421018176006,2,184,0.010869565217391304,0.002985843055377687,0.03875996830909109,1,184,0.005434782608695652,0.0009599929623922178,0.030138549639459552,0,184,0.0,0.0,0.020451273839234757,0,184,0.0,0.0,0.020451273839234757,6,184,0.03260869565217391,0.015028677081613609,0.06930620933332324,119,184,0.6467391304347826,0.5753169325349993,0.71215932405566,20,184,0.10869565217391304,0.07147243890981494,0.16192421018176006,45,184,0.24456521739130435,0.18809862165069696,0.3114797465063034,96,184,0.5217391304347826,0.4498567949838235,0.5927322800666446,85,184,0.46195652173913043,0.3914336158160703,0.5340355028456106,0,184,0.0,0.0,0.020451273839234757,1,184,0.005434782608695652,0.0009599929623922178,0.030138549639459552,2,184,0.010869565217391304,0.002985843055377687,0.03875996830909109,52,184,0.2826086956521739,0.2225094590090456,0.35159979048627377,363 0.43; 364 0.29; 365 0.11,3,53 0.42; 56 0.18; 64 0.09; 52 0.05; 57 0.05,5,shelter deduction 0.43; utility allowance 0.29; medical deduction 0.11,"wrong include/exclude decision 0.48; wrong amount, known item 0.32",106,10,100,116,0.9137931034482759,0.8485562378006445,0.952501157961762,0.08620689655172414,100,0.46296296296296297,216,29420.0
4+,shelter_expenses_by_hh_size <= 494.000 & total_deductions_by_hh_size > 235.000 & unc_rawben_rel_max <=   0.997,all_2022_24,1495,434,701,265,701,0.3780313837375178,0.34289200195064307,0.4145002972553061,90,701,0.12838801711840228,0.10563407249105461,0.15519275725338727,140,701,0.19971469329529243,0.17179133948865655,0.23091133867335883,29,701,0.04136947218259629,0.028956176861556607,0.058782117813445556,3,701,0.0042796005706134095,0.0014564687766592836,0.012506384721204633,114,701,0.16262482168330955,0.13715808021648487,0.19176915676839226,60,701,0.08559201141226819,0.0670738708628716,0.10862744983102614,257,701,0.3666191155492154,0.3317632103455949,0.40292895311354243,185,701,0.26390870185449355,0.2326311275518688,0.29775981418596265,67,701,0.09557774607703282,0.07596461082728094,0.11959932864507712,37,701,0.052781740370898715,0.03853288320055069,0.07190554722126322,41,701,0.05848787446504993,0.0434036034652831,0.0783848948299367,50,701,0.07132667617689016,0.05451934691897728,0.09280680409140576,6,701,0.008559201141226819,0.0039284399030198045,0.018546964499898524,2,701,0.0028530670470756064,0.0007827465011909914,0.010342590028321455,5,701,0.007132667617689016,0.003050340298839516,0.01658754713572734,51,701,0.07275320970042796,0.05576601441010848,0.09439765356862603,468,697,0.6714490674318508,0.6357226381650501,0.7052959315088964,46,697,0.06599713055954089,0.049841198485062424,0.08691095777963422,183,697,0.26255380200860834,0.23125164968466916,0.29645903415601615,399,701,0.5691868758915835,0.532249860245178,0.6053697127198683,271,701,0.38659058487874465,0.3512523716751365,0.42316502934092143,1,701,0.0014265335235378032,0.00025185611572561264,0.00803596344543536,9,701,0.012838801711840228,0.006768903795025663,0.024219051512947076,21,701,0.029957203994293864,0.01967588105866295,0.04536227786952742,291,697,0.41750358680057387,0.38144205554497596,0.45446951134831354,311 0.33; 363 0.20; 323 0.13; 350 0.07; 312 0.05,5,38 0.17; 53 0.14; 35 0.10; 52 0.09; 44 0.09; 56 0.08; 99 0.07; 98 0.03,8,earned income 0.38; shelter deduction 0.20; dep care or child support deduction 0.16; unearned income 0.13,"wrong amount, known item 0.37; wrong include/exclude decision 0.26; unreported source of income 0.10; other 0.07",307,127,182,434,0.7073732718894009,0.6628983583899057,0.7482092202412705,0.2926267281105991,182,0.29545454545454547,616,142656.0
4+,shelter_expenses_by_hh_size <= 494.000 & total_deductions_by_hh_size > 235.000 & unc_rawben_rel_max <=   0.997,train_2022_23,864,253,405,153,405,0.37777777777777777,0.33191525463921956,0.4259371752504981,56,405,0.1382716049382716,0.10803799564969155,0.17530303422593754,80,405,0.19753086419753085,0.16167530242878603,0.2390706099245557,18,405,0.044444444444444446,0.02829520263619199,0.06915476331639209,3,405,0.007407407407407408,0.0025222747650984045,0.021549639638915277,67,405,0.1654320987654321,0.1324208950171174,0.20473070599413,28,405,0.0691358024691358,0.04826246445203988,0.09810620253292446,116,405,0.28641975308641976,0.24455775870095714,0.33229547736895354,127,405,0.3135802469135803,0.2703252272397874,0.36033857996574165,42,405,0.1037037037037037,0.07764075822356438,0.13721409020673236,21,405,0.05185185185185185,0.034161082435329504,0.07796449382696866,26,405,0.06419753086419754,0.04418307122353903,0.09240185555494926,33,405,0.08148148148148149,0.05860532904415662,0.11222268845699788,0,405,0.0,0.0,0.009396304094299602,0,405,0.0,0.0,0.009396304094299602,3,405,0.007407407407407408,0.0025222747650984045,0.021549639638915277,37,405,0.09135802469135802,0.06700649149242023,0.12338900642168636,277,405,0.6839506172839506,0.6371210189354625,0.7273233037557704,26,405,0.06419753086419754,0.04418307122353903,0.09240185555494926,102,405,0.2518518518518518,0.21204195892147448,0.2963250957031037,223,405,0.5506172839506173,0.501921051865673,0.5983622852507066,163,405,0.4024691358024691,0.35584047433360994,0.450930656588488,0,405,0.0,0.0,0.009396304094299602,0,405,0.0,0.0,0.009396304094299602,19,405,0.04691358024691358,0.030236281281965025,0.07210555477385709,173,405,0.4271604938271605,0.3798898173345615,0.4758000146199167,311 0.32; 363 0.20; 323 0.12; 350 0.07; 312 0.06,5,53 0.18; 38 0.18; 52 0.12; 35 0.10; 44 0.10; 99 0.09,6,earned income 0.38; shelter deduction 0.20; dep care or child support deduction 0.17; unearned income 0.14,"wrong include/exclude decision 0.31; wrong amount, known item 0.29; unreported source of income 0.10; other 0.09",172,81,105,253,0.6798418972332015,0.6200315286777551,0.7342724470021968,0.3201581027667984,105,0.29329608938547486,358,80230.0
4+,shelter_expenses_by_hh_size <= 494.000 & total_deductions_by_hh_size > 235.000 & unc_rawben_rel_max <=   0.997,test_2024,631,181,296,112,296,0.3783783783783784,0.32501904676082016,0.43485416629567375,34,296,0.11486486486486487,0.08337170814096244,0.15622679987126803,60,296,0.20270270270270271,0.160848514148279,0.25217489554537265,11,296,0.037162162162162164,0.020875078510387574,0.0653090933990473,0,296,0.0,0.0,0.012812098121141296,47,296,0.15878378378378377,0.12155688801484787,0.20475407083809316,32,296,0.10810810810810811,0.07762467054530683,0.14863346041450662,141,296,0.47635135135135137,0.42012159693221457,0.533187083384326,58,296,0.19594594594594594,0.1547445537448778,0.2449384788963568,25,296,0.08445945945945946,0.05786078888631605,0.12170602239003786,16,296,0.05405405405405406,0.033542472849401914,0.08599264169107547,15,296,0.05067567567567568,0.030947162289300414,0.08191776372496846,17,296,0.057432432432432436,0.03616344516284027,0.09004185790384563,6,296,0.02027027027027027,0.00932223086977977,0.043510998408612556,2,296,0.006756756756756757,0.001854867437256628,0.024297607736301678,2,296,0.006756756756756757,0.001854867437256628,0.024297607736301678,14,296,0.0472972972972973,0.028379817504722953,0.07781491998333742,191,292,0.6541095890410958,0.5978687906454869,0.7063480605343335,20,292,0.0684931506849315,0.044772625218270135,0.10342019147823234,81,292,0.2773972602739726,0.22918755046678876,0.33138810894013715,176,296,0.5945945945945946,0.5377962295860164,0.6489690491478219,108,296,0.36486486486486486,0.3120796818684247,0.421112777083235,1,296,0.0033783783783783786,0.0005966005300711164,0.018885686117278686,9,296,0.030405405405405407,0.016077105119947862,0.056766689737069984,2,296,0.006756756756756757,0.001854867437256628,0.024297607736301678,118,292,0.4041095890410959,0.34942191769732683,0.4612875971241182,311 0.34; 363 0.20; 323 0.14; 350 0.08,4,56 0.18; 38 0.16; 53 0.09; 35 0.08; 44 0.07; 52 0.05; 99 0.05; 57 0.04; 37 0.03,9,earned income 0.38; shelter deduction 0.20; dep care or child support deduction 0.16; unearned income 0.11,"wrong amount, known item 0.48; wrong include/exclude decision 0.20; unreported source of income 0.08",135,46,77,181,0.7458563535911602,0.6777731758797979,0.8037201676099791,0.2541436464088398,77,0.29844961240310075,258,62426.0
4+,rawben_rel_max <  0.879 & total_deductions_by_hh_size >= 11.200 & total_deductions_by_hh_size < 20.600,all_2022_24,152,51,70,18,70,0.2571428571428571,0.1692914195140977,0.37026351970715426,25,70,0.35714285714285715,0.2550317346898087,0.4741182295579866,10,70,0.14285714285714285,0.07948856360443703,0.24338634701505113,5,70,0.07142857142857142,0.030893761510293508,0.1565561312330923,2,70,0.02857142857142857,0.007870446893806289,0.09832443512391814,0,70,0.0,0.0,0.05202487486728348,10,70,0.14285714285714285,0.07948856360443703,0.24338634701505113,27,70,0.38571428571428573,0.28047517785454174,0.5028447935436945,15,70,0.21428571428571427,0.13438585667978442,0.32391407181580606,5,70,0.07142857142857142,0.030893761510293508,0.1565561312330923,8,70,0.11428571428571428,0.05906058386702606,0.20964431960202118,4,70,0.05714285714285714,0.02244341584741017,0.1379214733207552,2,70,0.02857142857142857,0.007870446893806289,0.09832443512391814,1,70,0.014285714285714285,0.0025261814032348645,0.07658369703926908,0,70,0.0,0.0,0.05202487486728348,0,70,0.0,0.0,0.05202487486728348,8,70,0.11428571428571428,0.05906058386702606,0.20964431960202118,40,69,0.5797101449275363,0.46207193076612163,0.6889406774138196,7,69,0.10144927536231885,0.050016002571615495,0.19492095652867886,22,69,0.3188405797101449,0.2209460520472577,0.4358434748165124,44,69,0.6376811594202898,0.5197955221181357,0.7410444374653989,24,69,0.34782608695652173,0.24617977948252023,0.46552342308304673,0,69,0.0,0.0,0.05273909414400562,0,69,0.0,0.0,0.05273909414400562,1,69,0.014492753623188406,0.002562858644330375,0.07763307335057362,31,69,0.4492753623188406,0.3376866594343888,0.5662144080874668,311 0.23; 350 0.16; 363 0.14; 150 0.10; 364 0.07; 346 0.07,6,44 0.17; 38 0.17; 52 0.16; 99 0.11; 35 0.07; 12 0.04; 7 0.04,7,unearned income 0.36; earned income 0.26; shelter deduction 0.14,"wrong amount, known item 0.39; wrong include/exclude decision 0.21; other 0.11; household composition 0.11",23,28,19,51,0.45098039215686275,0.32267305011132247,0.5861552845835076,0.5490196078431373,19,0.2714285714285714,70,15547.0
4+,rawben_rel_max <  0.879 & total_deductions_by_hh_size >= 11.200 & total_deductions_by_hh_size < 20.600,train_2022_23,110,39,52,12,52,0.23076923076923078,0.13724127341871611,0.3613404291112973,20,52,0.38461538461538464,0.26470271334885215,0.5204037305925822,8,52,0.15384615384615385,0.08007589590882647,0.2752434359154765,4,52,0.07692307692307693,0.03031885429734589,0.1817381068212467,2,52,0.038461538461538464,0.010611488322077554,0.12981428744365978,0,52,0.0,0.0,0.06879459041288215,6,52,0.11538461538461539,0.05396895756082726,0.22971918891062054,17,52,0.3269230769230769,0.2152190173110406,0.46244064860111084,14,52,0.2692307692307692,0.1676881003582587,0.4025247875246099,5,52,0.09615384615384616,0.041773735183410265,0.20609881861160995,4,52,0.07692307692307693,0.03031885429734589,0.1817381068212467,3,52,0.057692307692307696,0.019813812690573196,0.15642755575159178,1,52,0.019230769230769232,0.0034027204090655225,0.10120746268024422,1,52,0.019230769230769232,0.0034027204090655225,0.10120746268024422,0,52,0.0,0.0,0.06879459041288215,0,52,0.0,0.0,0.06879459041288215,7,52,0.1346153846153846,0.06676796994292626,0.2527357692049491,27,51,0.5294117647058824,0.3952307134472659,0.6594722857358359,7,51,0.13725490196078433,0.06811015331542726,0.25721952342631627,17,51,0.3333333333333333,0.21969755762722826,0.4703187803351943,30,51,0.5882352941176471,0.4516509274741746,0.7124580700751311,20,51,0.39215686274509803,0.27027144858027696,0.5291508877483494,0,51,0.0,0.0,0.07004901388726806,0,51,0.0,0.0,0.07004901388726806,1,51,0.0196078431372549,0.003469603253442241,0.10304807675589372,19,51,0.37254901960784315,0.2532032972099011,0.5097503729966575,311 0.21; 363 0.15; 350 0.15; 346 0.10; 364 0.08; 150 0.08,6,52 0.19; 44 0.19; 99 0.13; 38 0.12; 35 0.10; 37 0.04,6,unearned income 0.38; earned income 0.23; shelter deduction 0.15,"wrong amount, known item 0.33; wrong include/exclude decision 0.27; other 0.13; unreported source of income 0.10",18,21,14,39,0.46153846153846156,0.3156664723404835,0.6143081317826119,0.5384615384615384,14,0.2641509433962264,53,11570.0
4+,rawben_rel_max <  0.879 & total_deductions_by_hh_size >= 11.200 & total_deductions_by_hh_size < 20.600,test_2024,42,12,18,6,18,0.3333333333333333,0.1627855436366286,0.5625093065574964,5,18,0.2777777777777778,0.12499569146355474,0.5087307754619452,2,18,0.1111111111111111,0.031018868453582787,0.3280024486660421,1,18,0.05555555555555555,0.009874935830924525,0.2575779980200754,0,18,0.0,0.0,0.1758845505823749,0,18,0.0,0.0,0.1758845505823749,4,18,0.2222222222222222,0.09000781913382,0.4521502645230549,10,18,0.5555555555555556,0.3371606942825164,0.7544076889861088,1,18,0.05555555555555555,0.009874935830924525,0.2575779980200754,0,18,0.0,0.0,0.1758845505823749,4,18,0.2222222222222222,0.09000781913382,0.4521502645230549,1,18,0.05555555555555555,0.009874935830924525,0.2575779980200754,1,18,0.05555555555555555,0.009874935830924525,0.2575779980200754,0,18,0.0,0.0,0.1758845505823749,0,18,0.0,0.0,0.1758845505823749,0,18,0.0,0.0,0.1758845505823749,1,18,0.05555555555555555,0.009874935830924525,0.2575779980200754,13,18,0.7222222222222222,0.49126922453805477,0.8750043085364452,0,18,0.0,0.0,0.1758845505823749,5,18,0.2777777777777778,0.12499569146355474,0.5087307754619452,14,18,0.7777777777777778,0.5478497354769452,0.90999218086618,4,18,0.2222222222222222,0.09000781913382,0.4521502645230549,0,18,0.0,0.0,0.1758845505823749,0,18,0.0,0.0,0.1758845505823749,0,18,0.0,0.0,0.1758845505823749,12,18,0.6666666666666666,0.4374906934425036,0.8372144563633714,311 0.28; 150 0.17; 350 0.17; 363 0.11; 364 0.06,5,38 0.33; 44 0.11; 16 0.06; 7 0.06; 52 0.06; 42 0.06; 56 0.06; 40 0.06,8,earned income 0.33; unearned income 0.28; other element 0.22,"wrong amount, known item 0.56; household composition 0.22",5,7,5,12,0.4166666666666667,0.19325746190524656,0.6804926643446272,0.5833333333333334,5,0.29411764705882354,17,3977.0
4+,rawben_rel_max <   0.988 & shelter_expenses_by_hh_size < 293.000 & total_deductions_by_hh_size >= 200.000 & utilities < 645.000,all_2022_24,447,136,234,77,234,0.32905982905982906,0.2720409396990402,0.3916007445143186,28,234,0.11965811965811966,0.08409784431409778,0.1675049030606256,45,234,0.19230769230769232,0.14694358817091513,0.24761144341313074,12,234,0.05128205128205128,0.029575343763822388,0.08748407729624448,1,234,0.004273504273504274,0.0007547577629937775,0.023806126455746764,57,234,0.24358974358974358,0.19302106602614688,0.30244146029389135,14,234,0.05982905982905983,0.03596957067207315,0.0979077661773258,75,234,0.32051282051282054,0.26403140438211636,0.3827923640419104,89,234,0.3803418803418803,0.32054572584562224,0.4440034531037289,10,234,0.042735042735042736,0.023375585411978244,0.07686591985875656,11,234,0.04700854700854701,0.026448361639136487,0.08220210152626435,13,234,0.05555555555555555,0.032750687334476,0.09271769162025689,12,234,0.05128205128205128,0.029575343763822388,0.08748407729624448,1,234,0.004273504273504274,0.0007547577629937775,0.023806126455746764,0,234,0.0,0.0,0.01615192632407451,2,234,0.008547008547008548,0.002346986722133978,0.030622855391272595,21,234,0.08974358974358974,0.0594463802563413,0.13329366185571984,165,234,0.7051282051282052,0.6437691024666156,0.7598608764773539,16,234,0.06837606837606838,0.04252243854921824,0.10817281408951274,53,234,0.2264957264957265,0.17753489884330742,0.2842917958980667,137,234,0.5854700854700855,0.5214645410725746,0.6467146168207462,83,234,0.3547008547008547,0.2961996063088992,0.41789582527245583,1,234,0.004273504273504274,0.0007547577629937775,0.023806126455746764,0,234,0.0,0.0,0.01615192632407451,13,234,0.05555555555555555,0.032750687334476,0.09271769162025689,101,234,0.43162393162393164,0.3697705223542832,0.4956861513310603,311 0.29; 363 0.19; 323 0.18; 366 0.07; 350 0.06,5,53 0.20; 38 0.18; 52 0.15; 99 0.09; 44 0.08; 35 0.04; 56 0.04,7,earned income 0.33; dep care or child support deduction 0.24; shelter deduction 0.19,"wrong include/exclude decision 0.38; wrong amount, known item 0.32; other 0.09",101,35,66,136,0.7426470588235294,0.6632160993617318,0.808746463995667,0.25735294117647056,66,0.32673267326732675,202,52060.0
4+,rawben_rel_max <   0.988 & shelter_expenses_by_hh_size < 293.000 & total_deductions_by_hh_size >= 200.000 & utilities < 645.000,train_2022_23,305,96,173,55,173,0.3179190751445087,0.25312648473313004,0.390622497406819,24,173,0.13872832369942195,0.09502869000488466,0.19812405233628388,29,173,0.1676300578034682,0.11932367763160703,0.23037684532226807,9,173,0.05202312138728324,0.027607516565911747,0.09590188393713732,1,173,0.005780346820809248,0.0010210766639910194,0.03201187485872761,45,173,0.26011560693641617,0.20045805820783147,0.3301953627067046,10,173,0.057803468208092484,0.03169701651696774,0.1031219401086226,50,173,0.28901734104046245,0.22663145266809848,0.36056974885914406,74,173,0.4277456647398844,0.35637761980661986,0.502252928661614,8,173,0.046242774566473986,0.023615152637950027,0.08858469174255772,8,173,0.046242774566473986,0.023615152637950027,0.08858469174255772,10,173,0.057803468208092484,0.03169701651696774,0.1031219401086226,8,173,0.046242774566473986,0.023615152637950027,0.08858469174255772,1,173,0.005780346820809248,0.0010210766639910194,0.03201187485872761,0,173,0.0,0.0,0.021723395400177335,2,173,0.011560693641618497,0.003176039095965432,0.04116646854929451,12,173,0.06936416184971098,0.04012085968007607,0.1173172091905969,122,173,0.7052023121387283,0.633394852309605,0.7680943900406113,13,173,0.07514450867052024,0.04443750711544603,0.12431011787776824,38,173,0.21965317919075145,0.16441951609425054,0.2870670119624963,101,173,0.5838150289017341,0.5093199535035847,0.6546686102732641,59,173,0.34104046242774566,0.2745374502374823,0.414449756392632,1,173,0.005780346820809248,0.0010210766639910194,0.03201187485872761,0,173,0.0,0.0,0.021723395400177335,12,173,0.06936416184971098,0.04012085968007607,0.1173172091905969,79,173,0.45664739884393063,0.3841663630408885,0.5310119660400519,311 0.28; 323 0.19; 363 0.17; 350 0.07; 366 0.07,5,53 0.22; 38 0.20; 52 0.18; 44 0.09; 99 0.07,5,earned income 0.32; dep care or child support deduction 0.26; shelter deduction 0.17; unearned income 0.14,"wrong include/exclude decision 0.43; wrong amount, known item 0.29; other 0.07",72,24,47,96,0.75,0.6549000204355595,0.8258615058220327,0.25,47,0.32867132867132864,143,39172.0
4+,rawben_rel_max <   0.988 & shelter_expenses_by_hh_size < 293.000 & total_deductions_by_hh_size >= 200.000 & utilities < 645.000,test_2024,142,40,61,22,61,0.36065573770491804,0.25173936505814554,0.48608326732600293,4,61,0.06557377049180328,0.02579328695767287,0.15683021400467229,16,61,0.26229508196721313,0.16838645195913188,0.38436980328441556,3,61,0.04918032786885246,0.016865676835230686,0.1349134279370143,0,61,0.0,0.0,0.05924591620194442,12,61,0.19672131147540983,0.11627688559536849,0.3131017848877781,4,61,0.06557377049180328,0.02579328695767287,0.15683021400467229,25,61,0.4098360655737705,0.2953514834927377,0.5350043374617113,15,61,0.2459016393442623,0.15506522999562844,0.36684662905781873,2,61,0.03278688524590164,0.009037700815687874,0.11189700776645692,3,61,0.04918032786885246,0.016865676835230686,0.1349134279370143,3,61,0.04918032786885246,0.016865676835230686,0.1349134279370143,4,61,0.06557377049180328,0.02579328695767287,0.15683021400467229,0,61,0.0,0.0,0.05924591620194442,0,61,0.0,0.0,0.05924591620194442,0,61,0.0,0.0,0.05924591620194442,9,61,0.14754098360655737,0.07961078689389503,0.257234695018951,43,61,0.7049180327868853,0.5811036064161055,0.8044513459601468,3,61,0.04918032786885246,0.016865676835230686,0.1349134279370143,15,61,0.2459016393442623,0.15506522999562844,0.36684662905781873,36,61,0.5901639344262295,0.46499566253828867,0.7046485165072622,24,61,0.39344262295081966,0.28068166862043625,0.5188297561439126,0,61,0.0,0.0,0.05924591620194442,0,61,0.0,0.0,0.05924591620194442,1,61,0.01639344262295082,0.002899656114363977,0.08719065627768062,22,61,0.36065573770491804,0.25173936505814554,0.48608326732600293,311 0.31; 363 0.26; 323 0.13; 366 0.07,4,99 0.15; 56 0.15; 53 0.13; 38 0.11; 57 0.08; 52 0.07; 44 0.05; 37 0.03,8,earned income 0.36; shelter deduction 0.26; dep care or child support deduction 0.20,"wrong amount, known item 0.41; wrong include/exclude decision 0.25; other 0.15",29,11,19,40,0.725,0.5716474916687543,0.8389214656685692,0.275,19,0.3220338983050847,59,12888.0
2-3,elderly_disabled_i > 0.500 & married <= 0.500 & rawben_rel_max > 0.996 & unc_rawben_rel_max > 1.550,all_2022_24,81,40,55,7,55,0.12727272727272726,0.06304130417480197,0.24017274846822606,35,55,0.6363636363636364,0.5042251814868371,0.7506965065705916,10,55,0.18181818181818182,0.10187561448030712,0.3033071133856924,1,55,0.01818181818181818,0.003216697592252786,0.09606000460483224,1,55,0.01818181818181818,0.003216697592252786,0.09606000460483224,0,55,0.0,0.0,0.06528714378942788,1,55,0.01818181818181818,0.003216697592252786,0.09606000460483224,15,55,0.2727272727272727,0.17280602508013648,0.40232449482414895,19,55,0.34545454545454546,0.23362533364154048,0.4774634198933736,6,55,0.10909090909090909,0.050966556283051315,0.21825793795231957,0,55,0.0,0.0,0.06528714378942788,1,55,0.01818181818181818,0.003216697592252786,0.09606000460483224,3,55,0.05454545454545454,0.01872287596750008,0.14853294304489928,2,55,0.03636363636363636,0.010029330855724924,0.1232369297490173,0,55,0.0,0.0,0.06528714378942788,0,55,0.0,0.0,0.06528714378942788,9,55,0.16363636363636364,0.08855320558522452,0.28263996387311785,35,55,0.6363636363636364,0.5042251814868371,0.7506965065705916,6,55,0.10909090909090909,0.050966556283051315,0.21825793795231957,14,55,0.2545454545454545,0.1581197275732498,0.3830212339233784,34,55,0.6181818181818182,0.4860897928239239,0.7348423368258477,19,55,0.34545454545454546,0.23362533364154048,0.4774634198933736,0,55,0.0,0.0,0.06528714378942788,1,55,0.01818181818181818,0.003216697592252786,0.09606000460483224,1,55,0.01818181818181818,0.003216697592252786,0.09606000460483224,24,55,0.43636363636363634,0.31373238636001305,0.5673041592131869,331 0.24; 363 0.18; 342 0.11; 311 0.11; 333 0.09; 350 0.05,6,38 0.24; 37 0.22; 99 0.16; 35 0.11; 53 0.07,5,unearned income 0.64; shelter deduction 0.18,"wrong include/exclude decision 0.35; wrong amount, known item 0.27; other 0.16",39,1,1,40,0.975,0.8711834051199223,0.9955732825922052,0.025,1,0.024390243902439025,41,14449.0
2-3,elderly_disabled_i > 0.500 & married <= 0.500 & rawben_rel_max > 0.996 & unc_rawben_rel_max > 1.550,train_2022_23,51,31,42,5,42,0.11904761904761904,0.05193726765019084,0.2500068180710754,27,42,0.6428571428571429,0.4916608928707938,0.7701100749837315,7,42,0.16666666666666666,0.08315811295836502,0.30604296204774295,1,42,0.023809523809523808,0.00421529549910029,0.12321481165248252,1,42,0.023809523809523808,0.00421529549910029,0.12321481165248252,0,42,0.0,0.0,0.08380161250916197,1,42,0.023809523809523808,0.00421529549910029,0.12321481165248252,12,42,0.2857142857142857,0.1716685874457567,0.43567496077245566,15,42,0.35714285714285715,0.22988992501626865,0.5083391071292063,4,42,0.09523809523809523,0.0376616388283121,0.2206539522505333,0,42,0.0,0.0,0.08380161250916197,1,42,0.023809523809523808,0.00421529549910029,0.12321481165248252,3,42,0.07142857142857142,0.024589963551172864,0.19009713288525165,2,42,0.047619047619047616,0.013157248639206365,0.1579013531547973,0,42,0.0,0.0,0.08380161250916197,0,42,0.0,0.0,0.08380161250916197,5,42,0.11904761904761904,0.05193726765019084,0.2500068180710754,25,42,0.5952380952380952,0.44494045528177417,0.7295735232879093,6,42,0.14285714285714285,0.06715875684189933,0.2784138235217878,11,42,0.2619047619047619,0.15302485372603591,0.41069019984975563,27,42,0.6428571428571429,0.4916608928707938,0.7701100749837315,14,42,0.3333333333333333,0.2101228076197232,0.4844777298833308,0,42,0.0,0.0,0.08380161250916197,0,42,0.0,0.0,0.08380161250916197,1,42,0.023809523809523808,0.00421529549910029,0.12321481165248252,21,42,0.5,0.3552574591652803,0.6447425408347197,331 0.26; 363 0.17; 333 0.12; 311 0.10; 350 0.07; 342 0.07,6,38 0.26; 37 0.24; 99 0.12; 35 0.10; 53 0.10,5,unearned income 0.64; shelter deduction 0.17,"wrong include/exclude decision 0.36; wrong amount, known item 0.29; other 0.12",30,1,1,31,0.967741935483871,0.8380554282383037,0.9942829259130554,0.03225806451612903,1,0.03125,32,9760.0
2-3,elderly_disabled_i > 0.500 & married <= 0.500 & rawben_rel_max > 0.996 & unc_rawben_rel_max > 1.550,test_2024,30,9,13,2,13,0.15384615384615385,0.04325726318273798,0.4223517050863101,8,13,0.6153846153846154,0.35522480972268555,0.8229055341876319,3,13,0.23076923076923078,0.08179379092465713,0.5025687399512693,0,13,0.0,0.0,0.22810184305529166,0,13,0.0,0.0,0.22810184305529166,0,13,0.0,0.0,0.22810184305529166,0,13,0.0,0.0,0.22810184305529166,3,13,0.23076923076923078,0.08179379092465713,0.5025687399512693,4,13,0.3076923076923077,0.12680497161618087,0.5763111218666236,2,13,0.15384615384615385,0.04325726318273798,0.4223517050863101,0,13,0.0,0.0,0.22810184305529166,0,13,0.0,0.0,0.22810184305529166,0,13,0.0,0.0,0.22810184305529166,0,13,0.0,0.0,0.22810184305529166,0,13,0.0,0.0,0.22810184305529166,0,13,0.0,0.0,0.22810184305529166,4,13,0.3076923076923077,0.12680497161618087,0.5763111218666236,10,13,0.7692307692307693,0.49743126004873084,0.918206209075343,0,13,0.0,0.0,0.22810184305529166,3,13,0.23076923076923078,0.08179379092465713,0.5025687399512693,7,13,0.5384615384615384,0.2914343243183205,0.7679424569851186,5,13,0.38461538461538464,0.17709446581236818,0.6447751902773146,0,13,0.0,0.0,0.22810184305529166,1,13,0.07692307692307693,0.013710066379696323,0.3331453392824736,0,13,0.0,0.0,0.22810184305529166,3,13,0.23076923076923078,0.08179379092465713,0.5025687399512693,363 0.23; 342 0.23; 331 0.15; 311 0.15,4,99 0.31; 38 0.15; 35 0.15; 37 0.15,4,unearned income 0.62; shelter deduction 0.23,"wrong include/exclude decision 0.31; other 0.31; wrong amount, known item 0.23",9,0,0,9,1.0,0.7008472464490407,1.0,0.0,0,0.0,9,4689.0
2-3,cat_elig >   0.50 & shelter_expenses_by_hh_size > 246.00 & unc_rawben_rel_max >   1.63 & utilities <= 748.00,all_2022_24,124,61,90,19,90,0.2111111111111111,0.1395248384759475,0.3063499121676903,42,90,0.4666666666666667,0.3670825183252626,0.5689799529028493,14,90,0.15555555555555556,0.09498189002638328,0.24433031266410787,3,90,0.03333333333333333,0.011400183632439498,0.09347441356112923,3,90,0.03333333333333333,0.011400183632439498,0.09347441356112923,5,90,0.05555555555555555,0.023960618284343184,0.12353899809048416,4,90,0.044444444444444446,0.01741696001324882,0.1087701467709492,21,90,0.23333333333333334,0.15798078393937456,0.33051898588552175,34,90,0.37777777777777777,0.2845581232563842,0.4810042712466932,14,90,0.15555555555555556,0.09498189002638328,0.24433031266410787,3,90,0.03333333333333333,0.011400183632439498,0.09347441356112923,6,90,0.06666666666666667,0.030909506550389258,0.1379026194150674,5,90,0.05555555555555555,0.023960618284343184,0.12353899809048416,1,90,0.011111111111111112,0.00196403353551235,0.06028554447679775,0,90,0.0,0.0,0.04093706842168078,0,90,0.0,0.0,0.04093706842168078,6,90,0.06666666666666667,0.030909506550389258,0.1379026194150674,48,90,0.5333333333333333,0.4310200470971506,0.6329174816747374,5,90,0.05555555555555555,0.023960618284343184,0.12353899809048416,37,90,0.4111111111111111,0.3151304105521081,0.5143695127228572,49,90,0.5444444444444444,0.4418444949284148,0.6434055434341024,39,90,0.43333333333333335,0.33576405263265097,0.5363608898235731,0,90,0.0,0.0,0.04093706842168078,1,90,0.011111111111111112,0.00196403353551235,0.06028554447679775,1,90,0.011111111111111112,0.00196403353551235,0.06028554447679775,34,90,0.37777777777777777,0.2845581232563842,0.4810042712466932,331 0.21; 311 0.21; 363 0.16; 333 0.08; 342 0.06; 323 0.06,6,37 0.22; 38 0.18; 35 0.16; 52 0.09; 99 0.07; 53 0.07,6,unearned income 0.47; earned income 0.21; shelter deduction 0.16,"wrong include/exclude decision 0.38; wrong amount, known item 0.23; unreported source of income 0.16",59,2,5,61,0.9672131147540983,0.888102992233543,0.9909622991843121,0.03278688524590164,5,0.07575757575757576,66,26370.0
2-3,cat_elig >   0.50 & shelter_expenses_by_hh_size > 246.00 & unc_rawben_rel_max >   1.63 & utilities <= 748.00,train_2022_23,83,45,61,14,61,0.22950819672131148,0.141931023788832,0.34913643907451497,30,61,0.4918032786885246,0.37060186643725185,0.6139759354676981,9,61,0.14754098360655737,0.07961078689389503,0.257234695018951,3,61,0.04918032786885246,0.016865676835230686,0.1349134279370143,2,61,0.03278688524590164,0.009037700815687874,0.11189700776645692,1,61,0.01639344262295082,0.002899656114363977,0.08719065627768062,2,61,0.03278688524590164,0.009037700815687874,0.11189700776645692,13,61,0.21311475409836064,0.1289965277061263,0.3312265389671205,22,61,0.36065573770491804,0.25173936505814554,0.48608326732600293,10,61,0.16393442622950818,0.0915591348574295,0.27613074324551673,1,61,0.01639344262295082,0.002899656114363977,0.08719065627768062,5,61,0.08196721311475409,0.035519042911066306,0.177948854241379,5,61,0.08196721311475409,0.035519042911066306,0.177948854241379,1,61,0.01639344262295082,0.002899656114363977,0.08719065627768062,0,61,0.0,0.0,0.05924591620194442,0,61,0.0,0.0,0.05924591620194442,4,61,0.06557377049180328,0.02579328695767287,0.15683021400467229,33,61,0.5409836065573771,0.4172382993581416,0.6598726911171089,3,61,0.04918032786885246,0.016865676835230686,0.1349134279370143,25,61,0.4098360655737705,0.2953514834927377,0.5350043374617113,34,61,0.5573770491803278,0.4330314670045551,0.6749239196607956,26,61,0.4262295081967213,0.3101502855796743,0.5510499315648748,0,61,0.0,0.0,0.05924591620194442,0,61,0.0,0.0,0.05924591620194442,1,61,0.01639344262295082,0.002899656114363977,0.08719065627768062,24,61,0.39344262295081966,0.28068166862043625,0.5188297561439126,331 0.23; 311 0.23; 363 0.15; 333 0.08; 342 0.07,5,38 0.21; 37 0.21; 35 0.16; 52 0.10; 99 0.07,5,unearned income 0.49; earned income 0.23; shelter deduction 0.15,"wrong include/exclude decision 0.36; wrong amount, known item 0.21; unreported source of income 0.16; method or computation 0.08",44,1,3,45,0.9777777777777777,0.8843305361128119,0.9960665024772425,0.022222222222222223,3,0.0625,48,15483.0
2-3,cat_elig >   0.50 & shelter_expenses_by_hh_size > 246.00 & unc_rawben_rel_max >   1.63 & utilities <= 748.00,test_2024,41,16,29,5,29,0.1724137931034483,0.07597745271479928,0.34548800572815114,12,29,0.41379310344827586,0.2551293527964552,0.5926247152148476,5,29,0.1724137931034483,0.07597745271479928,0.34548800572815114,0,29,0.0,0.0,0.11697359446555587,1,29,0.034482758620689655,0.006113056614032261,0.1717589106470025,4,29,0.13793103448275862,0.05497350852047822,0.30559357712699325,2,29,0.06896551724137931,0.019120864097994433,0.21964947595851925,8,29,0.27586206896551724,0.1469858133850274,0.4571747634443597,12,29,0.41379310344827586,0.2551293527964552,0.5926247152148476,4,29,0.13793103448275862,0.05497350852047822,0.30559357712699325,2,29,0.06896551724137931,0.019120864097994433,0.21964947595851925,1,29,0.034482758620689655,0.006113056614032261,0.1717589106470025,0,29,0.0,0.0,0.11697359446555587,0,29,0.0,0.0,0.11697359446555587,0,29,0.0,0.0,0.11697359446555587,0,29,0.0,0.0,0.11697359446555587,2,29,0.06896551724137931,0.019120864097994433,0.21964947595851925,15,29,0.5172413793103449,0.3443073797056916,0.6861418066920478,2,29,0.06896551724137931,0.019120864097994433,0.21964947595851925,12,29,0.41379310344827586,0.2551293527964552,0.5926247152148476,15,29,0.5172413793103449,0.3443073797056916,0.6861418066920478,13,29,0.4482758620689655,0.2841291114874579,0.6245233293193238,0,29,0.0,0.0,0.11697359446555587,1,29,0.034482758620689655,0.006113056614032261,0.1717589106470025,0,29,0.0,0.0,0.11697359446555587,10,29,0.3448275862068966,0.19940508749190483,0.5265522349284402,331 0.17; 311 0.17; 363 0.17; 323 0.14; 346 0.10,5,37 0.24; 35 0.14; 53 0.10; 57 0.10; 38 0.10; 99 0.07,6,unearned income 0.41; earned income 0.17; shelter deduction 0.17,"wrong include/exclude decision 0.41; wrong amount, known item 0.28; unreported source of income 0.14",15,1,2,16,0.9375,0.7167073163197013,0.9888809426916687,0.0625,2,0.1111111111111111,18,10887.0
1,count_divisible_by_100 <=   0.50 & months_since_cert_n >   3.50 & total_deductions_by_hh_size <= 810.00 & unc_rawben_rel_max >   1.93,all_2022_24,115,59,88,8,88,0.09090909090909091,0.04678586169975407,0.16925567067773065,59,88,0.6704545454545454,0.5669262781891273,0.759723083320254,14,88,0.1590909090909091,0.09719813761632919,0.2495031393649081,2,88,0.022727272727272728,0.00625479714413793,0.07912699062959425,2,88,0.022727272727272728,0.00625479714413793,0.07912699062959425,1,88,0.011363636363636364,0.00200873360043052,0.06159643007267622,2,88,0.022727272727272728,0.00625479714413793,0.07912699062959425,24,88,0.2727272727272727,0.19065350395100786,0.3738140140364836,34,88,0.38636363636363635,0.29141940235595687,0.49081435663778894,12,88,0.13636363636363635,0.07975866827381721,0.2233893605061692,0,88,0.0,3.469446951953614e-18,0.04182853957248131,7,88,0.07954545454545454,0.03906436024832495,0.15520054802853434,3,88,0.03409090909090909,0.011660785880160493,0.09549762599419709,2,88,0.022727272727272728,0.00625479714413793,0.07912699062959425,0,88,0.0,3.469446951953614e-18,0.04182853957248131,0,88,0.0,3.469446951953614e-18,0.04182853957248131,6,88,0.06818181818181818,0.031620497305043585,0.14086778687119028,27,88,0.3068181818181818,0.22023391113033136,0.4095634791590365,9,88,0.10227272727272728,0.05474388075144594,0.18307427572666424,52,88,0.5909090909090909,0.4864789444675971,0.6877340483374065,61,88,0.6931818181818182,0.5904365208409637,0.7797660888696687,24,88,0.2727272727272727,0.19065350395100786,0.3738140140364836,1,88,0.011363636363636364,0.00200873360043052,0.06159643007267622,0,88,0.0,3.469446951953614e-18,0.04182853957248131,2,88,0.022727272727272728,0.00625479714413793,0.07912699062959425,49,88,0.5568181818181818,0.4528160324206779,0.6560670880824492,331 0.45; 333 0.17; 363 0.16,3,37 0.24; 38 0.23; 35 0.14; 53 0.11; 99 0.07,5,unearned income 0.67; shelter deduction 0.16,"wrong include/exclude decision 0.39; wrong amount, known item 0.27; unreported source of income 0.14",59,0,0,59,1.0,0.938868520215908,1.0,0.0,0,0.0,59,12114.0
1,count_divisible_by_100 <=   0.50 & months_since_cert_n >   3.50 & total_deductions_by_hh_size <= 810.00 & unc_rawben_rel_max >   1.93,train_2022_23,86,45,66,7,66,0.10606060606060606,0.05233280771918242,0.20312525738814619,45,66,0.6818181818181818,0.5621232331830929,0.78151150599814,8,66,0.12121212121212122,0.06271770703368283,0.22137658633874846,1,66,0.015151515151515152,0.0026795715344567483,0.08096112398225534,2,66,0.030303030303030304,0.008349735075946503,0.10392718870586834,1,66,0.015151515151515152,0.0026795715344567483,0.08096112398225534,2,66,0.030303030303030304,0.008349735075946503,0.10392718870586834,19,66,0.2878787878787879,0.19271802784703906,0.40637477644152253,23,66,0.3484848484848485,0.24475707338560404,0.4688806439633685,10,66,0.15151515151515152,0.08443546388835518,0.2569312860142816,0,66,0.0,0.0,0.05500446725160935,5,66,0.07575757575757576,0.03279155406460817,0.16539405451251493,3,66,0.045454545454545456,0.015577991894810295,0.1253351601521073,2,66,0.030303030303030304,0.008349735075946503,0.10392718870586834,0,66,0.0,0.0,0.05500446725160935,0,66,0.0,0.0,0.05500446725160935,4,66,0.06060606060606061,0.023818229304678556,0.14573115100734177,18,66,0.2727272727272727,0.180032031620791,0.3904245444026678,7,66,0.10606060606060606,0.05233280771918242,0.20312525738814619,41,66,0.6212121212121212,0.5005825419249831,0.728507284195839,45,66,0.6818181818181818,0.5621232331830929,0.78151150599814,18,66,0.2727272727272727,0.180032031620791,0.3904245444026678,1,66,0.015151515151515152,0.0026795715344567483,0.08096112398225534,0,66,0.0,0.0,0.05500446725160935,2,66,0.030303030303030304,0.008349735075946503,0.10392718870586834,35,66,0.5303030303030303,0.41157476624932443,0.645697690280881,331 0.48; 333 0.15; 363 0.12,3,38 0.26; 37 0.21; 35 0.15; 53 0.12; 99 0.06,5,unearned income 0.68; shelter deduction 0.12,"wrong include/exclude decision 0.35; wrong amount, known item 0.29; unreported source of income 0.15",45,0,0,45,1.0,0.9213457380593594,1.0,0.0,0,0.0,45,9072.0
1,count_divisible_by_100 <=   0.50 & months_since_cert_n >   3.50 & total_deductions_by_hh_size <= 810.00 & unc_rawben_rel_max >   1.93,test_2024,29,14,22,1,22,0.045454545454545456,0.008069219301147859,0.21798489499518053,14,22,0.6363636363636364,0.4295134934371804,0.802670272273921,6,22,0.2727272727272727,0.1315058201581444,0.4815212369900198,1,22,0.045454545454545456,0.008069219301147859,0.21798489499518053,0,22,0.0,1.3877787807814457e-17,0.14865952572596125,0,22,0.0,1.3877787807814457e-17,0.14865952572596125,0,22,0.0,1.3877787807814457e-17,0.14865952572596125,5,22,0.22727272727272727,0.10122890794820358,0.4344035606295935,11,22,0.5,0.3072180469247956,0.6927819530752044,2,22,0.09090909090909091,0.025294896282837792,0.2781538065838578,0,22,0.0,1.3877787807814457e-17,0.14865952572596125,2,22,0.09090909090909091,0.025294896282837792,0.2781538065838578,0,22,0.0,1.3877787807814457e-17,0.14865952572596125,0,22,0.0,1.3877787807814457e-17,0.14865952572596125,0,22,0.0,1.3877787807814457e-17,0.14865952572596125,0,22,0.0,1.3877787807814457e-17,0.14865952572596125,2,22,0.09090909090909091,0.025294896282837792,0.2781538065838578,9,22,0.4090909090909091,0.23255559668820378,0.6126552261710619,2,22,0.09090909090909091,0.025294896282837792,0.2781538065838578,11,22,0.5,0.3072180469247956,0.6927819530752044,16,22,0.7272727272727273,0.5184787630099802,0.8684941798418556,6,22,0.2727272727272727,0.1315058201581444,0.4815212369900198,0,22,0.0,1.3877787807814457e-17,0.14865952572596125,0,22,0.0,1.3877787807814457e-17,0.14865952572596125,0,22,0.0,1.3877787807814457e-17,0.14865952572596125,14,22,0.6363636363636364,0.4295134934371804,0.802670272273921,331 0.36; 363 0.27; 333 0.23,3,37 0.32; 38 0.14; 35 0.09; 99 0.09; 53 0.09; 64 0.09,6,unearned income 0.64; shelter deduction 0.27,"wrong include/exclude decision 0.50; wrong amount, known item 0.23; unreported source of income 0.09",14,0,0,14,1.0,0.7846829880728186,1.0,0.0,0,0.0,14,3042.0
4+,count_divisible_by_100 >   0.500 & months_since_cert_n >   5.500 & rawben_rel_max <=   0.947 & total_deductions_by_hh_size > 218.000,all_2022_24,67,30,52,15,52,0.28846153846153844,0.1832980234182869,0.4227304571410092,14,52,0.2692307692307692,0.1676881003582587,0.4025247875246099,9,52,0.17307692307692307,0.0938236875646778,0.29731123693605277,1,52,0.019230769230769232,0.0034027204090655225,0.10120746268024422,1,52,0.019230769230769232,0.0034027204090655225,0.10120746268024422,7,52,0.1346153846153846,0.06676796994292626,0.2527357692049491,5,52,0.09615384615384616,0.041773735183410265,0.20609881861160995,13,52,0.25,0.15233011761438864,0.38206717759205233,16,52,0.3076923076923077,0.19914562391353519,0.4426984493221887,7,52,0.1346153846153846,0.06676796994292626,0.2527357692049491,4,52,0.07692307692307693,0.03031885429734589,0.1817381068212467,4,52,0.07692307692307693,0.03031885429734589,0.1817381068212467,2,52,0.038461538461538464,0.010611488322077554,0.12981428744365978,0,52,0.0,0.0,0.06879459041288215,0,52,0.0,0.0,0.06879459041288215,0,52,0.0,0.0,0.06879459041288215,6,52,0.11538461538461539,0.05396895756082726,0.22971918891062054,41,52,0.7884615384615384,0.659676348640899,0.877557541505515,1,52,0.019230769230769232,0.0034027204090655225,0.10120746268024422,10,52,0.19230769230769232,0.10795930648521072,0.31899121069194747,23,52,0.4423076923076923,0.31594847188588093,0.5766047500848361,26,52,0.5,0.3688563855796992,0.6311436144203009,0,52,0.0,0.0,0.06879459041288215,0,52,0.0,0.0,0.06879459041288215,3,52,0.057692307692307696,0.019813812690573196,0.15642755575159178,21,52,0.40384615384615385,0.28159535424282284,0.5393266823750391,311 0.25; 363 0.17; 323 0.12; 350 0.08; 346 0.06; 333 0.04; 331 0.04,7,53 0.13; 38 0.13; 35 0.13; 99 0.12; 52 0.10; 44 0.08; 37 0.08,7,earned income 0.29; unearned income 0.27; shelter deduction 0.17; dep care or child support deduction 0.13,"wrong include/exclude decision 0.31; wrong amount, known item 0.25; unreported source of income 0.13; other 0.12",25,5,9,30,0.8333333333333334,0.6643529481431982,0.9266356575964831,0.16666666666666666,9,0.23076923076923078,39,14009.0
4+,count_divisible_by_100 >   0.500 & months_since_cert_n >   5.500 & rawben_rel_max <=   0.947 & total_deductions_by_hh_size > 218.000,train_2022_23,45,25,46,12,46,0.2608695652173913,0.15600735194449333,0.402594298082793,14,46,0.30434782608695654,0.19079670807448904,0.4480591874023817,8,46,0.17391304347826086,0.09085683568889254,0.3072363234392253,1,46,0.021739130434782608,0.0038477551112426345,0.11335554494333024,1,46,0.021739130434782608,0.0038477551112426345,0.11335554494333024,6,46,0.13043478260869565,0.06117757137492025,0.2566613423036133,4,46,0.08695652173913043,0.03433531187670748,0.20324935635224178,10,46,0.21739130434782608,0.12260774618580751,0.35573965839189464,16,46,0.34782608695652173,0.22680806269918055,0.49230207822727434,5,46,0.10869565217391304,0.04733076082742689,0.23038103012631456,3,46,0.06521739130434782,0.02242745446634356,0.17503009103781358,4,46,0.08695652173913043,0.03433531187670748,0.20324935635224178,2,46,0.043478260869565216,0.012005193588830829,0.1453252291905342,0,46,0.0,0.0,0.07707617732978073,0,46,0.0,0.0,0.07707617732978073,0,46,0.0,0.0,0.07707617732978073,6,46,0.13043478260869565,0.06117757137492025,0.2566613423036133,37,46,0.8043478260869565,0.668284622588308,0.893495095558782,1,46,0.021739130434782608,0.0038477551112426345,0.11335554494333024,8,46,0.17391304347826086,0.09085683568889254,0.3072363234392253,21,46,0.45652173913043476,0.32154510421121985,0.5982006503391957,22,46,0.4782608695652174,0.34124459875672114,0.6186282785184867,0,46,0.0,0.0,0.07707617732978073,0,46,0.0,0.0,0.07707617732978073,3,46,0.06521739130434782,0.02242745446634356,0.17503009103781358,19,46,0.41304347826086957,0.2828839329710102,0.5566075761298211,311 0.22; 363 0.17; 323 0.11; 350 0.09; 346 0.07; 333 0.04; 331 0.04; 150 0.04,8,53 0.15; 99 0.13; 38 0.13; 52 0.11; 35 0.11; 44 0.09; 37 0.09,7,unearned income 0.30; earned income 0.26; shelter deduction 0.17; dep care or child support deduction 0.13,"wrong include/exclude decision 0.35; wrong amount, known item 0.22; other 0.13; unreported source of income 0.11",20,5,6,25,0.8,0.6086866446346177,0.9113954589934752,0.2,6,0.1935483870967742,31,12456.0
4+,count_divisible_by_100 >   0.500 & months_since_cert_n >   5.500 & rawben_rel_max <=   0.947 & total_deductions_by_hh_size > 218.000,test_2024,22,5,6,3,6,0.5,0.18761280689940868,0.8123871931005913,0,6,0.0,0.0,0.3903430336530645,1,6,0.16666666666666666,0.03005258587173032,0.563509436563646,0,6,0.0,0.0,0.3903430336530645,0,6,0.0,0.0,0.3903430336530645,1,6,0.16666666666666666,0.03005258587173032,0.563509436563646,1,6,0.16666666666666666,0.03005258587173032,0.563509436563646,3,6,0.5,0.18761280689940868,0.8123871931005913,0,6,0.0,0.0,0.3903430336530645,2,6,0.3333333333333333,0.09676933255921683,0.7000116786584712,1,6,0.16666666666666666,0.03005258587173032,0.563509436563646,0,6,0.0,0.0,0.3903430336530645,0,6,0.0,0.0,0.3903430336530645,0,6,0.0,0.0,0.3903430336530645,0,6,0.0,0.0,0.3903430336530645,0,6,0.0,0.0,0.3903430336530645,0,6,0.0,0.0,0.3903430336530645,4,6,0.6666666666666666,0.29998832134152864,0.9032306674407831,0,6,0.0,0.0,0.3903430336530645,2,6,0.3333333333333333,0.09676933255921683,0.7000116786584712,2,6,0.3333333333333333,0.09676933255921683,0.7000116786584712,4,6,0.6666666666666666,0.29998832134152864,0.9032306674407831,0,6,0.0,0.0,0.3903430336530645,0,6,0.0,0.0,0.3903430336530645,0,6,0.0,0.0,0.3903430336530645,2,6,0.3333333333333333,0.09676933255921683,0.7000116786584712,311 0.50; 130 0.17; 363 0.17,3,35 0.33; 56 0.33; 38 0.17,3,earned income 0.50; other element 0.17; shelter deduction 0.17,"wrong amount, known item 0.50; unreported source of income 0.33",5,0,3,5,1.0,0.5655085052479191,1.0,0.0,3,0.375,8,1553.0
4+,months_since_cert_n >=  11 & total_deductions_by_hh_size >= 238 & total_deductions_by_hh_size < 272,all_2022_24,50,24,42,17,42,0.40476190476190477,0.27042647671209086,0.5550595447182258,8,42,0.19047619047619047,0.09981889609856436,0.33301067354996444,5,42,0.11904761904761904,0.05193726765019084,0.2500068180710754,3,42,0.07142857142857142,0.024589963551172864,0.19009713288525165,0,42,0.0,0.0,0.08380161250916197,3,42,0.07142857142857142,0.024589963551172864,0.19009713288525165,6,42,0.14285714285714285,0.06715875684189933,0.2784138235217878,11,42,0.2619047619047619,0.15302485372603591,0.41069019984975563,7,42,0.16666666666666666,0.08315811295836502,0.30604296204774295,4,42,0.09523809523809523,0.0376616388283121,0.2206539522505333,3,42,0.07142857142857142,0.024589963551172864,0.19009713288525165,7,42,0.16666666666666666,0.08315811295836502,0.30604296204774295,5,42,0.11904761904761904,0.05193726765019084,0.2500068180710754,0,42,0.0,0.0,0.08380161250916197,0,42,0.0,0.0,0.08380161250916197,0,42,0.0,0.0,0.08380161250916197,5,42,0.11904761904761904,0.05193726765019084,0.2500068180710754,23,42,0.5476190476190477,0.39948862747122693,0.6877683618136149,2,42,0.047619047619047616,0.013157248639206365,0.1579013531547973,17,42,0.40476190476190477,0.27042647671209086,0.5550595447182258,21,42,0.5,0.3552574591652803,0.6447425408347197,17,42,0.40476190476190477,0.27042647671209086,0.5550595447182258,0,42,0.0,0.0,0.08380161250916197,0,42,0.0,0.0,0.08380161250916197,4,42,0.09523809523809523,0.0376616388283121,0.2206539522505333,14,42,0.3333333333333333,0.2101228076197232,0.4844777298833308,311 0.36; 363 0.12; 323 0.07; 350 0.07; 150 0.07; 364 0.07,6,38 0.17; 99 0.12; 39 0.10; 52 0.10; 35 0.10; 44 0.07; 12 0.05; 65 0.05; 37 0.05,9,earned income 0.40; unearned income 0.19; other element 0.14; shelter deduction 0.12,"wrong amount, known item 0.26; change in circumstances 0.17; wrong include/exclude decision 0.17; method or computation 0.12; other 0.12",17,7,6,24,0.7083333333333334,0.508319363412903,0.8508553966583573,0.2916666666666667,6,0.2,30,10280.0
4+,months_since_cert_n >=  11 & total_deductions_by_hh_size >= 238 & total_deductions_by_hh_size < 272,train_2022_23,37,21,37,14,37,0.3783783783783784,0.2406378746389103,0.5389985744718004,7,37,0.1891891891891892,0.09479858757337126,0.342050115709556,5,37,0.13513513513513514,0.059132072625076235,0.2797772747070557,3,37,0.08108108108108109,0.027960066396321384,0.2130099249850153,0,37,0.0,0.0,0.09406095745514377,2,37,0.05405405405405406,0.01495066277053994,0.1770496506353991,6,37,0.16216216216216217,0.07651103235297099,0.31136799295455864,10,37,0.2702702702702703,0.15397298246990684,0.4297847547392133,5,37,0.13513513513513514,0.059132072625076235,0.2797772747070557,2,37,0.05405405405405406,0.01495066277053994,0.1770496506353991,3,37,0.08108108108108109,0.027960066396321384,0.2130099249850153,7,37,0.1891891891891892,0.09479858757337126,0.342050115709556,5,37,0.13513513513513514,0.059132072625076235,0.2797772747070557,0,37,0.0,0.0,0.09406095745514377,0,37,0.0,0.0,0.09406095745514377,0,37,0.0,0.0,0.09406095745514377,5,37,0.13513513513513514,0.059132072625076235,0.2797772747070557,20,37,0.5405405405405406,0.38383779524767364,0.6896167217154228,2,37,0.05405405405405406,0.01495066277053994,0.1770496506353991,15,37,0.40540540540540543,0.26346295839940137,0.565143168686707,18,37,0.4864864864864865,0.33446153327211037,0.6410536277401908,15,37,0.40540540540540543,0.26346295839940137,0.565143168686707,0,37,0.0,0.0,0.09406095745514377,0,37,0.0,0.0,0.09406095745514377,4,37,0.10810810810810811,0.04285120520506268,0.24708846415167163,12,37,0.32432432432432434,0.19633077820815478,0.48536631495176064,311 0.32; 363 0.14; 350 0.08; 150 0.08; 364 0.08; 312 0.05,6,38 0.16; 99 0.14; 39 0.11; 44 0.08; 52 0.08; 35 0.05; 12 0.05; 65 0.05; 37 0.05,9,earned income 0.38; unearned income 0.19; other element 0.16; shelter deduction 0.14,"wrong amount, known item 0.27; change in circumstances 0.19; method or computation 0.14; wrong include/exclude decision 0.14; other 0.14",15,6,5,21,0.7142857142857143,0.500432261771624,0.8618632425437179,0.2857142857142857,5,0.19230769230769232,26,8799.0
4+,months_since_cert_n >=  11 & total_deductions_by_hh_size >= 238 & total_deductions_by_hh_size < 272,test_2024,13,3,5,3,5,0.6,0.23071993220883708,0.8823817688407467,1,5,0.2,0.03622316096978745,0.6244717358814613,0,5,0.0,0.0,0.43449149475208104,0,5,0.0,0.0,0.43449149475208104,0,5,0.0,0.0,0.43449149475208104,1,5,0.2,0.03622316096978745,0.6244717358814613,0,5,0.0,0.0,0.43449149475208104,1,5,0.2,0.03622316096978745,0.6244717358814613,2,5,0.4,0.1176182311592533,0.769280067791163,2,5,0.4,0.1176182311592533,0.769280067791163,0,5,0.0,0.0,0.43449149475208104,0,5,0.0,0.0,0.43449149475208104,0,5,0.0,0.0,0.43449149475208104,0,5,0.0,0.0,0.43449149475208104,0,5,0.0,0.0,0.43449149475208104,0,5,0.0,0.0,0.43449149475208104,0,5,0.0,0.0,0.43449149475208104,3,5,0.6,0.23071993220883708,0.8823817688407467,0,5,0.0,0.0,0.43449149475208104,2,5,0.4,0.1176182311592533,0.769280067791163,3,5,0.6,0.23071993220883708,0.8823817688407467,2,5,0.4,0.1176182311592533,0.769280067791163,0,5,0.0,0.0,0.43449149475208104,0,5,0.0,0.0,0.43449149475208104,0,5,0.0,0.0,0.43449149475208104,2,5,0.4,0.1176182311592533,0.769280067791163,311 0.60; 334 0.20,2,35 0.40; 58 0.20; 38 0.20,3,earned income 0.60; unearned income 0.20,unreported source of income 0.40; wrong include/exclude decision 0.40,2,1,1,3,0.6666666666666666,0.2076549551264879,0.9385096847238394,0.3333333333333333,1,0.25,4,1481.0
4+,HH_size_n >   4.500 & months_since_cert_n >   5.500 & total_deductions_by_hh_size > 231.000 & unc_rawben_rel_max <=   0.998,all_2022_24,173,70,118,46,118,0.3898305084745763,0.30663375206175597,0.4799744343048052,18,118,0.15254237288135594,0.09872152901674448,0.2282735202931792,24,118,0.2033898305084746,0.14065893187319645,0.28482464680600666,6,118,0.05084745762711865,0.023509310875761358,0.1065086796956034,2,118,0.01694915254237288,0.004660344845762193,0.059698626146082956,14,118,0.11864406779661017,0.07200339980192419,0.18933262992847985,8,118,0.06779661016949153,0.034750758644526016,0.1280967417165986,37,118,0.3135593220338983,0.23684863800621475,0.40202675430642715,31,118,0.2627118644067797,0.19168832306387246,0.34869853987949,14,118,0.11864406779661017,0.07200339980192419,0.18933262992847985,6,118,0.05084745762711865,0.023509310875761358,0.1065086796956034,11,118,0.09322033898305085,0.05285105557398857,0.1592407094717757,11,118,0.09322033898305085,0.05285105557398857,0.1592407094717757,0,118,0.0,0.0,0.03152946120208532,0,118,0.0,0.0,0.03152946120208532,0,118,0.0,0.0,0.03152946120208532,8,118,0.06779661016949153,0.034750758644526016,0.1280967417165986,65,118,0.5508474576271186,0.4609073118114431,0.6375812175578364,6,118,0.05084745762711865,0.023509310875761358,0.1065086796956034,47,118,0.3983050847457627,0.31452541962182934,0.4884975216396117,63,118,0.5338983050847458,0.4442446506155119,0.6214143689640078,53,118,0.4491525423728814,0.36241878244216363,0.5390926881885568,0,118,0.0,0.0,0.03152946120208532,0,118,0.0,0.0,0.03152946120208532,2,118,0.01694915254237288,0.004660344845762193,0.059698626146082956,46,118,0.3898305084745763,0.30663375206175597,0.4799744343048052,311 0.34; 363 0.20; 323 0.08; 150 0.05; 364 0.05; 312 0.05,6,38 0.19; 35 0.12; 52 0.11; 53 0.10; 44 0.07; 99 0.07; 64 0.05; 98 0.04,8,earned income 0.39; shelter deduction 0.20; unearned income 0.15; dep care or child support deduction 0.12,"wrong amount, known item 0.31; wrong include/exclude decision 0.26; unreported source of income 0.12; method or computation 0.09",49,21,24,70,0.7,0.584554617438188,0.7946354326148984,0.3,24,0.2553191489361702,94,28029.0
4+,HH_size_n >   4.500 & months_since_cert_n >   5.500 & total_deductions_by_hh_size > 231.000 & unc_rawben_rel_max <=   0.998,train_2022_23,95,45,82,25,82,0.3048780487804878,0.21583254094468948,0.4113878277343659,15,82,0.18292682926829268,0.1141092170763672,0.2801238820270978,18,82,0.21951219512195122,0.14360671297875127,0.32052256699739085,5,82,0.06097560975609756,0.02632356690332186,0.13492226262455276,2,82,0.024390243902439025,0.00671422956512354,0.08463541909007394,12,82,0.14634146341463414,0.08574077865956604,0.23859613957122183,5,82,0.06097560975609756,0.02632356690332186,0.13492226262455276,20,82,0.24390243902439024,0.1637976208028234,0.3469291130884367,23,82,0.2804878048780488,0.19477015056503783,0.3858527641988995,9,82,0.10975609756097561,0.05882647906650991,0.19561425829160084,4,82,0.04878048780487805,0.0191307559738843,0.11881634659643125,8,82,0.0975609756097561,0.05026808709378501,0.18087392330676672,10,82,0.12195121951219512,0.06760780907257918,0.21013165524309063,0,82,0.0,0.0,0.044752194740079396,0,82,0.0,0.0,0.044752194740079396,0,82,0.0,0.0,0.044752194740079396,8,82,0.0975609756097561,0.05026808709378501,0.18087392330676672,52,82,0.6341463414634146,0.5260706597602314,0.7302153367729181,5,82,0.06097560975609756,0.02632356690332186,0.13492226262455276,25,82,0.3048780487804878,0.21583254094468948,0.4113878277343659,42,82,0.5121951219512195,0.40590584856555767,0.6173928783920014,38,82,0.4634146341463415,0.35954916535448855,0.5705546537728343,0,82,0.0,0.0,0.044752194740079396,0,82,0.0,0.0,0.044752194740079396,2,82,0.024390243902439025,0.00671422956512354,0.08463541909007394,31,82,0.3780487804878049,0.28078209931893033,0.4862306311054793,311 0.26; 363 0.22; 323 0.09; 366 0.06; 364 0.06; 150 0.05; 350 0.05,7,38 0.17; 52 0.13; 53 0.12; 35 0.11; 99 0.10; 64 0.07; 44 0.07,7,earned income 0.30; shelter deduction 0.22; unearned income 0.18; dep care or child support deduction 0.15,"wrong include/exclude decision 0.28; wrong amount, known item 0.24; method or computation 0.12; unreported source of income 0.11",31,14,17,45,0.6888888888888889,0.5433492001245104,0.8047147453645809,0.3111111111111111,17,0.27419354838709675,62,17216.0
4+,HH_size_n >   4.500 & months_since_cert_n >   5.500 & total_deductions_by_hh_size > 231.000 & unc_rawben_rel_max <=   0.998,test_2024,78,25,36,21,36,0.5833333333333334,0.4219996966427768,0.7285966649491271,3,36,0.08333333333333333,0.0287480892712918,0.21827010276918848,6,36,0.16666666666666666,0.07870340628564097,0.3189111473467432,1,36,0.027777777777777776,0.004920280295569679,0.141700337350308,0,36,0.0,0.0,0.09642183044857634,2,36,0.05555555555555555,0.015369663767066846,0.18144974107611211,3,36,0.08333333333333333,0.0287480892712918,0.21827010276918848,17,36,0.4722222222222222,0.31985792907209337,0.6299432837306054,8,36,0.2222222222222222,0.11716192974839595,0.38085019827859085,5,36,0.1388888888888889,0.060817253631150966,0.2865985128039319,2,36,0.05555555555555555,0.015369663767066846,0.18144974107611211,3,36,0.08333333333333333,0.0287480892712918,0.21827010276918848,1,36,0.027777777777777776,0.004920280295569679,0.141700337350308,0,36,0.0,0.0,0.09642183044857634,0,36,0.0,0.0,0.09642183044857634,0,36,0.0,0.0,0.09642183044857634,0,36,0.0,0.0,0.09642183044857634,13,36,0.3611111111111111,0.2247538679218132,0.5242521960916802,1,36,0.027777777777777776,0.004920280295569679,0.141700337350308,22,36,0.6111111111111112,0.4486417029674347,0.7521534458217705,21,36,0.5833333333333334,0.4219996966427768,0.7285966649491271,15,36,0.4166666666666667,0.2714033350508729,0.5780003033572231,0,36,0.0,0.0,0.09642183044857634,0,36,0.0,0.0,0.09642183044857634,0,36,0.0,0.0,0.09642183044857634,15,36,0.4166666666666667,0.2714033350508729,0.5780003033572231,311 0.53; 363 0.17; 150 0.06,3,38 0.25; 35 0.14; 44 0.06; 41 0.06; 53 0.06; 56 0.06; 57 0.06; 52 0.06; 33 0.06,9,earned income 0.58; shelter deduction 0.17,"wrong amount, known item 0.47; wrong include/exclude decision 0.22; unreported source of income 0.14",18,7,7,25,0.72,0.5242302810344169,0.8571632616261843,0.28,7,0.21875,32,10813.0
2-3,children_i <=   0.5 & months_since_cert_n <=  16.5 & total_deductions_by_hh_size > 200.0 & utilities <= 524.0,all_2022_24,1514,340,505,123,505,0.24356435643564356,0.20815455026216018,0.2828461855267375,87,505,0.17227722772277226,0.14184715305854276,0.20765571777591726,132,505,0.2613861386138614,0.22496698267704612,0.30140821935046097,35,505,0.06930693069306931,0.050252599667286305,0.09486446623298599,47,505,0.09306930693069307,0.07071143319661868,0.12157158768846615,7,505,0.013861386138613862,0.006730240771641454,0.0283329301640682,74,505,0.14653465346534653,0.11836000468459686,0.1800464149163162,90,505,0.1782178217821782,0.1473064844250648,0.21398787515559833,193,505,0.3821782178217822,0.3408372872235379,0.4252981859767664,65,505,0.12871287128712872,0.10228372146083337,0.1607482319014703,53,505,0.10495049504950495,0.08113593132931314,0.13473006704817797,23,505,0.04554455445544554,0.03053757895912816,0.06741353195633157,17,505,0.033663366336633666,0.021122059713426,0.05324607370962746,7,505,0.013861386138613862,0.006730240771641454,0.0283329301640682,8,505,0.015841584158415842,0.008048455030690122,0.03094521215375392,1,505,0.0019801980198019802,0.0003496301435505873,0.011130563299752788,48,505,0.09504950495049505,0.0724409304513323,0.1237725866824869,302,505,0.598019801980198,0.5546718564689269,0.6398877078434247,73,505,0.14455445544554454,0.11656574018985943,0.17791018316231927,129,505,0.25544554455445545,0.2193536263163531,0.2952300869649509,247,505,0.4891089108910891,0.4457568683605007,0.5326254022714602,242,505,0.4792079207920792,0.43595769338326906,0.5227720960050198,1,505,0.0019801980198019802,0.0003496301435505873,0.011130563299752788,2,505,0.0039603960396039604,0.0010867334041147819,0.014323956287922976,13,505,0.02574257425742574,0.015104579698888872,0.04354156872922706,148,505,0.29306930693069305,0.25505146766488024,0.3342116743423769,363 0.26; 311 0.21; 365 0.09; 150 0.08; 331 0.08; 364 0.07,6,53 0.23; 35 0.13; 38 0.10; 99 0.10; 52 0.09; 37 0.05; 13 0.04; 7 0.04,8,shelter deduction 0.26; earned income 0.24; unearned income 0.17; other element 0.15,"wrong include/exclude decision 0.38; wrong amount, known item 0.18; unreported source of income 0.13; household composition 0.10",289,51,185,340,0.85,0.8081449503094791,0.8840342391777731,0.15,185,0.3523809523809524,525,100757.0
2-3,children_i <=   0.5 & months_since_cert_n <=  16.5 & total_deductions_by_hh_size > 200.0 & utilities <= 524.0,train_2022_23,1062,232,352,85,352,0.24147727272727273,0.19971247698961528,0.2888239954183325,67,352,0.1903409090909091,0.15275799478255625,0.23460986777201853,88,352,0.25,0.20762679354997263,0.2977711138335374,25,352,0.07102272727272728,0.04856626391813659,0.10274150897856801,33,352,0.09375,0.06753420202738837,0.1287373974708153,3,352,0.008522727272727272,0.002902593571266378,0.02475465617131571,51,352,0.14488636363636365,0.1119473220679173,0.18549288728365937,51,352,0.14488636363636365,0.1119473220679173,0.18549288728365937,138,352,0.39204545454545453,0.34247142451676277,0.4439503991261165,44,352,0.125,0.09444811218706174,0.1636487488882032,33,352,0.09375,0.06753420202738837,0.1287373974708153,20,352,0.056818181818181816,0.03707845976747816,0.0861269215032895,12,352,0.03409090909090909,0.0196068867569533,0.058634667912315266,3,352,0.008522727272727272,0.002902593571266378,0.02475465617131571,8,352,0.022727272727272728,0.011560144634489733,0.044199496734029294,1,352,0.002840909090909091,0.0005016534566580928,0.015914639635549226,42,352,0.11931818181818182,0.08949671235224257,0.15735919207264762,198,352,0.5625,0.5102768589610664,0.6133736641930561,56,352,0.1590909090909091,0.12458989026118089,0.20095271071633264,98,352,0.2784090909090909,0.23416900950088104,0.3274336811345028,170,352,0.48295454545454547,0.4312169812875851,0.5350601487612906,171,352,0.48579545454545453,0.434018091252263,0.5378795171218,0,352,0.0,8.673617379884035e-19,0.010795814767019931,0,352,0.0,8.673617379884035e-19,0.010795814767019931,11,352,0.03125,0.017537273399986827,0.05508380294409436,100,352,0.2840909090909091,0.23950571540166957,0.33333793188408906,363 0.25; 311 0.20; 365 0.09; 331 0.09; 150 0.07; 364 0.07,6,53 0.25; 35 0.12; 99 0.12; 38 0.10; 52 0.08; 37 0.06; 13 0.04,7,shelter deduction 0.25; earned income 0.24; unearned income 0.19; other element 0.14,"wrong include/exclude decision 0.39; wrong amount, known item 0.14; unreported source of income 0.12; other 0.12",198,34,120,232,0.853448275862069,0.8021885837077938,0.8931934014890501,0.14655172413793102,120,0.3409090909090909,352,69605.0
2-3,children_i <=   0.5 & months_since_cert_n <=  16.5 & total_deductions_by_hh_size > 200.0 & utilities <= 524.0,test_2024,452,108,153,38,153,0.24836601307189543,0.18662917039145915,0.322429650737629,20,153,0.13071895424836602,0.08623782189868993,0.19329005845958236,44,153,0.2875816993464052,0.22175456746761424,0.3638145672517459,10,153,0.06535947712418301,0.03588572265786769,0.11612496838328468,14,153,0.0915032679738562,0.055289031952932284,0.14772853481506804,4,153,0.026143790849673203,0.010212574388730519,0.06528780306214987,23,153,0.1503267973856209,0.1023063933961076,0.2154766437573007,39,153,0.2549019607843137,0.19243618337159418,0.329374356689206,55,153,0.35947712418300654,0.2877421847521379,0.4380958582160543,21,153,0.13725490196078433,0.09155625124127831,0.200723348048706,20,153,0.13071895424836602,0.08623782189868993,0.19329005845958236,3,153,0.0196078431372549,0.0066903672665462426,0.05605829125262214,5,153,0.032679738562091505,0.014037827460974803,0.07421426892161757,4,153,0.026143790849673203,0.010212574388730519,0.06528780306214987,0,153,0.0,0.0,0.0244935017240324,0,153,0.0,0.0,0.0244935017240324,6,153,0.0392156862745098,0.018094494157286263,0.0829093211570181,104,153,0.6797385620915033,0.6021823867171926,0.7484898839048874,17,153,0.1111111111111111,0.07053804163287497,0.17073468193026134,31,153,0.20261437908496732,0.14657169440391038,0.2732250942031939,77,153,0.5032679738562091,0.42493756068608235,0.5814382987797737,71,153,0.46405228758169936,0.38687830957341385,0.5429872363021702,1,153,0.006535947712418301,0.0011546587784428824,0.036090561877301516,2,153,0.013071895424836602,0.0035920605743917436,0.04640487901306465,2,153,0.013071895424836602,0.0035920605743917436,0.04640487901306465,48,153,0.3137254901960784,0.24552598405651122,0.39105002638969694,363 0.29; 311 0.22; 150 0.10; 365 0.09; 364 0.07,5,53 0.18; 35 0.14; 56 0.11; 52 0.10; 38 0.08; 7 0.06; 13 0.05; 37 0.05,8,shelter deduction 0.29; earned income 0.25; other element 0.15; unearned income 0.13,"wrong include/exclude decision 0.36; wrong amount, known item 0.25; unreported source of income 0.14",91,17,65,108,0.8425925925925926,0.7623112406630498,0.8993388072618725,0.1574074074074074,65,0.37572254335260113,173,31152.0
4+,months_since_cert_n >=   9.000 & rawben_rel_max <   0.822 & total_deductions_by_hh_size >= 109.000 & unc_rawben_rel_max >=   0.725,all_2022_24,159,65,101,40,101,0.39603960396039606,0.30615270750553597,0.4935451223635236,14,101,0.13861386138613863,0.08439911478812395,0.21931238904241657,17,101,0.16831683168316833,0.10782685390786728,0.2531138413886562,5,101,0.04950495049504951,0.021328195361982306,0.11069573407060934,0,101,0.0,0.0,0.03664194365595336,6,101,0.0594059405940594,0.02750775260018063,0.12359257398773865,19,101,0.18811881188118812,0.12387028698950667,0.2752232026176721,31,101,0.3069306930693069,0.22543494459305358,0.4025753108780571,17,101,0.16831683168316833,0.10782685390786728,0.2531138413886562,8,101,0.07920792079207921,0.04068048623667317,0.14857263466190143,11,101,0.10891089108910891,0.06191064333684265,0.1845716690277149,16,101,0.15841584158415842,0.0999267161245613,0.24193758201663454,7,101,0.06930693069306931,0.033974895429948894,0.13620182831329805,0,101,0.0,0.0,0.03664194365595336,2,101,0.019801980198019802,0.005447208292721675,0.06934752967388699,1,101,0.009900990099009901,0.001749866201761846,0.05396847460951917,8,101,0.07920792079207921,0.04068048623667317,0.14857263466190143,35,101,0.3465346534653465,0.26089385353016686,0.44342199056225434,8,101,0.07920792079207921,0.04068048623667317,0.14857263466190143,58,101,0.5742574257425742,0.47684837141099295,0.6662246072539644,53,101,0.5247524752475248,0.42824811910483207,0.6194428737834871,45,101,0.44554455445544555,0.35237789075506937,0.5427019248906285,0,101,0.0,0.0,0.03664194365595336,1,101,0.009900990099009901,0.001749866201761846,0.05396847460951917,2,101,0.019801980198019802,0.005447208292721675,0.06934752967388699,34,101,0.33663366336633666,0.2519643423829841,0.4332751045541095,311 0.30; 363 0.17; 312 0.10; 150 0.08; 346 0.05; 364 0.05; 323 0.04,7,38 0.15; 53 0.14; 44 0.08; 99 0.08; 35 0.08; 39 0.06; 41 0.06; 12 0.05; 54 0.04; 64 0.03,10,earned income 0.40; other element 0.19; shelter deduction 0.17,"wrong amount, known item 0.31; wrong include/exclude decision 0.17; change in circumstances 0.16; household composition 0.11; other 0.08",46,19,25,65,0.7076923076923077,0.5880373289917318,0.8041673844373576,0.2923076923076923,25,0.2777777777777778,90,24299.0
4+,months_since_cert_n >=   9.000 & rawben_rel_max <   0.822 & total_deductions_by_hh_size >= 109.000 & unc_rawben_rel_max >=   0.725,train_2022_23,111,49,73,28,73,0.3835616438356164,0.2805043940267184,0.4982612745694586,11,73,0.1506849315068493,0.08627588209726772,0.25002112369126345,13,73,0.1780821917808219,0.10713272068797698,0.2812194219014537,4,73,0.0547945205479452,0.02151214924893479,0.1325918777364481,0,73,0.0,0.0,0.04999375338358389,4,73,0.0547945205479452,0.02151214924893479,0.1325918777364481,13,73,0.1780821917808219,0.10713272068797698,0.2812194219014537,20,73,0.273972602739726,0.18491307031474408,0.3856320510778349,15,73,0.2054794520547945,0.1286685959377339,0.3117386834525963,4,73,0.0547945205479452,0.02151214924893479,0.1325918777364481,9,73,0.1232876712328767,0.06623676164045252,0.21800510734717915,13,73,0.1780821917808219,0.10713272068797698,0.2812194219014537,4,73,0.0547945205479452,0.02151214924893479,0.1325918777364481,0,73,0.0,0.0,0.04999375338358389,2,73,0.0273972602739726,0.007545600452515573,0.09450328973196781,1,73,0.0136986301369863,0.0024221890927605197,0.0735991326912731,5,73,0.0684931506849315,0.029608602066378893,0.15052299331945376,29,73,0.3972602739726027,0.29286528165068365,0.5119279553459432,6,73,0.0821917808219178,0.03821322997342026,0.16794593381286216,38,73,0.5205479452054794,0.4078139828476829,0.6312273697529917,41,73,0.5616438356164384,0.44757571671811325,0.6695483410839106,31,73,0.4246575342465753,0.31784011426782005,0.5390082595297062,0,73,0.0,0.0,0.04999375338358389,0,73,0.0,0.0,0.04999375338358389,1,73,0.0136986301369863,0.0024221890927605197,0.0735991326912731,23,73,0.3150684931506849,0.22003473675403795,0.4285930898398903,311 0.29; 363 0.18; 312 0.10; 150 0.08; 364 0.05; 350 0.04; 346 0.04,7,53 0.16; 38 0.16; 44 0.08; 99 0.07; 39 0.07; 35 0.05; 41 0.05; 12 0.05; 64 0.04,9,earned income 0.38; shelter deduction 0.18; other element 0.18; unearned income 0.15,"wrong amount, known item 0.27; wrong include/exclude decision 0.21; change in circumstances 0.18; household composition 0.12",33,16,21,49,0.673469387755102,0.5337894368740628,0.7879267867073578,0.32653061224489793,21,0.3,70,16140.0
4+,months_since_cert_n >=   9.000 & rawben_rel_max <   0.822 & total_deductions_by_hh_size >= 109.000 & unc_rawben_rel_max >=   0.725,test_2024,48,16,28,12,28,0.42857142857142855,0.2650829618073122,0.609295210143846,3,28,0.10714285714285714,0.03711769205479949,0.2719622536765708,4,28,0.14285714285714285,0.056989129307017855,0.31490173044877334,1,28,0.03571428571428571,0.00633235649754188,0.17712576118498663,0,28,0.0,0.0,0.12064720365810762,2,28,0.07142857142857142,0.019811647447770794,0.2264573842591786,6,28,0.21428571428571427,0.10212321701189422,0.3953894707927388,11,28,0.39285714285714285,0.23565451827580033,0.575912739650937,2,28,0.07142857142857142,0.019811647447770794,0.2264573842591786,4,28,0.14285714285714285,0.056989129307017855,0.31490173044877334,2,28,0.07142857142857142,0.019811647447770794,0.2264573842591786,3,28,0.10714285714285714,0.03711769205479949,0.2719622536765708,3,28,0.10714285714285714,0.03711769205479949,0.2719622536765708,0,28,0.0,0.0,0.12064720365810762,0,28,0.0,0.0,0.12064720365810762,0,28,0.0,0.0,0.12064720365810762,3,28,0.10714285714285714,0.03711769205479949,0.2719622536765708,6,28,0.21428571428571427,0.10212321701189422,0.3953894707927388,2,28,0.07142857142857142,0.019811647447770794,0.2264573842591786,20,28,0.7142857142857143,0.529403642629825,0.8474618415167003,12,28,0.42857142857142855,0.2650829618073122,0.609295210143846,14,28,0.5,0.3263284683244634,0.6736715316755366,0,28,0.0,0.0,0.12064720365810762,1,28,0.03571428571428571,0.00633235649754188,0.17712576118498663,1,28,0.03571428571428571,0.00633235649754188,0.17712576118498663,11,28,0.39285714285714285,0.23565451827580033,0.575912739650937,311 0.32; 363 0.14; 520 0.11; 312 0.11; 150 0.07; 346 0.07,6,35 0.14; 99 0.11; 38 0.11; 53 0.07; 41 0.07; 44 0.07; 57 0.07; 54 0.07; 56 0.07,9,earned income 0.43; other element 0.21; shelter deduction 0.14,"wrong amount, known item 0.39; unreported source of income 0.14; other 0.11; change in circumstances 0.11; method or computation 0.11",13,3,4,16,0.8125,0.5699064013154177,0.9340852122641324,0.1875,4,0.2,20,8159.0
2-3,married <=   0.5 & months_since_cert_n >   6.5 & total_deductions_by_hh_size > 637.0 & utilities <= 756.0,all_2022_24,62,25,45,9,45,0.2,0.10896004402509006,0.3382325131392944,9,45,0.2,0.10896004402509006,0.3382325131392944,9,45,0.2,0.10896004402509006,0.3382325131392944,2,45,0.044444444444444446,0.012273869040444335,0.14827779183880616,2,45,0.044444444444444446,0.012273869040444335,0.14827779183880616,7,45,0.15555555555555556,0.07745325311328677,0.28784190511248803,7,45,0.15555555555555556,0.07745325311328677,0.28784190511248803,7,45,0.15555555555555556,0.07745325311328677,0.28784190511248803,18,45,0.4,0.27024679447957545,0.5454840579085527,7,45,0.15555555555555556,0.07745325311328677,0.28784190511248803,2,45,0.044444444444444446,0.012273869040444335,0.14827779183880616,1,45,0.022222222222222223,0.003933497522757505,0.11566946388718813,2,45,0.044444444444444446,0.012273869040444335,0.14827779183880616,0,45,0.0,0.0,0.07865426194064076,4,45,0.08888888888888889,0.035110548134203154,0.20733851168365702,0,45,0.0,0.0,0.07865426194064076,4,45,0.08888888888888889,0.035110548134203154,0.20733851168365702,17,45,0.37777777777777777,0.25107885298349863,0.5237032999353246,8,45,0.17777777777777778,0.0929427892585383,0.3133010684365414,20,45,0.4444444444444444,0.30938708549039107,0.5882411658363468,26,45,0.5777777777777777,0.433005327959445,0.7103151201831219,16,45,0.35555555555555557,0.23218891356904048,0.5016445398804781,0,45,0.0,0.0,0.07865426194064076,1,45,0.022222222222222223,0.003933497522757505,0.11566946388718813,2,45,0.044444444444444446,0.012273869040444335,0.14827779183880616,14,45,0.3111111111111111,0.19528525463541907,0.4566507998754897,311 0.20; 363 0.20; 323 0.11; 350 0.07; 334 0.04; 364 0.04; 372 0.04; 371 0.04,8,53 0.20; 35 0.16; 52 0.13; 38 0.11; 99 0.09; 29 0.09,6,earned income 0.20; unearned income 0.20; shelter deduction 0.20; dep care or child support deduction 0.16,"wrong include/exclude decision 0.40; unreported source of income 0.16; wrong amount, known item 0.16; other 0.09",22,3,11,25,0.88,0.7004380781662651,0.9583325864293191,0.12,11,0.3055555555555556,36,10783.0
2-3,married <=   0.5 & months_since_cert_n >   6.5 & total_deductions_by_hh_size > 637.0 & utilities <= 756.0,train_2022_23,37,19,37,8,37,0.21621621621621623,0.11386376851955585,0.37195461273876906,8,37,0.21621621621621623,0.11386376851955585,0.37195461273876906,6,37,0.16216216216216217,0.07651103235297099,0.31136799295455864,1,37,0.02702702702702703,0.004786851054907726,0.13824378437563367,2,37,0.05405405405405406,0.01495066277053994,0.1770496506353991,6,37,0.16216216216216217,0.07651103235297099,0.31136799295455864,6,37,0.16216216216216217,0.07651103235297099,0.31136799295455864,5,37,0.13513513513513514,0.059132072625076235,0.2797772747070557,15,37,0.40540540540540543,0.26346295839940137,0.565143168686707,6,37,0.16216216216216217,0.07651103235297099,0.31136799295455864,1,37,0.02702702702702703,0.004786851054907726,0.13824378437563367,1,37,0.02702702702702703,0.004786851054907726,0.13824378437563367,2,37,0.05405405405405406,0.01495066277053994,0.1770496506353991,0,37,0.0,0.0,0.09406095745514377,4,37,0.10810810810810811,0.04285120520506268,0.24708846415167163,0,37,0.0,0.0,0.09406095745514377,3,37,0.08108108108108109,0.027960066396321384,0.2130099249850153,11,37,0.2972972972972973,0.17489302346408198,0.45783439172043583,7,37,0.1891891891891892,0.09479858757337126,0.342050115709556,19,37,0.5135135135135135,0.3589463722598092,0.6655384667278896,21,37,0.5675675675675675,0.40913906334200717,0.713285131596487,14,37,0.3783783783783784,0.2406378746389103,0.5389985744718004,0,37,0.0,0.0,0.09406095745514377,0,37,0.0,0.0,0.09406095745514377,2,37,0.05405405405405406,0.01495066277053994,0.1770496506353991,9,37,0.24324324324324326,0.13361203432663304,0.4011760249070895,311 0.22; 363 0.16; 323 0.11; 350 0.08; 334 0.05; 372 0.05; 371 0.05; 366 0.05,8,53 0.24; 35 0.16; 38 0.11; 29 0.11; 99 0.08; 37 0.08,6,earned income 0.22; unearned income 0.22; dep care or child support deduction 0.16; other element 0.16,"wrong include/exclude decision 0.41; unreported source of income 0.16; wrong amount, known item 0.14; limits and thresholds 0.11",19,0,7,19,1.0,0.8318156346315496,1.0,0.0,7,0.2692307692307692,26,8181.0
2-3,married <=   0.5 & months_since_cert_n >   6.5 & total_deductions_by_hh_size > 637.0 & utilities <= 756.0,test_2024,25,6,8,1,8,0.125,0.02241690886329617,0.4708948057698615,1,8,0.125,0.02241690886329617,0.4708948057698615,3,8,0.375,0.13684175946152105,0.6942621454161981,1,8,0.125,0.02241690886329617,0.4708948057698615,0,8,0.0,0.0,0.3244156195108769,1,8,0.125,0.02241690886329617,0.4708948057698615,1,8,0.125,0.02241690886329617,0.4708948057698615,2,8,0.25,0.07147768885802763,0.5907301208974108,3,8,0.375,0.13684175946152105,0.6942621454161981,1,8,0.125,0.02241690886329617,0.4708948057698615,1,8,0.125,0.02241690886329617,0.4708948057698615,0,8,0.0,0.0,0.3244156195108769,0,8,0.0,0.0,0.3244156195108769,0,8,0.0,0.0,0.3244156195108769,0,8,0.0,0.0,0.3244156195108769,0,8,0.0,0.0,0.3244156195108769,1,8,0.125,0.02241690886329617,0.4708948057698615,6,8,0.75,0.40926987910258916,0.9285223111419724,1,8,0.125,0.02241690886329617,0.4708948057698615,1,8,0.125,0.02241690886329617,0.4708948057698615,5,8,0.625,0.30573785458380187,0.863158240538479,2,8,0.25,0.07147768885802763,0.5907301208974108,0,8,0.0,0.0,0.3244156195108769,1,8,0.125,0.02241690886329617,0.4708948057698615,0,8,0.0,0.0,0.3244156195108769,5,8,0.625,0.30573785458380187,0.863158240538479,363 0.38; 323 0.12; 150 0.12; 364 0.12,4,52 0.38; 12 0.12; 56 0.12; 35 0.12,4,shelter deduction 0.38; dep care or child support deduction 0.12; other element 0.12; utility allowance 0.12,"wrong include/exclude decision 0.38; wrong amount, known item 0.25; household composition 0.12",3,3,4,6,0.5,0.18761280689940868,0.8123871931005913,0.5,4,0.4,10,2602.0
1,rawben_rel_max <=   0.998 & total_deductions_by_hh_size > 602.000 & utilities <= 272.000,all_2022_24,436,173,296,30,296,0.10135135135135136,0.07191899900443502,0.14099875490296143,16,296,0.05405405405405406,0.033542472849401914,0.08599264169107547,118,296,0.39864864864864863,0.3445115915993638,0.45538275261438105,80,296,0.2702702702702703,0.22285964695726868,0.323567533260553,39,296,0.13175675675675674,0.09790111112989222,0.17504833951338075,5,296,0.016891891891891893,0.007236132272172943,0.038926908480010874,8,296,0.02702702702702703,0.013757160607576008,0.05241644572323334,52,296,0.17567567567567569,0.13655700866483186,0.22310489281915172,168,296,0.5675675675675675,0.5106190724896178,0.6227846980345522,17,296,0.057432432432432436,0.03616344516284027,0.09004185790384563,1,296,0.0033783783783783786,0.0005966005300711164,0.018885686117278686,36,296,0.12162162162162163,0.08915704133637678,0.16378184372827073,6,296,0.02027027027027027,0.00932223086977977,0.043510998408612556,2,296,0.006756756756756757,0.001854867437256628,0.024297607736301678,2,296,0.006756756756756757,0.001854867437256628,0.024297607736301678,0,296,0.0,0.0,0.012812098121141296,12,296,0.04054054054054054,0.023340284089947174,0.06951407634569619,182,296,0.6148648648648649,0.5582919500102558,0.6684944598808334,34,296,0.11486486486486487,0.08337170814096244,0.15622679987126803,80,296,0.2702702702702703,0.22285964695726868,0.323567533260553,146,296,0.49324324324324326,0.43673964356568945,0.5499199793818936,135,296,0.4560810810810811,0.4002644497866053,0.5130230993726842,4,296,0.013513513513513514,0.005267269415773624,0.034225582810201695,1,296,0.0033783783783783786,0.0005966005300711164,0.018885686117278686,10,296,0.033783783783783786,0.01845212479377781,0.06106185858944854,91,296,0.30743243243243246,0.25761186627309857,0.3621873877330167,363 0.40; 364 0.27; 365 0.13,3,53 0.49; 64 0.10; 56 0.07; 52 0.06; 35 0.06,5,shelter deduction 0.40; utility allowance 0.27; medical deduction 0.13,"wrong include/exclude decision 0.57; wrong amount, known item 0.18; change in circumstances 0.12",165,8,140,173,0.953757225433526,0.9114153082574423,0.97638484736205,0.046242774566473986,140,0.4472843450479233,313,49347.0
1,rawben_rel_max <=   0.998 & total_deductions_by_hh_size > 602.000 & utilities <= 272.000,train_2022_23,247,99,166,15,166,0.09036144578313253,0.05552452283752021,0.14372937020164095,13,166,0.0783132530120482,0.0463350111571394,0.1293675257949383,60,166,0.3614457831325301,0.2922589979706112,0.4369004070279285,44,166,0.26506024096385544,0.2037826797957934,0.3369658765060784,23,166,0.13855421686746988,0.09413175500728677,0.19932756238020843,3,166,0.018072289156626505,0.00616482076443815,0.051780935752222076,8,166,0.04819277108433735,0.024619173376324223,0.09220497335804473,15,166,0.09036144578313253,0.05552452283752021,0.14372937020164095,105,166,0.6325301204819277,0.5569625882325872,0.7021023287253313,8,166,0.04819277108433735,0.024619173376324223,0.09220497335804473,1,166,0.006024096385542169,0.0010641662329914856,0.03333023419658525,18,166,0.10843373493975904,0.06969712284719078,0.16488380432259564,5,166,0.030120481927710843,0.012932695782301017,0.06856441682144268,1,166,0.006024096385542169,0.0010641662329914856,0.03333023419658525,2,166,0.012048192771084338,0.003310221981407086,0.042859856491711396,0,166,0.0,1.734723475976807e-18,0.022618722386034983,11,166,0.06626506024096386,0.037400567775504975,0.11475061308948921,97,166,0.5843373493975904,0.5082850407789143,0.6565744518306702,26,166,0.1566265060240964,0.10918327418489222,0.2196030773332282,43,166,0.25903614457831325,0.19837242912339748,0.3306004491349326,81,166,0.4879518072289157,0.4130480520914597,0.5634005918214567,73,166,0.4397590361445783,0.36645934050143475,0.5157838790631476,4,166,0.024096385542168676,0.009409449080503025,0.06031198547969896,0,166,0.0,1.734723475976807e-18,0.022618722386034983,8,166,0.04819277108433735,0.024619173376324223,0.09220497335804473,56,166,0.3373493975903614,0.2698255935241253,0.41223109930024737,363 0.36; 364 0.27; 365 0.14,3,53 0.54; 64 0.08; 52 0.08; 99 0.07,4,shelter deduction 0.36; utility allowance 0.27; medical deduction 0.14,"wrong include/exclude decision 0.63; change in circumstances 0.11; wrong amount, known item 0.09",94,5,77,99,0.9494949494949495,0.887171464182119,0.9782370864433089,0.050505050505050504,77,0.4375,176,26082.0
1,rawben_rel_max <=   0.998 & total_deductions_by_hh_size > 602.000 & utilities <= 272.000,test_2024,189,74,130,15,130,0.11538461538461539,0.07118304149617724,0.1816651013831667,3,130,0.023076923076923078,0.00787867765789841,0.06565301951248809,58,130,0.4461538461538462,0.3634686477864737,0.5319300922166345,36,130,0.27692307692307694,0.2072450335350356,0.35940688933498394,16,130,0.12307692307692308,0.07719563620964337,0.1905955438121137,2,130,0.015384615384615385,0.0042291172310416104,0.054359542796931754,0,130,0.0,0.0,0.02870258574314712,37,130,0.2846153846153846,0.2141010882972002,0.3674938717152324,63,130,0.4846153846153846,0.4003867324592215,0.5697271932559522,9,130,0.06923076923076923,0.036846700857790585,0.12634321916707464,0,130,0.0,0.0,0.02870258574314712,18,130,0.13846153846153847,0.08941124520995952,0.2082660090966238,1,130,0.007692307692307693,0.0013591392530527095,0.04228648363250753,1,130,0.007692307692307693,0.0013591392530527095,0.04228648363250753,0,130,0.0,0.0,0.02870258574314712,0,130,0.0,0.0,0.02870258574314712,1,130,0.007692307692307693,0.0013591392530527095,0.04228648363250753,85,130,0.6538461538461539,0.5687099004868541,0.7301508423614083,8,130,0.06153846153846154,0.0315089074737391,0.11673797540871297,37,130,0.2846153846153846,0.2141010882972002,0.3674938717152324,65,130,0.5,0.41529081256565625,0.5847091874343437,62,130,0.47692307692307695,0.3929639354034779,0.5622069531692827,0,130,0.0,0.0,0.02870258574314712,1,130,0.007692307692307693,0.0013591392530527095,0.04228648363250753,2,130,0.015384615384615385,0.0042291172310416104,0.054359542796931754,35,130,0.2692307692307692,0.20041586242234705,0.3512930233052593,363 0.45; 364 0.28; 365 0.12,3,53 0.43; 56 0.17; 64 0.12; 35 0.07,4,shelter deduction 0.45; utility allowance 0.28; medical deduction 0.12,"wrong include/exclude decision 0.48; wrong amount, known item 0.28",71,3,63,74,0.9594594594594594,0.8874510681944234,0.9861178204204044,0.04054054054054054,63,0.45985401459854014,137,23265.0
4+,rawben_rel_max >   0.501 & shelter_expenses_by_hh_size > 303.000 & utilities > 524.000,all_2022_24,1465,378,536,234,536,0.43656716417910446,0.3951782630525468,0.4788588619115167,105,536,0.1958955223880597,0.16450925528619498,0.23160990262975667,75,536,0.13992537313432835,0.11311138703241788,0.17186405761653098,17,536,0.03171641791044776,0.019894738990712424,0.05020286000869777,2,536,0.0037313432835820895,0.0010238445852804772,0.013501897780628339,34,536,0.06343283582089553,0.04574489625546044,0.08733414026191802,69,536,0.1287313432835821,0.10299861011719806,0.15974809187835026,162,536,0.30223880597014924,0.2648812846223311,0.34241092850092575,106,536,0.19776119402985073,0.16624274488289795,0.23358120347528707,97,536,0.18097014925373134,0.15068413904945197,0.21579669532863224,39,536,0.07276119402985075,0.05368024865308232,0.09792274007546325,44,536,0.08208955223880597,0.0617170990074208,0.1084098419322919,41,536,0.07649253731343283,0.056883763056201894,0.10212880655681052,10,536,0.018656716417910446,0.010164816165003598,0.03399924973877262,3,536,0.005597014925373134,0.0019052434834177234,0.016325289324724514,7,536,0.013059701492537313,0.0063401294489710686,0.02670956512810487,27,536,0.05037313432835821,0.034847261418046865,0.07229824200369758,324,528,0.6136363636363636,0.5714247280785529,0.6542063620806222,42,528,0.07954545454545454,0.05938567602896274,0.10577929038208897,161,528,0.30492424242424243,0.26718091271061734,0.34548571584946525,299,534,0.5599250936329588,0.5175424556194211,0.6014516868939138,215,534,0.40262172284644193,0.36186355624493627,0.44477096217089473,1,534,0.0018726591760299626,0.000330638342463962,0.010530552015440672,9,534,0.016853932584269662,0.008891655038452887,0.031718070947785434,10,534,0.018726591760299626,0.010203002612501018,0.034125290327279026,214,528,0.4053030303030303,0.364255828310561,0.44771826322345953,311 0.36; 363 0.14; 350 0.08; 312 0.07; 323 0.05; 150 0.05,6,35 0.18; 38 0.15; 44 0.08; 53 0.08; 52 0.06; 99 0.05; 56 0.05; 37 0.04; 39 0.03; 41 0.03,10,earned income 0.44; unearned income 0.20; shelter deduction 0.14,"wrong amount, known item 0.30; wrong include/exclude decision 0.20; unreported source of income 0.18; change in circumstances 0.08",282,96,102,378,0.746031746031746,0.6998264720984564,0.7872865087815735,0.25396825396825395,102,0.2125,480,125380.0
4+,rawben_rel_max >   0.501 & shelter_expenses_by_hh_size > 303.000 & utilities > 524.000,train_2022_23,840,203,283,121,283,0.4275618374558304,0.3712706977968181,0.4857932706094381,61,283,0.21554770318021202,0.1716178778883024,0.26709672975577714,43,283,0.1519434628975265,0.11480209091420766,0.1984077085012188,8,283,0.028268551236749116,0.014392130074093845,0.05478054223006289,2,283,0.007067137809187279,0.0019401677411420085,0.025397568486797036,13,283,0.045936395759717315,0.027038872543517965,0.07699624649082015,35,283,0.12367491166077739,0.09028446862571507,0.16714541602142116,67,283,0.23674911660777384,0.19095451467102675,0.2895950290492704,63,283,0.2226148409893993,0.1780440017501294,0.2746155845860227,53,283,0.1872791519434629,0.1461242695356222,0.2368104233401671,23,283,0.0812720848056537,0.054763890152661907,0.118996122342039,26,283,0.09187279151943463,0.06346746075304258,0.13121001977976718,27,283,0.09540636042402827,0.06639810791831766,0.13525186196052838,3,283,0.01060070671378092,0.003611556282109466,0.03069866929186586,1,283,0.0035335689045936395,0.0006240181886234854,0.019741228693279277,4,283,0.014134275618374558,0.005509818692728253,0.03577289622728334,16,283,0.05653710247349823,0.03509651090731028,0.08985607616513669,175,281,0.6227758007117438,0.5648070566971998,0.6774328408458558,29,281,0.10320284697508897,0.07282106736426823,0.14428766956179878,77,281,0.27402135231316727,0.22518203109175436,0.32895612850291156,161,281,0.5729537366548043,0.514516482342827,0.6294231669218873,112,281,0.398576512455516,0.3430687830760326,0.45681999721448674,0,281,0.0,0.0,0.013486794063788433,0,281,0.0,0.0,0.013486794063788433,8,281,0.028469750889679714,0.014495057545321401,0.055163306963233516,117,281,0.41637010676156583,0.36023855614652467,0.4747574556719737,311 0.35; 363 0.15; 350 0.09; 312 0.08; 150 0.05; 323 0.04,6,35 0.19; 38 0.14; 53 0.11; 44 0.09; 52 0.07; 99 0.06; 39 0.05; 37 0.04; 7 0.03,9,earned income 0.43; unearned income 0.22; shelter deduction 0.15,"wrong amount, known item 0.24; wrong include/exclude decision 0.22; unreported source of income 0.19; method or computation 0.10; change in circumstances 0.09",146,57,52,203,0.7192118226600985,0.6537625078017056,0.7765184414850915,0.28078817733990147,52,0.20392156862745098,255,62392.0
4+,rawben_rel_max >   0.501 & shelter_expenses_by_hh_size > 303.000 & utilities > 524.000,test_2024,625,175,253,113,253,0.44664031620553357,0.38663282940006505,0.5082440129806083,44,253,0.17391304347826086,0.13217885971789384,0.22540184371955546,32,253,0.12648221343873517,0.09103559109433046,0.17310230557038425,9,253,0.03557312252964427,0.018825794450312013,0.06621338923332801,0,253,0.0,0.0,0.014957078604089055,21,253,0.08300395256916997,0.05492848707613078,0.12355350338024389,34,253,0.13438735177865613,0.09778659172937262,0.18192510606413118,95,253,0.37549407114624506,0.3181036615857195,0.43660897063585197,43,253,0.16996047430830039,0.1286970973698122,0.2210967055032426,44,253,0.17391304347826086,0.13217885971789384,0.22540184371955546,16,253,0.06324110671936758,0.03929821840055635,0.10024926923384554,18,253,0.07114624505928854,0.04547365426678763,0.10964763449640338,14,253,0.05533596837944664,0.033244906077115464,0.09072878042849733,7,253,0.02766798418972332,0.013465524154985517,0.055999858399865404,2,253,0.007905138339920948,0.0021705122944698386,0.028360367438408314,3,253,0.011857707509881422,0.00404065983633348,0.034277120460939225,11,253,0.043478260869565216,0.024448065140738544,0.07616491967169059,149,247,0.6032388663967612,0.541093918581966,0.6622216399218867,13,247,0.05263157894736842,0.031012578788738164,0.08795333436123376,84,247,0.340080971659919,0.2838526322514805,0.40120758104647325,138,253,0.5454545454545454,0.48387452376699663,0.6056748327235405,103,253,0.40711462450592883,0.34840271450043325,0.4686051222362946,1,253,0.003952569169960474,0.0006980486272232939,0.022045930541260313,9,253,0.03557312252964427,0.018825794450312013,0.06621338923332801,2,253,0.007905138339920948,0.0021705122944698386,0.028360367438408314,97,247,0.39271255060728744,0.33389798840132157,0.4548132939378119,311 0.38; 363 0.13; 323 0.08; 350 0.08; 312 0.07; 150 0.05,6,35 0.17; 38 0.17; 56 0.10; 44 0.07; 52 0.05; 37 0.05; 99 0.04; 53 0.04; 41 0.03; 7 0.03,10,earned income 0.45; unearned income 0.17; other element 0.13,"wrong amount, known item 0.38; unreported source of income 0.17; wrong include/exclude decision 0.17; change in circumstances 0.07",136,39,50,175,0.7771428571428571,0.709906093307139,0.8324733083533247,0.22285714285714286,50,0.2222222222222222,225,62988.0
4+,rawben_rel_max >   0.502 & shelter_expenses_by_hh_size > 247.000 & shelter_expenses_by_hh_size <= 512.000 & utilities > 524.000,all_2022_24,1743,441,639,270,639,0.4225352112676056,0.3848098490110994,0.4611864275210976,123,639,0.19248826291079812,0.1637929998643327,0.2248588857634798,102,639,0.1596244131455399,0.13327221710612952,0.19004475553534234,20,639,0.03129890453834116,0.02035094478373238,0.04784874857774267,1,639,0.001564945226917058,0.00027629758693941634,0.008810855453560761,38,639,0.0594679186228482,0.043629592369256245,0.08057145498051078,85,639,0.13302034428794993,0.10886964732734848,0.16155715765851428,203,639,0.31768388106416273,0.28276586130850895,0.35478093093393454,139,639,0.21752738654147105,0.18727777309852817,0.2511530938522106,98,639,0.15336463223787167,0.1275034448023879,0.18336878250835237,52,639,0.081377151799687,0.06259523707073646,0.10516241893659099,48,639,0.07511737089201878,0.05712292783527549,0.09818998284132043,48,639,0.07511737089201878,0.05712292783527549,0.09818998284132043,11,639,0.017214397496087636,0.00963883712289571,0.03056017924443335,2,639,0.003129890453834116,0.0008587309203169271,0.01133960845286614,6,639,0.009389671361502348,0.004310215726097671,0.02033286897781695,32,639,0.050078247261345854,0.03569334683822428,0.06984058251544543,401,630,0.6365079365079365,0.5982246160418048,0.6731365568442915,44,630,0.06984126984126984,0.052435165391783285,0.09246160376947091,184,630,0.2920634920634921,0.25790147586441803,0.3287460398555978,371,637,0.5824175824175825,0.5437374107432,0.6201096303976998,241,637,0.3783359497645212,0.3415092806617371,0.4166212776540776,1,637,0.0015698587127158557,0.0002771652516457713,0.008838347848627368,10,637,0.015698587127158554,0.008549015381688665,0.02865456191416728,14,637,0.02197802197802198,0.013136076599036005,0.036551084783745635,273,630,0.43333333333333335,0.3951571943667695,0.47231758166560206,311 0.36; 363 0.16; 350 0.08; 150 0.06; 312 0.05; 323 0.05,6,38 0.15; 35 0.15; 44 0.10; 53 0.09; 52 0.07; 99 0.05; 56 0.05; 37 0.04; 7 0.03; 41 0.03,10,earned income 0.42; unearned income 0.19; shelter deduction 0.16,"wrong amount, known item 0.32; wrong include/exclude decision 0.22; unreported source of income 0.15; household composition 0.08",322,119,129,441,0.7301587301587301,0.6868739828056928,0.7694682297931289,0.2698412698412698,129,0.22631578947368422,570,144657.0
4+,rawben_rel_max >   0.502 & shelter_expenses_by_hh_size > 247.000 & shelter_expenses_by_hh_size <= 512.000 & utilities > 524.000,train_2022_23,1026,251,363,149,363,0.41046831955922863,0.36105752484636844,0.46175428275669506,76,363,0.209366391184573,0.17066390356108907,0.25415596419654807,59,363,0.162534435261708,0.12814850421222157,0.20398830906086418,12,363,0.03305785123966942,0.01900961516706388,0.05688581217814452,1,363,0.0027548209366391185,0.0004864466572460551,0.015437592492076161,19,363,0.05234159779614325,0.033761236345411935,0.08029780166990585,47,363,0.12947658402203857,0.09878232019794524,0.1679311604978101,95,363,0.26170798898071623,0.21915217938968845,0.30925463161538835,91,363,0.25068870523415976,0.20887052584560226,0.29772850763369774,55,363,0.15151515151515152,0.11829186290714203,0.19203717284016694,31,363,0.08539944903581267,0.060813895067612325,0.11866847552503586,30,363,0.08264462809917356,0.05850138182171788,0.11552904438948611,35,363,0.09641873278236915,0.07014567268221425,0.13114447543621074,3,363,0.008264462809917356,0.0028145138928983866,0.024013414019312222,0,363,0.0,0.0,0.010472094767878016,3,363,0.008264462809917356,0.0028145138928983866,0.024013414019312222,20,363,0.05509641873278237,0.03594598421312632,0.08356499818363566,235,361,0.6509695290858726,0.6004420170694159,0.6983177734807845,30,361,0.08310249307479224,0.05882899091431183,0.11615544068559343,96,361,0.2659279778393352,0.22298843821614478,0.3137968406555629,214,361,0.592797783933518,0.541395914138556,0.64224542500698,134,361,0.37119113573407203,0.3229539593059799,0.4221408982979775,0,361,0.0,0.0,0.010529501021813301,0,361,0.0,0.0,0.010529501021813301,13,361,0.036011080332409975,0.02116361171856211,0.06062969255375772,161,361,0.44598337950138506,0.39554258155659744,0.49756171356764284,311 0.35; 363 0.16; 350 0.08; 150 0.06; 312 0.05; 323 0.03; 364 0.03,7,35 0.15; 38 0.15; 53 0.11; 44 0.10; 52 0.09; 99 0.06; 37 0.04; 39 0.04; 7 0.03,9,earned income 0.41; unearned income 0.21; shelter deduction 0.16,"wrong amount, known item 0.26; wrong include/exclude decision 0.25; unreported source of income 0.15; method or computation 0.10",176,75,70,251,0.701195219123506,0.64188081071519,0.754443808185335,0.29880478087649404,70,0.21806853582554517,321,76525.0
4+,rawben_rel_max >   0.502 & shelter_expenses_by_hh_size > 247.000 & shelter_expenses_by_hh_size <= 512.000 & utilities > 524.000,test_2024,717,190,276,121,276,0.4384057971014493,0.38110863188079197,0.49739406392998103,47,276,0.17028985507246377,0.13054303178957746,0.2190890457857366,43,276,0.15579710144927536,0.11776872828379598,0.20327574830581757,8,276,0.028985507246376812,0.014758934573836438,0.05614403339089791,0,276,0.0,0.0,0.013727765993333372,19,276,0.06884057971014493,0.04451040247523258,0.10500846820017809,38,276,0.13768115942028986,0.10197859676174836,0.1833313785957396,108,276,0.391304347826087,0.33559529042904185,0.4499977021782046,48,276,0.17391304347826086,0.13375464159524125,0.22302433622649792,43,276,0.15579710144927536,0.11776872828379598,0.20327574830581757,21,276,0.07608695652173914,0.05030101986804928,0.11351165130021165,18,276,0.06521739130434782,0.04164745476526832,0.10072451566371723,13,276,0.04710144927536232,0.027729740423924478,0.07890772877293545,8,276,0.028985507246376812,0.014758934573836438,0.05614403339089791,2,276,0.007246376811594203,0.0019894307873807495,0.02603213569880286,3,276,0.010869565217391304,0.003703321451570884,0.031465145281037846,12,276,0.043478260869565216,0.025043370225845595,0.07444719872458921,166,269,0.6171003717472119,0.557748586683162,0.6731546186931443,14,269,0.05204460966542751,0.031251447757648376,0.0854521634218785,88,269,0.3271375464684015,0.27384725228566076,0.3852956350159823,157,276,0.5688405797101449,0.5098629895583174,0.6259281151237598,107,276,0.38768115942028986,0.33211668944219447,0.4463294029186268,1,276,0.0036231884057971015,0.000639851831292353,0.02023481440846614,10,276,0.036231884057971016,0.019797199316774615,0.06539956914080997,1,276,0.0036231884057971015,0.000639851831292353,0.02023481440846614,112,269,0.4163568773234201,0.3590292518580361,0.47603988715888795,311 0.38; 363 0.16; 350 0.08; 323 0.07; 312 0.06; 150 0.05,6,38 0.17; 35 0.16; 56 0.11; 44 0.09; 53 0.06; 99 0.04; 37 0.04; 52 0.04; 7 0.04; 41 0.03,10,earned income 0.44; unearned income 0.17; shelter deduction 0.16,"wrong amount, known item 0.39; wrong include/exclude decision 0.17; unreported source of income 0.16; household composition 0.08",146,44,59,190,0.7684210526315789,0.7034779532746607,0.8227248845062902,0.23157894736842105,59,0.23694779116465864,249,68132.0
1,cat_elig >   0.500 & expedited_i >   0.500 & total_deductions_by_hh_size > 991.000 & unc_rawben_rel_max <=   0.991,all_2022_24,82,40,61,22,61,0.36065573770491804,0.25173936505814554,0.48608326732600293,7,61,0.11475409836065574,0.0567113064337431,0.2184453830989026,12,61,0.19672131147540983,0.11627688559536849,0.3131017848877781,5,61,0.08196721311475409,0.035519042911066306,0.177948854241379,11,61,0.18032786885245902,0.10379034061426573,0.2947439336787807,1,61,0.01639344262295082,0.002899656114363977,0.08719065627768062,3,61,0.04918032786885246,0.016865676835230686,0.1349134279370143,19,61,0.3114754098360656,0.20937273683536856,0.43591670697847934,23,61,0.3770491803278688,0.2661433042836724,0.5025237242905762,8,61,0.13114754098360656,0.06797996145868099,0.23802112426406494,0,61,0.0,0.0,0.05924591620194442,6,61,0.09836065573770492,0.045863951367309724,0.1984483419752358,2,61,0.03278688524590164,0.009037700815687874,0.11189700776645692,0,61,0.0,0.0,0.05924591620194442,2,61,0.03278688524590164,0.009037700815687874,0.11189700776645692,0,61,0.0,0.0,0.05924591620194442,1,61,0.01639344262295082,0.002899656114363977,0.08719065627768062,32,61,0.5245901639344263,0.4015694171531101,0.6446971771320402,8,61,0.13114754098360656,0.06797996145868099,0.23802112426406494,21,61,0.3442622950819672,0.23747339039863208,0.4695048457954161,29,61,0.47540983606557374,0.3553028228679598,0.5984305828468899,31,61,0.5081967213114754,0.386024064532302,0.6293981335627482,1,61,0.01639344262295082,0.002899656114363977,0.08719065627768062,0,61,0.0,0.0,0.05924591620194442,0,61,0.0,0.0,0.05924591620194442,20,61,0.32786885245901637,0.2233495518172607,0.45278428818668737,311 0.31; 363 0.20; 365 0.18; 364 0.08,4,53 0.23; 38 0.16; 35 0.13; 52 0.08; 39 0.08; 56 0.08,6,earned income 0.36; shelter deduction 0.20; medical deduction 0.18; unearned income 0.11,"wrong include/exclude decision 0.38; wrong amount, known item 0.31; unreported source of income 0.13",38,2,20,40,0.95,0.834958291820748,0.9861796228538989,0.05,20,0.3333333333333333,60,10810.0
1,cat_elig >   0.500 & expedited_i >   0.500 & total_deductions_by_hh_size > 991.000 & unc_rawben_rel_max <=   0.991,train_2022_23,33,17,23,8,23,0.34782608695652173,0.18811054636982238,0.5511002309310836,0,23,0.0,0.0,0.14312112541726274,4,23,0.17391304347826086,0.06978540350612772,0.37138054785295666,3,23,0.13043478260869565,0.04537576514344702,0.32127897973018194,7,23,0.30434782608695654,0.15603828020972454,0.5086612906057261,1,23,0.043478260869565216,0.0077164669621267445,0.20991586494059142,0,23,0.0,0.0,0.14312112541726274,4,23,0.17391304347826086,0.06978540350612772,0.37138054785295666,14,23,0.6086956521739131,0.4078517960374599,0.7784262201761787,1,23,0.043478260869565216,0.0077164669621267445,0.20991586494059142,0,23,0.0,0.0,0.14312112541726274,3,23,0.13043478260869565,0.04537576514344702,0.32127897973018194,0,23,0.0,0.0,0.14312112541726274,0,23,0.0,0.0,0.14312112541726274,0,23,0.0,0.0,0.14312112541726274,0,23,0.0,0.0,0.14312112541726274,1,23,0.043478260869565216,0.0077164669621267445,0.20991586494059142,11,23,0.4782608695652174,0.2923686953994572,0.6703757013578151,5,23,0.21739130434782608,0.09663835601719065,0.4190388018273492,7,23,0.30434782608695654,0.15603828020972454,0.5086612906057261,12,23,0.5217391304347826,0.3296242986421849,0.7076313046005427,10,23,0.43478260869565216,0.25634368332198654,0.6318895069498304,1,23,0.043478260869565216,0.0077164669621267445,0.20991586494059142,0,23,0.0,0.0,0.14312112541726274,0,23,0.0,0.0,0.14312112541726274,6,23,0.2608695652173913,0.1254844588924897,0.4647039054375056,311 0.35; 365 0.30; 363 0.17,3,53 0.43; 52 0.13; 38 0.13; 39 0.13,4,earned income 0.35; medical deduction 0.30; shelter deduction 0.17,"wrong include/exclude decision 0.61; wrong amount, known item 0.17",16,1,10,17,0.9411764705882353,0.730174547964372,0.9895398693548358,0.058823529411764705,10,0.37037037037037035,27,3448.0
1,cat_elig >   0.500 & expedited_i >   0.500 & total_deductions_by_hh_size > 991.000 & unc_rawben_rel_max <=   0.991,test_2024,49,23,38,14,38,0.3684210526315789,0.23384013155413794,0.5271632717573987,7,38,0.18421052631578946,0.09221648453257492,0.33419168341511346,8,38,0.21052631578947367,0.1107466035209593,0.36346088376442165,2,38,0.05263157894736842,0.014553902448536798,0.17285766881068843,4,38,0.10526315789473684,0.041701897932665793,0.24130831200194466,0,38,0.0,0.0,0.09181293258383999,3,38,0.07894736842105263,0.02721410139426493,0.2079967892026529,15,38,0.39473684210526316,0.25597859263618905,0.5528241300130403,9,38,0.23684210526315788,0.12993561496969508,0.39207119165337856,7,38,0.18421052631578946,0.09221648453257492,0.33419168341511346,0,38,0.0,0.0,0.09181293258383999,3,38,0.07894736842105263,0.02721410139426493,0.2079967892026529,2,38,0.05263157894736842,0.014553902448536798,0.17285766881068843,0,38,0.0,0.0,0.09181293258383999,2,38,0.05263157894736842,0.014553902448536798,0.17285766881068843,0,38,0.0,0.0,0.09181293258383999,0,38,0.0,0.0,0.09181293258383999,21,38,0.5526315789473685,0.3970602917908942,0.6985383468844911,3,38,0.07894736842105263,0.02721410139426493,0.2079967892026529,14,38,0.3684210526315789,0.23384013155413794,0.5271632717573987,17,38,0.4473684210526316,0.3014616531155089,0.6029397082091058,21,38,0.5526315789473685,0.3970602917908942,0.6985383468844911,0,38,0.0,0.0,0.09181293258383999,0,38,0.0,0.0,0.09181293258383999,0,38,0.0,0.0,0.09181293258383999,14,38,0.3684210526315789,0.23384013155413794,0.5271632717573987,311 0.29; 363 0.21; 365 0.11; 331 0.08; 334 0.08,5,38 0.18; 35 0.18; 56 0.13; 53 0.11; 39 0.05; 52 0.05; 29 0.05,7,earned income 0.37; shelter deduction 0.21; unearned income 0.18,"wrong amount, known item 0.39; wrong include/exclude decision 0.24; unreported source of income 0.18",22,1,10,23,0.9565217391304348,0.7900841350594088,0.9922835330378734,0.043478260869565216,10,0.30303030303030304,33,7362.0
2-3,HH_size_n >=   3 & shelter_expenses_by_hh_size < 700 & total_deductions_by_hh_size >= 510,all_2022_24,155,58,106,28,106,0.2641509433962264,0.18953748624976913,0.3552615698455535,21,106,0.19811320754716982,0.1333879484800526,0.28395484332196047,16,106,0.1509433962264151,0.09509777313557981,0.2312048298854978,2,106,0.018867924528301886,0.005189500019088127,0.0662005744153702,2,106,0.018867924528301886,0.005189500019088127,0.0662005744153702,30,106,0.2830188679245283,0.20602338401321438,0.37519174759448237,7,106,0.0660377358490566,0.0323537353402859,0.13007652787510787,29,106,0.27358490566037735,0.1977580712218776,0.3652490226296321,38,106,0.3584905660377358,0.27361966173474206,0.4532597719224515,13,106,0.12264150943396226,0.07309052037980972,0.19858796937270662,2,106,0.018867924528301886,0.005189500019088127,0.0662005744153702,6,106,0.05660377358490566,0.026197262538493485,0.11802496292071323,6,106,0.05660377358490566,0.026197262538493485,0.11802496292071323,1,106,0.009433962264150943,0.0016672287844913501,0.05151480789377989,0,106,0.0,0.0,0.034973998922084165,0,106,0.0,0.0,0.034973998922084165,11,106,0.10377358490566038,0.05893898061424893,0.17632343362589323,70,106,0.660377358490566,0.566024879452293,0.7435117624028874,11,106,0.10377358490566038,0.05893898061424893,0.17632343362589323,25,106,0.2358490566037736,0.16515930334184276,0.32501563948491863,51,106,0.4811320754716981,0.3883495495648824,0.5752343749227435,50,106,0.4716981132075472,0.37932593057045705,0.5660499561609816,1,106,0.009433962264150943,0.0016672287844913501,0.05151480789377989,1,106,0.009433962264150943,0.0016672287844913501,0.05151480789377989,3,106,0.02830188679245283,0.009671108644619023,0.07992700354602641,31,106,0.29245283018867924,0.21433210649260998,0.38509106287127387,311 0.25; 323 0.25; 363 0.15; 350 0.08; 366 0.04,5,53 0.23; 35 0.12; 38 0.10; 99 0.10; 44 0.09; 52 0.08; 37 0.05,7,dep care or child support deduction 0.28; earned income 0.26; unearned income 0.20; shelter deduction 0.15,"wrong include/exclude decision 0.36; wrong amount, known item 0.27; unreported source of income 0.12",47,11,30,58,0.8103448275862069,0.6914738161458368,0.8906585995743256,0.1896551724137931,30,0.3409090909090909,88,25138.0
2-3,HH_size_n >=   3 & shelter_expenses_by_hh_size < 700 & total_deductions_by_hh_size >= 510,train_2022_23,99,43,80,20,80,0.25,0.1680610581209431,0.3548488100113445,19,80,0.2375,0.15764551183088749,0.3414098497080144,11,80,0.1375,0.07854633679551142,0.22967297199630554,1,80,0.0125,0.002209918618306224,0.06746432423965451,2,80,0.025,0.006882748898125228,0.08664600055322111,21,80,0.2625,0.1785727122600286,0.3681916624656446,6,80,0.075,0.03482477485108787,0.15412200097380097,19,80,0.2375,0.15764551183088749,0.3414098497080144,28,80,0.35,0.2545439440982969,0.4592019767810756,12,80,0.15,0.08793954037414209,0.2441342750110605,1,80,0.0125,0.002209918618306224,0.06746432423965451,4,80,0.05,0.01961323712729557,0.121624525510822,5,80,0.0625,0.026988977697985535,0.1381032915335177,0,80,0.0,0.0,0.0458197362645751,0,80,0.0,0.0,0.0458197362645751,0,80,0.0,0.0,0.0458197362645751,11,80,0.1375,0.07854633679551142,0.22967297199630554,51,80,0.6375,0.5281059097698362,0.7342936627574055,8,80,0.1,0.05154699917768554,0.18510878983397458,21,80,0.2625,0.1785727122600286,0.3681916624656446,37,80,0.4625,0.3574781238878701,0.5709583563319731,40,80,0.5,0.392972274311075,0.607027725688925,0,80,0.0,0.0,0.0458197362645751,0,80,0.0,0.0,0.0458197362645751,3,80,0.0375,0.012834336300788757,0.10454891974394322,20,80,0.25,0.1680610581209431,0.3548488100113445,311 0.23; 323 0.23; 363 0.14; 350 0.11; 331 0.05,5,53 0.26; 35 0.15; 99 0.14; 38 0.12; 44 0.10,5,dep care or child support deduction 0.26; earned income 0.25; unearned income 0.24,"wrong include/exclude decision 0.35; wrong amount, known item 0.24; unreported source of income 0.15; other 0.14",36,7,22,43,0.8372093023255814,0.7002730466408176,0.9188347549714246,0.16279069767441862,22,0.3384615384615385,65,17754.0
2-3,HH_size_n >=   3 & shelter_expenses_by_hh_size < 700 & total_deductions_by_hh_size >= 510,test_2024,56,15,26,8,26,0.3076923076923077,0.16501120939792674,0.49988611514231246,2,26,0.07692307692307693,0.02135463918337556,0.24141947480515052,5,26,0.19230769230769232,0.08506935771788268,0.3787663615465,1,26,0.038461538461538464,0.0068218089769898765,0.18893176991958405,0,26,0.0,0.0,0.12873304380462175,9,26,0.34615384615384615,0.19412014972852126,0.5377977099036699,1,26,0.038461538461538464,0.0068218089769898765,0.18893176991958405,10,26,0.38461538461538464,0.22428359511834428,0.5746547996057992,10,26,0.38461538461538464,0.22428359511834428,0.5746547996057992,1,26,0.038461538461538464,0.0068218089769898765,0.18893176991958405,1,26,0.038461538461538464,0.0068218089769898765,0.18893176991958405,2,26,0.07692307692307693,0.02135463918337556,0.24141947480515052,1,26,0.038461538461538464,0.0068218089769898765,0.18893176991958405,1,26,0.038461538461538464,0.0068218089769898765,0.18893176991958405,0,26,0.0,0.0,0.12873304380462175,0,26,0.0,0.0,0.12873304380462175,0,26,0.0,0.0,0.12873304380462175,19,26,0.7307692307692307,0.5391659658023868,0.8629572447493261,3,26,0.11538461538461539,0.04003171821149494,0.28976293086898336,4,26,0.15384615384615385,0.06149933998929477,0.33531584418313565,14,26,0.5384615384615384,0.3545763620443012,0.712444173047651,10,26,0.38461538461538464,0.22428359511834428,0.5746547996057992,1,26,0.038461538461538464,0.0068218089769898765,0.18893176991958405,1,26,0.038461538461538464,0.0068218089769898765,0.18893176991958405,0,26,0.0,0.0,0.12873304380462175,11,26,0.4230769230769231,0.255441899027294,0.6105170307888017,323 0.31; 311 0.31; 363 0.19,3,56 0.15; 52 0.15; 53 0.12; 44 0.08; 37 0.08; 57 0.08; 35 0.04; 64 0.04; 7 0.04,9,dep care or child support deduction 0.35; earned income 0.31; shelter deduction 0.19,"wrong amount, known item 0.38; wrong include/exclude decision 0.38",11,4,8,15,0.7333333333333333,0.4804911034231324,0.8910272389681718,0.26666666666666666,8,0.34782608695652173,23,7384.0
4+,percent_abawd <=   0.450 & total_deductions_by_hh_size > 154.000 & total_deductions_by_hh_size <= 326.000 & unc_rawben_rel_max >   0.509,all_2022_24,3949,916,1345,580,1345,0.4312267657992565,0.4049918587568493,0.4578534152916379,212,1345,0.15762081784386617,0.13912524098019247,0.17806663685038454,254,1345,0.18884758364312268,0.16882766642237146,0.21063987075916268,56,1345,0.041635687732342004,0.032201101565796864,0.05368118438979644,3,1345,0.0022304832713754648,0.0007588354475285557,0.00653749942233311,83,1345,0.06171003717472119,0.05005610626917936,0.07586053212631497,157,1345,0.11672862453531599,0.10064940211517227,0.13499101704153227,437,1345,0.324907063197026,0.3004066980813742,0.35040478341504455,308,1345,0.22899628252788104,0.20733058544755228,0.2522056566137839,191,1345,0.14200743494423793,0.1243708560686497,0.16168319208644874,107,1345,0.0795539033457249,0.06626052892628556,0.09524220052689855,87,1345,0.06468401486988848,0.052738776163676115,0.07910887740809983,102,1345,0.0758364312267658,0.06286465749825837,0.09122430298457371,11,1345,0.008178438661710037,0.004572748826048562,0.014585616396376372,3,1345,0.0022304832713754648,0.0007588354475285557,0.00653749942233311,10,1345,0.007434944237918215,0.004043449557802509,0.013632161870552013,89,1345,0.06617100371747212,0.05408306933053962,0.08073009182937714,849,1340,0.6335820895522388,0.6074358521770112,0.6589645926373181,107,1340,0.07985074626865672,0.06650938579563587,0.09559424308443454,382,1340,0.28507462686567164,0.2615437437143468,0.30983431155645297,749,1345,0.5568773234200743,0.5302043724371569,0.5832262928092292,553,1345,0.4111524163568773,0.3851452244059327,0.4376656972026536,4,1345,0.002973977695167286,0.001157092318352372,0.007621996345579701,10,1345,0.007434944237918215,0.004043449557802509,0.013632161870552013,29,1345,0.021561338289962824,0.015053707062511768,0.030794226453180508,524,1340,0.39104477611940297,0.3652635505052565,0.4174489358473017,311 0.35; 363 0.19; 312 0.08; 350 0.07; 150 0.06; 323 0.05,6,38 0.18; 35 0.14; 53 0.12; 44 0.07; 52 0.07; 99 0.07; 56 0.04; 37 0.03; 7 0.02,9,earned income 0.43; shelter deduction 0.19; unearned income 0.16,"wrong amount, known item 0.32; wrong include/exclude decision 0.23; unreported source of income 0.14; household composition 0.08",675,241,302,916,0.7368995633187773,0.7074376017896631,0.7643827638037173,0.2631004366812227,302,0.24794745484400657,1218,310587.0
4+,percent_abawd <=   0.450 & total_deductions_by_hh_size > 154.000 & total_deductions_by_hh_size <= 326.000 & unc_rawben_rel_max >   0.509,train_2022_23,2408,549,809,337,809,0.41656365883807167,0.3830642160485166,0.4508517646296376,135,809,0.1668726823238566,0.14276566522389833,0.19412850948369537,145,809,0.1792336217552534,0.15433834011784242,0.207160874489284,33,809,0.0407911001236094,0.02919074344340642,0.056732024288953735,3,809,0.003708281829419036,0.001261911885838722,0.010845736147923328,58,809,0.07169344870210136,0.055867237944688196,0.0915681295365037,98,809,0.1211372064276885,0.10042521610044923,0.1454303109788735,231,809,0.28553770086526575,0.2554838186153717,0.31761873912773586,207,809,0.2558714462299135,0.2270053470833629,0.2870451149008663,107,809,0.13226205191594562,0.1106455127672481,0.15735455022165407,65,809,0.08034610630407911,0.06353714296429831,0.10112175244656647,58,809,0.07169344870210136,0.055867237944688196,0.0915681295365037,71,809,0.08776266996291718,0.0701617371943159,0.10926018215626851,5,809,0.006180469715698393,0.0026426923386571773,0.014385963675011413,3,809,0.003708281829419036,0.001261911885838722,0.010845736147923328,6,809,0.007416563658838072,0.0034033351722247843,0.016085824831397078,56,809,0.069221260815822,0.05368878796136743,0.08882557153991792,509,809,0.6291718170580964,0.5953491454640953,0.6617735214860214,72,809,0.08899876390605686,0.07126994615039925,0.11061247719013845,228,809,0.28182941903584674,0.25191475314392386,0.313806292629324,449,809,0.5550061804697157,0.5205804147398236,0.5889120128130969,331,809,0.40914709517923364,0.37577251889982716,0.44338043783860753,3,809,0.003708281829419036,0.001261911885838722,0.010845736147923328,0,809,0.0,4.336808689942018e-19,0.00472613606390224,26,809,0.032138442521631644,0.02202491184609453,0.04667432795659273,321,809,0.3967861557478368,0.36363731205795674,0.4309106047809452,311 0.34; 363 0.18; 312 0.08; 350 0.07; 150 0.06; 323 0.06,6,38 0.20; 53 0.15; 35 0.13; 52 0.08; 44 0.07; 99 0.07; 39 0.03; 7 0.03,8,earned income 0.42; shelter deduction 0.18; unearned income 0.17,"wrong amount, known item 0.29; wrong include/exclude decision 0.26; unreported source of income 0.13; method or computation 0.09",405,144,187,549,0.7377049180327869,0.699347549807948,0.7727587461003194,0.26229508196721313,187,0.25407608695652173,736,181283.0
4+,percent_abawd <=   0.450 & total_deductions_by_hh_size > 154.000 & total_deductions_by_hh_size <= 326.000 & unc_rawben_rel_max >   0.509,test_2024,1541,367,536,243,536,0.4533582089552239,0.411694052585065,0.49568618635909945,77,536,0.14365671641791045,0.1164964417124906,0.17588858382092512,109,536,0.20335820895522388,0.17145004415704312,0.23948827552784224,23,536,0.04291044776119403,0.028761020147102582,0.06356532150570816,0,536,0.0,0.0,0.007116161481441964,25,536,0.04664179104477612,0.03178930561621901,0.06794661692105859,59,536,0.11007462686567164,0.08630159750400902,0.13939720006920503,206,536,0.3843283582089552,0.34410878447345467,0.4261942081080729,101,536,0.1884328358208955,0.1575870093513263,0.22371298679569163,84,536,0.15671641791044777,0.12839544130851327,0.18992311732053646,42,536,0.07835820895522388,0.0584912534108734,0.10422610664437244,29,536,0.054104477611940295,0.0379319111789312,0.07662317312728009,31,536,0.05783582089552239,0.041040764365997295,0.08092390082468086,6,536,0.011194029850746268,0.005140073284168201,0.024204830850674316,0,536,0.0,0.0,0.007116161481441964,4,536,0.007462686567164179,0.002905762234238416,0.019029561016137248,33,536,0.061567164179104475,0.04417171166766905,0.08520253440747595,340,531,0.64030131826742,0.5986081988208398,0.6799789567033379,35,531,0.06591337099811675,0.047772145396191644,0.09029041368672186,154,531,0.2900188323917137,0.253040091050603,0.3300140318897218,300,536,0.5597014925373134,0.5173975716815385,0.601155722469931,222,536,0.4141791044776119,0.3732326158169713,0.456347023840291,1,536,0.0018656716417910447,0.0003294043327227471,0.010491547590952641,10,536,0.018656716417910446,0.010164816165003598,0.03399924973877262,3,536,0.005597014925373134,0.0019052434834177234,0.016325289324724514,203,531,0.3822975517890772,0.3419497855362423,0.42433615781595774,311 0.37; 363 0.20; 312 0.08; 350 0.07; 150 0.06,5,35 0.16; 38 0.15; 56 0.11; 44 0.08; 53 0.06; 99 0.06; 52 0.05; 37 0.05; 41 0.02; 57 0.02,10,earned income 0.45; shelter deduction 0.20; unearned income 0.14,"wrong amount, known item 0.38; wrong include/exclude decision 0.19; unreported source of income 0.16; household composition 0.08",270,97,115,367,0.7356948228882834,0.6883057589889945,0.7782006955188061,0.26430517711171664,115,0.23858921161825727,482,129304.0
1,married <=   0.500 & total_deductions_by_hh_size > 505.000 & unc_rawben_rel_max <=   0.992 & utilities <=  29.500,all_2022_24,434,163,275,35,275,0.12727272727272726,0.09295350860211654,0.1718620712826639,18,275,0.06545454545454546,0.04180037115790018,0.10108218295167314,105,275,0.38181818181818183,0.3263983415127368,0.44049440332877904,76,275,0.27636363636363637,0.22686416332875492,0.3320251846021134,30,275,0.10909090909090909,0.07749009076251231,0.15146283448250134,5,275,0.01818181818181818,0.007790450499376173,0.04184920154680345,6,275,0.02181818181818182,0.01003678878054725,0.046775394193585736,39,275,0.14181818181818182,0.1055085642688587,0.18799713932773526,157,275,0.5709090909090909,0.5118294089370453,0.6280349441580452,17,275,0.06181818181818182,0.03895062404354385,0.09675939913807613,0,275,0.0,0.0,0.013776997406412816,35,275,0.12727272727272726,0.09295350860211654,0.1718620712826639,5,275,0.01818181818181818,0.007790450499376173,0.04184920154680345,1,275,0.0036363636363636364,0.0006421796120139201,0.020307348722352257,2,275,0.007272727272727273,0.001996673328640069,0.026125385933679468,0,275,0.0,0.0,0.013776997406412816,19,275,0.06909090909090909,0.04467389933375628,0.10538118570377039,161,275,0.5854545454545454,0.5264410113084544,0.6421134654984496,33,275,0.12,0.08673514390986303,0.16373537411901073,81,275,0.29454545454545455,0.2437969694480087,0.3509550331226264,123,275,0.44727272727272727,0.3896341380273338,0.5063641635173424,141,275,0.5127272727272727,0.4538829556275159,0.5712209026203208,4,275,0.014545454545454545,0.00567050659015512,0.03679661452807114,0,275,0.0,0.0,0.013776997406412816,7,275,0.025454545454545455,0.012383593542073867,0.05160112036001248,70,275,0.2545454545454545,0.20668599296670861,0.30916816939643943,363 0.38; 364 0.28; 311 0.12,3,53 0.50; 64 0.09; 99 0.07; 56 0.07; 35 0.06,5,shelter deduction 0.38; utility allowance 0.28; earned income 0.13,"wrong include/exclude decision 0.57; wrong amount, known item 0.14; change in circumstances 0.13",151,12,124,163,0.9263803680981595,0.8757373597205825,0.9573881917006456,0.0736196319018405,124,0.43205574912891986,287,44785.0
1,married <=   0.500 & total_deductions_by_hh_size > 505.000 & unc_rawben_rel_max <=   0.992 & utilities <=  29.500,train_2022_23,255,98,161,16,161,0.09937888198757763,0.062099710212797886,0.15533084129847108,15,161,0.09316770186335403,0.05727423101475549,0.14802346083002155,58,161,0.36024844720496896,0.2901455834157231,0.436865074088208,43,161,0.2670807453416149,0.20474940589671475,0.340268356609837,21,161,0.13043478260869565,0.08691831797877284,0.1911765318649559,2,161,0.012422360248447204,0.0034132245933606656,0.04415729158702098,6,161,0.037267080745341616,0.01718955087265239,0.07891240397369707,10,161,0.062111801242236024,0.03408404331441131,0.11054935019790596,101,161,0.6273291925465838,0.550489148576989,0.6982344745860959,8,161,0.049689440993788817,0.025390243011169274,0.0949774311681641,0,161,0.0,0.0,0.023304796847397745,20,161,0.12422360248447205,0.08187258391533551,0.1840894062619013,3,161,0.018633540372670808,0.006356878364068758,0.05334649748280485,1,161,0.006211180124223602,0.0010972402944831212,0.034340416219406575,2,161,0.012422360248447204,0.0034132245933606656,0.04415729158702098,0,161,0.0,0.0,0.023304796847397745,16,161,0.09937888198757763,0.062099710212797886,0.15533084129847108,90,161,0.5590062111801242,0.4818224486242884,0.6334397182073851,24,161,0.14906832298136646,0.10226463847896122,0.2122287903642434,47,161,0.2919254658385093,0.22719923234485695,0.3663499688276626,74,161,0.45962732919254656,0.3844820789110116,0.5366543332567907,78,161,0.484472049689441,0.40854034129884015,0.5611275095349301,4,161,0.024844720496894408,0.009702928100705496,0.06213330741266006,0,161,0.0,0.0,0.023304796847397745,5,161,0.031055900621118012,0.013336510550724313,0.0706325846291332,47,161,0.2919254658385093,0.22719923234485695,0.3663499688276626,363 0.36; 364 0.27; 365 0.13,3,53 0.57; 99 0.10; 64 0.09,3,shelter deduction 0.36; utility allowance 0.27; medical deduction 0.13,wrong include/exclude decision 0.63; change in circumstances 0.12,93,5,73,98,0.9489795918367347,0.8860739614476197,0.97801301283401,0.05102040816326531,73,0.4269005847953216,171,25098.0
1,married <=   0.500 & total_deductions_by_hh_size > 505.000 & unc_rawben_rel_max <=   0.992 & utilities <=  29.500,test_2024,179,65,114,19,114,0.16666666666666666,0.1093729979154317,0.24569346418284255,3,114,0.02631578947368421,0.008989398451945727,0.07452610031928616,47,114,0.41228070175438597,0.3262175671830652,0.5040630807375334,33,114,0.2894736842105263,0.21416522774282082,0.3785083272666156,9,114,0.07894736842105263,0.04208813714490404,0.14325897287396874,3,114,0.02631578947368421,0.008989398451945727,0.07452610031928616,0,114,0.0,0.0,0.03259969314741144,29,114,0.2543859649122807,0.18335230338938902,0.34143351078828676,56,114,0.49122807017543857,0.4012505479700841,0.5817775168219758,9,114,0.07894736842105263,0.04208813714490404,0.14325897287396874,0,114,0.0,0.0,0.03259969314741144,15,114,0.13157894736842105,0.08138578986699035,0.20579293139952332,2,114,0.017543859649122806,0.004824317682655357,0.061719245880636375,0,114,0.0,0.0,0.03259969314741144,0,114,0.0,0.0,0.03259969314741144,0,114,0.0,0.0,0.03259969314741144,3,114,0.02631578947368421,0.008989398451945727,0.07452610031928616,71,114,0.6228070175438597,0.5312004830192322,0.70640660989193,9,114,0.07894736842105263,0.04208813714490404,0.14325897287396874,34,114,0.2982456140350877,0.22196010636934355,0.387685383848033,49,114,0.4298245614035088,0.34269963895219036,0.5215248793842885,63,114,0.5526315789473685,0.46112402812823594,0.640707583119405,0,114,0.0,0.0,0.03259969314741144,0,114,0.0,0.0,0.03259969314741144,2,114,0.017543859649122806,0.004824317682655357,0.061719245880636375,23,114,0.20175438596491227,0.13836966525548047,0.2845845376745544,363 0.41; 364 0.29; 311 0.15,3,53 0.41; 56 0.16; 64 0.11; 35 0.08,4,shelter deduction 0.41; utility allowance 0.29; earned income 0.17,"wrong include/exclude decision 0.49; wrong amount, known item 0.25; change in circumstances 0.13",58,7,51,65,0.8923076923076924,0.7939846696853139,0.9468464556807439,0.1076923076923077,51,0.4396551724137931,116,19687.0
1,medical_deductions > 506.000 & rawben_rel_max <=   0.998 & total_deductions_by_hh_size > 282.000 & unc_rawben_rel_max >   0.761,all_2022_24,49,28,45,1,45,0.022222222222222223,0.003933497522757505,0.11566946388718813,1,45,0.022222222222222223,0.003933497522757505,0.11566946388718813,8,45,0.17777777777777778,0.0929427892585383,0.3133010684365414,5,45,0.1111111111111111,0.04840400437825558,0.23499375490890945,27,45,0.6,0.4545159420914473,0.7297532055204246,0,45,0.0,0.0,0.07865426194064076,3,45,0.06666666666666667,0.022931616462147086,0.17856874388640825,9,45,0.2,0.10896004402509006,0.3382325131392944,30,45,0.6666666666666666,0.520702168092554,0.7864130779272324,0,45,0.0,0.0,0.07865426194064076,0,45,0.0,0.0,0.07865426194064076,0,45,0.0,0.0,0.07865426194064076,3,45,0.06666666666666667,0.022931616462147086,0.17856874388640825,0,45,0.0,0.0,0.07865426194064076,0,45,0.0,0.0,0.07865426194064076,0,45,0.0,0.0,0.07865426194064076,3,45,0.06666666666666667,0.022931616462147086,0.17856874388640825,33,45,0.7333333333333333,0.5896088330282471,0.8403525113994538,6,45,0.13333333333333333,0.0625706363434968,0.2617758224129731,6,45,0.13333333333333333,0.0625706363434968,0.2617758224129731,32,45,0.7111111111111111,0.5663118252773978,0.8227008196809984,8,45,0.17777777777777778,0.0929427892585383,0.3133010684365414,2,45,0.044444444444444446,0.012273869040444335,0.14827779183880616,0,45,0.0,0.0,0.07865426194064076,3,45,0.06666666666666667,0.022931616462147086,0.17856874388640825,25,45,0.5555555555555556,0.4117588341636533,0.6906129145096089,365 0.60; 363 0.18,2,53 0.58; 56 0.11; 52 0.09,3,medical deduction 0.60; shelter deduction 0.18,"wrong include/exclude decision 0.67; wrong amount, known item 0.20",27,1,28,28,0.9642857142857143,0.8228742388150135,0.9936676435024582,0.03571428571428571,28,0.5,56,9502.0
1,medical_deductions > 506.000 & rawben_rel_max <=   0.998 & total_deductions_by_hh_size > 282.000 & unc_rawben_rel_max >   0.761,train_2022_23,30,20,30,1,30,0.03333333333333333,0.0059084379948573795,0.16670751396958874,1,30,0.03333333333333333,0.0059084379948573795,0.16670751396958874,3,30,0.1,0.03459925995971615,0.25621441315266624,3,30,0.1,0.03459925995971615,0.25621441315266624,19,30,0.6333333333333333,0.45513246433604937,0.7812629779598231,0,30,0.0,0.0,0.113517091390478,3,30,0.1,0.03459925995971615,0.25621441315266624,2,30,0.06666666666666667,0.01847663532769335,0.21323817721072091,23,30,0.7666666666666667,0.5907132766967574,0.8820776078949878,0,30,0.0,0.0,0.113517091390478,0,30,0.0,0.0,0.113517091390478,0,30,0.0,0.0,0.113517091390478,2,30,0.06666666666666667,0.01847663532769335,0.21323817721072091,0,30,0.0,0.0,0.113517091390478,0,30,0.0,0.0,0.113517091390478,0,30,0.0,0.0,0.113517091390478,3,30,0.1,0.03459925995971615,0.25621441315266624,20,30,0.6666666666666666,0.48779725813830266,0.807697044731538,5,30,0.16666666666666666,0.07336434240351683,0.33564705185680177,5,30,0.16666666666666666,0.07336434240351683,0.33564705185680177,23,30,0.7666666666666667,0.5907132766967574,0.8820776078949878,4,30,0.13333333333333333,0.05309569424218104,0.2968168394441695,2,30,0.06666666666666667,0.01847663532769335,0.21323817721072091,0,30,0.0,0.0,0.113517091390478,1,30,0.03333333333333333,0.0059084379948573795,0.16670751396958874,16,30,0.5333333333333333,0.3614201328152505,0.6976787277587178,365 0.63; 364 0.10; 363 0.10,3,53 0.67; 99 0.10,2,medical deduction 0.63; utility allowance 0.10; shelter deduction 0.10,wrong include/exclude decision 0.77,20,0,20,20,1.0,0.8388698745050667,1.0,0.0,20,0.5,40,6341.0
1,medical_deductions > 506.000 & rawben_rel_max <=   0.998 & total_deductions_by_hh_size > 282.000 & unc_rawben_rel_max >   0.761,test_2024,19,8,15,0,15,0.0,0.0,0.20388926630434784,0,15,0.0,0.0,0.20388926630434784,5,15,0.3333333333333333,0.15176100694691236,0.5828687484878701,2,15,0.13333333333333333,0.0373604698913593,0.3788249920651624,8,15,0.5333333333333333,0.3011663015105079,0.7519077474025355,0,15,0.0,0.0,0.20388926630434784,0,15,0.0,0.0,0.20388926630434784,7,15,0.4666666666666667,0.24809225259746442,0.6988336984894921,7,15,0.4666666666666667,0.24809225259746442,0.6988336984894921,0,15,0.0,0.0,0.20388926630434784,0,15,0.0,0.0,0.20388926630434784,0,15,0.0,0.0,0.20388926630434784,1,15,0.06666666666666667,0.011866588606194856,0.2981707755242399,0,15,0.0,0.0,0.20388926630434784,0,15,0.0,0.0,0.20388926630434784,0,15,0.0,0.0,0.20388926630434784,0,15,0.0,0.0,0.20388926630434784,13,15,0.8666666666666667,0.6211750079348376,0.9626395301086407,1,15,0.06666666666666667,0.011866588606194856,0.2981707755242399,1,15,0.06666666666666667,0.011866588606194856,0.2981707755242399,9,15,0.6,0.357464427565077,0.8017577191740534,4,15,0.26666666666666666,0.1089727610318281,0.5195088965768675,0,15,0.0,0.0,0.20388926630434784,0,15,0.0,0.0,0.20388926630434784,2,15,0.13333333333333333,0.0373604698913593,0.3788249920651624,9,15,0.6,0.357464427565077,0.8017577191740534,365 0.53; 363 0.33,2,53 0.40; 56 0.33; 57 0.13,3,medical deduction 0.53; shelter deduction 0.33,"wrong include/exclude decision 0.47; wrong amount, known item 0.47",7,1,8,8,0.875,0.5291051942301386,0.9775830911367038,0.125,8,0.5,16,3161.0
2-3,medical_deductions > 143 & shelter_expenses_by_hh_size <= 738 & total_deductions_by_hh_size > 503,all_2022_24,52,31,55,1,55,0.01818181818181818,0.003216697592252786,0.09606000460483224,11,55,0.2,0.1155209712045974,0.3236513150690593,10,55,0.18181818181818182,0.10187561448030712,0.3033071133856924,0,55,0.0,0.0,0.06528714378942788,28,55,0.509090909090909,0.38076038407484447,0.636234395128984,2,55,0.03636363636363636,0.010029330855724924,0.1232369297490173,3,55,0.05454545454545454,0.01872287596750008,0.14853294304489928,9,55,0.16363636363636364,0.08855320558522452,0.28263996387311785,29,55,0.5272727272727272,0.39791319071629383,0.6530711468951917,4,55,0.07272727272727272,0.028643596503688543,0.17260178091636796,1,55,0.01818181818181818,0.003216697592252786,0.09606000460483224,1,55,0.01818181818181818,0.003216697592252786,0.09606000460483224,4,55,0.07272727272727272,0.028643596503688543,0.17260178091636796,0,55,0.0,0.0,0.06528714378942788,1,55,0.01818181818181818,0.003216697592252786,0.09606000460483224,0,55,0.0,0.0,0.06528714378942788,6,55,0.10909090909090909,0.050966556283051315,0.21825793795231957,32,55,0.5818181818181818,0.4503286833116465,0.7026243295228107,11,55,0.2,0.1155209712045974,0.3236513150690593,12,55,0.21818181818181817,0.12945897827653213,0.3437028664047817,35,55,0.6363636363636364,0.5042251814868371,0.7506965065705916,18,55,0.32727272727272727,0.21812895688825168,0.45897023823900523,1,55,0.01818181818181818,0.003216697592252786,0.09606000460483224,1,55,0.01818181818181818,0.003216697592252786,0.09606000460483224,0,55,0.0,0.0,0.06528714378942788,30,55,0.5454545454545454,0.41522461348360484,0.669749282535538,365 0.51; 363 0.18; 331 0.15,3,53 0.44; 99 0.11; 38 0.11; 35 0.07; 52 0.07,5,medical deduction 0.51; unearned income 0.20; shelter deduction 0.18,"wrong include/exclude decision 0.53; wrong amount, known item 0.16; other 0.11",31,0,25,31,1.0,0.889740999265246,0.9999999999999999,0.0,25,0.44642857142857145,56,11024.0
2-3,medical_deductions > 143 & shelter_expenses_by_hh_size <= 738 & total_deductions_by_hh_size > 503,train_2022_23,36,23,45,1,45,0.022222222222222223,0.003933497522757505,0.11566946388718813,8,45,0.17777777777777778,0.0929427892585383,0.3133010684365414,9,45,0.2,0.10896004402509006,0.3382325131392944,0,45,0.0,0.0,0.07865426194064076,22,45,0.4888888888888889,0.3495678935302451,0.6299577567351026,2,45,0.044444444444444446,0.012273869040444335,0.14827779183880616,3,45,0.06666666666666667,0.022931616462147086,0.17856874388640825,5,45,0.1111111111111111,0.04840400437825558,0.23499375490890945,25,45,0.5555555555555556,0.4117588341636533,0.6906129145096089,3,45,0.06666666666666667,0.022931616462147086,0.17856874388640825,1,45,0.022222222222222223,0.003933497522757505,0.11566946388718813,1,45,0.022222222222222223,0.003933497522757505,0.11566946388718813,4,45,0.08888888888888889,0.035110548134203154,0.20733851168365702,0,45,0.0,0.0,0.07865426194064076,1,45,0.022222222222222223,0.003933497522757505,0.11566946388718813,0,45,0.0,0.0,0.07865426194064076,5,45,0.1111111111111111,0.04840400437825558,0.23499375490890945,27,45,0.6,0.4545159420914473,0.7297532055204246,9,45,0.2,0.10896004402509006,0.3382325131392944,9,45,0.2,0.10896004402509006,0.3382325131392944,29,45,0.6444444444444445,0.49835546011952203,0.7678110864309596,16,45,0.35555555555555557,0.23218891356904048,0.5016445398804781,0,45,0.0,0.0,0.07865426194064076,0,45,0.0,0.0,0.07865426194064076,0,45,0.0,0.0,0.07865426194064076,22,45,0.4888888888888889,0.3495678935302451,0.6299577567351026,365 0.49; 363 0.20; 331 0.11,3,53 0.47; 99 0.11; 38 0.11; 52 0.09,4,medical deduction 0.49; shelter deduction 0.20; unearned income 0.18,"wrong include/exclude decision 0.56; other 0.11; wrong amount, known item 0.11",23,0,20,23,1.0,0.8568788745827374,1.0,0.0,20,0.46511627906976744,43,8079.0
2-3,medical_deductions > 143 & shelter_expenses_by_hh_size <= 738 & total_deductions_by_hh_size > 503,test_2024,16,8,10,0,10,0.0,0.0,0.2775401687666166,3,10,0.3,0.10778928748621183,0.6032267800204347,1,10,0.1,0.01787574951572113,0.4041563854975721,0,10,0.0,0.0,0.2775401687666166,6,10,0.6,0.3126695474501864,0.8318224187964902,0,10,0.0,0.0,0.2775401687666166,0,10,0.0,0.0,0.2775401687666166,4,10,0.4,0.16817758120350967,0.6873304525498135,4,10,0.4,0.16817758120350967,0.6873304525498135,1,10,0.1,0.01787574951572113,0.4041563854975721,0,10,0.0,0.0,0.2775401687666166,0,10,0.0,0.0,0.2775401687666166,0,10,0.0,0.0,0.2775401687666166,0,10,0.0,0.0,0.2775401687666166,0,10,0.0,0.0,0.2775401687666166,0,10,0.0,0.0,0.2775401687666166,1,10,0.1,0.01787574951572113,0.4041563854975721,5,10,0.5,0.23658959361548731,0.7634104063845126,2,10,0.2,0.056680947980693314,0.5098431532792765,3,10,0.3,0.10778928748621183,0.6032267800204347,6,10,0.6,0.3126695474501864,0.8318224187964902,2,10,0.2,0.056680947980693314,0.5098431532792765,1,10,0.1,0.01787574951572113,0.4041563854975721,1,10,0.1,0.01787574951572113,0.4041563854975721,0,10,0.0,0.0,0.2775401687666166,8,10,0.8,0.49015684672072335,0.9433190520193067,365 0.60; 331 0.30,2,53 0.30; 56 0.20; 57 0.10; 37 0.10; 35 0.10,5,medical deduction 0.60; unearned income 0.30,"wrong amount, known item 0.40; wrong include/exclude decision 0.40",8,0,5,8,1.0,0.6755843804891231,1.0,0.0,5,0.38461538461538464,13,2945.0
1,rawben_rel_max >   0.345 & shelter_expenses_by_hh_size > 878.000 & unc_rawben_rel_max <=   0.991 & utilities <=  14.500,all_2022_24,211,109,200,11,200,0.055,0.030985020801370097,0.0957879244659355,9,200,0.045,0.023852271724704166,0.08329759366096785,97,200,0.485,0.4166726249238525,0.5538927552536972,71,200,0.355,0.29198518653239286,0.4234801551839203,10,200,0.05,0.027382349028644986,0.08957905629784384,0,200,0.0,0.0,0.018846005918320894,2,200,0.01,0.0027466006037749346,0.03572248519617954,27,200,0.135,0.09446507976920289,0.18929250455117141,122,200,0.61,0.5409361758928832,0.6749177028050861,6,200,0.03,0.013820125830748327,0.06389511973247333,0,200,0.0,0.0,0.018846005918320894,26,200,0.13,0.09028141365225628,0.18366463072730121,2,200,0.01,0.0027466006037749346,0.03572248519617954,1,200,0.005,0.0008831459893662054,0.02777439986977148,0,200,0.0,0.0,0.018846005918320894,0,200,0.0,0.0,0.018846005918320894,16,200,0.08,0.04984015517626642,0.12599048979512317,121,200,0.605,0.5358822087449843,0.6701601300121683,19,200,0.095,0.06166261364986359,0.14360265114397636,60,200,0.3,0.24074644243406385,0.3667919599332645,82,200,0.41,0.34415559179081295,0.4792366892744849,109,200,0.545,0.4757848503696115,0.6125190090977398,2,200,0.01,0.0027466006037749346,0.03572248519617954,0,200,0.0,0.0,0.018846005918320894,7,200,0.035,0.017055324637357105,0.07047146086668134,38,200,0.19,0.14167093792456506,0.250013585744794,363 0.48; 364 0.35,2,53 0.56; 64 0.12; 56 0.09,3,shelter deduction 0.48; utility allowance 0.35,"wrong include/exclude decision 0.61; wrong amount, known item 0.14; change in circumstances 0.13",105,4,97,109,0.963302752293578,0.9094214470792258,0.9856385308012722,0.03669724770642202,97,0.470873786407767,206,32995.0
1,rawben_rel_max >   0.345 & shelter_expenses_by_hh_size > 878.000 & unc_rawben_rel_max <=   0.991 & utilities <=  14.500,train_2022_23,114,58,106,3,106,0.02830188679245283,0.009671108644619023,0.07992700354602641,7,106,0.0660377358490566,0.0323537353402859,0.13007652787510787,52,106,0.49056603773584906,0.39740536170099516,0.5843866005428178,39,106,0.36792452830188677,0.2822400657330465,0.4628474056803341,3,106,0.02830188679245283,0.009671108644619023,0.07992700354602641,0,106,0.0,0.0,0.034973998922084165,2,106,0.018867924528301886,0.005189500019088127,0.0662005744153702,3,106,0.02830188679245283,0.009671108644619023,0.07992700354602641,72,106,0.6792452830188679,0.5854599372180149,0.7604927801495398,2,106,0.018867924528301886,0.005189500019088127,0.0662005744153702,0,106,0.0,0.0,0.034973998922084165,14,106,0.1320754716981132,0.08033131841647077,0.20955520909223263,1,106,0.009433962264150943,0.0016672287844913501,0.05151480789377989,1,106,0.009433962264150943,0.0016672287844913501,0.05151480789377989,0,106,0.0,0.0,0.034973998922084165,0,106,0.0,0.0,0.034973998922084165,13,106,0.12264150943396226,0.07309052037980972,0.19858796937270662,59,106,0.5566037735849056,0.4616974618645224,0.6475507646726002,13,106,0.12264150943396226,0.07309052037980972,0.19858796937270662,34,106,0.32075471698113206,0.2395072198504602,0.41454006278198496,45,106,0.42452830188679247,0.3346948483840659,0.5196408495664374,54,106,0.5094339622641509,0.41561339945718223,0.6025946382990048,2,106,0.018867924528301886,0.005189500019088127,0.0662005744153702,0,106,0.0,0.0,0.034973998922084165,5,106,0.04716981132075472,0.020313773391376265,0.10570041431164334,22,106,0.20754716981132076,0.14124543675119416,0.294305392807006,363 0.49; 364 0.37,2,53 0.62; 99 0.12; 64 0.12,3,shelter deduction 0.49; utility allowance 0.37,wrong include/exclude decision 0.68; change in circumstances 0.13,56,2,51,58,0.9655172413793104,0.8827063524467295,0.9904922711335143,0.034482758620689655,51,0.46788990825688076,109,16256.0
1,rawben_rel_max >   0.345 & shelter_expenses_by_hh_size > 878.000 & unc_rawben_rel_max <=   0.991 & utilities <=  14.500,test_2024,97,51,94,8,94,0.0851063829787234,0.04375496466822986,0.15903812129929315,2,94,0.02127659574468085,0.005854213528540098,0.07429165489552492,45,94,0.4787234042553192,0.38056996331242354,0.5785476308397571,32,94,0.3404255319148936,0.2525882883005792,0.4407936678407758,7,94,0.07446808510638298,0.03653811601751902,0.14581376702609433,0,94,0.0,3.469446951953614e-18,0.03926346257624569,0,94,0.0,3.469446951953614e-18,0.03926346257624569,24,94,0.2553191489361702,0.17799224189785487,0.3518600908522227,50,94,0.5319148936170213,0.4317808473355929,0.6295427614361362,4,94,0.0425531914893617,0.016670278401570267,0.10435799587031408,0,94,0.0,3.469446951953614e-18,0.03926346257624569,12,94,0.1276595744680851,0.07455740366811686,0.21000049399504478,1,94,0.010638297872340425,0.001880347339052478,0.057824318161102874,0,94,0.0,3.469446951953614e-18,0.03926346257624569,0,94,0.0,3.469446951953614e-18,0.03926346257624569,0,94,0.0,3.469446951953614e-18,0.03926346257624569,3,94,0.031914893617021274,0.01091242972824407,0.0896746416197306,62,94,0.6595744680851063,0.5592063321592242,0.7474117116994208,6,94,0.06382978723404255,0.029579332197396002,0.1323313479223077,26,94,0.2765957446808511,0.19629891934748106,0.37443581925041597,37,94,0.39361702127659576,0.3008973662970317,0.4946906044638717,55,94,0.5851063829787234,0.48407836075523214,0.6794512626360452,0,94,0.0,3.469446951953614e-18,0.03926346257624569,0,94,0.0,3.469446951953614e-18,0.03926346257624569,2,94,0.02127659574468085,0.005854213528540098,0.07429165489552492,16,94,0.1702127659574468,0.10757529555085373,0.25874741380794664,363 0.48; 364 0.34,2,53 0.48; 56 0.18; 64 0.12,3,shelter deduction 0.48; utility allowance 0.34,"wrong include/exclude decision 0.53; wrong amount, known item 0.26",49,2,46,51,0.9607843137254902,0.8678345101373474,0.9891791437312488,0.0392156862745098,46,0.4742268041237113,97,16739.0
1,total_deductions_by_hh_size <= 842.00 & unc_rawben_rel_max >   1.93 & utilities <= 606.00,all_2022_24,121,63,94,9,94,0.09574468085106383,0.05119138083044319,0.17204290806098949,61,94,0.648936170212766,0.5483301998756748,0.7378466410590606,15,94,0.1595744680851064,0.09915526347591294,0.24672624295897774,3,94,0.031914893617021274,0.01091242972824407,0.0896746416197306,2,94,0.02127659574468085,0.005854213528540098,0.07429165489552492,2,94,0.02127659574468085,0.005854213528540098,0.07429165489552492,2,94,0.02127659574468085,0.005854213528540098,0.07429165489552492,24,94,0.2553191489361702,0.17799224189785487,0.3518600908522227,39,94,0.4148936170212766,0.32054873736395484,0.5159216392447679,12,94,0.1276595744680851,0.07455740366811686,0.21000049399504478,0,94,0.0,3.469446951953614e-18,0.03926346257624569,7,94,0.07446808510638298,0.03653811601751902,0.14581376702609433,4,94,0.0425531914893617,0.016670278401570267,0.10435799587031408,2,94,0.02127659574468085,0.005854213528540098,0.07429165489552492,0,94,0.0,3.469446951953614e-18,0.03926346257624569,0,94,0.0,3.469446951953614e-18,0.03926346257624569,6,94,0.06382978723404255,0.029579332197396002,0.1323313479223077,39,94,0.4148936170212766,0.32054873736395484,0.5159216392447679,7,94,0.07446808510638298,0.03653811601751902,0.14581376702609433,48,94,0.5106382978723404,0.41116709806344404,0.6092741048604655,63,94,0.6702127659574468,0.5701327612537006,0.756926485528854,26,94,0.2765957446808511,0.19629891934748106,0.37443581925041597,2,94,0.02127659574468085,0.005854213528540098,0.07429165489552492,0,94,0.0,3.469446951953614e-18,0.03926346257624569,3,94,0.031914893617021274,0.01091242972824407,0.0896746416197306,54,94,0.574468085106383,0.4735305411590489,0.6695578793083188,331 0.46; 363 0.16; 333 0.14,3,37 0.26; 38 0.21; 35 0.13; 53 0.10; 99 0.06,5,unearned income 0.65; shelter deduction 0.16,"wrong include/exclude decision 0.41; wrong amount, known item 0.26; unreported source of income 0.13",63,0,0,63,1.0,0.9425268096514744,0.9999999999999999,0.0,0,0.0,63,14488.0
1,total_deductions_by_hh_size <= 842.00 & unc_rawben_rel_max >   1.93 & utilities <= 606.00,train_2022_23,97,49,72,6,72,0.08333333333333333,0.03875189713049035,0.17012555271233995,49,72,0.6805555555555556,0.5660743422203383,0.7767454295144354,10,72,0.1388888888888889,0.07722647811471899,0.23713397841573391,2,72,0.027777777777777776,0.007650861466140468,0.09574358168906721,2,72,0.027777777777777776,0.007650861466140468,0.09574358168906721,1,72,0.013888888888888888,0.002455888640432169,0.07456780284286987,2,72,0.027777777777777776,0.007650861466140468,0.09574358168906721,18,72,0.25,0.16438921125325756,0.36093725865244064,28,72,0.3888888888888889,0.2846554187000152,0.5043785679247396,10,72,0.1388888888888889,0.07722647811471899,0.23713397841573391,0,72,0.0,0.0,0.05065293981139638,5,72,0.06944444444444445,0.03002493884382272,0.15248175932710195,4,72,0.05555555555555555,0.02181386292692504,0.13432208357209396,2,72,0.027777777777777776,0.007650861466140468,0.09574358168906721,0,72,0.0,0.0,0.05065293981139638,0,72,0.0,0.0,0.05065293981139638,5,72,0.06944444444444445,0.03002493884382272,0.15248175932710195,26,72,0.3611111111111111,0.25981514475687584,0.4764773385240676,6,72,0.08333333333333333,0.03875189713049035,0.17012555271233995,40,72,0.5555555555555556,0.44087185773467513,0.6646111489529475,46,72,0.6388888888888888,0.5235226614759323,0.740184855243124,21,72,0.2916666666666667,0.19937911717246715,0.4050596077489481,2,72,0.027777777777777776,0.007650861466140468,0.09574358168906721,0,72,0.0,0.0,0.05065293981139638,3,72,0.041666666666666664,0.01427054877259009,0.11549464605452325,39,72,0.5416666666666666,0.42739664196707616,0.6517156130486407,331 0.51; 363 0.14; 333 0.11,3,38 0.24; 37 0.24; 35 0.14; 53 0.12; 99 0.07,5,unearned income 0.68; shelter deduction 0.14,"wrong include/exclude decision 0.39; wrong amount, known item 0.25; unreported source of income 0.14",49,0,0,49,1.0,0.9272997032640949,0.9999999999999999,0.0,0,0.0,49,10345.0
1,total_deductions_by_hh_size <= 842.00 & unc_rawben_rel_max >   1.93 & utilities <= 606.00,test_2024,24,14,22,3,22,0.13636363636363635,0.04748917264236269,0.3333541187947,12,22,0.5454545454545454,0.34659473289041554,0.7307998556799515,5,22,0.22727272727272727,0.10122890794820358,0.4344035606295935,1,22,0.045454545454545456,0.008069219301147859,0.21798489499518053,0,22,0.0,1.3877787807814457e-17,0.14865952572596125,1,22,0.045454545454545456,0.008069219301147859,0.21798489499518053,0,22,0.0,1.3877787807814457e-17,0.14865952572596125,6,22,0.2727272727272727,0.1315058201581444,0.4815212369900198,11,22,0.5,0.3072180469247956,0.6927819530752044,2,22,0.09090909090909091,0.025294896282837792,0.2781538065838578,0,22,0.0,1.3877787807814457e-17,0.14865952572596125,2,22,0.09090909090909091,0.025294896282837792,0.2781538065838578,0,22,0.0,1.3877787807814457e-17,0.14865952572596125,0,22,0.0,1.3877787807814457e-17,0.14865952572596125,0,22,0.0,1.3877787807814457e-17,0.14865952572596125,0,22,0.0,1.3877787807814457e-17,0.14865952572596125,1,22,0.045454545454545456,0.008069219301147859,0.21798489499518053,13,22,0.5909090909090909,0.38734477382893806,0.7674444033117963,1,22,0.045454545454545456,0.008069219301147859,0.21798489499518053,8,22,0.36363636363636365,0.19732972772607899,0.5704865065628195,17,22,0.7727272727272727,0.5655964393704065,0.8987710920517964,5,22,0.22727272727272727,0.10122890794820358,0.4344035606295935,0,22,0.0,1.3877787807814457e-17,0.14865952572596125,0,22,0.0,1.3877787807814457e-17,0.14865952572596125,0,22,0.0,1.3877787807814457e-17,0.14865952572596125,15,22,0.6818181818181818,0.47318222782839336,0.8363961264530752,331 0.27; 363 0.23; 333 0.23; 311 0.14,4,37 0.32; 52 0.14; 57 0.14; 38 0.14; 35 0.09,5,unearned income 0.55; shelter deduction 0.23,"wrong include/exclude decision 0.50; wrong amount, known item 0.27",14,0,0,14,1.0,0.7846829880728186,1.0,0.0,0,0.0,14,4143.0
1,rawben_rel_max >=   0.988 & rawben_rel_max <   1.000 & shelter_expenses_by_hh_size >= 692.000 & utilities < 580.000,all_2022_24,399,177,245,5,245,0.02040816326530612,0.008747760333937888,0.046876379681236424,12,245,0.04897959183673469,0.028237018866415334,0.08364781067976988,167,245,0.6816326530612244,0.6208800052038576,0.7367772353861403,40,245,0.16326530612244897,0.12224695266465482,0.2146806350055739,19,245,0.07755102040816327,0.05020663572295501,0.1179388833542411,1,245,0.004081632653061225,0.0007208535639181141,0.022754321004964263,1,245,0.004081632653061225,0.0007208535639181141,0.022754321004964263,50,245,0.20408163265306123,0.15836591478172418,0.2589340865042345,141,245,0.5755102040816327,0.5129212106121749,0.6357677545769255,4,245,0.0163265306122449,0.0063668117678340325,0.0412200868857673,0,245,0.0,0.0,0.01543793320730939,24,245,0.09795918367346938,0.0667136564739384,0.14161806941112262,5,245,0.02040816326530612,0.008747760333937888,0.046876379681236424,3,245,0.012244897959183673,0.004172872119330246,0.0353767851726981,0,245,0.0,0.0,0.01543793320730939,0,245,0.0,0.0,0.01543793320730939,18,245,0.07346938775510205,0.04697477475278341,0.11313350296283972,164,245,0.6693877551020408,0.6082631601987243,0.7252823563065547,27,245,0.11020408163265306,0.0768511456590823,0.1555923043106977,54,245,0.22040816326530613,0.17303980424245097,0.27640916248979963,115,245,0.46938775510204084,0.4078503488572681,0.5318703409309347,127,245,0.5183673469387755,0.45600033655357025,0.5801672495735082,1,245,0.004081632653061225,0.0007208535639181141,0.022754321004964263,0,245,0.0,0.0,0.01543793320730939,2,245,0.00816326530612245,0.0022414768957745006,0.029270939034680858,65,245,0.2653061224489796,0.213954128635917,0.32390449307363645,363 0.68; 364 0.16,2,53 0.53; 56 0.16; 64 0.09,3,shelter deduction 0.68; utility allowance 0.16,"wrong include/exclude decision 0.58; wrong amount, known item 0.20",177,0,175,177,1.0,0.9787571001362518,1.0,0.0,175,0.4971590909090909,352,37545.0
1,rawben_rel_max >=   0.988 & rawben_rel_max <   1.000 & shelter_expenses_by_hh_size >= 692.000 & utilities < 580.000,train_2022_23,263,111,149,3,149,0.020134228187919462,0.006870586746020212,0.0575202597250976,8,149,0.053691275167785234,0.027453913454500024,0.10236414655010606,104,149,0.697986577181208,0.6200503384413711,0.7659702214062096,22,149,0.1476510067114094,0.0995719488412326,0.21344230905714068,11,149,0.0738255033557047,0.041719901872892914,0.12735448625180612,0,149,0.0,0.0,0.025134518351024853,1,149,0.006711409395973154,0.0011856820977550406,0.037034278959967463,3,149,0.020134228187919462,0.006870586746020212,0.0575202597250976,108,149,0.7248322147651006,0.6481528189621801,0.7902095117121912,3,149,0.020134228187919462,0.006870586746020212,0.0575202597250976,0,149,0.0,0.0,0.025134518351024853,13,149,0.087248322147651,0.05169617135888847,0.14354910217920588,4,149,0.026845637583892617,0.01048801642754306,0.0669882727502724,2,149,0.013422818791946308,0.0036886952442319668,0.04761670852018819,0,149,0.0,0.0,0.025134518351024853,0,149,0.0,0.0,0.025134518351024853,16,149,0.10738255033557047,0.06718519772534273,0.16731640393284458,103,149,0.6912751677852349,0.6130702395804885,0.7598648775603948,20,149,0.1342281879194631,0.0885999071925608,0.19824346529241713,26,149,0.174496644295302,0.12195321718076815,0.24340281154439572,66,149,0.4429530201342282,0.36562209978471044,0.5231516372083596,82,149,0.5503355704697986,0.47019362236078144,0.6279471979394509,1,149,0.006711409395973154,0.0011856820977550406,0.037034278959967463,0,149,0.0,0.0,0.025134518351024853,0,149,0.0,0.0,0.025134518351024853,41,149,0.2751677852348993,0.20979048828780872,0.3518471810378199,363 0.70; 364 0.15,2,53 0.66; 99 0.11,2,shelter deduction 0.70; utility allowance 0.15,wrong include/exclude decision 0.72; other 0.11,111,0,109,111,1.0,0.9665487070887205,1.0,0.0,109,0.4954545454545455,220,22174.0
1,rawben_rel_max >=   0.988 & rawben_rel_max <   1.000 & shelter_expenses_by_hh_size >= 692.000 & utilities < 580.000,test_2024,136,66,96,2,96,0.020833333333333332,0.005731849710137293,0.07280855829614466,4,96,0.041666666666666664,0.0163204434524125,0.10228342507533544,63,96,0.65625,0.5568784424044507,0.7435975115065444,18,96,0.1875,0.12202372252361303,0.2770243696543969,8,96,0.08333333333333333,0.04283011146065737,0.1559006781100226,1,96,0.010416666666666666,0.001841122818436635,0.056667554927112326,0,96,0.0,0.0,0.03847694748481595,47,96,0.4895833333333333,0.39192689394846364,0.5880413757908035,33,96,0.34375,0.2564024884934557,0.4431215575955494,1,96,0.010416666666666666,0.001841122818436635,0.056667554927112326,0,96,0.0,0.0,0.03847694748481595,11,96,0.11458333333333333,0.06519804888543013,0.19362793146744883,1,96,0.010416666666666666,0.001841122818436635,0.056667554927112326,1,96,0.010416666666666666,0.001841122818436635,0.056667554927112326,0,96,0.0,0.0,0.03847694748481595,0,96,0.0,0.0,0.03847694748481595,2,96,0.020833333333333332,0.005731849710137293,0.07280855829614466,61,96,0.6354166666666666,0.5356504026503102,0.7247620907392187,7,96,0.07291666666666667,0.0357671262379895,0.14293193307195748,28,96,0.2916666666666667,0.21016461419964405,0.38920078058569607,49,96,0.5104166666666666,0.41195862420919654,0.6080731060515364,45,96,0.46875,0.3720590570105098,0.5678457522072913,0,96,0.0,0.0,0.03847694748481595,0,96,0.0,0.0,0.03847694748481595,2,96,0.020833333333333332,0.005731849710137293,0.07280855829614466,24,96,0.25,0.17413849417796745,0.3450999795644406,363 0.66; 364 0.19,2,56 0.42; 53 0.33,2,shelter deduction 0.66; utility allowance 0.19,"wrong amount, known item 0.49; wrong include/exclude decision 0.34",66,0,66,66,1.0,0.9449955327483907,1.0,0.0,66,0.5,132,15371.0
4+,HH_size_n >   4.5 & medical_deductions <= 157.0 & total_deductions_by_hh_size > 362.0,all_2022_24,62,30,49,15,49,0.30612244897959184,0.1951532349314748,0.4452815740069374,2,49,0.04081632653061224,0.011265396927928273,0.13713283476831106,9,49,0.1836734693877551,0.09976228838458358,0.31357871567282575,1,49,0.02040816326530612,0.003611579538530696,0.10693768467754147,0,49,0.0,0.0,0.07270029673590504,18,49,0.3673469387755102,0.24664982524781226,0.5073318861311014,4,49,0.08163265306122448,0.032202296241712225,0.19189387041486136,18,49,0.3673469387755102,0.24664982524781226,0.5073318861311014,16,49,0.32653061224489793,0.21207321329264214,0.4662105631259371,3,49,0.061224489795918366,0.021039764955529186,0.16520743422087725,3,49,0.061224489795918366,0.021039764955529186,0.16520743422087725,2,49,0.04081632653061224,0.011265396927928273,0.13713283476831106,2,49,0.04081632653061224,0.011265396927928273,0.13713283476831106,0,49,0.0,0.0,0.07270029673590504,0,49,0.0,0.0,0.07270029673590504,1,49,0.02040816326530612,0.003611579538530696,0.10693768467754147,4,49,0.08163265306122448,0.032202296241712225,0.19189387041486136,37,49,0.7551020408163265,0.619134127396842,0.8539779661052471,5,49,0.10204081632653061,0.044378892487039884,0.21756624164970087,7,49,0.14285714285714285,0.07096333720544586,0.2666797318916292,27,49,0.5510204081632653,0.41314866799678107,0.6814737507036366,19,49,0.3877551020408163,0.26428814373960496,0.5275425351194757,0,49,0.0,0.0,0.07270029673590504,0,49,0.0,0.0,0.07270029673590504,3,49,0.061224489795918366,0.021039764955529186,0.16520743422087725,24,49,0.4897959183673469,0.3557488315940086,0.6253266846659078,311 0.31; 323 0.31; 363 0.18,3,53 0.18; 38 0.16; 52 0.14; 56 0.14; 99 0.08; 35 0.06,6,dep care or child support deduction 0.37; earned income 0.31; shelter deduction 0.18,"wrong amount, known item 0.37; wrong include/exclude decision 0.33; other 0.08",25,5,19,30,0.8333333333333334,0.6643529481431982,0.9266356575964831,0.16666666666666666,19,0.3877551020408163,49,9678.0
4+,HH_size_n >   4.5 & medical_deductions <= 157.0 & total_deductions_by_hh_size > 362.0,train_2022_23,31,17,29,9,29,0.3103448275862069,0.17275424489768068,0.49230470472718546,1,29,0.034482758620689655,0.006113056614032261,0.1717589106470025,6,29,0.20689655172413793,0.09845936515585207,0.3839044660825772,0,29,0.0,0.0,0.11697359446555587,0,29,0.0,0.0,0.11697359446555587,10,29,0.3448275862068966,0.19940508749190483,0.5265522349284402,3,29,0.10344827586206896,0.035814240381301043,0.26385447247069155,6,29,0.20689655172413793,0.09845936515585207,0.3839044660825772,12,29,0.41379310344827586,0.2551293527964552,0.5926247152148476,2,29,0.06896551724137931,0.019120864097994433,0.21964947595851925,3,29,0.10344827586206896,0.035814240381301043,0.26385447247069155,1,29,0.034482758620689655,0.006113056614032261,0.1717589106470025,2,29,0.06896551724137931,0.019120864097994433,0.21964947595851925,0,29,0.0,0.0,0.11697359446555587,0,29,0.0,0.0,0.11697359446555587,1,29,0.034482758620689655,0.006113056614032261,0.1717589106470025,2,29,0.06896551724137931,0.019120864097994433,0.21964947595851925,24,29,0.8275862068965517,0.6545119942718488,0.9240225472852007,4,29,0.13793103448275862,0.05497350852047822,0.30559357712699325,1,29,0.034482758620689655,0.006113056614032261,0.1717589106470025,18,29,0.6206896551724138,0.4400222620928496,0.7731220426913266,8,29,0.27586206896551724,0.1469858133850274,0.4571747634443597,0,29,0.0,0.0,0.11697359446555587,0,29,0.0,0.0,0.11697359446555587,3,29,0.10344827586206896,0.035814240381301043,0.26385447247069155,17,29,0.5862068965517241,0.40737528478515245,0.7448706472035449,311 0.31; 323 0.24; 363 0.21,3,52 0.24; 53 0.17; 38 0.14; 44 0.07; 99 0.07; 35 0.07,6,dep care or child support deduction 0.34; earned income 0.31; shelter deduction 0.21,"wrong include/exclude decision 0.41; wrong amount, known item 0.21; household composition 0.10; other 0.07",12,5,10,17,0.7058823529411765,0.468664666737861,0.8672020613444361,0.29411764705882354,10,0.37037037037037035,27,6006.0
4+,HH_size_n >   4.5 & medical_deductions <= 157.0 & total_deductions_by_hh_size > 362.0,test_2024,31,13,20,6,20,0.3,0.14547527396899385,0.5189767762289793,1,20,0.05,0.008881219432873136,0.23613589351256675,3,20,0.15,0.05236779195949584,0.36042329588695743,1,20,0.05,0.008881219432873136,0.23613589351256675,0,20,0.0,0.0,0.16113012549493322,8,20,0.4,0.21880396741419272,0.613422057684794,1,20,0.05,0.008881219432873136,0.23613589351256675,12,20,0.6,0.3865779423152061,0.7811960325858074,4,20,0.2,0.0806563532712,0.41602172202575993,1,20,0.05,0.008881219432873136,0.23613589351256675,0,20,0.0,0.0,0.16113012549493322,1,20,0.05,0.008881219432873136,0.23613589351256675,0,20,0.0,0.0,0.16113012549493322,0,20,0.0,0.0,0.16113012549493322,0,20,0.0,0.0,0.16113012549493322,0,20,0.0,0.0,0.16113012549493322,2,20,0.1,0.027865893984153206,0.30103820641179335,13,20,0.65,0.43285051021946463,0.8188104521320554,1,20,0.05,0.008881219432873136,0.23613589351256675,6,20,0.3,0.14547527396899385,0.5189767762289793,9,20,0.45,0.25819502085709295,0.6579179916924003,11,20,0.55,0.3420820083075997,0.7418049791429071,0,20,0.0,0.0,0.16113012549493322,0,20,0.0,0.0,0.16113012549493322,0,20,0.0,0.0,0.16113012549493322,7,20,0.35,0.18118954786794464,0.5671494897805354,323 0.40; 311 0.30; 363 0.15,3,56 0.35; 53 0.20; 38 0.20,3,dep care or child support deduction 0.40; earned income 0.30; shelter deduction 0.15,"wrong amount, known item 0.60; wrong include/exclude decision 0.20",13,0,9,13,1.0,0.7718981569447083,1.0,0.0,9,0.4090909090909091,22,3672.0
1,months_since_cert_n >=   5.00 & percent_abawd <   0.50 & unc_rawben_rel_max >=   1.82 & utilities < 366.00,all_2022_24,169,75,113,36,113,0.3185840707964602,0.23985429373603995,0.4092432879471962,43,113,0.3805309734513274,0.296335004208579,0.47258291543647896,15,113,0.13274336283185842,0.08212152163950824,0.20751504615826244,6,113,0.05309734513274336,0.024559255637348558,0.11102259192379405,1,113,0.008849557522123894,0.0015638358136017966,0.04843205606052523,0,113,0.0,0.0,0.03287870073672391,12,113,0.10619469026548672,0.061797874332203774,0.17648712005335754,17,113,0.1504424778761062,0.09610006998084222,0.2277708800917347,35,113,0.30973451327433627,0.23191541688374973,0.40006497366208327,26,113,0.23008849557522124,0.16213092290126857,0.3157947474079364,0,113,0.0,0.0,0.03287870073672391,16,113,0.1415929203539823,0.08907227229207428,0.2176814866430995,3,113,0.02654867256637168,0.009069309551816493,0.07516096459711677,2,113,0.017699115044247787,0.004867129823876968,0.06224595318765318,5,113,0.04424778761061947,0.019045587730049336,0.09941906869369016,0,113,0.0,0.0,0.03287870073672391,9,113,0.07964601769911504,0.04246569596832783,0.14446772500502414,28,113,0.24778761061946902,0.1773590673842274,0.3348009851997838,6,113,0.05309734513274336,0.024559255637348558,0.11102259192379405,79,113,0.6991150442477876,0.6091477887478123,0.7759890118437578,51,113,0.45132743362831856,0.36268169477968215,0.5431737539646008,55,113,0.48672566371681414,0.39653058797717566,0.5777936253167196,1,113,0.008849557522123894,0.0015638358136017966,0.04843205606052523,0,113,0.0,0.0,0.03287870073672391,6,113,0.05309734513274336,0.024559255637348558,0.11102259192379405,39,113,0.34513274336283184,0.2638704023847232,0.43657875271072216,331 0.27; 311 0.27; 363 0.13; 364 0.05; 371 0.04,5,35 0.23; 37 0.17; 39 0.12; 38 0.11; 99 0.08; 53 0.07,6,unearned income 0.38; earned income 0.32; shelter deduction 0.13,"wrong include/exclude decision 0.31; unreported source of income 0.23; wrong amount, known item 0.15; change in circumstances 0.14",74,1,0,75,0.9866666666666667,0.9282646257525621,0.997642509566863,0.013333333333333334,0,0.0,75,22757.0
1,months_since_cert_n >=   5.00 & percent_abawd <   0.50 & unc_rawben_rel_max >=   1.82 & utilities < 366.00,train_2022_23,116,51,80,26,80,0.325,0.2324401249422747,0.43359678275032654,28,80,0.35,0.2545439440982969,0.4592019767810756,9,80,0.1125,0.06032618694827016,0.20018410865677552,4,80,0.05,0.01961323712729557,0.121624525510822,1,80,0.0125,0.002209918618306224,0.06746432423965451,0,80,0.0,0.0,0.0458197362645751,12,80,0.15,0.08793954037414209,0.2441342750110605,11,80,0.1375,0.07854633679551142,0.22967297199630554,25,80,0.3125,0.22150258327847644,0.4206798178207392,12,80,0.15,0.08793954037414209,0.2441342750110605,0,80,0.0,0.0,0.0458197362645751,14,80,0.175,0.10720538981609888,0.2725774387558749,3,80,0.0375,0.012834336300788757,0.10454891974394322,1,80,0.0125,0.002209918618306224,0.06746432423965451,5,80,0.0625,0.026988977697985535,0.1381032915335177,0,80,0.0,0.0,0.0458197362645751,9,80,0.1125,0.06032618694827016,0.20018410865677552,14,80,0.175,0.10720538981609888,0.2725774387558749,4,80,0.05,0.01961323712729557,0.121624525510822,62,80,0.775,0.6721300467523076,0.8526690983021762,35,80,0.4375,0.3341368457196415,0.5465906213134304,38,80,0.475,0.3692454986165162,0.5830454881967124,1,80,0.0125,0.002209918618306224,0.06746432423965451,0,80,0.0,0.0,0.0458197362645751,6,80,0.075,0.03482477485108787,0.15412200097380097,24,80,0.3,0.21064429162615705,0.407683602879673,331 0.31; 311 0.29; 363 0.11; 371 0.06,4,39 0.16; 35 0.15; 37 0.15; 38 0.12; 99 0.11; 52 0.09,6,unearned income 0.35; earned income 0.33; other element 0.15,"wrong include/exclude decision 0.31; change in circumstances 0.17; unreported source of income 0.15; wrong amount, known item 0.14",50,1,0,51,0.9803921568627451,0.8969519232441061,0.9965303967465577,0.0196078431372549,0,0.0,51,15168.0
1,months_since_cert_n >=   5.00 & percent_abawd <   0.50 & unc_rawben_rel_max >=   1.82 & utilities < 366.00,test_2024,53,24,33,10,33,0.30303030303030304,0.17375347814547223,0.4733845397473445,15,33,0.45454545454545453,0.298426891258915,0.6201434205625044,6,33,0.18181818181818182,0.08610651225698263,0.3438856704929522,2,33,0.06060606060606061,0.016780530429070947,0.19606581717798194,0,33,0.0,0.0,0.10427343003561192,0,33,0.0,0.0,0.10427343003561192,0,33,0.0,0.0,0.10427343003561192,6,33,0.18181818181818182,0.08610651225698263,0.3438856704929522,10,33,0.30303030303030304,0.17375347814547223,0.4733845397473445,14,33,0.42424242424242425,0.272353589950299,0.5919302630853998,0,33,0.0,0.0,0.10427343003561192,2,33,0.06060606060606061,0.016780530429070947,0.19606581717798194,0,33,0.0,0.0,0.10427343003561192,1,33,0.030303030303030304,0.005369272089651725,0.15319061673168066,0,33,0.0,0.0,0.10427343003561192,0,33,0.0,0.0,0.10427343003561192,0,33,0.0,0.0,0.10427343003561192,14,33,0.42424242424242425,0.272353589950299,0.5919302630853998,2,33,0.06060606060606061,0.016780530429070947,0.19606581717798194,17,33,0.5151515151515151,0.3521810458621024,0.6749621835307578,16,33,0.48484848484848486,0.32503781646924224,0.6478189541378976,17,33,0.5151515151515151,0.3521810458621024,0.6749621835307578,0,33,0.0,0.0,0.10427343003561192,0,33,0.0,0.0,0.10427343003561192,0,33,0.0,0.0,0.10427343003561192,15,33,0.45454545454545453,0.298426891258915,0.6201434205625044,311 0.24; 331 0.18; 363 0.18; 346 0.09; 333 0.09,5,35 0.42; 37 0.21; 53 0.06; 57 0.06,4,unearned income 0.45; earned income 0.30,"unreported source of income 0.42; wrong include/exclude decision 0.30; wrong amount, known item 0.18",24,0,0,24,1.0,0.8620194241710247,1.0,0.0,0,0.0,24,7589.0
4+,HH_size_n >=   5 & married <   1 & shelter_expenses_by_hh_size < 293 & total_deductions_by_hh_size >= 212,all_2022_24,112,48,78,24,78,0.3076923076923077,0.2163178292080744,0.4171204222435101,11,78,0.14102564102564102,0.08060961324830107,0.23514178946132336,13,78,0.16666666666666666,0.10006850973163443,0.26455779278444536,4,78,0.05128205128205128,0.020120686846503345,0.1245685665405272,0,78,0.0,0.0,0.04693945377411976,21,78,0.2692307692307692,0.1833548055161846,0.37677109622571675,5,78,0.0641025641025641,0.027688907083923665,0.14143779620633457,27,78,0.34615384615384615,0.25005047365684197,0.4567001275044257,29,78,0.3717948717948718,0.27293398524227175,0.4826915157254513,6,78,0.07692307692307693,0.03572997725324493,0.15783417594024104,3,78,0.038461538461538464,0.013165586780815211,0.10708621670298764,4,78,0.05128205128205128,0.020120686846503345,0.1245685665405272,3,78,0.038461538461538464,0.013165586780815211,0.10708621670298764,1,78,0.01282051282051282,0.0022666733888537863,0.06911023028849367,0,78,0.0,0.0,0.04693945377411976,1,78,0.01282051282051282,0.0022666733888537863,0.06911023028849367,4,78,0.05128205128205128,0.020120686846503345,0.1245685665405272,61,78,0.782051282051282,0.6783908645244479,0.8592330333465614,2,78,0.02564102564102564,0.007059945446585378,0.08875440813398978,15,78,0.19230769230769232,0.12015101048823744,0.2933501918342978,41,78,0.5256410256410257,0.4162457167544665,0.632629183051989,35,78,0.44871794871794873,0.3433419189622355,0.5589082814248538,1,78,0.01282051282051282,0.0022666733888537863,0.06911023028849367,0,78,0.0,0.0,0.04693945377411976,1,78,0.01282051282051282,0.0022666733888537863,0.06911023028849367,30,78,0.38461538461538464,0.28448876404744494,0.49557418682350585,311 0.29; 323 0.23; 363 0.17; 350 0.08,4,52 0.18; 38 0.18; 53 0.17; 56 0.09; 35 0.08; 44 0.06,6,earned income 0.31; dep care or child support deduction 0.27; shelter deduction 0.17; unearned income 0.14,"wrong include/exclude decision 0.37; wrong amount, known item 0.35; unreported source of income 0.08",40,8,21,48,0.8333333333333334,0.7042189996260375,0.9130458996054678,0.16666666666666666,21,0.30434782608695654,69,19542.0
4+,HH_size_n >=   5 & married <   1 & shelter_expenses_by_hh_size < 293 & total_deductions_by_hh_size >= 212,train_2022_23,68,32,54,15,54,0.2777777777777778,0.1761667544821121,0.4089069640872221,9,54,0.16666666666666666,0.0902428998661039,0.28736767798789736,7,54,0.12962962962962962,0.06423639229487982,0.2442198053206771,4,54,0.07407407407407407,0.029181055323684174,0.17554357193420633,0,54,0.0,6.938893903907228e-18,0.06641586678100189,16,54,0.2962962962962963,0.19137265695067046,0.42827825173788586,3,54,0.05555555555555555,0.019072922503838907,0.15107451463482943,14,54,0.25925925925925924,0.16118507964793902,0.38931144880217294,25,54,0.46296296296296297,0.33689688992410527,0.5939487298374504,4,54,0.07407407407407407,0.029181055323684174,0.17554357193420633,2,54,0.037037037037037035,0.010216153585413057,0.12535409343403314,3,54,0.05555555555555555,0.019072922503838907,0.15107451463482943,2,54,0.037037037037037035,0.010216153585413057,0.12535409343403314,1,54,0.018518518518518517,0.0032764033153519848,0.09771665358487208,0,54,0.0,6.938893903907228e-18,0.06641586678100189,1,54,0.018518518518518517,0.0032764033153519848,0.09771665358487208,2,54,0.037037037037037035,0.010216153585413057,0.12535409343403314,42,54,0.7777777777777778,0.6506107316841219,0.8680471201042104,1,54,0.018518518518518517,0.0032764033153519848,0.09771665358487208,11,54,0.2037037037037037,0.1177393408658538,0.32902561722659174,29,54,0.5370370370370371,0.4060512701625496,0.6631031100758948,23,54,0.42592592592592593,0.30331621798657443,0.5583750215365371,1,54,0.018518518518518517,0.0032764033153519848,0.09771665358487208,0,54,0.0,6.938893903907228e-18,0.06641586678100189,1,54,0.018518518518518517,0.0032764033153519848,0.09771665358487208,22,54,0.4074074074074074,0.2867801518924045,0.5403338975114846,323 0.26; 311 0.26; 363 0.13; 364 0.07; 350 0.07,5,52 0.26; 53 0.19; 38 0.19; 44 0.07; 35 0.07,5,dep care or child support deduction 0.30; earned income 0.28; unearned income 0.17; shelter deduction 0.13,"wrong include/exclude decision 0.46; wrong amount, known item 0.26; unreported source of income 0.07",25,7,14,32,0.78125,0.6124466920955516,0.8897630306846815,0.21875,14,0.30434782608695654,46,12964.0
4+,HH_size_n >=   5 & married <   1 & shelter_expenses_by_hh_size < 293 & total_deductions_by_hh_size >= 212,test_2024,44,16,24,9,24,0.375,0.21159133433631458,0.5729038096209293,2,24,0.08333333333333333,0.023158327842973503,0.258492152014506,6,24,0.25,0.1199920347934233,0.4489982531210644,0,24,0.0,0.0,0.13798057582897535,0,24,0.0,0.0,0.13798057582897535,5,24,0.20833333333333334,0.0924468910478809,0.40470844485235474,2,24,0.08333333333333333,0.023158327842973503,0.258492152014506,13,24,0.5416666666666666,0.35074553553106635,0.7210894164831857,4,24,0.16666666666666666,0.06678568000728924,0.3585347038786943,2,24,0.08333333333333333,0.023158327842973503,0.258492152014506,1,24,0.041666666666666664,0.007393265354805126,0.20242226248842232,1,24,0.041666666666666664,0.007393265354805126,0.20242226248842232,1,24,0.041666666666666664,0.007393265354805126,0.20242226248842232,0,24,0.0,0.0,0.13798057582897535,0,24,0.0,0.0,0.13798057582897535,0,24,0.0,0.0,0.13798057582897535,2,24,0.08333333333333333,0.023158327842973503,0.258492152014506,19,24,0.7916666666666666,0.5952915551476452,0.9075531089521192,1,24,0.041666666666666664,0.007393265354805126,0.20242226248842232,4,24,0.16666666666666666,0.06678568000728924,0.3585347038786943,12,24,0.5,0.31427131627763083,0.6857286837223692,12,24,0.5,0.31427131627763083,0.6857286837223692,0,24,0.0,0.0,0.13798057582897535,0,24,0.0,0.0,0.13798057582897535,0,24,0.0,0.0,0.13798057582897535,8,24,0.3333333333333333,0.17971978688379642,0.5329404050591954,311 0.38; 363 0.25; 323 0.17,3,56 0.29; 38 0.17; 53 0.12; 35 0.08; 99 0.08,5,earned income 0.38; shelter deduction 0.25; dep care or child support deduction 0.21,"wrong amount, known item 0.54; wrong include/exclude decision 0.17; unreported source of income 0.08",15,1,7,16,0.9375,0.7167073163197013,0.9888809426916687,0.0625,7,0.30434782608695654,23,6578.0
4+,shelter_expenses_by_hh_size > 484 & total_deductions_by_hh_size > 234 & total_deductions_by_hh_size <= 259,all_2022_24,75,36,64,31,64,0.484375,0.36633348565783896,0.6041860775600096,11,64,0.171875,0.0987764126731623,0.2821344149016591,6,64,0.09375,0.04367765783128784,0.1898309858327767,3,64,0.046875,0.016068725432185196,0.12899860788542522,1,64,0.015625,0.0027634707504014047,0.08334298900290629,3,64,0.046875,0.016068725432185196,0.12899860788542522,9,64,0.140625,0.07578487006414436,0.24616508394637426,21,64,0.328125,0.2257039576708776,0.45001123772545737,12,64,0.1875,0.11064534880922097,0.29974591554775176,8,64,0.125,0.064721653926208,0.22774786330215924,7,64,0.109375,0.054000447526830544,0.20898863291938535,5,64,0.078125,0.03383067809543547,0.1701975287864777,7,64,0.109375,0.054000447526830544,0.20898863291938535,0,64,0.0,0.0,0.056626022971156334,0,64,0.0,0.0,0.056626022971156334,0,64,0.0,0.0,0.056626022971156334,4,64,0.0625,0.024570803674792932,0.14997696642496888,36,64,0.5625,0.4408599177828787,0.6770618293457267,8,64,0.125,0.064721653926208,0.22774786330215924,20,64,0.3125,0.21230909502265743,0.43392566359152623,36,64,0.5625,0.4408599177828787,0.6770618293457267,27,64,0.421875,0.3086959366145158,0.5439018794747275,0,64,0.0,0.0,0.056626022971156334,0,64,0.0,0.0,0.056626022971156334,1,64,0.015625,0.0027634707504014047,0.08334298900290629,16,64,0.25,0.16014791974174092,0.36816509174383727,311 0.33; 312 0.16; 150 0.09; 363 0.09; 350 0.08,5,38 0.19; 35 0.12; 52 0.09; 44 0.08; 99 0.06; 37 0.06; 45 0.05; 13 0.05; 39 0.03; 12 0.03,10,earned income 0.48; unearned income 0.17; other element 0.14,"wrong amount, known item 0.33; wrong include/exclude decision 0.19; unreported source of income 0.12; method or computation 0.11",24,12,8,36,0.6666666666666666,0.5033369709296683,0.7978557522541395,0.3333333333333333,8,0.18181818181818182,44,14319.0
4+,shelter_expenses_by_hh_size > 484 & total_deductions_by_hh_size > 234 & total_deductions_by_hh_size <= 259,train_2022_23,39,20,38,18,38,0.47368421052631576,0.3247877880894159,0.6274128925728913,7,38,0.18421052631578946,0.09221648453257492,0.33419168341511346,3,38,0.07894736842105263,0.02721410139426493,0.2079967892026529,2,38,0.05263157894736842,0.014553902448536798,0.17285766881068843,0,38,0.0,0.0,0.09181293258383999,2,38,0.05263157894736842,0.014553902448536798,0.17285766881068843,6,38,0.15789473684210525,0.07443762223722684,0.3041712263727689,10,38,0.2631578947368421,0.14971462389701296,0.42009150206375323,6,38,0.15789473684210525,0.07443762223722684,0.3041712263727689,5,38,0.13157894736842105,0.05753782875731436,0.2732717005149887,4,38,0.10526315789473684,0.041701897932665793,0.24130831200194466,5,38,0.13157894736842105,0.05753782875731436,0.2732717005149887,4,38,0.10526315789473684,0.041701897932665793,0.24130831200194466,0,38,0.0,0.0,0.09181293258383999,0,38,0.0,0.0,0.09181293258383999,0,38,0.0,0.0,0.09181293258383999,4,38,0.10526315789473684,0.041701897932665793,0.24130831200194466,18,38,0.47368421052631576,0.3247877880894159,0.6274128925728913,7,38,0.18421052631578946,0.09221648453257492,0.33419168341511346,13,38,0.34210526315789475,0.21212220026458956,0.5010818837092545,17,38,0.4473684210526316,0.3014616531155089,0.6029397082091058,20,38,0.5263157894736842,0.37258710742710854,0.6752122119105841,0,38,0.0,0.0,0.09181293258383999,0,38,0.0,0.0,0.09181293258383999,1,38,0.02631578947368421,0.004660467553530057,0.13495178436800254,7,38,0.18421052631578946,0.09221648453257492,0.33419168341511346,311 0.34; 312 0.13; 150 0.11; 350 0.08; 363 0.08; 323 0.05,6,38 0.16; 35 0.13; 99 0.11; 44 0.08; 52 0.08; 39 0.05; 13 0.05; 12 0.05; 65 0.05,9,earned income 0.47; unearned income 0.18; other element 0.16,"wrong amount, known item 0.26; wrong include/exclude decision 0.16; unreported source of income 0.13; change in circumstances 0.13; method or computation 0.11",13,7,3,20,0.65,0.43285051021946463,0.8188104521320554,0.35,3,0.13043478260869565,23,8651.0
4+,shelter_expenses_by_hh_size > 484 & total_deductions_by_hh_size > 234 & total_deductions_by_hh_size <= 259,test_2024,36,16,26,13,26,0.5,0.32060306315002074,0.6793969368499793,4,26,0.15384615384615385,0.06149933998929477,0.33531584418313565,3,26,0.11538461538461539,0.04003171821149494,0.28976293086898336,1,26,0.038461538461538464,0.0068218089769898765,0.18893176991958405,1,26,0.038461538461538464,0.0068218089769898765,0.18893176991958405,1,26,0.038461538461538464,0.0068218089769898765,0.18893176991958405,3,26,0.11538461538461539,0.04003171821149494,0.28976293086898336,11,26,0.4230769230769231,0.255441899027294,0.6105170307888017,6,26,0.23076923076923078,0.11033699683676687,0.42051925751956787,3,26,0.11538461538461539,0.04003171821149494,0.28976293086898336,3,26,0.11538461538461539,0.04003171821149494,0.28976293086898336,0,26,0.0,0.0,0.12873304380462175,3,26,0.11538461538461539,0.04003171821149494,0.28976293086898336,0,26,0.0,0.0,0.12873304380462175,0,26,0.0,0.0,0.12873304380462175,0,26,0.0,0.0,0.12873304380462175,0,26,0.0,0.0,0.12873304380462175,18,26,0.6923076923076923,0.5001138848576876,0.8349887906020732,1,26,0.038461538461538464,0.0068218089769898765,0.18893176991958405,7,26,0.2692307692307692,0.13704275525067386,0.46083403419761304,19,26,0.7307692307692307,0.5391659658023868,0.8629572447493261,7,26,0.2692307692307692,0.13704275525067386,0.46083403419761304,0,26,0.0,0.0,0.12873304380462175,0,26,0.0,0.0,0.12873304380462175,0,26,0.0,0.0,0.12873304380462175,9,26,0.34615384615384615,0.19412014972852126,0.5377977099036699,311 0.31; 312 0.19; 363 0.12; 150 0.08; 350 0.08,5,38 0.23; 35 0.12; 52 0.12; 45 0.08; 37 0.08; 56 0.08; 44 0.08,7,earned income 0.50; unearned income 0.15; other element 0.12,"wrong amount, known item 0.42; wrong include/exclude decision 0.23; unreported source of income 0.12",11,5,5,16,0.6875,0.4440393186673406,0.8583556494803894,0.3125,5,0.23809523809523808,21,5668.0
1,elderly_disabled_i >=   1.00 & shelter_expenses_by_hh_size < 860.00 & unc_rawben_rel_max >=   1.45 & utilities < 462.00,all_2022_24,404,166,231,18,231,0.07792207792207792,0.049854888523933695,0.11979818827336286,157,231,0.6796536796536796,0.6169634429447874,0.7364662730850811,30,231,0.12987012987012986,0.09250585137802911,0.17934376981344632,10,231,0.04329004329004329,0.023681335565134784,0.07784071163604253,7,231,0.030303030303030304,0.014754612769480379,0.06121829833315219,1,231,0.004329004329004329,0.0007645650631054376,0.0241100738424377,8,231,0.03463203463203463,0.01765090719056446,0.06683838261158304,34,231,0.1471861471861472,0.10727784450657374,0.1986372914829614,106,231,0.4588744588744589,0.39581062814054185,0.5232837742140666,42,231,0.18181818181818182,0.137419139501049,0.2366270260846054,0,231,0.0,0.0,0.016358260206028232,8,231,0.03463203463203463,0.01765090719056446,0.06683838261158304,10,231,0.04329004329004329,0.023681335565134784,0.07784071163604253,13,231,0.05627705627705628,0.033179822766051074,0.09389136053367095,1,231,0.004329004329004329,0.0007645650631054376,0.0241100738424377,0,231,0.0,0.0,0.016358260206028232,17,231,0.0735930735930736,0.04645216885188042,0.11468452924590125,87,230,0.3782608695652174,0.31807095142053365,0.442450700843221,25,230,0.10869565217391304,0.0747148637858305,0.15553330420480932,118,230,0.5130434782608696,0.44876435028944806,0.5768940441108641,149,231,0.645021645021645,0.5814026473293057,0.7038960391044438,69,231,0.2987012987012987,0.243363551174536,0.3606248392980208,5,231,0.021645021645021644,0.009279920180032437,0.04966023352357033,1,231,0.004329004329004329,0.0007645650631054376,0.0241100738424377,7,231,0.030303030303030304,0.014754612769480379,0.06121829833315219,118,230,0.5130434782608696,0.44876435028944806,0.5768940441108641,331 0.51; 363 0.13; 333 0.12,3,37 0.29; 35 0.18; 38 0.13; 52 0.08; 53 0.08,5,unearned income 0.68; shelter deduction 0.13,"wrong include/exclude decision 0.46; unreported source of income 0.18; wrong amount, known item 0.15",165,1,3,166,0.9939759036144579,0.9666697658034148,0.9989358337670086,0.006024096385542169,3,0.01775147928994083,169,39750.0
1,elderly_disabled_i >=   1.00 & shelter_expenses_by_hh_size < 860.00 & unc_rawben_rel_max >=   1.45 & utilities < 462.00,train_2022_23,293,117,167,13,167,0.07784431137724551,0.04605407559684507,0.1286200084669895,111,167,0.6646706586826348,0.5900767502819543,0.7318588906860536,22,167,0.1317365269461078,0.08863060706139886,0.1914042322283292,8,167,0.04790419161676647,0.024470545963093518,0.09166978519746691,4,167,0.023952095808383235,0.00935287091634019,0.05996045792160092,1,167,0.005988023952095809,0.001057789254986563,0.033135287840990055,8,167,0.04790419161676647,0.024470545963093518,0.09166978519746691,25,167,0.1497005988023952,0.10350039506050464,0.21165469597118786,79,167,0.47305389221556887,0.3987891119277283,0.548530510459325,27,167,0.16167664670658682,0.11355627347059116,0.225012318722411,0,167,0.0,0.0,0.022486326515321793,6,167,0.03592814371257485,0.01656809995480029,0.07615873004445048,9,167,0.05389221556886228,0.028608433467822457,0.0992386482733928,9,167,0.05389221556886228,0.028608433467822457,0.0992386482733928,1,167,0.005988023952095809,0.001057789254986563,0.033135287840990055,0,167,0.0,0.0,0.022486326515321793,11,167,0.0658682634730539,0.037174178011739493,0.11408640489078542,60,167,0.3592814371257485,0.290429527899441,0.43446183345517053,17,167,0.10179640718562874,0.06453161793853412,0.15696946844791976,90,167,0.5389221556886228,0.4632921246441509,0.6128017541301055,109,167,0.6526946107784432,0.5777831877001316,0.7207389521065666,49,167,0.2934131736526946,0.2296225451232889,0.36649455984411944,4,167,0.023952095808383235,0.00935287091634019,0.05996045792160092,0,167,0.0,0.0,0.022486326515321793,5,167,0.029940119760479042,0.012854849757469023,0.06816522966112691,88,167,0.5269461077844312,0.451469489540675,0.6012108880722717,331 0.52; 363 0.13; 333 0.10,3,37 0.29; 35 0.16; 38 0.14; 53 0.10; 52 0.08,5,unearned income 0.66; shelter deduction 0.13,"wrong include/exclude decision 0.47; unreported source of income 0.16; wrong amount, known item 0.15",116,1,2,117,0.9914529914529915,0.9531693460245405,0.9984896853024199,0.008547008547008548,2,0.01680672268907563,119,27739.0
1,elderly_disabled_i >=   1.00 & shelter_expenses_by_hh_size < 860.00 & unc_rawben_rel_max >=   1.45 & utilities < 462.00,test_2024,111,49,64,5,64,0.078125,0.03383067809543547,0.1701975287864777,46,64,0.71875,0.598658376004965,0.8140677389451542,8,64,0.125,0.064721653926208,0.22774786330215924,2,64,0.03125,0.00861195771251659,0.10697493882294247,3,64,0.046875,0.016068725432185196,0.12899860788542522,0,64,0.0,0.0,0.056626022971156334,0,64,0.0,0.0,0.056626022971156334,9,64,0.140625,0.07578487006414436,0.24616508394637426,27,64,0.421875,0.3086959366145158,0.5439018794747275,15,64,0.234375,0.1474976721963502,0.35133490250707655,0,64,0.0,0.0,0.056626022971156334,2,64,0.03125,0.00861195771251659,0.10697493882294247,1,64,0.015625,0.0027634707504014047,0.08334298900290629,4,64,0.0625,0.024570803674792932,0.14997696642496888,0,64,0.0,0.0,0.056626022971156334,0,64,0.0,0.0,0.056626022971156334,6,64,0.09375,0.04367765783128784,0.1898309858327767,27,63,0.42857142857142855,0.3139672637328724,0.5513860491740598,8,63,0.12698412698412698,0.06577246340780174,0.2310726151061776,28,63,0.4444444444444444,0.3284690053363267,0.5668057935912871,40,64,0.625,0.5025015331382642,0.7333419611189468,20,64,0.3125,0.21230909502265743,0.43392566359152623,1,64,0.015625,0.0027634707504014047,0.08334298900290629,1,64,0.015625,0.0027634707504014047,0.08334298900290629,2,64,0.03125,0.00861195771251659,0.10697493882294247,30,63,0.47619047619047616,0.35781921387369653,0.5972985570952808,331 0.47; 333 0.16; 363 0.12,3,37 0.30; 35 0.23; 99 0.09; 52 0.08; 38 0.08,5,unearned income 0.72; shelter deduction 0.12,"wrong include/exclude decision 0.42; unreported source of income 0.23; wrong amount, known item 0.14",49,0,1,49,1.0,0.9272997032640949,0.9999999999999999,0.0,1,0.02,50,12011.0
1,count_divisible_by_100 <=    0.500 & shelter_expenses_by_hh_size > 1300.000 & total_deductions_by_hh_size > 1370.000 & unc_rawben_rel_max <=    0.998,all_2022_24,176,70,106,14,106,0.1320754716981132,0.08033131841647077,0.20955520909223263,14,106,0.1320754716981132,0.08033131841647077,0.20955520909223263,35,106,0.330188679245283,0.2479785534130129,0.42427676697561933,7,106,0.0660377358490566,0.0323537353402859,0.13007652787510787,27,106,0.25471698113207547,0.18136307591306167,0.3452279424260739,2,106,0.018867924528301886,0.005189500019088127,0.0662005744153702,7,106,0.0660377358490566,0.0323537353402859,0.13007652787510787,25,106,0.2358490566037736,0.16515930334184276,0.32501563948491863,49,106,0.46226415094339623,0.37033458798877916,0.5568332609864725,13,106,0.12264150943396226,0.07309052037980972,0.19858796937270662,1,106,0.009433962264150943,0.0016672287844913501,0.05151480789377989,6,106,0.05660377358490566,0.026197262538493485,0.11802496292071323,6,106,0.05660377358490566,0.026197262538493485,0.11802496292071323,1,106,0.009433962264150943,0.0016672287844913501,0.05151480789377989,2,106,0.018867924528301886,0.005189500019088127,0.0662005744153702,0,106,0.0,0.0,0.034973998922084165,3,106,0.02830188679245283,0.009671108644619023,0.07992700354602641,66,106,0.6226415094339622,0.5276006299875899,0.7091038608428422,11,106,0.10377358490566038,0.05893898061424893,0.17632343362589323,29,106,0.27358490566037735,0.1977580712218776,0.3652490226296321,63,106,0.5943396226415094,0.4991537444652249,0.6829266330966459,41,106,0.3867924528301887,0.29958735620971916,0.4819161907160358,0,106,0.0,0.0,0.034973998922084165,1,106,0.009433962264150943,0.0016672287844913501,0.05151480789377989,1,106,0.009433962264150943,0.0016672287844913501,0.05151480789377989,51,106,0.4811320754716981,0.3883495495648824,0.5752343749227435,363 0.33; 365 0.25; 311 0.12; 364 0.07,4,53 0.31; 35 0.12; 52 0.12; 56 0.10; 38 0.08; 64 0.04,6,shelter deduction 0.33; medical deduction 0.25; unearned income 0.13; earned income 0.13,"wrong include/exclude decision 0.46; wrong amount, known item 0.24; unreported source of income 0.12",62,8,51,70,0.8857142857142857,0.7903556803979788,0.9409394161329738,0.11428571428571428,51,0.4214876033057851,121,16488.0
1,count_divisible_by_100 <=    0.500 & shelter_expenses_by_hh_size > 1300.000 & total_deductions_by_hh_size > 1370.000 & unc_rawben_rel_max <=    0.998,train_2022_23,89,39,57,7,57,0.12280701754385964,0.060779830035075005,0.2324668958892925,5,57,0.08771929824561403,0.038051110766638294,0.18945112454604246,19,57,0.3333333333333333,0.2249363598222627,0.4627773097722252,4,57,0.07017543859649122,0.02762597299465902,0.1670040170121784,16,57,0.2807017543859649,0.18079248284972227,0.40830445082723554,2,57,0.03508771929824561,0.009675461353255768,0.11921003804189491,4,57,0.07017543859649122,0.02762597299465902,0.1670040170121784,4,57,0.07017543859649122,0.02762597299465902,0.1670040170121784,35,57,0.6140350877192983,0.484294964443229,0.7293746300447528,8,57,0.14035087719298245,0.07287189227128286,0.253247078958928,1,57,0.017543859649122806,0.003103584706680096,0.09290966938262721,3,57,0.05263157894736842,0.01805996809628102,0.14369777660471303,3,57,0.05263157894736842,0.01805996809628102,0.14369777660471303,0,57,0.0,0.0,0.06314100878346394,0,57,0.0,0.0,0.06314100878346394,0,57,0.0,0.0,0.06314100878346394,3,57,0.05263157894736842,0.01805996809628102,0.14369777660471303,35,57,0.6140350877192983,0.484294964443229,0.7293746300447528,8,57,0.14035087719298245,0.07287189227128286,0.253247078958928,14,57,0.24561403508771928,0.1523270046544784,0.3710254384107928,35,57,0.6140350877192983,0.484294964443229,0.7293746300447528,21,57,0.3684210526315789,0.2552337550616508,0.4982244051445238,0,57,0.0,0.0,0.06314100878346394,0,57,0.0,0.0,0.06314100878346394,1,57,0.017543859649122806,0.003103584706680096,0.09290966938262721,31,57,0.543859649122807,0.41590460831272247,0.6662760049518861,363 0.33; 365 0.28; 311 0.11; 364 0.07,4,53 0.46; 52 0.16; 35 0.14,3,shelter deduction 0.33; medical deduction 0.28; earned income 0.12; unearned income 0.09,wrong include/exclude decision 0.61; unreported source of income 0.14,34,5,31,39,0.8717948717948718,0.7329395096236953,0.9439726505197168,0.1282051282051282,31,0.44285714285714284,70,9088.0
1,count_divisible_by_100 <=    0.500 & shelter_expenses_by_hh_size > 1300.000 & total_deductions_by_hh_size > 1370.000 & unc_rawben_rel_max <=    0.998,test_2024,87,31,49,7,49,0.14285714285714285,0.07096333720544586,0.2666797318916292,9,49,0.1836734693877551,0.09976228838458358,0.31357871567282575,16,49,0.32653061224489793,0.21207321329264214,0.4662105631259371,3,49,0.061224489795918366,0.021039764955529186,0.16520743422087725,11,49,0.22448979591836735,0.1302483771472861,0.35879056187045744,0,49,0.0,0.0,0.07270029673590504,3,49,0.061224489795918366,0.021039764955529186,0.16520743422087725,21,49,0.42857142857142855,0.3002310889895705,0.5672975248298444,14,49,0.2857142857142857,0.1784943493972417,0.4240914920610033,5,49,0.10204081632653061,0.044378892487039884,0.21756624164970087,0,49,0.0,0.0,0.07270029673590504,3,49,0.061224489795918366,0.021039764955529186,0.16520743422087725,3,49,0.061224489795918366,0.021039764955529186,0.16520743422087725,1,49,0.02040816326530612,0.003611579538530696,0.10693768467754147,2,49,0.04081632653061224,0.011265396927928273,0.13713283476831106,0,49,0.0,0.0,0.07270029673590504,0,49,0.0,0.0,0.07270029673590504,31,49,0.6326530612244898,0.49266811386889864,0.7533501747521878,3,49,0.061224489795918366,0.021039764955529186,0.16520743422087725,15,49,0.30612244897959184,0.1951532349314748,0.4452815740069374,28,49,0.5714285714285714,0.4327024751701555,0.6997689110104294,20,49,0.40816326530612246,0.2821503460597105,0.5475293002795374,0,49,0.0,0.0,0.07270029673590504,1,49,0.02040816326530612,0.003611579538530696,0.10693768467754147,0,49,0.0,0.0,0.07270029673590504,20,49,0.40816326530612246,0.2821503460597105,0.5475293002795374,363 0.33; 365 0.22; 311 0.14; 346 0.10,4,56 0.22; 53 0.14; 38 0.10; 35 0.10; 52 0.08; 57 0.08; 98 0.04,7,shelter deduction 0.33; medical deduction 0.22; unearned income 0.18; earned income 0.14,"wrong amount, known item 0.43; wrong include/exclude decision 0.29; unreported source of income 0.10",28,3,20,31,0.9032258064516129,0.7509971000182295,0.966535963905356,0.0967741935483871,20,0.39215686274509803,51,7400.0
1,elderly_disabled_i >  0.50 & months_since_cert_n <= 17.50 & unc_rawben_rel_max >  1.25 & utilities <= 14.50,all_2022_24,150,64,82,11,82,0.13414634146341464,0.07658612768827223,0.22445206358495667,55,82,0.6707317073170732,0.5633818520351263,0.7628003253707004,7,82,0.08536585365853659,0.04196599135384306,0.16587729208914964,5,82,0.06097560975609756,0.02632356690332186,0.13492226262455276,4,82,0.04878048780487805,0.0191307559738843,0.11881634659643125,0,82,0.0,0.0,0.044752194740079396,0,82,0.0,0.0,0.044752194740079396,10,82,0.12195121951219512,0.06760780907257918,0.21013165524309063,45,82,0.5487804878048781,0.44130583571145193,0.6518890721187844,13,82,0.15853658536585366,0.09505500489170982,0.2525806402966371,0,82,0.0,0.0,0.044752194740079396,7,82,0.08536585365853659,0.04196599135384306,0.16587729208914964,1,82,0.012195121951219513,0.0021559365709651473,0.0658949851266733,4,82,0.04878048780487805,0.0191307559738843,0.11881634659643125,0,82,0.0,0.0,0.044752194740079396,0,82,0.0,0.0,0.044752194740079396,2,82,0.024390243902439025,0.00671422956512354,0.08463541909007394,41,82,0.5,0.39422642728441165,0.6057735727155883,9,82,0.10975609756097561,0.05882647906650991,0.19561425829160084,32,82,0.3902439024390244,0.2918451685297083,0.4984662888522603,56,82,0.6829268292682927,0.5759601026622791,0.7735208017011066,22,82,0.2682926829268293,0.18435989365284994,0.37296429415352833,1,82,0.012195121951219513,0.0021559365709651473,0.0658949851266733,0,82,0.0,0.0,0.044752194740079396,3,82,0.036585365853658534,0.012519346180045791,0.10212902943271071,48,82,0.5853658536585366,0.477254991169574,0.6858360975333392,331 0.46; 333 0.16; 311 0.12; 363 0.09,4,37 0.37; 35 0.16; 38 0.11; 52 0.09; 53 0.07,5,unearned income 0.67; earned income 0.13,"wrong include/exclude decision 0.55; unreported source of income 0.16; wrong amount, known item 0.12",64,0,0,64,1.0,0.9433739770288436,1.0,0.0,0,0.0,64,14727.0
1,elderly_disabled_i >  0.50 & months_since_cert_n <= 17.50 & unc_rawben_rel_max >  1.25 & utilities <= 14.50,train_2022_23,103,44,58,9,58,0.15517241379310345,0.08384397416750201,0.26934223058787304,36,58,0.6206896551724138,0.4920257173616557,0.734359110973963,6,58,0.10344827586206896,0.04828075015859154,0.20788338531008968,5,58,0.08620689655172414,0.03738483193379338,0.18643861377265664,2,58,0.034482758620689655,0.009507728866485675,0.11729364755327057,0,58,0.0,0.0,0.062119996895293766,0,58,0.0,0.0,0.062119996895293766,7,58,0.1206896551724138,0.059708902448596696,0.22879592278231584,32,58,0.5517241379310345,0.4245185822161052,0.6725034870705885,7,58,0.1206896551724138,0.059708902448596696,0.22879592278231584,0,58,0.0,0.0,0.062119996895293766,6,58,0.10344827586206896,0.04828075015859154,0.20788338531008968,1,58,0.017241379310344827,0.003049959884541764,0.09141072677298324,4,58,0.06896551724137931,0.027143807598168326,0.16433894834605045,0,58,0.0,0.0,0.062119996895293766,0,58,0.0,0.0,0.062119996895293766,1,58,0.017241379310344827,0.003049959884541764,0.09141072677298324,27,58,0.46551724137931033,0.34331815357826717,0.5920004668972703,5,58,0.08620689655172414,0.03738483193379338,0.18643861377265664,26,58,0.4482758620689655,0.32749651292941145,0.5754814177838947,39,58,0.6724137931034483,0.5442381364257336,0.779168761196579,16,58,0.27586206896551724,0.17752203680746192,0.40204899628353175,1,58,0.017241379310344827,0.003049959884541764,0.09141072677298324,0,58,0.0,0.0,0.062119996895293766,2,58,0.034482758620689655,0.009507728866485675,0.11729364755327057,35,58,0.603448275862069,0.4749298280744989,0.7191143104988886,331 0.45; 311 0.16; 333 0.14; 363 0.10,4,37 0.36; 35 0.12; 38 0.12; 52 0.10; 53 0.09,5,unearned income 0.62; earned income 0.16,"wrong include/exclude decision 0.55; unreported source of income 0.12; wrong amount, known item 0.12",44,0,0,44,1.0,0.9197016822179859,0.9999999999999999,0.0,0,0.0,44,10158.0
1,elderly_disabled_i >  0.50 & months_since_cert_n <= 17.50 & unc_rawben_rel_max >  1.25 & utilities <= 14.50,test_2024,47,20,24,2,24,0.08333333333333333,0.023158327842973503,0.258492152014506,19,24,0.7916666666666666,0.5952915551476452,0.9075531089521192,1,24,0.041666666666666664,0.007393265354805126,0.20242226248842232,0,24,0.0,0.0,0.13798057582897535,2,24,0.08333333333333333,0.023158327842973503,0.258492152014506,0,24,0.0,0.0,0.13798057582897535,0,24,0.0,0.0,0.13798057582897535,3,24,0.125,0.04344255039315584,0.3100428814785757,13,24,0.5416666666666666,0.35074553553106635,0.7210894164831857,6,24,0.25,0.1199920347934233,0.4489982531210644,0,24,0.0,0.0,0.13798057582897535,1,24,0.041666666666666664,0.007393265354805126,0.20242226248842232,0,24,0.0,0.0,0.13798057582897535,0,24,0.0,0.0,0.13798057582897535,0,24,0.0,0.0,0.13798057582897535,0,24,0.0,0.0,0.13798057582897535,1,24,0.041666666666666664,0.007393265354805126,0.20242226248842232,14,24,0.5833333333333334,0.3883433764938864,0.7553265275346177,4,24,0.16666666666666666,0.06678568000728924,0.3585347038786943,6,24,0.25,0.1199920347934233,0.4489982531210644,17,24,0.7083333333333334,0.508319363412903,0.8508553966583573,6,24,0.25,0.1199920347934233,0.4489982531210644,0,24,0.0,0.0,0.13798057582897535,0,24,0.0,0.0,0.13798057582897535,1,24,0.041666666666666664,0.007393265354805126,0.20242226248842232,13,24,0.5416666666666666,0.35074553553106635,0.7210894164831857,331 0.50; 333 0.21; 365 0.08,3,37 0.38; 35 0.25; 38 0.08; 33 0.08,4,unearned income 0.79,wrong include/exclude decision 0.54; unreported source of income 0.25,20,0,0,20,1.0,0.8388698745050667,1.0,0.0,0,0.0,20,4569.0
2-3,elderly_disabled_i >   0.500 & rawben_rel_max <=   0.997 & shelter_expenses_by_hh_size > 955.000 & utilities <= 584.000,all_2022_24,67,37,67,10,67,0.14925373134328357,0.08314184208625061,0.2534061748981201,15,67,0.22388059701492538,0.1406360851472927,0.33707192822338217,28,67,0.417910447761194,0.30742116374992556,0.5373028402251399,2,67,0.029850746268656716,0.008224522347453904,0.10246750041883029,9,67,0.13432835820895522,0.0723100999598399,0.23600591774727003,1,67,0.014925373134328358,0.002639503757676784,0.0798205197313466,2,67,0.029850746268656716,0.008224522347453904,0.10246750041883029,17,67,0.2537313432835821,0.16487779577697392,0.36929421614822255,26,67,0.3880597014925373,0.28048871056929325,0.5077712948512505,10,67,0.14925373134328357,0.08314184208625061,0.2534061748981201,1,67,0.014925373134328358,0.002639503757676784,0.0798205197313466,4,67,0.05970149253731343,0.023458971433043548,0.1436970498877623,2,67,0.029850746268656716,0.008224522347453904,0.10246750041883029,0,67,0.0,0.0,0.05422802421176257,1,67,0.014925373134328358,0.002639503757676784,0.0798205197313466,0,67,0.0,0.0,0.05422802421176257,6,67,0.08955223880597014,0.04169038288133413,0.18192963699399334,42,67,0.6268656716417911,0.5071518645751268,0.7328201292815902,8,67,0.11940298507462686,0.06176158770587534,0.21832243072397375,17,67,0.2537313432835821,0.16487779577697392,0.36929421614822255,29,67,0.43283582089552236,0.32104123341736546,0.5519147698349607,38,67,0.5671641791044776,0.4480852301650392,0.6789587665826343,0,67,0.0,0.0,0.05422802421176257,0,67,0.0,0.0,0.05422802421176257,0,67,0.0,0.0,0.05422802421176257,15,67,0.22388059701492538,0.1406360851472927,0.33707192822338217,363 0.42; 365 0.13; 311 0.10; 342 0.07; 331 0.06,5,53 0.22; 35 0.15; 56 0.15; 52 0.12; 38 0.10; 99 0.09,6,shelter deduction 0.42; unearned income 0.22; earned income 0.15,"wrong include/exclude decision 0.39; wrong amount, known item 0.25; unreported source of income 0.15",34,3,24,37,0.918918918918919,0.7869900750149847,0.9720399336036787,0.08108108108108109,24,0.39344262295081966,61,12031.0
2-3,elderly_disabled_i >   0.500 & rawben_rel_max <=   0.997 & shelter_expenses_by_hh_size > 955.000 & utilities <= 584.000,train_2022_23,36,18,40,5,40,0.125,0.05459419773541284,0.26112420670238146,11,40,0.275,0.1610785343314309,0.4283525083312457,15,40,0.375,0.2422277353579172,0.529678399454681,2,40,0.05,0.013820377146101098,0.165041708179252,5,40,0.125,0.05459419773541284,0.26112420670238146,0,40,0.0,0.0,0.08762453925039232,2,40,0.05,0.013820377146101098,0.165041708179252,3,40,0.075,0.025835556771858226,0.19864530159097524,18,40,0.45,0.30705075280944694,0.6017117011155924,8,40,0.2,0.10499864973166874,0.34757607381856676,1,40,0.025,0.0044267174077949195,0.1288165948800778,3,40,0.075,0.025835556771858226,0.19864530159097524,1,40,0.025,0.0044267174077949195,0.1288165948800778,0,40,0.0,0.0,0.08762453925039232,1,40,0.025,0.0044267174077949195,0.1288165948800778,0,40,0.0,0.0,0.08762453925039232,5,40,0.125,0.05459419773541284,0.26112420670238146,21,40,0.525,0.37497106853929735,0.6706477044981831,8,40,0.2,0.10499864973166874,0.34757607381856676,11,40,0.275,0.1610785343314309,0.4283525083312457,15,40,0.375,0.2422277353579172,0.529678399454681,25,40,0.625,0.47032160054531913,0.7577722646420829,0,40,0.0,0.0,0.08762453925039232,0,40,0.0,0.0,0.08762453925039232,0,40,0.0,0.0,0.08762453925039232,7,40,0.175,0.08745302996883066,0.3195029205439244,363 0.38; 365 0.12; 311 0.10; 346 0.10; 342 0.07,5,53 0.25; 35 0.20; 52 0.17; 99 0.12,4,shelter deduction 0.38; unearned income 0.28; medical deduction 0.12,wrong include/exclude decision 0.45; unreported source of income 0.20; other 0.12,16,2,11,18,0.8888888888888888,0.6719975513339578,0.9689811315464172,0.1111111111111111,11,0.3793103448275862,29,7439.0
2-3,elderly_disabled_i >   0.500 & rawben_rel_max <=   0.997 & shelter_expenses_by_hh_size > 955.000 & utilities <= 584.000,test_2024,31,19,27,5,27,0.18518518518518517,0.0818058657428532,0.36699056505191746,4,27,0.14814814814814814,0.059158318596448906,0.32479063346829484,13,27,0.48148148148148145,0.3074295064970908,0.6601467541378958,0,27,0.0,6.938893903907228e-18,0.12455903714463581,4,27,0.14814814814814814,0.059158318596448906,0.32479063346829484,1,27,0.037037037037037035,0.006567976533097597,0.1828385393415652,0,27,0.0,6.938893903907228e-18,0.12455903714463581,14,27,0.5185185185185185,0.3398532458621043,0.6925704935029092,8,27,0.2962962962962963,0.15852853317647564,0.4848103338083759,2,27,0.07407407407407407,0.020554221697383523,0.2336997729073062,0,27,0.0,6.938893903907228e-18,0.12455903714463581,1,27,0.037037037037037035,0.006567976533097597,0.1828385393415652,1,27,0.037037037037037035,0.006567976533097597,0.1828385393415652,0,27,0.0,6.938893903907228e-18,0.12455903714463581,0,27,0.0,6.938893903907228e-18,0.12455903714463581,0,27,0.0,6.938893903907228e-18,0.12455903714463581,1,27,0.037037037037037035,0.006567976533097597,0.1828385393415652,21,27,0.7777777777777778,0.5924270453692919,0.8939290451059105,0,27,0.0,6.938893903907228e-18,0.12455903714463581,6,27,0.2222222222222222,0.10607095489408958,0.4075729546307081,14,27,0.5185185185185185,0.3398532458621043,0.6925704935029092,13,27,0.48148148148148145,0.3074295064970908,0.6601467541378958,0,27,0.0,6.938893903907228e-18,0.12455903714463581,0,27,0.0,6.938893903907228e-18,0.12455903714463581,0,27,0.0,6.938893903907228e-18,0.12455903714463581,8,27,0.2962962962962963,0.15852853317647564,0.4848103338083759,363 0.48; 365 0.15; 311 0.11; 331 0.07,4,56 0.37; 53 0.19; 38 0.15; 37 0.07,4,shelter deduction 0.48; earned income 0.19; unearned income 0.15,"wrong amount, known item 0.52; wrong include/exclude decision 0.30",18,1,13,19,0.9473684210526315,0.7536078466345479,0.99064824750947,0.05263157894736842,13,0.40625,32,4592.0
1,rawben_rel_max <=    0.998 & shelter_expenses_by_hh_size > 2260.000,all_2022_24,99,42,64,17,64,0.265625,0.17296238569537764,0.38483106257235195,12,64,0.1875,0.11064534880922097,0.29974591554775176,17,64,0.265625,0.17296238569537764,0.38483106257235195,6,64,0.09375,0.04367765783128784,0.1898309858327767,5,64,0.078125,0.03383067809543547,0.1701975287864777,1,64,0.015625,0.0027634707504014047,0.08334298900290629,6,64,0.09375,0.04367765783128784,0.1898309858327767,17,64,0.265625,0.17296238569537764,0.38483106257235195,24,64,0.375,0.2666580388810532,0.4974984668617358,12,64,0.1875,0.11064534880922097,0.29974591554775176,1,64,0.015625,0.0027634707504014047,0.08334298900290629,5,64,0.078125,0.03383067809543547,0.1701975287864777,1,64,0.015625,0.0027634707504014047,0.08334298900290629,0,64,0.0,0.0,0.056626022971156334,2,64,0.03125,0.00861195771251659,0.10697493882294247,0,64,0.0,0.0,0.056626022971156334,2,64,0.03125,0.00861195771251659,0.10697493882294247,32,64,0.5,0.38101888493214947,0.6189811150678505,8,64,0.125,0.064721653926208,0.22774786330215924,24,64,0.375,0.2666580388810532,0.4974984668617358,34,64,0.53125,0.41071875000475133,0.6482421235595515,29,64,0.453125,0.3372925148603437,0.5742661747932022,0,64,0.0,0.0,0.056626022971156334,0,64,0.0,0.0,0.056626022971156334,1,64,0.015625,0.0027634707504014047,0.08334298900290629,24,64,0.375,0.2666580388810532,0.4974984668617358,363 0.27; 311 0.25; 364 0.09; 365 0.08; 346 0.08,5,53 0.22; 35 0.19; 38 0.11; 52 0.09; 44 0.05; 56 0.05; 57 0.05,7,shelter deduction 0.27; earned income 0.27; unearned income 0.19; utility allowance 0.09,"wrong include/exclude decision 0.38; wrong amount, known item 0.27; unreported source of income 0.19",35,7,20,42,0.8333333333333334,0.693957037952257,0.916841887041635,0.16666666666666666,20,0.3225806451612903,62,11658.0
1,rawben_rel_max <=    0.998 & shelter_expenses_by_hh_size > 2260.000,train_2022_23,51,24,31,7,31,0.22580645161290322,0.11394991594498799,0.3981276005869738,5,31,0.16129032258064516,0.07092519905439934,0.3263470272497887,9,31,0.2903225806451613,0.1609562071843287,0.4659265995754067,2,31,0.06451612903225806,0.017874407775063147,0.20718988318746434,3,31,0.0967741935483871,0.03346403609464399,0.2490028999817704,1,31,0.03225806451612903,0.00571707408694444,0.16194457176169622,4,31,0.12903225806451613,0.05134201164644764,0.28852756954385356,4,31,0.12903225806451613,0.05134201164644764,0.28852756954385356,16,31,0.5161290322580645,0.34840118286973176,0.6803001396872117,5,31,0.16129032258064516,0.07092519905439934,0.3263470272497887,1,31,0.03225806451612903,0.00571707408694444,0.16194457176169622,2,31,0.06451612903225806,0.017874407775063147,0.20718988318746434,1,31,0.03225806451612903,0.00571707408694444,0.16194457176169622,0,31,0.0,0.0,0.11025900073475385,0,31,0.0,0.0,0.11025900073475385,0,31,0.0,0.0,0.11025900073475385,2,31,0.06451612903225806,0.017874407775063147,0.20718988318746434,16,31,0.5161290322580645,0.34840118286973176,0.6803001396872117,6,31,0.1935483870967742,0.09186883586347633,0.36280603555459856,9,31,0.2903225806451613,0.1609562071843287,0.4659265995754067,22,31,0.7096774193548387,0.5340734004245933,0.8390437928156713,8,31,0.25806451612903225,0.1370154373686976,0.432464724277151,0,31,0.0,0.0,0.11025900073475385,0,31,0.0,0.0,0.11025900073475385,1,31,0.03225806451612903,0.00571707408694444,0.16194457176169622,14,31,0.45161290322580644,0.29161482836586106,0.6222812039633085,363 0.29; 311 0.19; 365 0.10; 364 0.06; 346 0.06; 332 0.03; 334 0.03,7,53 0.29; 35 0.16; 52 0.16; 44 0.10; 99 0.06,5,shelter deduction 0.29; earned income 0.23; unearned income 0.16; other element 0.13,"wrong include/exclude decision 0.52; unreported source of income 0.16; wrong amount, known item 0.13",19,5,13,24,0.7916666666666666,0.5952915551476452,0.9075531089521192,0.20833333333333334,13,0.35135135135135137,37,5795.0
1,rawben_rel_max <=    0.998 & shelter_expenses_by_hh_size > 2260.000,test_2024,48,18,33,10,33,0.30303030303030304,0.17375347814547223,0.4733845397473445,7,33,0.21212121212121213,0.1067588656643618,0.3775197758712936,8,33,0.24242424242424243,0.12831561346647294,0.4102494868549029,4,33,0.12121212121212122,0.04816083267584231,0.2732584325026516,2,33,0.06060606060606061,0.016780530429070947,0.19606581717798194,0,33,0.0,0.0,0.10427343003561192,2,33,0.06060606060606061,0.016780530429070947,0.19606581717798194,13,33,0.3939393939393939,0.24682882231508207,0.5631685719348962,8,33,0.24242424242424243,0.12831561346647294,0.4102494868549029,7,33,0.21212121212121213,0.1067588656643618,0.3775197758712936,0,33,0.0,0.0,0.10427343003561192,3,33,0.09090909090909091,0.03140337104926305,0.23572943534351032,0,33,0.0,0.0,0.10427343003561192,0,33,0.0,0.0,0.10427343003561192,2,33,0.06060606060606061,0.016780530429070947,0.19606581717798194,0,33,0.0,0.0,0.10427343003561192,0,33,0.0,0.0,0.10427343003561192,16,33,0.48484848484848486,0.32503781646924224,0.6478189541378976,2,33,0.06060606060606061,0.016780530429070947,0.19606581717798194,15,33,0.45454545454545453,0.298426891258915,0.6201434205625044,12,33,0.36363636363636365,0.22186966167959873,0.5338412737846591,21,33,0.6363636363636364,0.46615872621534094,0.7781303383204013,0,33,0.0,0.0,0.10427343003561192,0,33,0.0,0.0,0.10427343003561192,0,33,0.0,0.0,0.10427343003561192,10,33,0.30303030303030304,0.17375347814547223,0.4733845397473445,311 0.30; 363 0.24; 364 0.12; 346 0.09,4,35 0.21; 38 0.18; 53 0.15; 56 0.09; 57 0.09; 29 0.06,6,earned income 0.30; shelter deduction 0.24; unearned income 0.21,"wrong amount, known item 0.39; wrong include/exclude decision 0.24; unreported source of income 0.21",16,2,7,18,0.8888888888888888,0.6719975513339578,0.9689811315464172,0.1111111111111111,7,0.28,25,5863.0
4+,HH_size_n >   4.500 & rawben_rel_max >   0.478 & total_deductions_by_hh_size > 233.000 & unc_rawben_rel_max <=   0.997,all_2022_24,321,110,188,56,188,0.2978723404255319,0.2370780395610475,0.3667617949691065,34,188,0.18085106382978725,0.13240216411214387,0.24208178514599413,32,188,0.1702127659574468,0.12322631609759649,0.23040709813581273,7,188,0.03723404255319149,0.01815093746565364,0.07485078895864641,3,188,0.015957446808510637,0.005441459875889183,0.04585919649895339,39,188,0.2074468085106383,0.1556279470875656,0.27098233973239416,17,188,0.09042553191489362,0.05722325565826833,0.14003114588967538,72,188,0.3829787234042553,0.3164926687133168,0.45415144601466706,57,188,0.30319148936170215,0.24197036144102282,0.3722947406014957,19,188,0.10106382978723404,0.06565805670534319,0.15244687986732924,11,188,0.05851063829787234,0.03298177453654091,0.1017210219372166,10,188,0.05319148936170213,0.0291456057761509,0.09513192318524226,7,188,0.03723404255319149,0.01815093746565364,0.07485078895864641,1,188,0.005319148936170213,0.0009395541295989223,0.02951056722051492,0,188,0.0,1.734723475976807e-18,0.020024853837749476,2,188,0.010638297872340425,0.00292220835550212,0.03795318050697609,9,188,0.047872340425531915,0.02538701913178959,0.08846524231723919,134,187,0.7165775401069518,0.6481300650302929,0.7763056974030548,10,187,0.053475935828877004,0.029302850704618792,0.09562588600687388,43,187,0.22994652406417113,0.17543304139279345,0.29533224248661233,112,188,0.5957446808510638,0.5243556818398123,0.6632991333827463,71,188,0.3776595744680851,0.31146177518485313,0.4487570720307665,0,188,0.0,1.734723475976807e-18,0.020024853837749476,2,188,0.010638297872340425,0.00292220835550212,0.03795318050697609,3,188,0.015957446808510637,0.005441459875889183,0.04585919649895339,91,187,0.48663101604278075,0.41598524950115756,0.5578150120770308,311 0.28; 363 0.17; 323 0.15; 350 0.07; 366 0.06; 150 0.05,6,38 0.19; 53 0.15; 52 0.11; 35 0.10; 44 0.09; 56 0.08; 99 0.05,7,earned income 0.30; dep care or child support deduction 0.21; unearned income 0.18; shelter deduction 0.17,"wrong amount, known item 0.38; wrong include/exclude decision 0.30; unreported source of income 0.10",88,22,49,110,0.8,0.7157029644013053,0.8640499554452183,0.2,49,0.3081761006289308,159,43388.0
4+,HH_size_n >   4.500 & rawben_rel_max >   0.478 & total_deductions_by_hh_size > 233.000 & unc_rawben_rel_max <=   0.997,train_2022_23,156,63,110,29,110,0.2636363636363636,0.19028206983904628,0.3529429024030867,21,110,0.19090909090909092,0.12839312602494252,0.27428568383015445,18,110,0.16363636363636364,0.10608722310923731,0.24388677585072116,5,110,0.045454545454545456,0.019569172065837193,0.10201731301518767,3,110,0.02727272727272727,0.009317801045153465,0.07713214343911239,24,110,0.21818181818181817,0.15122852088416217,0.3041550998660733,10,110,0.09090909090909091,0.05012978804195375,0.15929804853096863,35,110,0.3181818181818182,0.2385362624482021,0.41009833158420783,43,110,0.39090909090909093,0.3048783929724045,0.4843023634470416,8,110,0.07272727272727272,0.03730997379864303,0.13698132217752032,7,110,0.06363636363636363,0.03116412133993078,0.12555890433785305,6,110,0.05454545454545454,0.025235483062071407,0.11391927231733298,4,110,0.03636363636363636,0.014230080586686157,0.08978813419595918,0,110,0.0,0.0,0.03374513358912735,0,110,0.0,0.0,0.03374513358912735,1,110,0.00909090909090909,0.0016065339495988408,0.049706869937908016,6,110,0.05454545454545454,0.025235483062071407,0.11391927231733298,79,110,0.7181818181818181,0.627848700681053,0.793789786480055,7,110,0.06363636363636363,0.03116412133993078,0.12555890433785305,24,110,0.21818181818181817,0.15122852088416217,0.3041550998660733,67,110,0.6090909090909091,0.5156976365529584,0.6951216070275956,40,110,0.36363636363636365,0.27975087737355164,0.45672506815075586,0,110,0.0,0.0,0.03374513358912735,0,110,0.0,0.0,0.03374513358912735,3,110,0.02727272727272727,0.009317801045153465,0.07713214343911239,55,110,0.5,0.40815075723076516,0.5918492427692348,311 0.24; 363 0.16; 323 0.13; 366 0.09; 350 0.06; 150 0.05; 364 0.05,7,38 0.20; 53 0.18; 52 0.18; 44 0.11; 35 0.07; 99 0.05,6,earned income 0.26; dep care or child support deduction 0.22; unearned income 0.19; shelter deduction 0.16,"wrong include/exclude decision 0.39; wrong amount, known item 0.32; unreported source of income 0.07",46,17,27,63,0.7301587301587301,0.6096985641796893,0.8241629831201958,0.2698412698412698,27,0.3,90,25457.0
4+,HH_size_n >   4.500 & rawben_rel_max >   0.478 & total_deductions_by_hh_size > 233.000 & unc_rawben_rel_max <=   0.997,test_2024,165,47,78,27,78,0.34615384615384615,0.25005047365684197,0.4567001275044257,13,78,0.16666666666666666,0.10006850973163443,0.26455779278444536,14,78,0.1794871794871795,0.11003815950408477,0.2790255929152228,2,78,0.02564102564102564,0.007059945446585378,0.08875440813398978,0,78,0.0,0.0,0.04693945377411976,15,78,0.19230769230769232,0.12015101048823744,0.2933501918342978,7,78,0.08974358974358974,0.044152447186411065,0.1738491559103026,37,78,0.47435897435897434,0.36737081694801105,0.5837542832455336,14,78,0.1794871794871795,0.11003815950408477,0.2790255929152228,11,78,0.14102564102564102,0.08060961324830107,0.23514178946132336,4,78,0.05128205128205128,0.020120686846503345,0.1245685665405272,4,78,0.05128205128205128,0.020120686846503345,0.1245685665405272,3,78,0.038461538461538464,0.013165586780815211,0.10708621670298764,1,78,0.01282051282051282,0.0022666733888537863,0.06911023028849367,0,78,0.0,0.0,0.04693945377411976,1,78,0.01282051282051282,0.0022666733888537863,0.06911023028849367,3,78,0.038461538461538464,0.013165586780815211,0.10708621670298764,55,77,0.7142857142857143,0.6050994632226487,0.8031062130628281,3,77,0.03896103896103896,0.013337708283515264,0.10840159425379228,19,77,0.24675324675324675,0.16403948228457532,0.35353562755986123,45,78,0.5769230769230769,0.46621355164287304,0.680411147776493,31,78,0.3974358974358974,0.29611695255788584,0.5083834482162926,0,78,0.0,0.0,0.04693945377411976,2,78,0.02564102564102564,0.007059945446585378,0.08875440813398978,0,78,0.0,0.0,0.04693945377411976,36,77,0.4675324675324675,0.36029890673598886,0.5778517483722723,311 0.35; 323 0.18; 363 0.18; 350 0.09,4,56 0.19; 38 0.17; 35 0.14; 53 0.10; 57 0.05; 44 0.05; 37 0.04; 99 0.04,8,earned income 0.35; dep care or child support deduction 0.19; shelter deduction 0.18; unearned income 0.17,"wrong amount, known item 0.47; wrong include/exclude decision 0.18; unreported source of income 0.14",42,5,22,47,0.8936170212765957,0.7740546030798721,0.9536959004448007,0.10638297872340426,22,0.3188405797101449,69,17931.0
2-3,HH_size_n >   2.5 & total_deductions_by_hh_size > 437.0 & utilities <= 722.0,all_2022_24,279,94,155,47,155,0.3032258064516129,0.2363435226543088,0.379626097394847,28,155,0.18064516129032257,0.1280417541545077,0.24869582592526984,24,155,0.15483870967741936,0.1063126061404117,0.22006033394581254,3,155,0.01935483870967742,0.006603757117780048,0.05535482300228925,2,155,0.012903225806451613,0.003545617390420284,0.045821802731260686,35,155,0.22580645161290322,0.16707758831252909,0.2977981117559668,16,155,0.1032258064516129,0.0645423916127653,0.1611012684863523,40,155,0.25806451612903225,0.19561574370323,0.33221575635720746,47,155,0.3032258064516129,0.2363435226543088,0.379626097394847,15,155,0.0967741935483871,0.05952522038427914,0.15352727971645014,7,155,0.04516129032258064,0.022045472650521432,0.09027774746310119,20,155,0.12903225806451613,0.08510341878886685,0.19090488130380406,6,155,0.03870967741935484,0.017859441234565628,0.08187261888066868,1,155,0.0064516129032258064,0.0011397480503407414,0.03563651207295189,2,155,0.012903225806451613,0.003545617390420284,0.045821802731260686,0,155,0.0,0.0,0.024185100124904303,17,155,0.10967741935483871,0.06961239084249124,0.1686224292550147,102,155,0.6580645161290323,0.5803726442360909,0.7281107757244233,14,155,0.09032258064516129,0.05456531372591347,0.14589602637642746,39,155,0.25161290322580643,0.18986889901417184,0.3253714410478773,85,155,0.5483870967741935,0.46981517259257355,0.6246185273953387,67,155,0.432258064516129,0.35683815598894386,0.5109546640279785,0,155,0.0,0.0,0.024185100124904303,0,155,0.0,0.0,0.024185100124904303,3,155,0.01935483870967742,0.006603757117780048,0.05535482300228925,52,155,0.33548387096774196,0.26592684807262523,0.41299857196847223,311 0.28; 323 0.21; 363 0.15; 350 0.08; 150 0.03,5,53 0.19; 38 0.12; 99 0.11; 35 0.10; 52 0.08; 44 0.08; 41 0.06; 7 0.03,8,earned income 0.30; dep care or child support deduction 0.23; unearned income 0.18; shelter deduction 0.15,"wrong include/exclude decision 0.30; wrong amount, known item 0.26; change in circumstances 0.13; other 0.11",72,22,41,94,0.7659574468085106,0.6709711260353912,0.8400589470623505,0.23404255319148937,41,0.3037037037037037,135,33386.0
2-3,HH_size_n >   2.5 & total_deductions_by_hh_size > 437.0 & utilities <= 722.0,train_2022_23,173,69,111,33,111,0.2972972972972973,0.2202069861598377,0.38794894339878916,22,111,0.1981981981981982,0.13468776471846022,0.28189995262438416,16,111,0.14414414414414414,0.09071442330382282,0.22138154192132206,2,111,0.018018018018018018,0.004955074866777286,0.06332680208373542,2,111,0.018018018018018018,0.004955074866777286,0.06332680208373542,23,111,0.2072072072072072,0.14222816865850862,0.2917748407039523,13,111,0.11711711711711711,0.06973426421068199,0.1901158249556131,24,111,0.21621621621621623,0.1498210872799431,0.30159721410213447,35,111,0.3153153153153153,0.2362875116059382,0.40669900199192177,13,111,0.11711711711711711,0.06973426421068199,0.1901158249556131,4,111,0.036036036036036036,0.014101074357880557,0.08901138663186531,14,111,0.12612612612612611,0.07663785470708646,0.20062752647882526,5,111,0.04504504504504504,0.01939147410855501,0.10113627890080745,1,111,0.009009009009009009,0.0015920445055909102,0.04927454042530521,2,111,0.018018018018018018,0.004955074866777286,0.06332680208373542,0,111,0.0,0.0,0.03345129291127953,13,111,0.11711711711711711,0.06973426421068199,0.1901158249556131,69,111,0.6216216216216216,0.528758121912598,0.706348320352226,9,111,0.08108108108108109,0.04324151215311865,0.14694740893471014,33,111,0.2972972972972973,0.2202069861598377,0.38794894339878916,56,111,0.5045045045045045,0.4129089369409994,0.5957987090688087,53,111,0.4774774774774775,0.3868721294381169,0.5695896405128417,0,111,0.0,0.0,0.03345129291127953,0,111,0.0,0.0,0.03345129291127953,2,111,0.018018018018018018,0.004955074866777286,0.06332680208373542,37,111,0.3333333333333333,0.2525100321955306,0.4253070654415625,311 0.28; 323 0.20; 363 0.14; 350 0.11; 150 0.04,5,53 0.23; 38 0.14; 35 0.12; 99 0.12; 44 0.07; 41 0.05; 52 0.05,7,earned income 0.30; dep care or child support deduction 0.21; unearned income 0.20; shelter deduction 0.14,"wrong include/exclude decision 0.32; wrong amount, known item 0.22; change in circumstances 0.13; unreported source of income 0.12",55,14,30,69,0.7971014492753623,0.6877573759423549,0.875107800001062,0.2028985507246377,30,0.30303030303030304,99,22556.0
2-3,HH_size_n >   2.5 & total_deductions_by_hh_size > 437.0 & utilities <= 722.0,test_2024,106,25,44,14,44,0.3181818181818182,0.19999129931673562,0.46557172533126934,6,44,0.13636363636363635,0.0640286740786005,0.2670973752174096,8,44,0.18181818181818182,0.09512692558258554,0.3196083675514233,1,44,0.022727272727272728,0.004023148385637013,0.11807979131537633,0,44,0.0,6.938893903907228e-18,0.08029831778201396,12,44,0.2727272727272727,0.16346223395491324,0.41849154685509304,3,44,0.06818181818181818,0.023458970172840127,0.1822532133661719,16,44,0.36363636363636365,0.23783334127491423,0.5113389272110895,12,44,0.2727272727272727,0.16346223395491324,0.41849154685509304,2,44,0.045454545454545456,0.012554846366981079,0.15135271525303162,3,44,0.06818181818181818,0.023458970172840127,0.1822532133661719,6,44,0.13636363636363635,0.0640286740786005,0.2670973752174096,1,44,0.022727272727272728,0.004023148385637013,0.11807979131537633,0,44,0.0,6.938893903907228e-18,0.08029831778201396,0,44,0.0,6.938893903907228e-18,0.08029831778201396,0,44,0.0,6.938893903907228e-18,0.08029831778201396,4,44,0.09090909090909091,0.035921611478836546,0.21159519397917487,33,44,0.75,0.6055915019158504,0.8542593391931426,5,44,0.11363636363636363,0.04952707589567494,0.23979435148133582,6,44,0.13636363636363635,0.0640286740786005,0.2670973752174096,29,44,0.6590909090909091,0.5113886797193951,0.7812436737136005,14,44,0.3181818181818182,0.19999129931673562,0.46557172533126934,0,44,0.0,6.938893903907228e-18,0.08029831778201396,0,44,0.0,6.938893903907228e-18,0.08029831778201396,1,44,0.022727272727272728,0.004023148385637013,0.11807979131537633,15,44,0.3409090909090909,0.21875632628639946,0.4886113202806049,311 0.30; 323 0.25; 363 0.18; 342 0.07,4,52 0.16; 44 0.09; 99 0.09; 57 0.09; 56 0.09; 41 0.09; 53 0.07; 38 0.07,8,earned income 0.32; dep care or child support deduction 0.27; shelter deduction 0.18,"wrong amount, known item 0.36; wrong include/exclude decision 0.27; change in circumstances 0.14",17,8,11,25,0.68,0.48409913734576715,0.8279501248310887,0.32,11,0.3055555555555556,36,10830.0
4+,HH_size_n >   4.500 & months_since_cert_n >   4.500 & rawben_rel_max <=   0.988 & total_deductions_by_hh_size > 206.000,all_2022_24,361,129,205,79,205,0.3853658536585366,0.32143346868424716,0.4535155836118471,32,205,0.15609756097560976,0.11279308074070385,0.21205407614757896,39,205,0.1902439024390244,0.14240483836462434,0.24947877103120483,9,205,0.04390243902439024,0.02326621896164316,0.0813183082589872,2,205,0.00975609756097561,0.002679507763058954,0.03486856695002503,25,205,0.12195121951219512,0.08398253810899534,0.17382816627174105,19,205,0.09268292682926829,0.06013785786229498,0.1402130300834017,68,205,0.33170731707317075,0.2708710434897108,0.39873501200881056,55,205,0.2682926829268293,0.21231137284770663,0.3327984137082286,21,205,0.1024390243902439,0.06798132611275226,0.15152283397795763,13,205,0.06341463414634146,0.037430511051874275,0.1054605604587826,14,205,0.06829268292682927,0.04111261707817787,0.11135509050498565,16,205,0.07804878048780488,0.04860992484636982,0.12301105488180696,2,205,0.00975609756097561,0.002679507763058954,0.03486856695002503,0,205,0.0,0.0,0.018394802568070728,1,205,0.004878048780487805,0.0008615928370303422,0.02710984580354701,15,205,0.07317073170731707,0.04484039033079913,0.117203953324871,108,204,0.5294117647058824,0.461007006753438,0.596729269333736,13,204,0.06372549019607843,0.037615860304545626,0.10596271106903886,82,204,0.4019607843137255,0.337091132631826,0.47045461374426034,116,205,0.5658536585365853,0.49740840897338134,0.6318761780054579,86,205,0.4195121951219512,0.3540470588403688,0.48793844596327185,0,205,0.0,0.0,0.018394802568070728,1,205,0.004878048780487805,0.0008615928370303422,0.02710984580354701,2,205,0.00975609756097561,0.002679507763058954,0.03486856695002503,87,204,0.4264705882352941,0.36057831795309897,0.49508099182896576,311 0.34; 363 0.19; 323 0.09; 150 0.05; 312 0.05; 364 0.04,6,38 0.21; 53 0.11; 52 0.11; 35 0.10; 99 0.07; 44 0.06; 64 0.03; 98 0.03; 37 0.03,9,earned income 0.39; shelter deduction 0.19; unearned income 0.16; dep care or child support deduction 0.12,"wrong amount, known item 0.33; wrong include/exclude decision 0.27; unreported source of income 0.10; method or computation 0.08",96,33,49,129,0.7441860465116279,0.662591295698396,0.8116577347258084,0.2558139534883721,49,0.2752808988764045,178,52380.0
4+,HH_size_n >   4.500 & months_since_cert_n >   4.500 & rawben_rel_max <=   0.988 & total_deductions_by_hh_size > 206.000,train_2022_23,196,77,134,41,134,0.30597014925373134,0.23425809207841558,0.38849730251944176,23,134,0.17164179104477612,0.11718265287943844,0.24440339951693538,28,134,0.208955223880597,0.14871120011463207,0.2854218917821538,8,134,0.05970149253731343,0.03055866769359481,0.1133862662015428,2,134,0.014925373134328358,0.004102578410135577,0.052785908084507546,19,134,0.1417910447761194,0.09268933972705254,0.21085908106899162,13,134,0.09701492537313433,0.057574453012200946,0.15891752038334878,36,134,0.26865671641791045,0.20082490318579593,0.3493834519116493,38,134,0.2835820895522388,0.21412535538900854,0.36510181550860155,13,134,0.09701492537313433,0.057574453012200946,0.15891752038334878,8,134,0.05970149253731343,0.03055866769359481,0.1133862662015428,9,134,0.06716417910447761,0.03573420032322474,0.12272014147199528,15,134,0.11194029850746269,0.06902010808505991,0.17649068111065463,1,134,0.007462686567164179,0.0013185304171489005,0.04106054817741181,0,134,0.0,0.0,0.0278696706944783,0,134,0.0,0.0,0.0278696706944783,14,134,0.1044776119402985,0.0632603659585081,0.167741015337124,76,134,0.5671641791044776,0.4825566078616206,0.6480280632391211,11,134,0.08208955223880597,0.046453846040667636,0.14101931155471722,47,134,0.35074626865671643,0.2751320108027539,0.4346798311955979,79,134,0.5895522388059702,0.5048971938717156,0.6692157009292735,53,134,0.39552238805970147,0.3167537760660782,0.48011451333276806,0,134,0.0,0.0,0.0278696706944783,0,134,0.0,0.0,0.0278696706944783,2,134,0.014925373134328358,0.004102578410135577,0.052785908084507546,60,134,0.44776119402985076,0.3661900652361557,0.5322440794632676,311 0.25; 363 0.21; 323 0.10; 364 0.06; 346 0.05; 312 0.05; 366 0.04,7,38 0.19; 53 0.13; 52 0.13; 99 0.10; 35 0.10; 44 0.07; 64 0.05,7,earned income 0.31; shelter deduction 0.21; unearned income 0.17; dep care or child support deduction 0.14,"wrong include/exclude decision 0.28; wrong amount, known item 0.27; method or computation 0.11; other 0.10",55,22,33,77,0.7142857142857143,0.6050994632226487,0.8031062130628281,0.2857142857142857,33,0.3,110,29329.0
4+,HH_size_n >   4.500 & months_since_cert_n >   4.500 & rawben_rel_max <=   0.988 & total_deductions_by_hh_size > 206.000,test_2024,165,52,71,38,71,0.5352112676056338,0.4203903355696419,0.6464174290959985,9,71,0.1267605633802817,0.0681445057945265,0.22369318874968427,11,71,0.15492957746478872,0.08877213299311604,0.2565117732836071,1,71,0.014084507042253521,0.0024905391347781955,0.07556230847938292,0,71,0.0,0.0,0.05132974174790491,6,71,0.08450704225352113,0.039305972354112026,0.17236240459133007,6,71,0.08450704225352113,0.039305972354112026,0.17236240459133007,32,71,0.4507042253521127,0.34047773339151494,0.5659913960765884,17,71,0.23943661971830985,0.15520813325016364,0.3504144082240967,8,71,0.11267605633802817,0.05821202176555296,0.20690256691240155,5,71,0.07042253521126761,0.03045315340626454,0.1544921176729214,5,71,0.07042253521126761,0.03045315340626454,0.1544921176729214,1,71,0.014084507042253521,0.0024905391347781955,0.07556230847938292,1,71,0.014084507042253521,0.0024905391347781955,0.07556230847938292,0,71,0.0,0.0,0.05132974174790491,1,71,0.014084507042253521,0.0024905391347781955,0.07556230847938292,1,71,0.014084507042253521,0.0024905391347781955,0.07556230847938292,32,70,0.45714285714285713,0.345725523240816,0.5730194660335225,2,70,0.02857142857142857,0.007870446893806289,0.09832443512391814,35,70,0.5,0.3859551898733622,0.6140448101266378,37,71,0.5211267605633803,0.40685796250044975,0.6332266962989344,33,71,0.4647887323943662,0.35358257090400147,0.5796096644303581,0,71,0.0,0.0,0.05132974174790491,1,71,0.014084507042253521,0.0024905391347781955,0.07556230847938292,0,71,0.0,0.0,0.05132974174790491,27,70,0.38571428571428573,0.28047517785454174,0.5028447935436945,311 0.49; 363 0.15; 323 0.08; 150 0.07,4,38 0.25; 35 0.11; 44 0.06; 37 0.06; 52 0.06; 53 0.06; 33 0.06; 57 0.06; 56 0.06,9,earned income 0.54; shelter deduction 0.15; unearned income 0.13,"wrong amount, known item 0.45; wrong include/exclude decision 0.24; unreported source of income 0.11",41,11,16,52,0.7884615384615384,0.659676348640899,0.877557541505515,0.21153846153846154,16,0.23529411764705882,68,23051.0
4+,married >=   1 & shelter_expenses_by_hh_size < 454 & total_deductions_by_hh_size >= 232 & total_deductions_by_hh_size < 247,all_2022_24,134,48,73,40,73,0.547945205479452,0.43424118746805285,0.6568553019335212,8,73,0.1095890410958904,0.056586041610119084,0.20162825897706282,12,73,0.1643835616438356,0.09661201862809403,0.26571255556088685,2,73,0.0273972602739726,0.007545600452515573,0.09450328973196781,1,73,0.0136986301369863,0.0024221890927605197,0.0735991326912731,2,73,0.0273972602739726,0.007545600452515573,0.09450328973196781,8,73,0.1095890410958904,0.056586041610119084,0.20162825897706282,26,73,0.3561643835616438,0.25604337400707256,0.470667157788205,16,73,0.2191780821917808,0.13966002654277956,0.3267748212480004,9,73,0.1232876712328767,0.06623676164045252,0.21800510734717915,6,73,0.0821917808219178,0.03821322997342026,0.16794593381286216,4,73,0.0547945205479452,0.02151214924893479,0.1325918777364481,9,73,0.1232876712328767,0.06623676164045252,0.21800510734717915,0,73,0.0,0.0,0.04999375338358389,0,73,0.0,0.0,0.04999375338358389,0,73,0.0,0.0,0.04999375338358389,3,73,0.0410958904109589,0.01407368523428873,0.1140027733506444,50,73,0.684931506849315,0.5714069101601096,0.7799652632459619,7,73,0.0958904109589041,0.04722835432935106,0.18495837785738106,16,73,0.2191780821917808,0.13966002654277956,0.3267748212480004,43,73,0.589041095890411,0.47449015192198346,0.6946890426809401,23,73,0.3150684931506849,0.22003473675403795,0.4285930898398903,0,73,0.0,0.0,0.04999375338358389,1,73,0.0136986301369863,0.0024221890927605197,0.0735991326912731,6,73,0.0821917808219178,0.03821322997342026,0.16794593381286216,35,73,0.4794520547945205,0.36877263024700824,0.592186017152317,311 0.37; 363 0.16; 312 0.16; 150 0.05,4,38 0.19; 44 0.14; 35 0.12; 53 0.11; 52 0.05; 32 0.04; 99 0.04; 7 0.04; 45 0.03,9,earned income 0.55; shelter deduction 0.16; unearned income 0.11,"wrong amount, known item 0.36; wrong include/exclude decision 0.22; method or computation 0.12; unreported source of income 0.12",33,15,12,48,0.6875,0.5466666274950367,0.800544878322685,0.3125,12,0.2,60,16097.0
4+,married >=   1 & shelter_expenses_by_hh_size < 454 & total_deductions_by_hh_size >= 232 & total_deductions_by_hh_size < 247,train_2022_23,86,37,56,32,56,0.5714285714285714,0.4413738892040555,0.6923123758690708,5,56,0.08928571428571429,0.03874157726308829,0.19256239856643498,10,56,0.17857142857142858,0.09999749741344179,0.2984143097574895,1,56,0.017857142857142856,0.003159128964463985,0.0944585817919329,1,56,0.017857142857142856,0.003159128964463985,0.0944585817919329,2,56,0.03571428571428571,0.009849218502577639,0.12119005852210082,5,56,0.08928571428571429,0.03874157726308829,0.19256239856643498,19,56,0.3392857142857143,0.22919799319334652,0.4700079103921191,14,56,0.25,0.15516915222973843,0.37692892001431927,6,56,0.10714285714285714,0.050038674581190865,0.21468686751661398,4,56,0.07142857142857142,0.028125581246379636,0.16975682831486205,2,56,0.03571428571428571,0.009849218502577639,0.12119005852210082,8,56,0.14285714285714285,0.0742070004258528,0.25736167420851525,0,56,0.0,0.0,0.06419614448811528,0,56,0.0,0.0,0.06419614448811528,0,56,0.0,0.0,0.06419614448811528,3,56,0.05357142857142857,0.01838544792866792,0.14607539536429218,37,56,0.6607142857142857,0.5299920896078809,0.7708020068066535,6,56,0.10714285714285714,0.050038674581190865,0.21468686751661398,13,56,0.23214285714285715,0.1409924724565329,0.35768403351924316,31,56,0.5535714285714286,0.42412986131783886,0.676134837487006,19,56,0.3392857142857143,0.22919799319334652,0.4700079103921191,0,56,0.0,0.0,0.06419614448811528,0,56,0.0,0.0,0.06419614448811528,6,56,0.10714285714285714,0.050038674581190865,0.21468686751661398,24,56,0.42857142857142855,0.3076876241309292,0.5586261107959444,311 0.41; 363 0.18; 312 0.14; 150 0.05,4,38 0.20; 53 0.14; 44 0.14; 35 0.11; 52 0.07; 99 0.05; 32 0.04,7,earned income 0.57; shelter deduction 0.18,"wrong amount, known item 0.34; wrong include/exclude decision 0.25; method or computation 0.14; unreported source of income 0.11",24,13,10,37,0.6486486486486487,0.48758729517569566,0.7817459336889914,0.35135135135135137,10,0.2127659574468085,47,12966.0
4+,married >=   1 & shelter_expenses_by_hh_size < 454 & total_deductions_by_hh_size >= 232 & total_deductions_by_hh_size < 247,test_2024,48,11,17,8,17,0.47058823529411764,0.26164801196088106,0.6903710268845051,3,17,0.17647058823529413,0.0619101371254899,0.41029929017375777,2,17,0.11764705882352941,0.03287908001292092,0.3433684249770991,1,17,0.058823529411764705,0.01046013064516424,0.269825452035628,0,17,0.0,0.0,0.18432366037156456,0,17,0.0,0.0,0.18432366037156456,3,17,0.17647058823529413,0.0619101371254899,0.41029929017375777,7,17,0.4117647058823529,0.21610786039131383,0.6399492561448447,2,17,0.11764705882352941,0.03287908001292092,0.3433684249770991,3,17,0.17647058823529413,0.0619101371254899,0.41029929017375777,2,17,0.11764705882352941,0.03287908001292092,0.3433684249770991,2,17,0.11764705882352941,0.03287908001292092,0.3433684249770991,1,17,0.058823529411764705,0.01046013064516424,0.269825452035628,0,17,0.0,0.0,0.18432366037156456,0,17,0.0,0.0,0.18432366037156456,0,17,0.0,0.0,0.18432366037156456,0,17,0.0,0.0,0.18432366037156456,13,17,0.7647058823529411,0.5273775411082839,0.9044511092832406,1,17,0.058823529411764705,0.01046013064516424,0.269825452035628,3,17,0.17647058823529413,0.0619101371254899,0.41029929017375777,12,17,0.7058823529411765,0.468664666737861,0.8672020613444361,4,17,0.23529411764705882,0.0955488907167594,0.47262245889171595,0,17,0.0,0.0,0.18432366037156456,1,17,0.058823529411764705,0.01046013064516424,0.269825452035628,0,17,0.0,0.0,0.18432366037156456,11,17,0.6470588235294118,0.4129996672121182,0.826905138560951,311 0.24; 312 0.24; 363 0.12; 333 0.06; 350 0.06; 334 0.06,6,35 0.18; 38 0.18; 44 0.12; 56 0.12; 37 0.06; 7 0.06; 201 0.06,7,earned income 0.47; unearned income 0.18; other element 0.18,"wrong amount, known item 0.41; unreported source of income 0.18; wrong include/exclude decision 0.12; household composition 0.12",9,2,2,11,0.8181818181818182,0.5230138624217553,0.9486333993289995,0.18181818181818182,2,0.15384615384615385,13,3131.0
2-3,rawben_rel_max <=   0.93 & total_deductions_by_hh_size > 519.00 & utilities <= 560.00,all_2022_24,424,161,291,91,291,0.3127147766323024,0.26218063347036147,0.36812933635750555,41,291,0.140893470790378,0.10558490666349578,0.18555989786883614,61,291,0.20962199312714777,0.16678968393419663,0.26002118671634933,13,291,0.044673539518900345,0.02629029841199849,0.07492201355483387,20,291,0.06872852233676977,0.0449280136512583,0.10376742145694896,32,291,0.10996563573883161,0.07897744323522171,0.15111763154391394,33,291,0.1134020618556701,0.0818964481329156,0.15498192995213075,84,291,0.28865979381443296,0.23961600940488165,0.34321083728161034,101,291,0.3470790378006873,0.29469666625787816,0.4034463366290958,33,291,0.1134020618556701,0.0818964481329156,0.15498192995213075,15,291,0.05154639175257732,0.03148310937953422,0.08329580919911954,16,291,0.054982817869415807,0.034123609078775444,0.08743861280578902,10,291,0.03436426116838488,0.018770961313407403,0.062091440735692865,2,291,0.006872852233676976,0.0018867723408722576,0.024709203260942413,8,291,0.027491408934707903,0.013994634365185065,0.0533011610720938,0,291,0.0,0.0,0.013029368989993271,22,291,0.07560137457044673,0.050452935013893946,0.1118091067061347,173,291,0.5945017182130584,0.5372124273775327,0.6493284135350115,29,291,0.09965635738831616,0.07028546464040039,0.13945970022100318,88,291,0.3024054982817869,0.25248948644773234,0.35747057346240246,147,291,0.5051546391752577,0.44801734024564566,0.5621576147132205,134,291,0.46048109965635736,0.4040990918048627,0.5178929201771643,0,291,0.0,0.0,0.013029368989993271,2,291,0.006872852233676976,0.0018867723408722576,0.024709203260942413,8,291,0.027491408934707903,0.013994634365185065,0.0533011610720938,95,291,0.32646048109965636,0.2751486239737176,0.38229455907779225,311 0.29; 363 0.21; 323 0.10; 365 0.07; 150 0.05; 364 0.04,6,53 0.17; 38 0.14; 52 0.13; 35 0.11; 99 0.08; 44 0.06; 56 0.05; 13 0.03,8,earned income 0.31; shelter deduction 0.21; unearned income 0.14; other element 0.11,"wrong include/exclude decision 0.35; wrong amount, known item 0.29; unreported source of income 0.11; other 0.08",137,24,82,161,0.8509316770186336,0.7877712096357568,0.8977353615210388,0.14906832298136646,82,0.3374485596707819,243,54513.0
2-3,rawben_rel_max <=   0.93 & total_deductions_by_hh_size > 519.00 & utilities <= 560.00,train_2022_23,237,90,178,50,178,0.2808988764044944,0.22003883693517023,0.3510164111488766,31,178,0.17415730337078653,0.1254904096765339,0.23659175414076644,37,178,0.20786516853932585,0.15473547212612587,0.2733381919859365,10,178,0.056179775280898875,0.030798314004377478,0.10031359878125572,16,178,0.0898876404494382,0.056085894482741976,0.14101751859765324,14,178,0.07865168539325842,0.04742645453333765,0.1276797917821369,20,178,0.11235955056179775,0.07392192832223898,0.1671758182879976,41,178,0.2303370786516854,0.17457078621259628,0.2974972114293074,71,178,0.398876404494382,0.3298084742899461,0.4722170248257678,23,178,0.12921348314606743,0.08766648255102352,0.1864270142065941,6,178,0.033707865168539325,0.01553822830688448,0.07157935094890738,11,178,0.06179775280898876,0.03485351157687647,0.10725698459121707,5,178,0.028089887640449437,0.012056556667503493,0.06406243920582802,0,178,0.0,0.0,0.021126078961029818,6,178,0.033707865168539325,0.01553822830688448,0.07157935094890738,0,178,0.0,0.0,0.021126078961029818,15,178,0.08426966292134831,0.05173171722256876,0.13437311247536615,97,178,0.5449438202247191,0.47160823192241363,0.6163804351372691,19,178,0.10674157303370786,0.06940587053161903,0.1606932926961572,62,178,0.34831460674157305,0.2821958947406238,0.4208423539329471,88,178,0.4943820224719101,0.4218311338486084,0.5671702827689312,84,178,0.47191011235955055,0.39994182616070295,0.5450652569269954,0,178,0.0,0.0,0.021126078961029818,0,178,0.0,0.0,0.021126078961029818,6,178,0.033707865168539325,0.01553822830688448,0.07157935094890738,49,178,0.2752808988764045,0.2149344088107077,0.34512225589087875,311 0.25; 363 0.21; 365 0.09; 323 0.07; 364 0.06; 346 0.04; 331 0.04,7,53 0.21; 52 0.15; 38 0.14; 35 0.13; 99 0.08; 44 0.07,6,earned income 0.28; shelter deduction 0.21; unearned income 0.17; other element 0.11,"wrong include/exclude decision 0.40; wrong amount, known item 0.23; unreported source of income 0.13",78,12,42,90,0.8666666666666667,0.7812588689264784,0.9220539475642889,0.13333333333333333,42,0.3181818181818182,132,33932.0
2-3,rawben_rel_max <=   0.93 & total_deductions_by_hh_size > 519.00 & utilities <= 560.00,test_2024,187,71,113,41,113,0.36283185840707965,0.2800411474771035,0.4546423898931482,10,113,0.08849557522123894,0.04877885362602272,0.15527175848473238,24,113,0.21238938053097345,0.14708352590805174,0.296607762126347,3,113,0.02654867256637168,0.009069309551816493,0.07516096459711677,4,113,0.035398230088495575,0.0138499544653361,0.08749751082100028,18,113,0.1592920353982301,0.10319965655551687,0.23778848465446312,13,113,0.11504424778761062,0.06847655704087688,0.18692562848208752,43,113,0.3805309734513274,0.296335004208579,0.47258291543647896,30,113,0.26548672566371684,0.19275522468473327,0.3536392101740843,10,113,0.08849557522123894,0.04877885362602272,0.15527175848473238,9,113,0.07964601769911504,0.04246569596832783,0.14446772500502414,5,113,0.04424778761061947,0.019045587730049336,0.09941906869369016,5,113,0.04424778761061947,0.019045587730049336,0.09941906869369016,2,113,0.017699115044247787,0.004867129823876968,0.06224595318765318,2,113,0.017699115044247787,0.004867129823876968,0.06224595318765318,0,113,0.0,0.0,0.03287870073672391,7,113,0.061946902654867256,0.030327788623800846,0.12237125007474489,76,113,0.672566371681416,0.5816120949035489,0.752173132275812,10,113,0.08849557522123894,0.04877885362602272,0.15527175848473238,26,113,0.23008849557522124,0.16213092290126857,0.3157947474079364,59,113,0.5221238938053098,0.43081993967390314,0.6119730381696048,50,113,0.4424778761061947,0.3542888138118704,0.5344494437950094,0,113,0.0,0.0,0.03287870073672391,2,113,0.017699115044247787,0.004867129823876968,0.06224595318765318,2,113,0.017699115044247787,0.004867129823876968,0.06224595318765318,46,113,0.40707964601769914,0.32099930014289246,0.4992701929143749,311 0.34; 363 0.21; 323 0.14; 150 0.08,4,56 0.13; 38 0.13; 52 0.11; 53 0.10; 35 0.09; 99 0.06; 57 0.06; 44 0.04; 13 0.04,9,earned income 0.36; shelter deduction 0.21; dep care or child support deduction 0.16; other element 0.12,"wrong amount, known item 0.38; wrong include/exclude decision 0.27; unreported source of income 0.09; household composition 0.08",59,12,40,71,0.8309859154929577,0.7274065601494254,0.9005864277075953,0.16901408450704225,40,0.36036036036036034,111,20581.0
1,medical_deductions >= 5.000 & medical_deductions < 9.000 & rawben_rel_max < 0.488,all_2022_24,61,27,28,0,28,0.0,0.0,0.12064720365810762,0,28,0.0,0.0,0.12064720365810762,1,28,0.03571428571428571,0.00633235649754188,0.17712576118498663,0,28,0.0,0.0,0.12064720365810762,27,28,0.9642857142857143,0.8228742388150135,0.9936676435024582,0,28,0.0,0.0,0.12064720365810762,0,28,0.0,0.0,0.12064720365810762,0,28,0.0,0.0,0.12064720365810762,27,28,0.9642857142857143,0.8228742388150135,0.9936676435024582,0,28,0.0,0.0,0.12064720365810762,0,28,0.0,0.0,0.12064720365810762,0,28,0.0,0.0,0.12064720365810762,0,28,0.0,0.0,0.12064720365810762,0,28,0.0,0.0,0.12064720365810762,0,28,0.0,0.0,0.12064720365810762,0,28,0.0,0.0,0.12064720365810762,1,28,0.03571428571428571,0.00633235649754188,0.17712576118498663,20,28,0.7142857142857143,0.529403642629825,0.8474618415167003,3,28,0.10714285714285714,0.03711769205479949,0.2719622536765708,5,28,0.17857142857142858,0.0787838582943011,0.355917915485911,25,28,0.8928571428571429,0.7280377463234293,0.9628823079452005,1,28,0.03571428571428571,0.00633235649754188,0.17712576118498663,1,28,0.03571428571428571,0.00633235649754188,0.17712576118498663,0,28,0.0,0.0,0.12064720365810762,1,28,0.03571428571428571,0.00633235649754188,0.17712576118498663,20,28,0.7142857142857143,0.529403642629825,0.8474618415167003,365 0.96,1,52 0.96,1,medical deduction 0.96,wrong include/exclude decision 0.96,0,27,27,27,0.0,6.938893903907228e-18,0.12455903714463581,1.0,27,0.5,54,1967.0
1,medical_deductions >= 5.000 & medical_deductions < 9.000 & rawben_rel_max < 0.488,train_2022_23,37,18,19,0,19,0.0,0.0,0.16818436536845052,0,19,0.0,0.0,0.16818436536845052,1,19,0.05263157894736842,0.009351752490529969,0.2463921533654521,0,19,0.0,0.0,0.16818436536845052,18,19,0.9473684210526315,0.7536078466345479,0.99064824750947,0,19,0.0,0.0,0.16818436536845052,0,19,0.0,0.0,0.16818436536845052,0,19,0.0,0.0,0.16818436536845052,18,19,0.9473684210526315,0.7536078466345479,0.99064824750947,0,19,0.0,0.0,0.16818436536845052,0,19,0.0,0.0,0.16818436536845052,0,19,0.0,0.0,0.16818436536845052,0,19,0.0,0.0,0.16818436536845052,0,19,0.0,0.0,0.16818436536845052,0,19,0.0,0.0,0.16818436536845052,0,19,0.0,0.0,0.16818436536845052,1,19,0.05263157894736842,0.009351752490529969,0.2463921533654521,12,19,0.631578947368421,0.4103915749815672,0.8085072762372616,2,19,0.10526315789473684,0.029357941395096593,0.313945504948417,5,19,0.2631578947368421,0.11806238339540162,0.48791968441070643,16,19,0.8421052631578947,0.6243407235682331,0.9447962896007217,1,19,0.05263157894736842,0.009351752490529969,0.2463921533654521,1,19,0.05263157894736842,0.009351752490529969,0.2463921533654521,0,19,0.0,0.0,0.16818436536845052,1,19,0.05263157894736842,0.009351752490529969,0.2463921533654521,12,19,0.631578947368421,0.4103915749815672,0.8085072762372616,365 0.95,1,52 0.95,1,medical deduction 0.95,wrong include/exclude decision 0.95,0,18,18,18,0.0,0.0,0.1758845505823749,1.0,18,0.5,36,1349.0
1,medical_deductions >= 5.000 & medical_deductions < 9.000 & rawben_rel_max < 0.488,test_2024,24,9,9,0,9,0.0,0.0,0.2991527535509594,0,9,0.0,0.0,0.2991527535509594,0,9,0.0,0.0,0.2991527535509594,0,9,0.0,0.0,0.2991527535509594,9,9,1.0,0.7008472464490407,1.0,0,9,0.0,0.0,0.2991527535509594,0,9,0.0,0.0,0.2991527535509594,0,9,0.0,0.0,0.2991527535509594,9,9,1.0,0.7008472464490407,1.0,0,9,0.0,0.0,0.2991527535509594,0,9,0.0,0.0,0.2991527535509594,0,9,0.0,0.0,0.2991527535509594,0,9,0.0,0.0,0.2991527535509594,0,9,0.0,0.0,0.2991527535509594,0,9,0.0,0.0,0.2991527535509594,0,9,0.0,0.0,0.2991527535509594,0,9,0.0,0.0,0.2991527535509594,8,9,0.8888888888888888,0.5649937852319399,0.9801096286728695,1,9,0.1111111111111111,0.019890371327130535,0.4350062147680601,0,9,0.0,0.0,0.2991527535509594,9,9,1.0,0.7008472464490407,1.0,0,9,0.0,0.0,0.2991527535509594,0,9,0.0,0.0,0.2991527535509594,0,9,0.0,0.0,0.2991527535509594,0,9,0.0,0.0,0.2991527535509594,8,9,0.8888888888888888,0.5649937852319399,0.9801096286728695,365 1.00,1,52 1.00,1,medical deduction 1.00,wrong include/exclude decision 1.00,0,9,9,9,0.0,0.0,0.2991527535509594,1.0,9,0.5,18,618.0
4+,HH_size_n >=   5.00 & months_since_cert_n >=   2.00 & total_deductions_by_hh_size >= 245.00 & unc_rawben_rel_max <   1.01,all_2022_24,313,118,191,66,191,0.34554973821989526,0.281751337253618,0.41543858522700206,28,191,0.14659685863874344,0.10341285483870792,0.20371662880338898,39,191,0.20418848167539266,0.1531186198443222,0.2669230960931367,6,191,0.031413612565445025,0.014474884658743605,0.0668301343926294,2,191,0.010471204188481676,0.002876234332972124,0.037369791156451074,34,191,0.17801047120418848,0.1302731272638168,0.23844484672120486,16,191,0.08376963350785341,0.05221902383087239,0.13173347912537514,68,191,0.35602094240837695,0.29156581877100946,0.42615360049058554,57,191,0.29842931937172773,0.23803100697155422,0.3667761799946787,21,191,0.1099476439790576,0.073044553544939,0.1622316913637458,13,191,0.06806282722513089,0.040203968321682305,0.11295428946310287,11,191,0.05759162303664921,0.03245883882759533,0.10016992217621494,12,191,0.06282722513089005,0.036301274070075565,0.10659223532422214,1,191,0.005235602094240838,0.0009247871697700711,0.02905648992916568,0,191,0.0,0.0,0.019716528708448297,1,191,0.005235602094240838,0.0009247871697700711,0.02905648992916568,7,191,0.03664921465968586,0.017864045764811088,0.07370572167704938,127,190,0.6684210526315789,0.5987240356106173,0.7314424508401755,10,190,0.05263157894736842,0.02883612554849993,0.09415914481658165,53,190,0.2789473684210526,0.22004041672416352,0.3466160698091708,109,191,0.5706806282722513,0.49977032443475494,0.6388037788368257,76,191,0.39790575916230364,0.3311606190997124,0.4686767872857821,0,191,0.0,0.0,0.019716528708448297,2,191,0.010471204188481676,0.002876234332972124,0.037369791156451074,4,191,0.020942408376963352,0.008173375673314606,0.052602146597083496,88,190,0.4631578947368421,0.3936869448158063,0.5340891362730827,311 0.33; 363 0.20; 323 0.13; 350 0.07; 150 0.06,5,38 0.18; 52 0.14; 53 0.11; 35 0.11; 56 0.09; 44 0.06; 98 0.04; 99 0.04,8,earned income 0.35; shelter deduction 0.20; dep care or child support deduction 0.18; unearned income 0.15,"wrong amount, known item 0.36; wrong include/exclude decision 0.30; unreported source of income 0.11",86,32,52,118,0.7288135593220338,0.6423296059039536,0.8008687762578037,0.2711864406779661,52,0.3058823529411765,170,40532.0
4+,HH_size_n >=   5.00 & months_since_cert_n >=   2.00 & total_deductions_by_hh_size >= 245.00 & unc_rawben_rel_max <   1.01,train_2022_23,157,62,107,30,107,0.2803738317757009,0.2040167905416766,0.3719546858715112,16,107,0.14953271028037382,0.0941875070353093,0.22917123192190525,20,107,0.18691588785046728,0.12438379319362988,0.2711500136081485,6,107,0.056074766355140186,0.025950008789329404,0.11697106055647577,2,107,0.018691588785046728,0.005140857096348456,0.06560514440489296,23,107,0.21495327102803738,0.14772120660505175,0.30194390108014946,10,107,0.09345794392523364,0.05155771001191554,0.1635384271784534,26,107,0.24299065420560748,0.17155744423820674,0.3322389643304172,42,107,0.3925233644859813,0.3052640308627042,0.4872326490841749,9,107,0.08411214953271028,0.044881436613206184,0.15217093361602183,8,107,0.07476635514018691,0.03836964356083345,0.1406389597072536,7,107,0.06542056074766354,0.032047896397421095,0.12891693990952502,8,107,0.07476635514018691,0.03836964356083345,0.1406389597072536,0,107,0.0,0.0,0.03465846757895952,0,107,0.0,0.0,0.03465846757895952,1,107,0.009345794392523364,0.0016516291511190044,0.05105060538898146,6,107,0.056074766355140186,0.025950008789329404,0.11697106055647577,79,107,0.7383177570093458,0.6478120556349307,0.8123040018741632,6,107,0.056074766355140186,0.025950008789329404,0.11697106055647577,22,107,0.205607476635514,0.13988321742546095,0.2917381232985993,63,107,0.5887850467289719,0.4940515755657607,0.6773642105650783,40,107,0.37383177570093457,0.28802680314038603,0.46838234288421116,0,107,0.0,0.0,0.03465846757895952,0,107,0.0,0.0,0.03465846757895952,4,107,0.037383177570093455,0.014631662528342755,0.09220187289518053,49,107,0.45794392523364486,0.3666360103087866,0.5521670383660792,311 0.26; 363 0.19; 323 0.14; 366 0.07; 350 0.07; 150 0.06,6,52 0.22; 38 0.16; 53 0.14; 44 0.08; 35 0.08; 99 0.06; 98 0.05,7,earned income 0.28; dep care or child support deduction 0.21; shelter deduction 0.19; unearned income 0.15,"wrong include/exclude decision 0.39; wrong amount, known item 0.24; unreported source of income 0.08; method or computation 0.07",41,21,29,62,0.6612903225806451,0.5371746717131097,0.7665846536981803,0.3387096774193548,29,0.31868131868131866,91,20848.0
4+,HH_size_n >=   5.00 & months_since_cert_n >=   2.00 & total_deductions_by_hh_size >= 245.00 & unc_rawben_rel_max <   1.01,test_2024,156,56,84,36,84,0.42857142857142855,0.32815806317877516,0.5352324032972452,12,84,0.14285714285714285,0.08364938218850576,0.23330295019159658,19,84,0.2261904761904762,0.14985904898307534,0.32647107250833646,0,84,0.0,0.0,0.043733265332143306,0,84,0.0,0.0,0.043733265332143306,11,84,0.13095238095238096,0.07472144544944861,0.21946263134332386,6,84,0.07142857142857142,0.033145358330644366,0.14719744052547845,42,84,0.5,0.39543750035009767,0.6045624996499024,15,84,0.17857142857142858,0.1113109090339025,0.2739461901081896,12,84,0.14285714285714285,0.08364938218850576,0.23330295019159658,5,84,0.05952380952380952,0.025690182263433017,0.13188436100535988,4,84,0.047619047619047616,0.018671444654442905,0.11613484302702007,4,84,0.047619047619047616,0.018671444654442905,0.11613484302702007,1,84,0.011904761904761904,0.002104528901587875,0.06439699201788535,0,84,0.0,0.0,0.043733265332143306,0,84,0.0,0.0,0.043733265332143306,1,84,0.011904761904761904,0.002104528901587875,0.06439699201788535,48,83,0.5783132530120482,0.4709262842089882,0.6787715564572362,4,83,0.04819277108433735,0.01889830967407153,0.11746030186694112,31,83,0.37349397590361444,0.27719527504576813,0.4809851361857155,46,84,0.5476190476190477,0.44142846686988807,0.6496445554794317,36,84,0.42857142857142855,0.32815806317877516,0.5352324032972452,0,84,0.0,0.0,0.043733265332143306,2,84,0.023809523809523808,0.006553765293517748,0.0827160112132854,0,84,0.0,0.0,0.043733265332143306,39,83,0.46987951807228917,0.36623168109196985,0.5761922263440977,311 0.42; 363 0.23; 323 0.12,3,38 0.21; 56 0.20; 35 0.14; 53 0.07; 52 0.04; 44 0.04; 41 0.04; 57 0.04,8,earned income 0.43; shelter deduction 0.23; unearned income 0.14,"wrong amount, known item 0.50; wrong include/exclude decision 0.18; unreported source of income 0.14",45,11,23,56,0.8035714285714286,0.6815514267252283,0.8866151998355589,0.19642857142857142,23,0.2911392405063291,79,19684.0
1,cat_elig >=   1.000 & rawben_rel_max <   0.992 & unc_rawben_rel_max >=   0.986 & utilities < 626.000,all_2022_24,490,187,254,4,254,0.015748031496062992,0.0061406025449402026,0.03978526822222847,12,254,0.047244094488188976,0.02722890757704055,0.08075056509145048,182,254,0.7165354330708661,0.6582039561012842,0.7684145569703069,35,254,0.1377952755905512,0.10077425572114863,0.1856093224136442,20,254,0.07874015748031496,0.05154754223721647,0.11848553233259693,0,254,0.0,0.0,0.014899069816507498,1,254,0.003937007874015748,0.0006952990654844823,0.02196047098868831,50,254,0.1968503937007874,0.152623346380195,0.2501107353195772,147,254,0.5787401574803149,0.5172862481559819,0.637847756597324,3,254,0.011811023622047244,0.004024720055418941,0.03414445047408444,0,254,0.0,0.0,0.014899069816507498,24,254,0.09448818897637795,0.06431847974759199,0.13674139577288258,7,254,0.027559055118110236,0.013412260252734228,0.055783711227430324,3,254,0.011811023622047244,0.004024720055418941,0.03414445047408444,0,254,0.0,0.0,0.014899069816507498,0,254,0.0,0.0,0.014899069816507498,20,254,0.07874015748031496,0.05154754223721647,0.11848553233259693,168,254,0.6614173228346457,0.6011993127880503,0.7168253969562269,30,254,0.11811023622047244,0.08399722367900822,0.16360285326745813,56,254,0.2204724409448819,0.17386349104000223,0.27541079208576175,119,254,0.468503937007874,0.40806172431614385,0.5298846737825337,132,254,0.5196850393700787,0.45840748974488954,0.5803760114434369,1,254,0.003937007874015748,0.0006952990654844823,0.02196047098868831,0,254,0.0,0.0,0.014899069816507498,2,254,0.007874015748031496,0.0021619564196403308,0.028250513872197756,66,254,0.25984251968503935,0.2097712494743455,0.31707003602807143,363 0.72; 364 0.14,2,53 0.54; 56 0.16; 64 0.09,3,shelter deduction 0.72; utility allowance 0.14,"wrong include/exclude decision 0.58; wrong amount, known item 0.20",186,1,186,187,0.9946524064171123,0.9703349034165901,0.9990554181904389,0.0053475935828877,186,0.49865951742627346,373,37829.0
1,cat_elig >=   1.000 & rawben_rel_max <   0.992 & unc_rawben_rel_max >=   0.986 & utilities < 626.000,train_2022_23,321,118,156,2,156,0.01282051282051282,0.003522843269481466,0.04553572471282101,8,156,0.05128205128205128,0.026211179073103212,0.09792171248954379,114,156,0.7307692307692307,0.6562352674611922,0.794210674020875,20,156,0.1282051282051282,0.08454734307512554,0.1897341956482105,11,156,0.07051282051282051,0.03982598995669624,0.12184406339612304,0,156,0.0,0.0,0.024033793455520962,1,156,0.00641025641025641,0.001132436172597704,0.03541374454631402,3,156,0.019230769230769232,0.006561287554149496,0.05500966769154373,111,156,0.7115384615384616,0.6360355042777336,0.7768732754141613,2,156,0.01282051282051282,0.003522843269481466,0.04553572471282101,0,156,0.0,0.0,0.024033793455520962,14,156,0.08974358974358974,0.05421051562673034,0.14499669951626118,6,156,0.038461538461538464,0.01774419018011971,0.08136392685574578,2,156,0.01282051282051282,0.003522843269481466,0.04553572471282101,0,156,0.0,0.0,0.024033793455520962,0,156,0.0,0.0,0.024033793455520962,18,156,0.11538461538461539,0.07424385374812917,0.1750129104484254,104,156,0.6666666666666666,0.5894702694343721,0.7358517994137874,23,156,0.14743589743589744,0.10029628994550263,0.21152241056800572,29,156,0.1858974358974359,0.1326661472945613,0.2542268767992916,71,156,0.4551282051282051,0.37899770803741434,0.5334155811188503,84,156,0.5384615384615384,0.46024712435188325,0.6148271992284612,1,156,0.00641025641025641,0.001132436172597704,0.03541374454631402,0,156,0.0,0.0,0.024033793455520962,0,156,0.0,0.0,0.024033793455520962,43,156,0.27564102564102566,0.21155130934051847,0.350515136440805,363 0.73; 364 0.13,2,53 0.66; 99 0.12,2,shelter deduction 0.73; utility allowance 0.13,wrong include/exclude decision 0.71; other 0.12,118,0,117,118,1.0,0.9684705387979147,1.0,0.0,117,0.4978723404255319,235,22311.0
1,cat_elig >=   1.000 & rawben_rel_max <   0.992 & unc_rawben_rel_max >=   0.986 & utilities < 626.000,test_2024,169,69,98,2,98,0.02040816326530612,0.005614496475772293,0.07138350826885075,4,98,0.04081632653061224,0.015984990527160958,0.10028969486662705,68,98,0.6938775510204082,0.5967537243906448,0.7763747417764225,15,98,0.15306122448979592,0.0950059903962593,0.23729043856793613,9,98,0.09183673469387756,0.04906865909068409,0.16539772792601637,0,98,0.0,0.0,0.037721324095458045,0,98,0.0,0.0,0.037721324095458045,47,98,0.47959183673469385,0.38332963929572583,0.5773936800551093,36,98,0.3673469387755102,0.27858728951874556,0.46611428626168216,1,98,0.01020408163265306,0.0018035013277367812,0.055556163092303754,0,98,0.0,0.0,0.037721324095458045,10,98,0.10204081632653061,0.056375395628467516,0.17772933171281544,1,98,0.01020408163265306,0.0018035013277367812,0.055556163092303754,1,98,0.01020408163265306,0.0018035013277367812,0.055556163092303754,0,98,0.0,0.0,0.037721324095458045,0,98,0.0,0.0,0.037721324095458045,2,98,0.02040816326530612,0.005614496475772293,0.07138350826885075,64,98,0.6530612244897959,0.5546595815062417,0.7399155233624956,7,98,0.07142857142857142,0.03502800789949942,0.14016169846803606,27,98,0.2755102040816326,0.19679426941928943,0.3711622434398958,48,98,0.4897959183673469,0.3930904002751632,0.5872712594002543,48,98,0.4897959183673469,0.3930904002751632,0.5872712594002543,0,98,0.0,0.0,0.037721324095458045,0,98,0.0,0.0,0.037721324095458045,2,98,0.02040816326530612,0.005614496475772293,0.07138350826885075,23,98,0.23469387755102042,0.1617836559088351,0.3276194956520202,363 0.69; 364 0.15,2,56 0.41; 53 0.34; 64 0.10,3,shelter deduction 0.69; utility allowance 0.15,"wrong amount, known item 0.48; wrong include/exclude decision 0.37",68,1,69,69,0.9855072463768116,0.9223669266494263,0.9974371413556695,0.014492753623188406,69,0.5,138,15518.0
4+,HH_size_n >   5.5 & months_since_cert_n >   4.5 & shelter_expenses_by_hh_size > 347.0 & utilities > 390.0,all_2022_24,86,33,46,24,46,0.5217391304347826,0.38137172148151327,0.6587554012432788,6,46,0.13043478260869565,0.06117757137492025,0.2566613423036133,9,46,0.1956521739130435,0.10650490444121799,0.331715377411692,0,46,0.0,0.0,0.07707617732978073,0,46,0.0,0.0,0.07707617732978073,2,46,0.043478260869565216,0.012005193588830829,0.1453252291905342,5,46,0.10869565217391304,0.04733076082742689,0.23038103012631456,15,46,0.32608695652173914,0.20865764564493358,0.47032537255672924,8,46,0.17391304347826086,0.09085683568889254,0.3072363234392253,5,46,0.10869565217391304,0.04733076082742689,0.23038103012631456,5,46,0.10869565217391304,0.04733076082742689,0.23038103012631456,5,46,0.10869565217391304,0.04733076082742689,0.23038103012631456,7,46,0.15217391304347827,0.07572186234017478,0.28224417406315094,0,46,0.0,0.0,0.07707617732978073,0,46,0.0,0.0,0.07707617732978073,0,46,0.0,0.0,0.07707617732978073,1,46,0.021739130434782608,0.0038477551112426345,0.11335554494333024,25,46,0.5434782608695652,0.4017993496608042,0.67845489578878,1,46,0.021739130434782608,0.0038477551112426345,0.11335554494333024,20,46,0.43478260869565216,0.3020904595919057,0.5775281722337178,24,46,0.5217391304347826,0.38137172148151327,0.6587554012432788,20,46,0.43478260869565216,0.3020904595919057,0.5775281722337178,0,46,0.0,0.0,0.07707617732978073,0,46,0.0,0.0,0.07707617732978073,2,46,0.043478260869565216,0.012005193588830829,0.1453252291905342,15,46,0.32608695652173914,0.20865764564493358,0.47032537255672924,311 0.43; 363 0.20; 312 0.09; 323 0.04,4,38 0.15; 44 0.13; 35 0.11; 53 0.07; 39 0.07; 52 0.04; 7 0.04; 123 0.04; 98 0.04; 37 0.04; 41 0.02,11,earned income 0.52; shelter deduction 0.20; unearned income 0.13,"wrong amount, known item 0.33; wrong include/exclude decision 0.17; method or computation 0.15; change in circumstances 0.11",21,12,12,33,0.6363636363636364,0.46615872621534094,0.7781303383204013,0.36363636363636365,12,0.26666666666666666,45,14167.0
4+,HH_size_n >   5.5 & months_since_cert_n >   4.5 & shelter_expenses_by_hh_size > 347.0 & utilities > 390.0,train_2022_23,53,24,31,16,31,0.5161290322580645,0.34840118286973176,0.6803001396872117,3,31,0.0967741935483871,0.03346403609464399,0.2490028999817704,6,31,0.1935483870967742,0.09186883586347633,0.36280603555459856,0,31,0.0,0.0,0.11025900073475385,0,31,0.0,0.0,0.11025900073475385,2,31,0.06451612903225806,0.017874407775063147,0.20718988318746434,4,31,0.12903225806451613,0.05134201164644764,0.28852756954385356,7,31,0.22580645161290322,0.11394991594498799,0.3981276005869738,5,31,0.16129032258064516,0.07092519905439934,0.3263470272497887,3,31,0.0967741935483871,0.03346403609464399,0.2490028999817704,4,31,0.12903225806451613,0.05134201164644764,0.28852756954385356,4,31,0.12903225806451613,0.05134201164644764,0.28852756954385356,7,31,0.22580645161290322,0.11394991594498799,0.3981276005869738,0,31,0.0,0.0,0.11025900073475385,0,31,0.0,0.0,0.11025900073475385,0,31,0.0,0.0,0.11025900073475385,1,31,0.03225806451612903,0.00571707408694444,0.16194457176169622,19,31,0.6129032258064516,0.4382380114113197,0.7626712464872843,1,31,0.03225806451612903,0.00571707408694444,0.16194457176169622,11,31,0.3548387096774194,0.21116447741565816,0.530523619571851,16,31,0.5161290322580645,0.34840118286973176,0.6803001396872117,13,31,0.41935483870967744,0.26415303073549257,0.5923403564797902,0,31,0.0,0.0,0.11025900073475385,0,31,0.0,0.0,0.11025900073475385,2,31,0.06451612903225806,0.017874407775063147,0.20718988318746434,11,31,0.3548387096774194,0.21116447741565816,0.530523619571851,311 0.42; 363 0.19; 312 0.10; 323 0.06,4,38 0.13; 35 0.10; 44 0.10; 52 0.06; 53 0.06; 7 0.06; 123 0.06; 39 0.06; 98 0.06; 41 0.03; 64 0.03,11,earned income 0.52; shelter deduction 0.19; other element 0.13,"method or computation 0.23; wrong amount, known item 0.23; wrong include/exclude decision 0.16; change in circumstances 0.13; household composition 0.13",15,9,9,24,0.625,0.42709619037907065,0.7884086656636855,0.375,9,0.2727272727272727,33,8405.0
4+,HH_size_n >   5.5 & months_since_cert_n >   4.5 & shelter_expenses_by_hh_size > 347.0 & utilities > 390.0,test_2024,33,9,15,8,15,0.5333333333333333,0.3011663015105079,0.7519077474025355,3,15,0.2,0.07047420643610414,0.4518593533465045,3,15,0.2,0.07047420643610414,0.4518593533465045,0,15,0.0,0.0,0.20388926630434784,0,15,0.0,0.0,0.20388926630434784,0,15,0.0,0.0,0.20388926630434784,1,15,0.06666666666666667,0.011866588606194856,0.2981707755242399,8,15,0.5333333333333333,0.3011663015105079,0.7519077474025355,3,15,0.2,0.07047420643610414,0.4518593533465045,2,15,0.13333333333333333,0.0373604698913593,0.3788249920651624,1,15,0.06666666666666667,0.011866588606194856,0.2981707755242399,1,15,0.06666666666666667,0.011866588606194856,0.2981707755242399,0,15,0.0,0.0,0.20388926630434784,0,15,0.0,0.0,0.20388926630434784,0,15,0.0,0.0,0.20388926630434784,0,15,0.0,0.0,0.20388926630434784,0,15,0.0,0.0,0.20388926630434784,6,15,0.4,0.19824228082594664,0.642535572434923,0,15,0.0,0.0,0.20388926630434784,9,15,0.6,0.357464427565077,0.8017577191740534,8,15,0.5333333333333333,0.3011663015105079,0.7519077474025355,7,15,0.4666666666666667,0.24809225259746442,0.6988336984894921,0,15,0.0,0.0,0.20388926630434784,0,15,0.0,0.0,0.20388926630434784,0,15,0.0,0.0,0.20388926630434784,4,15,0.26666666666666666,0.1089727610318281,0.5195088965768675,311 0.47; 363 0.20; 312 0.07; 331 0.07,4,38 0.20; 44 0.20; 35 0.13; 39 0.07; 53 0.07; 57 0.07; 56 0.07,7,earned income 0.53; shelter deduction 0.20; unearned income 0.20,"wrong amount, known item 0.53; wrong include/exclude decision 0.20; unreported source of income 0.13",6,3,3,9,0.6666666666666666,0.35419734749908977,0.879418401317257,0.3333333333333333,3,0.25,12,5762.0
1,shelter_expenses_by_hh_size > 504.0 & total_deductions_by_hh_size > 647.0 & utilities <=  29.5,all_2022_24,353,122,212,32,212,0.1509433962264151,0.10899366645826725,0.20531831047296378,30,212,0.14150943396226415,0.10095464905175758,0.19482521914788511,71,212,0.33490566037735847,0.274811658759314,0.4008764384378899,54,212,0.25471698113207547,0.20079185862143753,0.3173733143572655,17,212,0.08018867924528301,0.05066598935290643,0.124655172091412,3,212,0.014150943396226415,0.004823973770644724,0.04077242655255525,5,212,0.02358490566037736,0.010115020526077427,0.0540134885287109,36,212,0.16981132075471697,0.12525347857026478,0.22612271582414298,112,212,0.5283018867924528,0.4611981877743932,0.5943981384203718,19,212,0.08962264150943396,0.05812568100864554,0.13572758916726124,3,212,0.014150943396226415,0.004823973770644724,0.04077242655255525,27,212,0.12735849056603774,0.08902359612249729,0.1789581089797629,2,212,0.009433962264150943,0.002590902462183525,0.033739443495222274,3,212,0.014150943396226415,0.004823973770644724,0.04077242655255525,0,212,0.0,0.0,0.01779823722581745,0,212,0.0,0.0,0.01779823722581745,10,212,0.04716981132075472,0.02582028661381731,0.0846384942699419,119,212,0.5613207547169812,0.49401889416228095,0.6264398125930435,17,212,0.08018867924528301,0.05066598935290643,0.124655172091412,76,212,0.3584905660377358,0.2969818897813493,0.42503647924482546,105,212,0.49528301886792453,0.42866487130953645,0.5620690743246695,96,212,0.4528301886792453,0.3872569040058963,0.5200825523361621,5,212,0.02358490566037736,0.010115020526077427,0.0540134885287109,0,212,0.0,0.0,0.01779823722581745,6,212,0.02830188679245283,0.013034018623721461,0.06036054479686105,68,212,0.32075471698113206,0.2615919420593257,0.38629799204049575,363 0.33; 364 0.25; 311 0.14; 331 0.08,4,53 0.42; 35 0.09; 64 0.08; 38 0.07; 56 0.07; 37 0.06,6,shelter deduction 0.33; utility allowance 0.25; earned income 0.15; unearned income 0.14,"wrong include/exclude decision 0.53; wrong amount, known item 0.17; change in circumstances 0.13",119,3,69,122,0.9754098360655737,0.9301912152975784,0.9916025317622172,0.02459016393442623,69,0.3612565445026178,191,38449.0
1,shelter_expenses_by_hh_size > 504.0 & total_deductions_by_hh_size > 647.0 & utilities <=  29.5,train_2022_23,165,64,113,12,113,0.10619469026548672,0.061797874332203774,0.17648712005335754,22,113,0.19469026548672566,0.13223235600316086,0.2772245497564316,35,113,0.30973451327433627,0.23191541688374973,0.40006497366208327,29,113,0.25663716814159293,0.1850368504624997,0.34424039325891465,11,113,0.09734513274336283,0.05522791315533354,0.16593989009282467,1,113,0.008849557522123894,0.0015638358136017966,0.04843205606052523,3,113,0.02654867256637168,0.009069309551816493,0.07516096459711677,12,113,0.10619469026548672,0.061797874332203774,0.17648712005335754,70,113,0.6194690265486725,0.5274170845635211,0.7036649957914209,3,113,0.02654867256637168,0.009069309551816493,0.07516096459711677,1,113,0.008849557522123894,0.0015638358136017966,0.04843205606052523,14,113,0.12389380530973451,0.07525390958545933,0.19726546707490825,1,113,0.008849557522123894,0.0015638358136017966,0.04843205606052523,3,113,0.02654867256637168,0.009069309551816493,0.07516096459711677,0,113,0.0,0.0,0.03287870073672391,0,113,0.0,0.0,0.03287870073672391,9,113,0.07964601769911504,0.04246569596832783,0.14446772500502414,64,113,0.5663716814159292,0.4743028716056536,0.6540760619248699,11,113,0.09734513274336283,0.05522791315533354,0.16593989009282467,38,113,0.336283185840708,0.2558324486519233,0.42749951530611924,60,113,0.5309734513274337,0.4394610519825767,0.6204491169983343,44,113,0.3893805309734513,0.30452700549540734,0.4815081052870538,5,113,0.04424778761061947,0.019045587730049336,0.09941906869369016,0,113,0.0,0.0,0.03287870073672391,4,113,0.035398230088495575,0.0138499544653361,0.08749751082100028,40,113,0.35398230088495575,0.27194014667572775,0.4456261995571208,363 0.31; 364 0.26; 331 0.13; 365 0.10,4,53 0.50; 38 0.10; 99 0.08; 37 0.06; 64 0.06,5,shelter deduction 0.31; utility allowance 0.26; unearned income 0.19,"wrong include/exclude decision 0.62; change in circumstances 0.12; wrong amount, known item 0.11",62,2,35,64,0.96875,0.8930250611770575,0.9913880422874833,0.03125,35,0.35353535353535354,99,18406.0
1,shelter_expenses_by_hh_size > 504.0 & total_deductions_by_hh_size > 647.0 & utilities <=  29.5,test_2024,188,58,99,20,99,0.20202020202020202,0.13475627715378938,0.29154591962261234,8,99,0.08080808080808081,0.041513905489623,0.15141969336531508,36,99,0.36363636363636365,0.27561748409823283,0.4618428432401205,25,99,0.25252525252525254,0.17729258424187705,0.34624652833513464,6,99,0.06060606060606061,0.028069414889737472,0.12596941764495667,2,99,0.020202020202020204,0.005557603625523107,0.07069169626868313,2,99,0.020202020202020204,0.005557603625523107,0.07069169626868313,24,99,0.24242424242424243,0.16866173936129492,0.3354299900555947,42,99,0.42424242424242425,0.331509474444057,0.5226351518550282,16,99,0.16161616161616163,0.10199861339903872,0.2465140507368752,2,99,0.020202020202020204,0.005557603625523107,0.07069169626868313,13,99,0.13131313131313133,0.07837166925941867,0.2117988453961293,1,99,0.010101010101010102,0.0017852613200520298,0.05501665541403223,0,99,0.0,0.0,0.03735453357396229,0,99,0.0,0.0,0.03735453357396229,0,99,0.0,0.0,0.03735453357396229,1,99,0.010101010101010102,0.0017852613200520298,0.05501665541403223,55,99,0.5555555555555556,0.45741965465284107,0.6495409527278297,6,99,0.06060606060606061,0.028069414889737472,0.12596941764495667,38,99,0.3838383838383838,0.29408494593454726,0.48227014772404997,45,99,0.45454545454545453,0.3599919588990025,0.5524948168804487,52,99,0.5252525252525253,0.42779134155248744,0.6208271163478176,0,99,0.0,0.0,0.03735453357396229,0,99,0.0,0.0,0.03735453357396229,2,99,0.020202020202020204,0.005557603625523107,0.07069169626868313,28,99,0.2828282828282828,0.20351825976230095,0.3783630022950766,363 0.36; 364 0.25; 311 0.18,3,53 0.32; 35 0.16; 56 0.14; 64 0.11; 57 0.05,5,shelter deduction 0.36; utility allowance 0.25; earned income 0.20,"wrong include/exclude decision 0.42; wrong amount, known item 0.24; unreported source of income 0.16",57,1,34,58,0.9827586206896551,0.9085892732270167,0.9969500401154581,0.017241379310344827,34,0.3695652173913043,92,20043.0
1,months_since_cert_n >=   5.00 & unc_rawben_rel_max >=   1.82 & utilities < 366.00,all_2022_24,229,91,137,50,137,0.36496350364963503,0.2890527943145695,0.4482407325979337,46,137,0.3357664233576642,0.2621220094402214,0.418370117885796,19,137,0.1386861313868613,0.0906163058580338,0.20646637425920433,8,137,0.058394160583941604,0.029882773445485754,0.11099605780891636,1,137,0.0072992700729927005,0.0012896313769595533,0.040186750601092384,0,137,0.0,0.0,0.027276032081430486,13,137,0.0948905109489051,0.05629419132076918,0.1555863894167402,21,137,0.15328467153284672,0.10249594347336069,0.22298743643712035,42,137,0.30656934306569344,0.2355151585395569,0.3881755691999747,35,137,0.25547445255474455,0.18980753746747142,0.33448074099571007,0,137,0.0,0.0,0.027276032081430486,19,137,0.1386861313868613,0.0906163058580338,0.20646637425920433,4,137,0.029197080291970802,0.011411340550450556,0.07266609111746575,2,137,0.014598540145985401,0.004012534577063031,0.05166419729761036,5,137,0.0364963503649635,0.015687758895868903,0.08259002266866884,0,137,0.0,0.0,0.027276032081430486,9,137,0.06569343065693431,0.03494294222088862,0.12013623893013495,39,137,0.2846715328467153,0.2157864700661449,0.3653032079835222,8,137,0.058394160583941604,0.029882773445485754,0.11099605780891636,90,137,0.656934306569343,0.5741326387672145,0.7311748840101466,62,137,0.45255474452554745,0.37163400415030007,0.5360637215216605,68,137,0.49635036496350365,0.41387476724711403,0.5790250578045754,1,137,0.0072992700729927005,0.0012896313769595533,0.040186750601092384,0,137,0.0,0.0,0.027276032081430486,6,137,0.043795620437956206,0.020223886822615784,0.09225424463854343,47,137,0.34306569343065696,0.26882511598985337,0.42586736123278557,311 0.31; 331 0.23; 363 0.14; 364 0.06; 333 0.04,5,35 0.26; 37 0.14; 39 0.12; 38 0.12; 52 0.10; 99 0.07,6,earned income 0.36; unearned income 0.34; shelter deduction 0.14,"wrong include/exclude decision 0.31; unreported source of income 0.26; wrong amount, known item 0.15; change in circumstances 0.14",90,1,0,91,0.989010989010989,0.9403491964093862,0.9980575786766521,0.01098901098901099,0,0.0,91,28044.0
1,months_since_cert_n >=   5.00 & unc_rawben_rel_max >=   1.82 & utilities < 366.00,train_2022_23,161,62,99,35,99,0.35353535353535354,0.2664470798753757,0.45156586430285567,31,99,0.31313131313131315,0.23020651977353207,0.41001689176421147,13,99,0.13131313131313133,0.07837166925941867,0.2117988453961293,6,99,0.06060606060606061,0.028069414889737472,0.12596941764495667,1,99,0.010101010101010102,0.0017852613200520298,0.05501665541403223,0,99,0.0,0.0,0.03735453357396229,13,99,0.13131313131313133,0.07837166925941867,0.2117988453961293,14,99,0.1414141414141414,0.08614406912518852,0.22347382869048138,32,99,0.32323232323232326,0.23919862826396276,0.4204721664339027,18,99,0.18181818181818182,0.11821769885745204,0.2691897315987058,0,99,0.0,0.0,0.03735453357396229,16,99,0.16161616161616163,0.10199861339903872,0.2465140507368752,4,99,0.04040404040404041,0.015822382974672186,0.09932168323977801,1,99,0.010101010101010102,0.0017852613200520298,0.05501665541403223,5,99,0.050505050505050504,0.02176291355669111,0.11282853581788105,0,99,0.0,0.0,0.03735453357396229,9,99,0.09090909090909091,0.04856521249187529,0.16381576952318477,25,99,0.25252525252525254,0.17729258424187705,0.34624652833513464,5,99,0.050505050505050504,0.02176291355669111,0.11282853581788105,69,99,0.696969696969697,0.6004855409718445,0.7787384306505342,46,99,0.46464646464646464,0.36956329835017776,0.5623708605893953,46,99,0.46464646464646464,0.36956329835017776,0.5623708605893953,1,99,0.010101010101010102,0.0017852613200520298,0.05501665541403223,0,99,0.0,0.0,0.03735453357396229,6,99,0.06060606060606061,0.028069414889737472,0.12596941764495667,31,99,0.31313131313131315,0.23020651977353207,0.41001689176421147,311 0.30; 331 0.25; 363 0.13; 364 0.06; 371 0.05,5,35 0.18; 39 0.15; 38 0.13; 52 0.13; 37 0.12; 99 0.09,6,earned income 0.35; unearned income 0.31; shelter deduction 0.13,"wrong include/exclude decision 0.32; unreported source of income 0.18; change in circumstances 0.16; wrong amount, known item 0.14",61,1,0,62,0.9838709677419355,0.914130769926111,0.9971472063077598,0.016129032258064516,0,0.0,62,19195.0
1,months_since_cert_n >=   5.00 & unc_rawben_rel_max >=   1.82 & utilities < 366.00,test_2024,68,29,38,15,38,0.39473684210526316,0.25597859263618905,0.5528241300130403,15,38,0.39473684210526316,0.25597859263618905,0.5528241300130403,6,38,0.15789473684210525,0.07443762223722684,0.3041712263727689,2,38,0.05263157894736842,0.014553902448536798,0.17285766881068843,0,38,0.0,0.0,0.09181293258383999,0,38,0.0,0.0,0.09181293258383999,0,38,0.0,0.0,0.09181293258383999,7,38,0.18421052631578946,0.09221648453257492,0.33419168341511346,10,38,0.2631578947368421,0.14971462389701296,0.42009150206375323,17,38,0.4473684210526316,0.3014616531155089,0.6029397082091058,0,38,0.0,0.0,0.09181293258383999,3,38,0.07894736842105263,0.02721410139426493,0.2079967892026529,0,38,0.0,0.0,0.09181293258383999,1,38,0.02631578947368421,0.004660467553530057,0.13495178436800254,0,38,0.0,0.0,0.09181293258383999,0,38,0.0,0.0,0.09181293258383999,0,38,0.0,0.0,0.09181293258383999,14,38,0.3684210526315789,0.23384013155413794,0.5271632717573987,3,38,0.07894736842105263,0.02721410139426493,0.2079967892026529,21,38,0.5526315789473685,0.3970602917908942,0.6985383468844911,16,38,0.42105263157894735,0.2785227481181953,0.5780792938687267,22,38,0.5789473684210527,0.42192070613127325,0.7214772518818047,0,38,0.0,0.0,0.09181293258383999,0,38,0.0,0.0,0.09181293258383999,0,38,0.0,0.0,0.09181293258383999,16,38,0.42105263157894735,0.2785227481181953,0.5780792938687267,311 0.32; 331 0.16; 363 0.16; 346 0.08; 312 0.08,5,35 0.45; 37 0.18; 38 0.08; 53 0.05,4,unearned income 0.39; earned income 0.39,"unreported source of income 0.45; wrong include/exclude decision 0.26; wrong amount, known item 0.18",29,0,0,29,1.0,0.8830264055344442,1.0,0.0,0,0.0,29,8849.0
1,months_since_cert_n >=   6 & total_deductions_by_hh_size >= 501 & utilities < 249,all_2022_24,537,192,312,42,312,0.1346153846153846,0.10115607988406698,0.17696307858017585,45,312,0.14423076923076922,0.10957096018185508,0.1875450625333287,105,312,0.33653846153846156,0.2863756743007275,0.390677633433276,81,312,0.25961538461538464,0.21409878054410436,0.31097961318237133,31,312,0.09935897435897435,0.07088264441191061,0.13758134513221532,2,312,0.00641025641025641,0.0017596504817955477,0.023067984636567583,6,312,0.019230769230769232,0.008842583941249794,0.04131420351170131,48,312,0.15384615384615385,0.11804290420750757,0.19806998275861726,160,312,0.5128205128205128,0.4575393562933985,0.5677897960411895,32,312,0.10256410256410256,0.07359114088356158,0.14120513674421134,0,312,0.0,0.0,0.012163058951069143,42,312,0.1346153846153846,0.10115607988406698,0.17696307858017585,5,312,0.016025641025641024,0.0068640189915155185,0.03696048037778858,4,312,0.01282051282051282,0.004996555990096834,0.03249565529556028,2,312,0.00641025641025641,0.0017596504817955477,0.023067984636567583,0,312,0.0,0.0,0.012163058951069143,19,312,0.060897435897435896,0.03932884606593852,0.0931476864744235,154,312,0.4935897435897436,0.4385290592318542,0.548806364600852,39,312,0.125,0.09280330936146117,0.16631898485184068,119,312,0.3814102564102564,0.32926358775266457,0.4364417531523968,142,312,0.4551282051282051,0.40075064993590076,0.5105973168930413,157,312,0.5032051282051282,0.4480241336659684,0.5583081544176786,2,312,0.00641025641025641,0.0017596504817955477,0.023067984636567583,1,312,0.003205128205128205,0.0005659935005814382,0.017929353534134697,10,312,0.03205128205128205,0.017500884541531654,0.05798505524600741,96,312,0.3076923076923077,0.2590762927489413,0.3609864222322393,363 0.34; 364 0.26; 311 0.12; 365 0.10,4,53 0.41; 35 0.10; 64 0.10; 99 0.06; 52 0.05; 38 0.05,6,shelter deduction 0.34; utility allowance 0.26; unearned income 0.14; earned income 0.13,"wrong include/exclude decision 0.51; wrong amount, known item 0.15; change in circumstances 0.13",181,11,115,192,0.9427083333333334,0.9003366566999551,0.9677118069563875,0.057291666666666664,115,0.3745928338762215,307,53549.0
1,months_since_cert_n >=   6 & total_deductions_by_hh_size >= 501 & utilities < 249,train_2022_23,319,115,190,20,190,0.10526315789473684,0.06918014295363782,0.1569921544273165,32,190,0.16842105263157894,0.12189967069977395,0.22808505910022767,59,190,0.3105263157894737,0.2490342770809349,0.3795284256619232,51,190,0.26842105263157895,0.2104581988647588,0.335562882265401,20,190,0.10526315789473684,0.06918014295363782,0.1569921544273165,2,190,0.010526315789473684,0.002891397427700084,0.0375622513246833,6,190,0.031578947368421054,0.014551485760764173,0.06717297379796831,17,190,0.08947368421052632,0.0566126613093191,0.13860652796687342,107,190,0.5631578947368421,0.4920701642323019,0.6317422681867454,14,190,0.07368421052631578,0.044396136767663366,0.11986994440376732,0,190,0.0,0.0,0.019818243349208835,27,190,0.14210526315789473,0.09953547232355033,0.19886074396851494,4,190,0.021052631578947368,0.008216550300428112,0.052872503855129815,2,190,0.010526315789473684,0.002891397427700084,0.0375622513246833,2,190,0.010526315789473684,0.002891397427700084,0.0375622513246833,0,190,0.0,0.0,0.019818243349208835,17,190,0.08947368421052632,0.0566126613093191,0.13860652796687342,92,190,0.4842105263157895,0.414169214236185,0.554877677659053,25,190,0.13157894736842105,0.09073623386341251,0.1870245770254782,73,190,0.38421052631578945,0.31799162572158335,0.45501891484349644,92,190,0.4842105263157895,0.414169214236185,0.554877677659053,88,190,0.4631578947368421,0.3936869448158063,0.5340891362730827,2,190,0.010526315789473684,0.002891397427700084,0.0375622513246833,0,190,0.0,0.0,0.019818243349208835,8,190,0.042105263157894736,0.0214870522061478,0.08087281275575922,63,190,0.33157894736842103,0.2685575491598244,0.4012759643893827,363 0.31; 364 0.27; 311 0.11; 365 0.11,4,53 0.45; 64 0.09; 99 0.09; 35 0.07; 52 0.07,5,shelter deduction 0.31; utility allowance 0.27; unearned income 0.17; earned income 0.11,"wrong include/exclude decision 0.56; change in circumstances 0.14; wrong amount, known item 0.09",108,7,68,115,0.9391304347826087,0.8796654890506387,0.970205263278512,0.06086956521739131,68,0.37158469945355194,183,30925.0
1,months_since_cert_n >=   6 & total_deductions_by_hh_size >= 501 & utilities < 249,test_2024,218,77,122,22,122,0.18032786885245902,0.12220831571602409,0.25796485436445804,13,122,0.10655737704918032,0.06333639360136176,0.1737998157284624,46,122,0.3770491803278688,0.29604153691202806,0.465563528503542,30,122,0.2459016393442623,0.17802151523932291,0.3292956199528552,11,122,0.09016393442622951,0.05109201662118755,0.15425820143071262,0,122,0.0,0.0,0.0305272660233182,0,122,0.0,0.0,0.0305272660233182,31,122,0.2540983606557377,0.18517041283138747,0.33803971799975263,53,122,0.4344262295081967,0.34979916036936143,0.5230568745189426,18,122,0.14754098360655737,0.09540970329114055,0.22119148423349355,0,122,0.0,0.0,0.0305272660233182,15,122,0.12295081967213115,0.07594305873968113,0.192979141868067,1,122,0.00819672131147541,0.0014483536709422769,0.04497190799133792,2,122,0.01639344262295082,0.0045071521687355225,0.05780610513250667,0,122,0.0,0.0,0.0305272660233182,0,122,0.0,0.0,0.0305272660233182,2,122,0.01639344262295082,0.0045071521687355225,0.05780610513250667,62,122,0.5081967213114754,0.42059761056042066,0.5952953850785413,14,122,0.11475409836065574,0.06959852436764669,0.18343068060113943,46,122,0.3770491803278688,0.29604153691202806,0.465563528503542,50,122,0.4098360655737705,0.3266163188646698,0.4985607291067483,69,122,0.5655737704918032,0.4769431254810574,0.6502008396306385,0,122,0.0,0.0,0.0305272660233182,1,122,0.00819672131147541,0.0014483536709422769,0.04497190799133792,2,122,0.01639344262295082,0.0045071521687355225,0.05780610513250667,33,122,0.27049180327868855,0.1995691795923129,0.3554269425167512,363 0.38; 364 0.25; 311 0.15,3,53 0.35; 35 0.15; 56 0.11; 64 0.11; 57 0.07,5,shelter deduction 0.38; utility allowance 0.25; earned income 0.18,"wrong include/exclude decision 0.43; wrong amount, known item 0.25; unreported source of income 0.15",73,4,47,77,0.948051948051948,0.8739053481109362,0.9796156113950607,0.05194805194805195,47,0.3790322580645161,124,22624.0
1,elderly_disabled_i >   0.5 & shelter_expenses_by_hh_size <= 850.0 & unc_rawben_rel_max >   1.7,all_2022_24,429,151,227,15,227,0.06607929515418502,0.040450020461977,0.10615093881052849,152,227,0.6696035242290749,0.6060382101585617,0.7275238514455857,37,227,0.16299559471365638,0.12062632983740744,0.2165815217803252,10,227,0.04405286343612335,0.02410166611403232,0.07917954489819425,7,227,0.030837004405286344,0.015015980593992395,0.06227338146206682,1,227,0.004405286343612335,0.000778044920221474,0.024527619223503053,5,227,0.022026431718061675,0.009444068665373201,0.050517394086574456,45,227,0.19823788546255505,0.15158529410948324,0.25493415472469566,101,227,0.44493392070484583,0.38173474575556454,0.5099658835937382,36,227,0.15859030837004406,0.11680678656396219,0.2117371154017147,0,227,0.0,0.0,0.016641714491668746,11,227,0.048458149779735685,0.02727039549441056,0.0846747651698718,9,227,0.039647577092511016,0.020996356283429815,0.07362090507674098,10,227,0.04405286343612335,0.02410166611403232,0.07917954489819425,0,227,0.0,0.0,0.016641714491668746,0,227,0.0,0.0,0.016641714491668746,15,227,0.06607929515418502,0.040450020461977,0.10615093881052849,77,226,0.3407079646017699,0.28203919848068787,0.40470158299664244,27,226,0.11946902654867257,0.08341801632144394,0.1682405172077344,122,226,0.5398230088495575,0.4747177678777475,0.6035970367529198,152,227,0.6696035242290749,0.6060382101585617,0.7275238514455857,65,227,0.28634361233480177,0.2314749752393198,0.3483234666359748,5,227,0.022026431718061675,0.009444068665373201,0.050517394086574456,1,227,0.004405286343612335,0.000778044920221474,0.024527619223503053,4,227,0.01762114537444934,0.006873206494439572,0.0444243066054523,119,226,0.5265486725663717,0.4615530474853675,0.5906568222684108,331 0.46; 363 0.16; 333 0.13,3,37 0.27; 38 0.16; 35 0.16; 52 0.09; 53 0.08,5,unearned income 0.67; shelter deduction 0.16,"wrong include/exclude decision 0.44; wrong amount, known item 0.20; unreported source of income 0.16",150,1,0,151,0.9933774834437086,0.9634436690411698,0.9988300351830177,0.006622516556291391,0,0.0,151,36252.0
1,elderly_disabled_i >   0.5 & shelter_expenses_by_hh_size <= 850.0 & unc_rawben_rel_max >   1.7,train_2022_23,292,105,151,10,151,0.06622516556291391,0.03636630775459303,0.11760781806172506,104,151,0.6887417218543046,0.6109797787003328,0.7571383497612691,21,151,0.1390728476821192,0.09279417711003801,0.2032606298668984,6,151,0.039735099337748346,0.01833581716698187,0.08397260640911136,4,151,0.026490066225165563,0.01034846284679537,0.06612710960918544,1,151,0.006622516556291391,0.0011699648169822205,0.036556330958829965,5,151,0.033112582781456956,0.014224835577160273,0.07516716243887676,29,151,0.19205298013245034,0.13717842613830708,0.26220778531907907,71,151,0.47019867549668876,0.39231883299372894,0.549557251986018,20,151,0.13245033112582782,0.08740289737091173,0.19573548404596852,0,151,0.0,0.0,0.02480987021575597,7,151,0.046357615894039736,0.02263414512664922,0.09259070400950023,8,151,0.052980132450331126,0.027086981196153395,0.10105429350005228,7,151,0.046357615894039736,0.02263414512664922,0.09259070400950023,0,151,0.0,0.0,0.02480987021575597,0,151,0.0,0.0,0.02480987021575597,9,151,0.059602649006622516,0.031670396806447315,0.10938730344981454,47,151,0.31125827814569534,0.24286165023873077,0.38902022129966707,19,151,0.12582781456953643,0.08205305529485911,0.1881689005619649,85,151,0.5629139072847682,0.48320762813937906,0.6394984146811549,104,151,0.6887417218543046,0.6109797787003328,0.7571383497612691,39,151,0.2582781456953642,0.19507403827300274,0.33347642878494543,4,151,0.026490066225165563,0.01034846284679537,0.06612710960918544,0,151,0.0,0.0,0.02480987021575597,4,151,0.026490066225165563,0.01034846284679537,0.06612710960918544,86,151,0.5695364238410596,0.4898017455718692,0.645820722808721,331 0.51; 363 0.14; 333 0.13,3,37 0.30; 38 0.18; 35 0.13; 53 0.09; 52 0.07,5,unearned income 0.69; shelter deduction 0.14,"wrong include/exclude decision 0.47; wrong amount, known item 0.19; unreported source of income 0.13",104,1,0,105,0.9904761904761905,0.9480124705673876,0.9983168740949471,0.009523809523809525,0,0.0,105,22478.0
1,elderly_disabled_i >   0.5 & shelter_expenses_by_hh_size <= 850.0 & unc_rawben_rel_max >   1.7,test_2024,137,46,76,5,76,0.06578947368421052,0.02842611306337576,0.1449371461899458,48,76,0.631578947368421,0.5192485688815169,0.731247413162931,16,76,0.21052631578947367,0.13395033382180127,0.31495850568041306,4,76,0.05263157894736842,0.020655095015801955,0.1276585660330748,3,76,0.039473684210526314,0.013514390129808602,0.10974967271462335,0,76,0.0,0.0,0.04811526823109757,0,76,0.0,0.0,0.04811526823109757,16,76,0.21052631578947367,0.13395033382180127,0.31495850568041306,30,76,0.39473684210526316,0.2924641219449393,0.5071390924195023,16,76,0.21052631578947367,0.13395033382180127,0.31495850568041306,0,76,0.0,0.0,0.04811526823109757,4,76,0.05263157894736842,0.020655095015801955,0.1276585660330748,1,76,0.013157894736842105,0.002326420140567463,0.0708384462949749,3,76,0.039473684210526314,0.013514390129808602,0.10974967271462335,0,76,0.0,0.0,0.04811526823109757,0,76,0.0,0.0,0.04811526823109757,6,76,0.07894736842105263,0.03668350552145426,0.1617293519363121,30,75,0.4,0.29662343078170594,0.5131216783992341,8,75,0.10666666666666667,0.05504846963856164,0.19661562647313574,37,75,0.49333333333333335,0.3832981847341953,0.6040181558778673,48,76,0.631578947368421,0.5192485688815169,0.731247413162931,26,76,0.34210526315789475,0.2453616992261352,0.4540431223205272,1,76,0.013157894736842105,0.002326420140567463,0.0708384462949749,1,76,0.013157894736842105,0.002326420140567463,0.0708384462949749,0,76,0.0,0.0,0.04811526823109757,33,75,0.44,0.3333127597678485,0.5525343057407155,331 0.37; 363 0.21; 333 0.13; 346 0.09,4,35 0.21; 37 0.21; 38 0.12; 52 0.12; 99 0.08; 53 0.05,6,unearned income 0.63; shelter deduction 0.21,"wrong include/exclude decision 0.39; unreported source of income 0.21; wrong amount, known item 0.21",46,0,0,46,1.0,0.9229238226702192,1.0,0.0,0,0.0,46,13774.0
4+,HH_size_n >=   5.000 & rawben_rel_max >=   0.302 & rawben_rel_max <   0.942 & total_deductions_by_hh_size >= 236.000,all_2022_24,416,143,241,76,241,0.3153526970954357,0.2599748034598352,0.3765248763331411,39,241,0.16182572614107885,0.12069536461252127,0.21356809388472753,50,241,0.2074688796680498,0.16105944829785163,0.26305802193596484,9,241,0.03734439834024896,0.019769029871679868,0.06943803298038448,3,241,0.012448132780082987,0.004242276777351603,0.03595350694567585,42,241,0.17427385892116182,0.13159365214313534,0.22717544591863192,22,241,0.0912863070539419,0.061056621111491974,0.1343415465201523,88,241,0.3651452282157676,0.30691482617106813,0.42760741187998186,74,241,0.3070539419087137,0.2522229718935026,0.3679396148564614,24,241,0.0995850622406639,0.0678364248854653,0.14389883578919127,14,241,0.058091286307053944,0.03491530288168464,0.09513449257791047,16,241,0.06639004149377593,0.04127481111459742,0.10511207738800997,13,241,0.05394190871369295,0.031791280212887525,0.09008996872520142,1,241,0.004149377593360996,0.0007328240816957699,0.02312586659831939,0,241,0.0,0.0,0.01569014415850901,2,241,0.008298755186721992,0.002278728252552608,0.0297485089489687,9,241,0.03734439834024896,0.019769029871679868,0.06943803298038448,164,240,0.6833333333333333,0.6219861447223709,0.7389038756843194,10,240,0.041666666666666664,0.022787175722256768,0.0749877732610176,66,240,0.275,0.22238768826588753,0.33470183214408356,143,241,0.5933609958506224,0.530350050213347,0.6534422465205413,92,241,0.3817427385892116,0.3227167238379238,0.44447970029915074,0,241,0.0,0.0,0.01569014415850901,2,241,0.008298755186721992,0.002278728252552608,0.0297485089489687,4,241,0.016597510373443983,0.006472787980558489,0.041891542263975116,113,240,0.4708333333333333,0.4086395764916525,0.5339461020800103,311 0.29; 363 0.21; 323 0.12; 350 0.07; 366 0.05; 150 0.05,6,38 0.18; 52 0.13; 53 0.13; 35 0.10; 56 0.09; 44 0.07; 99 0.04; 64 0.03,8,earned income 0.32; shelter deduction 0.21; dep care or child support deduction 0.17; unearned income 0.16,"wrong amount, known item 0.37; wrong include/exclude decision 0.31; unreported source of income 0.10",109,34,66,143,0.7622377622377622,0.6861792790493464,0.824575166557348,0.23776223776223776,66,0.3157894736842105,209,50566.0
4+,HH_size_n >=   5.000 & rawben_rel_max >=   0.302 & rawben_rel_max <   0.942 & total_deductions_by_hh_size >= 236.000,train_2022_23,199,74,130,36,130,0.27692307692307694,0.2072450335350356,0.35940688933498394,21,130,0.16153846153846155,0.10815038800230982,0.23435597773151284,27,130,0.2076923076923077,0.14684660487829596,0.2853179837100054,8,130,0.06153846153846154,0.0315089074737391,0.11673797540871297,2,130,0.015384615384615385,0.0042291172310416104,0.054359542796931754,25,130,0.19230769230769232,0.13378765430531075,0.2684908599981644,11,130,0.08461538461538462,0.047903387035414836,0.1451726072742766,34,130,0.26153846153846155,0.19361426783893437,0.3431515807462589,52,130,0.4,0.3198229289204436,0.48591758822818587,13,130,0.1,0.059374922703530474,0.16358714589098722,8,130,0.06153846153846154,0.0315089074737391,0.11673797540871297,10,130,0.07692307692307693,0.04231697987575295,0.13581597729152536,7,130,0.05384615384615385,0.02632462376477393,0.10697922197526502,0,130,0.0,0.0,0.02870258574314712,0,130,0.0,0.0,0.02870258574314712,1,130,0.007692307692307693,0.0013591392530527095,0.04228648363250753,5,130,0.038461538461538464,0.016538182454457935,0.08687958900075479,89,130,0.6846153846153846,0.6004148643239348,0.7582180270939801,7,130,0.05384615384615385,0.02632462376477393,0.10697922197526502,34,130,0.26153846153846155,0.19361426783893437,0.3431515807462589,77,130,0.5923076923076923,0.506362966608373,0.6729534791005846,49,130,0.3769230769230769,0.2982769881529427,0.46263441756844736,0,130,0.0,0.0,0.02870258574314712,0,130,0.0,0.0,0.02870258574314712,4,130,0.03076923076923077,0.01202908970364043,0.07644564460915917,62,130,0.47692307692307695,0.3929639354034779,0.5622069531692827,311 0.24; 363 0.21; 323 0.12; 366 0.08; 350 0.06; 364 0.06,6,52 0.21; 38 0.18; 53 0.17; 35 0.10; 44 0.08; 64 0.05,6,earned income 0.28; shelter deduction 0.21; dep care or child support deduction 0.19; unearned income 0.16,"wrong include/exclude decision 0.40; wrong amount, known item 0.26; unreported source of income 0.10",53,21,34,74,0.7162162162162162,0.6048253064036953,0.8062659352974002,0.28378378378378377,34,0.3148148148148148,108,27066.0
4+,HH_size_n >=   5.000 & rawben_rel_max >=   0.302 & rawben_rel_max <   0.942 & total_deductions_by_hh_size >= 236.000,test_2024,217,69,111,40,111,0.36036036036036034,0.27709760128022254,0.4529653724157203,18,111,0.16216216216216217,0.10510689256844916,0.2418196566959289,23,111,0.2072072072072072,0.14222816865850862,0.2917748407039523,1,111,0.009009009009009009,0.0015920445055909102,0.04927454042530521,1,111,0.009009009009009009,0.0015920445055909102,0.04927454042530521,17,111,0.15315315315315314,0.09787395226245062,0.23163730498231083,11,111,0.0990990990990991,0.05623963795015534,0.16877986717690663,54,111,0.4864864864864865,0.39552234608017617,0.578354715890399,22,111,0.1981981981981982,0.13468776471846022,0.28189995262438416,11,111,0.0990990990990991,0.05623963795015534,0.16877986717690663,6,111,0.05405405405405406,0.02500597339497708,0.11293707163400198,6,111,0.05405405405405406,0.02500597339497708,0.11293707163400198,6,111,0.05405405405405406,0.02500597339497708,0.11293707163400198,1,111,0.009009009009009009,0.0015920445055909102,0.04927454042530521,0,111,0.0,0.0,0.03345129291127953,1,111,0.009009009009009009,0.0015920445055909102,0.04927454042530521,4,111,0.036036036036036036,0.014101074357880557,0.08901138663186531,75,110,0.6818181818181818,0.5899016684157921,0.7614637375517979,3,110,0.02727272727272727,0.009317801045153465,0.07713214343911239,32,110,0.2909090909090909,0.214234586744393,0.3816951963928785,66,111,0.5945945945945946,0.5015775740046178,0.6812829922013564,43,111,0.38738738738738737,0.3019759641051255,0.48033288564966714,0,111,0.0,0.0,0.03345129291127953,2,111,0.018018018018018018,0.004955074866777286,0.06332680208373542,0,111,0.0,0.0,0.03345129291127953,51,110,0.4636363636363636,0.37324922744634015,0.5564776913601419,311 0.35; 363 0.21; 323 0.14; 350 0.09,4,56 0.19; 38 0.18; 35 0.10; 53 0.08; 44 0.06; 52 0.05; 37 0.05; 57 0.05; 99 0.04,9,earned income 0.36; shelter deduction 0.21; unearned income 0.16; dep care or child support deduction 0.15,"wrong amount, known item 0.49; wrong include/exclude decision 0.20; unreported source of income 0.10",56,13,32,69,0.8115942028985508,0.7038684285696075,0.886453585224708,0.18840579710144928,32,0.31683168316831684,101,23500.0
4+,shelter_expenses_by_hh_size <= 341.000 & total_deductions_by_hh_size > 233.000 & unc_rawben_rel_max <=   0.976,all_2022_24,438,143,223,73,223,0.3273542600896861,0.26914244929775366,0.39141363917984484,25,223,0.11210762331838565,0.07709696227379467,0.16025632742262785,43,223,0.19282511210762332,0.1464237656419479,0.2496305735974156,11,223,0.04932735426008968,0.027763488469651643,0.08615565158226123,2,223,0.008968609865470852,0.0024629202553169832,0.032105695025125405,58,223,0.2600896860986547,0.20692008080414148,0.32138513305433947,11,223,0.04932735426008968,0.027763488469651643,0.08615565158226123,70,223,0.31390134529147984,0.25657805842919823,0.37752785512457676,81,223,0.3632286995515695,0.30291619245200385,0.42817369582245723,13,223,0.05829596412556054,0.034381162485461074,0.09717142751566746,9,223,0.04035874439461883,0.021375518770548028,0.07491017133214918,6,223,0.026905829596412557,0.012388090575053887,0.057447424603819824,18,223,0.08071748878923767,0.05166503149367473,0.12397118338049296,1,223,0.004484304932735426,0.000792008628182005,0.02495988167765255,0,223,0.0,0.0,0.01693516533122672,3,223,0.013452914798206279,0.004585479755120431,0.0387998604999298,22,223,0.09865470852017937,0.06605479104693755,0.14484832372566148,157,222,0.7072072072072072,0.6442298005396483,0.7631353615916863,15,222,0.06756756756756757,0.04137060724334188,0.10847601091735126,50,222,0.22522522522522523,0.17521740237511524,0.28458096958115847,134,223,0.600896860986547,0.5354362302478017,0.6629400816808744,79,223,0.3542600896860987,0.29443714414085215,0.4190192941843934,0,223,0.0,0.0,0.01693516533122672,1,223,0.004484304932735426,0.000792008628182005,0.02495988167765255,9,223,0.04035874439461883,0.021375518770548028,0.07491017133214918,105,222,0.47297297297297297,0.4083149352168185,0.5385504784182247,311 0.30; 323 0.20; 363 0.19; 350 0.07,4,53 0.22; 38 0.17; 52 0.13; 99 0.10; 44 0.07; 35 0.06; 56 0.04,7,earned income 0.33; dep care or child support deduction 0.26; shelter deduction 0.19,"wrong include/exclude decision 0.36; wrong amount, known item 0.31; other 0.10",106,37,71,143,0.7412587412587412,0.663831177988909,0.80606291196925,0.25874125874125875,71,0.3317757009345794,214,49752.0
4+,shelter_expenses_by_hh_size <= 341.000 & total_deductions_by_hh_size > 233.000 & unc_rawben_rel_max <=   0.976,train_2022_23,286,102,166,52,166,0.3132530120481928,0.24759346316307623,0.3873605174871296,18,166,0.10843373493975904,0.06969712284719078,0.16488380432259564,32,166,0.1927710843373494,0.13998748322998028,0.2594529365493906,8,166,0.04819277108433735,0.024619173376324223,0.09220497335804473,2,166,0.012048192771084338,0.003310221981407086,0.042859856491711396,45,166,0.2710843373493976,0.20920829475298436,0.3433159395924292,9,166,0.05421686746987952,0.028782352761620243,0.09981747201629046,45,166,0.2710843373493976,0.20920829475298436,0.3433159395924292,68,166,0.40963855421686746,0.337694768567887,0.4856700607789867,10,166,0.060240963855421686,0.0330470800231019,0.10732842279835055,8,166,0.04819277108433735,0.024619173376324223,0.09220497335804473,5,166,0.030120481927710843,0.012932695782301017,0.06856441682144268,13,166,0.0783132530120482,0.0463350111571394,0.1293675257949383,0,166,0.0,1.734723475976807e-18,0.022618722386034983,0,166,0.0,1.734723475976807e-18,0.022618722386034983,1,166,0.006024096385542169,0.0010641662329914856,0.03333023419658525,16,166,0.0963855421686747,0.060201111371260656,0.15082845971144226,120,166,0.7228915662650602,0.6503490459769576,0.785351041634087,11,166,0.06626506024096386,0.037400567775504975,0.11475061308948921,35,166,0.21084337349397592,0.15568874922619358,0.2790787046838026,96,166,0.5783132530120482,0.5022512725034517,0.650832542062591,62,166,0.37349397590361444,0.30354821531312987,0.4491625457724933,0,166,0.0,1.734723475976807e-18,0.022618722386034983,0,166,0.0,1.734723475976807e-18,0.022618722386034983,8,166,0.04819277108433735,0.024619173376324223,0.09220497335804473,80,166,0.4819277108433735,0.40718689714941503,0.5574860687199596,311 0.28; 323 0.20; 363 0.19; 366 0.07; 350 0.06,5,53 0.23; 38 0.19; 52 0.16; 99 0.10; 44 0.08,5,earned income 0.31; dep care or child support deduction 0.27; shelter deduction 0.19,"wrong include/exclude decision 0.41; wrong amount, known item 0.27; other 0.10",74,28,52,102,0.7254901960784313,0.6318925545739451,0.8027191670931499,0.27450980392156865,52,0.33766233766233766,154,35940.0
4+,shelter_expenses_by_hh_size <= 341.000 & total_deductions_by_hh_size > 233.000 & unc_rawben_rel_max <=   0.976,test_2024,152,41,57,21,57,0.3684210526315789,0.2552337550616508,0.4982244051445238,7,57,0.12280701754385964,0.060779830035075005,0.2324668958892925,11,57,0.19298245614035087,0.11132633377760481,0.3134093733701362,3,57,0.05263157894736842,0.01805996809628102,0.14369777660471303,0,57,0.0,0.0,0.06314100878346394,13,57,0.22807017543859648,0.13841760968495653,0.3520625880744711,2,57,0.03508771929824561,0.009675461353255768,0.11921003804189491,25,57,0.43859649122807015,0.31772495285894004,0.567222188570608,13,57,0.22807017543859648,0.13841760968495653,0.3520625880744711,3,57,0.05263157894736842,0.01805996809628102,0.14369777660471303,1,57,0.017543859649122806,0.003103584706680096,0.09290966938262721,1,57,0.017543859649122806,0.003103584706680096,0.09290966938262721,5,57,0.08771929824561403,0.038051110766638294,0.18945112454604246,1,57,0.017543859649122806,0.003103584706680096,0.09290966938262721,0,57,0.0,0.0,0.06314100878346394,2,57,0.03508771929824561,0.009675461353255768,0.11921003804189491,6,57,0.10526315789473684,0.04914398953912691,0.21123049107939723,37,56,0.6607142857142857,0.5299920896078809,0.7708020068066535,4,56,0.07142857142857142,0.028125581246379636,0.16975682831486205,15,56,0.26785714285714285,0.1695715866189496,0.3959480518933896,38,57,0.6666666666666666,0.5372226902277747,0.7750636401777372,17,57,0.2982456140350877,0.1953239240924326,0.42664525489036853,0,57,0.0,0.0,0.06314100878346394,1,57,0.017543859649122806,0.003103584706680096,0.09290966938262721,1,57,0.017543859649122806,0.003103584706680096,0.09290966938262721,25,56,0.44642857142857145,0.3238651625129941,0.5758701386821612,311 0.35; 323 0.19; 363 0.19; 350 0.11,4,56 0.18; 53 0.16; 38 0.14; 99 0.11; 44 0.05; 35 0.05; 57 0.05; 43 0.04,8,earned income 0.37; dep care or child support deduction 0.23; shelter deduction 0.19,"wrong amount, known item 0.44; wrong include/exclude decision 0.23; other 0.11",32,9,19,41,0.7804878048780488,0.6329469790176472,0.8799695984461366,0.21951219512195122,19,0.31666666666666665,60,13812.0
4+,HH_size_n >=   5 & shelter_expenses_by_hh_size >= 401 & shelter_expenses_by_hh_size < 424 & utilities < 646,all_2022_24,65,27,52,18,52,0.34615384615384615,0.23150828073938617,0.4819669778491929,11,52,0.21153846153846154,0.12244245849448492,0.34032365135910086,11,52,0.21153846153846154,0.12244245849448492,0.34032365135910086,1,52,0.019230769230769232,0.0034027204090655225,0.10120746268024422,0,52,0.0,0.0,0.06879459041288215,4,52,0.07692307692307693,0.03031885429734589,0.1817381068212467,7,52,0.1346153846153846,0.06676796994292626,0.2527357692049491,20,52,0.38461538461538464,0.26470271334885215,0.5204037305925822,13,52,0.25,0.15233011761438864,0.38206717759205233,6,52,0.11538461538461539,0.05396895756082726,0.22971918891062054,7,52,0.1346153846153846,0.06676796994292626,0.2527357692049491,5,52,0.09615384615384616,0.041773735183410265,0.20609881861160995,0,52,0.0,0.0,0.06879459041288215,0,52,0.0,0.0,0.06879459041288215,0,52,0.0,0.0,0.06879459041288215,1,52,0.019230769230769232,0.0034027204090655225,0.10120746268024422,0,52,0.0,0.0,0.06879459041288215,34,52,0.6538461538461539,0.5180330221508072,0.7684917192606138,2,52,0.038461538461538464,0.010611488322077554,0.12981428744365978,16,52,0.3076923076923077,0.19914562391353519,0.4426984493221887,30,52,0.5769230769230769,0.4419408497943149,0.7013215209113954,22,52,0.4230769230769231,0.29867847908860445,0.558059150205685,0,52,0.0,0.0,0.06879459041288215,0,52,0.0,0.0,0.06879459041288215,0,52,0.0,0.0,0.06879459041288215,21,52,0.40384615384615385,0.28159535424282284,0.5393266823750391,311 0.31; 363 0.21; 350 0.13; 150 0.10,4,44 0.21; 53 0.12; 38 0.12; 35 0.12; 52 0.10; 41 0.04; 7 0.04; 13 0.04,8,earned income 0.35; shelter deduction 0.21; unearned income 0.21,"wrong amount, known item 0.38; wrong include/exclude decision 0.25; household composition 0.13",14,13,10,27,0.5185185185185185,0.3398532458621043,0.6925704935029092,0.48148148148148145,10,0.2702702702702703,37,12339.0
4+,HH_size_n >=   5 & shelter_expenses_by_hh_size >= 401 & shelter_expenses_by_hh_size < 424 & utilities < 646,train_2022_23,39,18,29,11,29,0.3793103448275862,0.22687795730867344,0.5599777379071503,5,29,0.1724137931034483,0.07597745271479928,0.34548800572815114,6,29,0.20689655172413793,0.09845936515585207,0.3839044660825772,1,29,0.034482758620689655,0.006113056614032261,0.1717589106470025,0,29,0.0,0.0,0.11697359446555587,2,29,0.06896551724137931,0.019120864097994433,0.21964947595851925,4,29,0.13793103448275862,0.05497350852047822,0.30559357712699325,9,29,0.3103448275862069,0.17275424489768068,0.49230470472718546,7,29,0.2413793103448276,0.12218268185062131,0.4210795221832869,3,29,0.10344827586206896,0.035814240381301043,0.26385447247069155,4,29,0.13793103448275862,0.05497350852047822,0.30559357712699325,5,29,0.1724137931034483,0.07597745271479928,0.34548800572815114,0,29,0.0,0.0,0.11697359446555587,0,29,0.0,0.0,0.11697359446555587,0,29,0.0,0.0,0.11697359446555587,1,29,0.034482758620689655,0.006113056614032261,0.1717589106470025,0,29,0.0,0.0,0.11697359446555587,22,29,0.7586206896551724,0.578920477816713,0.8778173181493787,1,29,0.034482758620689655,0.006113056614032261,0.1717589106470025,6,29,0.20689655172413793,0.09845936515585207,0.3839044660825772,17,29,0.5862068965517241,0.40737528478515245,0.7448706472035449,12,29,0.41379310344827586,0.2551293527964552,0.5926247152148476,0,29,0.0,0.0,0.11697359446555587,0,29,0.0,0.0,0.11697359446555587,0,29,0.0,0.0,0.11697359446555587,12,29,0.41379310344827586,0.2551293527964552,0.5926247152148476,311 0.34; 363 0.21; 350 0.14; 150 0.10,4,44 0.17; 53 0.14; 38 0.14; 52 0.10; 35 0.10; 41 0.07; 64 0.07,7,earned income 0.38; shelter deduction 0.21; unearned income 0.17,"wrong amount, known item 0.31; wrong include/exclude decision 0.24; change in circumstances 0.17; household composition 0.14",9,9,6,18,0.5,0.2903070395897999,0.7096929604102,0.5,6,0.25,24,4793.0
4+,HH_size_n >=   5 & shelter_expenses_by_hh_size >= 401 & shelter_expenses_by_hh_size < 424 & utilities < 646,test_2024,26,9,23,7,23,0.30434782608695654,0.15603828020972454,0.5086612906057261,6,23,0.2608695652173913,0.1254844588924897,0.4647039054375056,5,23,0.21739130434782608,0.09663835601719065,0.4190388018273492,0,23,0.0,0.0,0.14312112541726274,0,23,0.0,0.0,0.14312112541726274,2,23,0.08695652173913043,0.02417949540723341,0.2679640429809402,3,23,0.13043478260869565,0.04537576514344702,0.32127897973018194,11,23,0.4782608695652174,0.2923686953994572,0.6703757013578151,6,23,0.2608695652173913,0.1254844588924897,0.4647039054375056,3,23,0.13043478260869565,0.04537576514344702,0.32127897973018194,3,23,0.13043478260869565,0.04537576514344702,0.32127897973018194,0,23,0.0,0.0,0.14312112541726274,0,23,0.0,0.0,0.14312112541726274,0,23,0.0,0.0,0.14312112541726274,0,23,0.0,0.0,0.14312112541726274,0,23,0.0,0.0,0.14312112541726274,0,23,0.0,0.0,0.14312112541726274,12,23,0.5217391304347826,0.3296242986421849,0.7076313046005427,1,23,0.043478260869565216,0.0077164669621267445,0.20991586494059142,10,23,0.43478260869565216,0.25634368332198654,0.6318895069498304,13,23,0.5652173913043478,0.3681104930501695,0.7436563166780135,10,23,0.43478260869565216,0.25634368332198654,0.6318895069498304,0,23,0.0,0.0,0.14312112541726274,0,23,0.0,0.0,0.14312112541726274,0,23,0.0,0.0,0.14312112541726274,9,23,0.391304347826087,0.22157377982382145,0.5921482039625402,311 0.26; 363 0.22; 350 0.13; 323 0.09; 333 0.09,5,44 0.26; 35 0.13; 52 0.09; 53 0.09; 57 0.09; 38 0.09; 33 0.09,7,earned income 0.30; unearned income 0.26; shelter deduction 0.22,"wrong amount, known item 0.48; wrong include/exclude decision 0.26; household composition 0.13",5,4,4,9,0.5555555555555556,0.2666473457440297,0.811224570528086,0.4444444444444444,4,0.3076923076923077,13,7546.0
2-3,married <=   0.500 & percent_abawd <=   0.125 & shelter_expenses_by_hh_size > 351.000 & unc_rawben_rel_max >   1.630,all_2022_24,87,43,64,17,64,0.265625,0.17296238569537764,0.38483106257235195,26,64,0.40625,0.29456724435258885,0.528550134954503,10,64,0.15625,0.08714748876961673,0.26428290202305327,2,64,0.03125,0.00861195771251659,0.10697493882294247,1,64,0.015625,0.0027634707504014047,0.08334298900290629,5,64,0.078125,0.03383067809543547,0.1701975287864777,3,64,0.046875,0.016068725432185196,0.12899860788542522,18,64,0.28125,0.18593226105484584,0.40134162399503504,22,64,0.34375,0.2392297503546903,0.46596588182379606,7,64,0.109375,0.054000447526830544,0.20898863291938535,2,64,0.03125,0.00861195771251659,0.10697493882294247,4,64,0.0625,0.024570803674792932,0.14997696642496888,3,64,0.046875,0.016068725432185196,0.12899860788542522,1,64,0.015625,0.0027634707504014047,0.08334298900290629,0,64,0.0,0.0,0.056626022971156334,0,64,0.0,0.0,0.056626022971156334,7,64,0.109375,0.054000447526830544,0.20898863291938535,33,64,0.515625,0.3958139224399903,0.6336665143421609,7,64,0.109375,0.054000447526830544,0.20898863291938535,24,64,0.375,0.2666580388810532,0.4974984668617358,33,64,0.515625,0.3958139224399903,0.6336665143421609,29,64,0.453125,0.3372925148603437,0.5742661747932022,0,64,0.0,0.0,0.056626022971156334,1,64,0.015625,0.0027634707504014047,0.08334298900290629,1,64,0.015625,0.0027634707504014047,0.08334298900290629,25,64,0.390625,0.28055388546896454,0.5130830570559759,311 0.25; 331 0.19; 363 0.16; 323 0.08; 333 0.06; 342 0.05,6,38 0.23; 37 0.16; 35 0.11; 99 0.11; 53 0.09; 52 0.08,6,unearned income 0.41; earned income 0.27; shelter deduction 0.16,"wrong include/exclude decision 0.34; wrong amount, known item 0.28; unreported source of income 0.11; other 0.11",42,1,3,43,0.9767441860465116,0.8794073213878312,0.9958830188225801,0.023255813953488372,3,0.06521739130434782,46,18183.0
2-3,married <=   0.500 & percent_abawd <=   0.125 & shelter_expenses_by_hh_size > 351.000 & unc_rawben_rel_max >   1.630,train_2022_23,57,34,47,12,47,0.2553191489361702,0.15253006046383732,0.3950844913992039,22,47,0.46808510638297873,0.33331462168462633,0.6076785807322921,7,47,0.14893617021276595,0.07406626087497505,0.2768589657111277,2,47,0.0425531914893617,0.01174802937056972,0.1424878719385944,1,47,0.02127659574468085,0.003765671010464995,0.11113236524331144,1,47,0.02127659574468085,0.003765671010464995,0.11113236524331144,2,47,0.0425531914893617,0.01174802937056972,0.1424878719385944,12,47,0.2553191489361702,0.15253006046383732,0.3950844913992039,17,47,0.3617021276595745,0.2396602228576844,0.5046436542822955,6,47,0.1276595744680851,0.059845227802024795,0.25174213372869025,1,47,0.02127659574468085,0.003765671010464995,0.11113236524331144,3,47,0.06382978723404255,0.0219449870207728,0.17162877934377904,3,47,0.06382978723404255,0.0219449870207728,0.17162877934377904,1,47,0.02127659574468085,0.003765671010464995,0.11113236524331144,0,47,0.0,6.938893903907228e-18,0.0755601711983887,0,47,0.0,6.938893903907228e-18,0.0755601711983887,4,47,0.0851063829787234,0.033593579469713086,0.19931805195022648,23,47,0.48936170212765956,0.3527532433660351,0.6275778241062712,5,47,0.10638297872340426,0.046304099555199416,0.22594539692012788,19,47,0.40425531914893614,0.27639828961388174,0.5465813176368735,25,47,0.5319148936170213,0.39232141926770786,0.6666853783153737,21,47,0.44680851063829785,0.31410747474911305,0.5875478626124176,0,47,0.0,6.938893903907228e-18,0.0755601711983887,0,47,0.0,6.938893903907228e-18,0.0755601711983887,1,47,0.02127659574468085,0.003765671010464995,0.11113236524331144,21,47,0.44680851063829785,0.31410747474911305,0.5875478626124176,311 0.23; 331 0.21; 363 0.15; 333 0.09; 342 0.06; 350 0.04,6,38 0.26; 37 0.19; 35 0.13; 99 0.09; 52 0.09; 53 0.09,6,unearned income 0.47; earned income 0.26; shelter deduction 0.15,"wrong include/exclude decision 0.36; wrong amount, known item 0.26; unreported source of income 0.13; other 0.09",33,1,2,34,0.9705882352941176,0.8508409778365519,0.9947892280744034,0.029411764705882353,2,0.05555555555555555,36,10856.0
2-3,married <=   0.500 & percent_abawd <=   0.125 & shelter_expenses_by_hh_size > 351.000 & unc_rawben_rel_max >   1.630,test_2024,30,9,17,5,17,0.29411764705882354,0.13279793865556402,0.5313353332621391,4,17,0.23529411764705882,0.0955488907167594,0.47262245889171595,3,17,0.17647058823529413,0.0619101371254899,0.41029929017375777,0,17,0.0,0.0,0.18432366037156456,0,17,0.0,0.0,0.18432366037156456,4,17,0.23529411764705882,0.0955488907167594,0.47262245889171595,1,17,0.058823529411764705,0.01046013064516424,0.269825452035628,6,17,0.35294117647058826,0.17309486143904904,0.5870003327878818,5,17,0.29411764705882354,0.13279793865556402,0.5313353332621391,1,17,0.058823529411764705,0.01046013064516424,0.269825452035628,1,17,0.058823529411764705,0.01046013064516424,0.269825452035628,1,17,0.058823529411764705,0.01046013064516424,0.269825452035628,0,17,0.0,0.0,0.18432366037156456,0,17,0.0,0.0,0.18432366037156456,0,17,0.0,0.0,0.18432366037156456,0,17,0.0,0.0,0.18432366037156456,3,17,0.17647058823529413,0.0619101371254899,0.41029929017375777,10,17,0.5882352941176471,0.36005074385515545,0.7838921396086862,2,17,0.11764705882352941,0.03287908001292092,0.3433684249770991,5,17,0.29411764705882354,0.13279793865556402,0.5313353332621391,8,17,0.47058823529411764,0.26164801196088106,0.6903710268845051,8,17,0.47058823529411764,0.26164801196088106,0.6903710268845051,0,17,0.0,0.0,0.18432366037156456,1,17,0.058823529411764705,0.01046013064516424,0.269825452035628,0,17,0.0,0.0,0.18432366037156456,4,17,0.23529411764705882,0.0955488907167594,0.47262245889171595,311 0.29; 323 0.24; 363 0.18; 331 0.12,4,99 0.18; 38 0.18; 53 0.12; 33 0.06; 7 0.06; 57 0.06; 41 0.06; 35 0.06,8,earned income 0.29; unearned income 0.24; dep care or child support deduction 0.24,"wrong amount, known item 0.35; wrong include/exclude decision 0.29; other 0.18",9,0,1,9,1.0,0.7008472464490407,1.0,0.0,1,0.1,10,7327.0
4+,months_since_cert_n >=  11 & total_deductions_by_hh_size >= 228 & total_deductions_by_hh_size < 261,all_2022_24,51,27,52,21,52,0.40384615384615385,0.28159535424282284,0.5393266823750391,7,52,0.1346153846153846,0.06676796994292626,0.2527357692049491,7,52,0.1346153846153846,0.06676796994292626,0.2527357692049491,4,52,0.07692307692307693,0.03031885429734589,0.1817381068212467,0,52,0.0,0.0,0.06879459041288215,2,52,0.038461538461538464,0.010611488322077554,0.12981428744365978,11,52,0.21153846153846154,0.12244245849448492,0.34032365135910086,14,52,0.2692307692307692,0.1676881003582587,0.4025247875246099,14,52,0.2692307692307692,0.1676881003582587,0.4025247875246099,2,52,0.038461538461538464,0.010611488322077554,0.12981428744365978,5,52,0.09615384615384616,0.041773735183410265,0.20609881861160995,5,52,0.09615384615384616,0.041773735183410265,0.20609881861160995,7,52,0.1346153846153846,0.06676796994292626,0.2527357692049491,1,52,0.019230769230769232,0.0034027204090655225,0.10120746268024422,0,52,0.0,0.0,0.06879459041288215,0,52,0.0,0.0,0.06879459041288215,4,52,0.07692307692307693,0.03031885429734589,0.1817381068212467,28,52,0.5384615384615384,0.405033783976834,0.6665974013760211,7,52,0.1346153846153846,0.06676796994292626,0.2527357692049491,17,52,0.3269230769230769,0.2152190173110406,0.46244064860111084,29,52,0.5576923076923077,0.42339524991516386,0.6840515281141191,19,52,0.36538461538461536,0.2480051371130184,0.5012857141519882,0,52,0.0,0.0,0.06879459041288215,0,52,0.0,0.0,0.06879459041288215,4,52,0.07692307692307693,0.03031885429734589,0.1817381068212467,20,52,0.38461538461538464,0.26470271334885215,0.5204037305925822,311 0.33; 363 0.13; 150 0.10; 364 0.08; 361 0.08; 312 0.06,6,38 0.19; 52 0.15; 99 0.08; 44 0.06; 12 0.06; 65 0.06; 39 0.04; 43 0.04; 53 0.04; 37 0.04; 35 0.04,11,earned income 0.40; other element 0.21; unearned income 0.13,"wrong amount, known item 0.27; wrong include/exclude decision 0.27; method or computation 0.13; change in circumstances 0.10",19,8,9,27,0.7037037037037037,0.515189666191624,0.8414714668235244,0.2962962962962963,9,0.25,36,12041.0
4+,months_since_cert_n >=  11 & total_deductions_by_hh_size >= 228 & total_deductions_by_hh_size < 261,train_2022_23,40,25,48,19,48,0.3958333333333333,0.2702062649595057,0.5368984540306487,6,48,0.125,0.05856971750400844,0.24700727086054822,7,48,0.14583333333333334,0.07248157413793963,0.27167447042858606,4,48,0.08333333333333333,0.03288322434995555,0.19553565161066291,0,48,0.0,0.0,0.0741026511527422,1,48,0.020833333333333332,0.003687015979399688,0.10899469137531158,11,48,0.22916666666666666,0.13307691028989044,0.36539535908451154,13,48,0.2708333333333333,0.16565803561632889,0.40997234616201117,12,48,0.25,0.1492048880971003,0.3878464374792707,1,48,0.020833333333333332,0.003687015979399688,0.10899469137531158,5,48,0.10416666666666667,0.045321050901178245,0.2216768812614093,5,48,0.10416666666666667,0.045321050901178245,0.2216768812614093,7,48,0.14583333333333334,0.07248157413793963,0.27167447042858606,1,48,0.020833333333333332,0.003687015979399688,0.10899469137531158,0,48,0.0,0.0,0.0741026511527422,0,48,0.0,0.0,0.0741026511527422,4,48,0.08333333333333333,0.03288322434995555,0.19553565161066291,25,48,0.5208333333333334,0.3832899563598438,0.6552890998421255,7,48,0.14583333333333334,0.07248157413793963,0.27167447042858606,16,48,0.3333333333333333,0.2167660137089678,0.47460153667527943,26,48,0.5416666666666666,0.4029083309494732,0.6742497814544648,18,48,0.375,0.2521507240406812,0.5163749387475043,0,48,0.0,0.0,0.0741026511527422,0,48,0.0,0.0,0.0741026511527422,4,48,0.08333333333333333,0.03288322434995555,0.19553565161066291,18,48,0.375,0.2521507240406812,0.5163749387475043,311 0.31; 363 0.15; 150 0.10; 364 0.08; 361 0.08; 312 0.06,6,38 0.19; 52 0.15; 99 0.08; 44 0.06; 12 0.06; 65 0.06; 39 0.04; 43 0.04; 53 0.04; 37 0.04,10,earned income 0.40; other element 0.23; shelter deduction 0.15,"wrong amount, known item 0.27; wrong include/exclude decision 0.25; method or computation 0.15; change in circumstances 0.10",18,7,8,25,0.72,0.5242302810344169,0.8571632616261843,0.28,8,0.24242424242424243,33,10995.0
4+,months_since_cert_n >=  11 & total_deductions_by_hh_size >= 228 & total_deductions_by_hh_size < 261,test_2024,11,2,4,2,4,0.5,0.15003570882017148,0.8499642911798285,1,4,0.25,0.045586062644636216,0.6993639475573634,0,4,0.0,0.0,0.48990002040399916,0,4,0.0,0.0,0.48990002040399916,0,4,0.0,0.0,0.48990002040399916,1,4,0.25,0.045586062644636216,0.6993639475573634,0,4,0.0,0.0,0.48990002040399916,1,4,0.25,0.045586062644636216,0.6993639475573634,2,4,0.5,0.15003570882017148,0.8499642911798285,1,4,0.25,0.045586062644636216,0.6993639475573634,0,4,0.0,0.0,0.48990002040399916,0,4,0.0,0.0,0.48990002040399916,0,4,0.0,0.0,0.48990002040399916,0,4,0.0,0.0,0.48990002040399916,0,4,0.0,0.0,0.48990002040399916,0,4,0.0,0.0,0.48990002040399916,0,4,0.0,0.0,0.48990002040399916,3,4,0.75,0.3006360524426366,0.9544139373553637,0,4,0.0,0.0,0.48990002040399916,1,4,0.25,0.045586062644636216,0.6993639475573634,3,4,0.75,0.3006360524426366,0.9544139373553637,1,4,0.25,0.045586062644636216,0.6993639475573634,0,4,0.0,0.0,0.48990002040399916,0,4,0.0,0.0,0.48990002040399916,0,4,0.0,0.0,0.48990002040399916,2,4,0.5,0.15003570882017148,0.8499642911798285,311 0.50; 334 0.25,2,35 0.25; 58 0.25; 38 0.25,3,earned income 0.50; unearned income 0.25,wrong include/exclude decision 0.50; unreported source of income 0.25,1,1,1,2,0.5,0.09452865480086614,0.9054713451991339,0.5,1,0.3333333333333333,3,1046.0
2-3,cat_elig > 0.50 & children_i > 0.50 & unc_rawben_rel_max > 1.57,all_2022_24,94,43,61,21,61,0.3442622950819672,0.23747339039863208,0.4695048457954161,20,61,0.32786885245901637,0.2233495518172607,0.45278428818668737,6,61,0.09836065573770492,0.045863951367309724,0.1984483419752358,2,61,0.03278688524590164,0.009037700815687874,0.11189700776645692,1,61,0.01639344262295082,0.002899656114363977,0.08719065627768062,6,61,0.09836065573770492,0.045863951367309724,0.1984483419752358,5,61,0.08196721311475409,0.035519042911066306,0.177948854241379,19,61,0.3114754098360656,0.20937273683536856,0.43591670697847934,17,61,0.2786885245901639,0.18188396512091543,0.40171668631273205,7,61,0.11475409836065574,0.0567113064337431,0.2184453830989026,4,61,0.06557377049180328,0.02579328695767287,0.15683021400467229,6,61,0.09836065573770492,0.045863951367309724,0.1984483419752358,3,61,0.04918032786885246,0.016865676835230686,0.1349134279370143,1,61,0.01639344262295082,0.002899656114363977,0.08719065627768062,0,61,0.0,0.0,0.05924591620194442,0,61,0.0,0.0,0.05924591620194442,4,61,0.06557377049180328,0.02579328695767287,0.15683021400467229,32,61,0.5245901639344263,0.4015694171531101,0.6446971771320402,7,61,0.11475409836065574,0.0567113064337431,0.2184453830989026,22,61,0.36065573770491804,0.25173936505814554,0.48608326732600293,30,61,0.4918032786885246,0.37060186643725185,0.6139759354676981,30,61,0.4918032786885246,0.37060186643725185,0.6139759354676981,0,61,0.0,0.0,0.05924591620194442,0,61,0.0,0.0,0.05924591620194442,1,61,0.01639344262295082,0.002899656114363977,0.08719065627768062,22,61,0.36065573770491804,0.25173936505814554,0.48608326732600293,311 0.33; 331 0.10; 323 0.10; 363 0.10; 342 0.08; 333 0.07,6,38 0.25; 35 0.11; 37 0.10; 52 0.10; 53 0.08; 41 0.08; 99 0.07,7,earned income 0.34; unearned income 0.33; dep care or child support deduction 0.10,"wrong amount, known item 0.31; wrong include/exclude decision 0.28; unreported source of income 0.11; change in circumstances 0.10",39,4,5,43,0.9069767441860465,0.7839701160146731,0.9632289548966534,0.09302325581395349,5,0.10416666666666667,48,15666.0
2-3,cat_elig > 0.50 & children_i > 0.50 & unc_rawben_rel_max > 1.57,train_2022_23,59,33,43,15,43,0.3488372093023256,0.22418398748963103,0.49828492902901905,17,43,0.3953488372093023,0.263651061984564,0.5442120340668091,4,43,0.09302325581395349,0.036771045103346514,0.2160298839853268,2,43,0.046511627906976744,0.012848990317319689,0.15455775923863058,1,43,0.023255813953488372,0.004116981177419918,0.12059267861216882,1,43,0.023255813953488372,0.004116981177419918,0.12059267861216882,3,43,0.06976744186046512,0.024011153791962503,0.18609268553034927,14,43,0.32558139534883723,0.2049311518177982,0.47484067493449045,12,43,0.27906976744186046,0.16746451821827157,0.42691312900129397,6,43,0.13953488372093023,0.06555634267713947,0.27263876594425684,2,43,0.046511627906976744,0.012848990317319689,0.15455775923863058,3,43,0.06976744186046512,0.024011153791962503,0.18609268553034927,3,43,0.06976744186046512,0.024011153791962503,0.18609268553034927,1,43,0.023255813953488372,0.004116981177419918,0.12059267861216882,0,43,0.0,0.0,0.08201257002322722,0,43,0.0,0.0,0.08201257002322722,2,43,0.046511627906976744,0.012848990317319689,0.15455775923863058,18,43,0.4186046511627907,0.2838433433748524,0.5667168424428823,5,43,0.11627906976744186,0.050703529948620846,0.24479448890641395,20,43,0.46511627906976744,0.3251082626391856,0.6108461027112723,23,43,0.5348837209302325,0.38915389728872773,0.6748917373608144,19,43,0.4418604651162791,0.3043308562392133,0.5889264193448829,0,43,0.0,0.0,0.08201257002322722,0,43,0.0,0.0,0.08201257002322722,1,43,0.023255813953488372,0.004116981177419918,0.12059267861216882,18,43,0.4186046511627907,0.2838433433748524,0.5667168424428823,311 0.33; 331 0.14; 333 0.09; 363 0.09; 342 0.07; 150 0.05,6,38 0.33; 35 0.14; 37 0.12; 52 0.09; 53 0.07; 41 0.07,6,unearned income 0.40; earned income 0.35; shelter deduction 0.09,"wrong amount, known item 0.33; wrong include/exclude decision 0.28; unreported source of income 0.14; method or computation 0.07",30,3,3,33,0.9090909090909091,0.7642705646564897,0.968596628950737,0.09090909090909091,3,0.08333333333333333,36,9665.0
2-3,cat_elig > 0.50 & children_i > 0.50 & unc_rawben_rel_max > 1.57,test_2024,35,10,18,6,18,0.3333333333333333,0.1627855436366286,0.5625093065574964,3,18,0.16666666666666666,0.05836470400465757,0.39222499638359243,2,18,0.1111111111111111,0.031018868453582787,0.3280024486660421,0,18,0.0,0.0,0.1758845505823749,0,18,0.0,0.0,0.1758845505823749,5,18,0.2777777777777778,0.12499569146355474,0.5087307754619452,2,18,0.1111111111111111,0.031018868453582787,0.3280024486660421,5,18,0.2777777777777778,0.12499569146355474,0.5087307754619452,5,18,0.2777777777777778,0.12499569146355474,0.5087307754619452,1,18,0.05555555555555555,0.009874935830924525,0.2575779980200754,2,18,0.1111111111111111,0.031018868453582787,0.3280024486660421,3,18,0.16666666666666666,0.05836470400465757,0.39222499638359243,0,18,0.0,0.0,0.1758845505823749,0,18,0.0,0.0,0.1758845505823749,0,18,0.0,0.0,0.1758845505823749,0,18,0.0,0.0,0.1758845505823749,2,18,0.1111111111111111,0.031018868453582787,0.3280024486660421,14,18,0.7777777777777778,0.5478497354769452,0.90999218086618,2,18,0.1111111111111111,0.031018868453582787,0.3280024486660421,2,18,0.1111111111111111,0.031018868453582787,0.3280024486660421,7,18,0.3888888888888889,0.20304991926931162,0.6138133141934384,11,18,0.6111111111111112,0.3861866858065617,0.7969500807306884,0,18,0.0,0.0,0.1758845505823749,0,18,0.0,0.0,0.1758845505823749,0,18,0.0,0.0,0.1758845505823749,4,18,0.2222222222222222,0.09000781913382,0.4521502645230549,311 0.33; 323 0.28; 342 0.11; 363 0.11,4,53 0.11; 52 0.11; 41 0.11; 56 0.11; 99 0.11; 39 0.06; 35 0.06; 7 0.06; 57 0.06,9,earned income 0.33; dep care or child support deduction 0.28; unearned income 0.17,"wrong include/exclude decision 0.28; wrong amount, known item 0.28; change in circumstances 0.17; household composition 0.11",9,1,2,10,0.9,0.5958436145024278,0.9821242504842788,0.1,2,0.16666666666666666,12,6001.0
1,rawben_rel_max >   0.987 & rawben_rel_max <=   0.991 & total_deductions_by_hh_size > 938.000,all_2022_24,110,57,80,2,80,0.025,0.006882748898125228,0.08664600055322111,2,80,0.025,0.006882748898125228,0.08664600055322111,57,80,0.7125,0.6053944721715182,0.8001321399160374,7,80,0.0875,0.04303145464743989,0.1697698277708346,12,80,0.15,0.08793954037414209,0.2441342750110605,0,80,0.0,0.0,0.0458197362645751,0,80,0.0,0.0,0.0458197362645751,17,80,0.2125,0.13712274217035494,0.3142236061817758,45,80,0.5625,0.4534093786865696,0.6658631542803586,3,80,0.0375,0.012834336300788757,0.10454891974394322,0,80,0.0,0.0,0.0458197362645751,9,80,0.1125,0.06032618694827016,0.20018410865677552,2,80,0.025,0.006882748898125228,0.08664600055322111,0,80,0.0,0.0,0.0458197362645751,0,80,0.0,0.0,0.0458197362645751,0,80,0.0,0.0,0.0458197362645751,4,80,0.05,0.01961323712729557,0.121624525510822,51,80,0.6375,0.5281059097698362,0.7342936627574055,11,80,0.1375,0.07854633679551142,0.22967297199630554,18,80,0.225,0.1473309016978239,0.3278699532476924,41,80,0.5125,0.4049314460370689,0.6189230605563166,37,80,0.4625,0.3574781238878701,0.5709583563319731,0,80,0.0,0.0,0.0458197362645751,0,80,0.0,0.0,0.0458197362645751,2,80,0.025,0.006882748898125228,0.08664600055322111,29,80,0.3625,0.26570633724259446,0.47189409023016365,363 0.71; 365 0.15,2,53 0.45; 56 0.20; 52 0.11,3,shelter deduction 0.71; medical deduction 0.15,"wrong include/exclude decision 0.56; wrong amount, known item 0.21",57,0,57,57,1.0,0.936858991216536,0.9999999999999999,0.0,57,0.5,114,14716.0
1,rawben_rel_max >   0.987 & rawben_rel_max <=   0.991 & total_deductions_by_hh_size > 938.000,train_2022_23,59,32,45,1,45,0.022222222222222223,0.003933497522757505,0.11566946388718813,1,45,0.022222222222222223,0.003933497522757505,0.11566946388718813,32,45,0.7111111111111111,0.5663118252773978,0.8227008196809984,3,45,0.06666666666666667,0.022931616462147086,0.17856874388640825,8,45,0.17777777777777778,0.0929427892585383,0.3133010684365414,0,45,0.0,0.0,0.07865426194064076,0,45,0.0,0.0,0.07865426194064076,0,45,0.0,0.0,0.07865426194064076,36,45,0.8,0.6617674868607056,0.8910399559749099,2,45,0.044444444444444446,0.012273869040444335,0.14827779183880616,0,45,0.0,0.0,0.07865426194064076,2,45,0.044444444444444446,0.012273869040444335,0.14827779183880616,1,45,0.022222222222222223,0.003933497522757505,0.11566946388718813,0,45,0.0,0.0,0.07865426194064076,0,45,0.0,0.0,0.07865426194064076,0,45,0.0,0.0,0.07865426194064076,4,45,0.08888888888888889,0.035110548134203154,0.20733851168365702,33,45,0.7333333333333333,0.5896088330282471,0.8403525113994538,7,45,0.15555555555555556,0.07745325311328677,0.28784190511248803,5,45,0.1111111111111111,0.04840400437825558,0.23499375490890945,24,45,0.5333333333333333,0.3907720886241046,0.6706509605798527,21,45,0.4666666666666667,0.3293490394201473,0.6092279113758954,0,45,0.0,0.0,0.07865426194064076,0,45,0.0,0.0,0.07865426194064076,0,45,0.0,0.0,0.07865426194064076,20,45,0.4444444444444444,0.30938708549039107,0.5882411658363468,363 0.71; 365 0.18,2,53 0.64; 52 0.16,2,shelter deduction 0.71; medical deduction 0.18,wrong include/exclude decision 0.80,32,0,32,32,1.0,0.8928172849426366,1.0,0.0,32,0.5,64,8221.0
1,rawben_rel_max >   0.987 & rawben_rel_max <=   0.991 & total_deductions_by_hh_size > 938.000,test_2024,51,25,35,1,35,0.02857142857142857,0.005061361365853362,0.1453340909327131,1,35,0.02857142857142857,0.005061361365853362,0.1453340909327131,25,35,0.7142857142857143,0.5494475193017891,0.8367363660170444,4,35,0.11428571428571428,0.0453510585448975,0.2595179478812023,4,35,0.11428571428571428,0.0453510585448975,0.2595179478812023,0,35,0.0,0.0,0.09890426758938868,0,35,0.0,0.0,0.09890426758938868,17,35,0.4857142857142857,0.32993980391252736,0.6443146037328837,9,35,0.2571428571428571,0.1416286872655014,0.4206962427064873,1,35,0.02857142857142857,0.005061361365853362,0.1453340909327131,0,35,0.0,0.0,0.09890426758938868,7,35,0.2,0.10042319445900802,0.35891936609462516,1,35,0.02857142857142857,0.005061361365853362,0.1453340909327131,0,35,0.0,0.0,0.09890426758938868,0,35,0.0,0.0,0.09890426758938868,0,35,0.0,0.0,0.09890426758938868,0,35,0.0,0.0,0.09890426758938868,18,35,0.5142857142857142,0.35568539626711626,0.6700601960874726,4,35,0.11428571428571428,0.0453510585448975,0.2595179478812023,13,35,0.37142857142857144,0.23165607368891059,0.5366335951197893,17,35,0.4857142857142857,0.32993980391252736,0.6443146037328837,16,35,0.45714285714285713,0.3046577363376085,0.6181054865986247,0,35,0.0,0.0,0.09890426758938868,0,35,0.0,0.0,0.09890426758938868,2,35,0.05714285714285714,0.015812829614043955,0.1860738073937003,9,35,0.2571428571428571,0.1416286872655014,0.4206962427064873,363 0.71; 364 0.11,2,56 0.46; 53 0.20; 64 0.20,3,shelter deduction 0.71; utility allowance 0.11,"wrong amount, known item 0.49; wrong include/exclude decision 0.26; change in circumstances 0.20",25,0,25,25,1.0,0.8668035060468213,1.0,0.0,25,0.5,50,6495.0
4+,medical_deductions <=  65.000 & shelter_expenses_by_hh_size > 273.000 & shelter_expenses_by_hh_size <= 434.000 & unc_rawben_rel_max <=   0.838,all_2022_24,2630,662,1028,370,1028,0.35992217898832685,0.33115236574841284,0.3897350262698969,201,1028,0.19552529182879377,0.1724327853402116,0.22088494869958678,232,1028,0.22568093385214008,0.20117494138224745,0.25222953465360926,50,1028,0.048638132295719845,0.03708609004874778,0.06355106201025043,1,1028,0.0009727626459143969,0.0001717327186142024,0.0054896013466144145,69,1028,0.06712062256809338,0.05337914721566121,0.0840853628409211,105,1028,0.10214007782101167,0.08508418338858978,0.12215847866341509,371,1028,0.36089494163424124,0.33210431665045914,0.3907213573677235,258,1028,0.2509727626459144,0.22542842590563894,0.2783713821269118,98,1028,0.09533073929961089,0.07885523477404885,0.11481945327884607,71,1028,0.06906614785992218,0.05511574752975406,0.08622532652657398,57,1028,0.05544747081712062,0.04304102265386603,0.07116410340424212,78,1028,0.07587548638132295,0.061220368599598216,0.09368867945583974,10,1028,0.009727626459143969,0.005292271959898562,0.01781360010418569,0,1028,0.0,0.0,0.0037230520653557674,8,1028,0.007782101167315175,0.003948443155126047,0.015280864909212509,77,1028,0.07490272373540856,0.06034587645751692,0.09262488959804817,655,1021,0.6415279138099902,0.611632126621821,0.6703626714035518,76,1021,0.07443682664054849,0.05988273731285921,0.09218134751742091,289,1021,0.28305582761998044,0.25627628082768517,0.3114617969396499,581,1026,0.5662768031189084,0.5357600157462942,0.5962991281065081,402,1026,0.391812865497076,0.3623991145608269,0.4220337535618048,3,1026,0.0029239766081871343,0.0009948853686863922,0.008561535735296978,11,1026,0.010721247563352826,0.005996917016188288,0.019095873952830637,29,1026,0.028265107212475632,0.019750902482153197,0.04029872068319573,420,1021,0.41136141038197843,0.3815642869097338,0.4418230541193579,311 0.31; 363 0.23; 350 0.10; 150 0.05; 323 0.05; 364 0.05,6,38 0.17; 53 0.11; 44 0.11; 35 0.10; 52 0.09; 99 0.07; 56 0.05; 37 0.04; 7 0.02,9,earned income 0.36; shelter deduction 0.23; unearned income 0.20,"wrong amount, known item 0.36; wrong include/exclude decision 0.25; unreported source of income 0.10; method or computation 0.08",439,223,256,662,0.6631419939577039,0.6262881659525045,0.698113313318241,0.3368580060422961,256,0.2788671023965142,918,196635.0
4+,medical_deductions <=  65.000 & shelter_expenses_by_hh_size > 273.000 & shelter_expenses_by_hh_size <= 434.000 & unc_rawben_rel_max <=   0.838,train_2022_23,1628,396,624,219,624,0.35096153846153844,0.31452906226368593,0.3892178700835812,129,624,0.20673076923076922,0.17679743377264676,0.24025298149133065,148,624,0.23717948717948717,0.20547663500953883,0.27209860052757756,33,624,0.052884615384615384,0.03790151100936623,0.0733392860324354,0,624,0.0,0.0,0.006118740777928701,35,624,0.05608974358974359,0.040603545505374775,0.07700828524938885,60,624,0.09615384615384616,0.07543273840037436,0.12181701376641423,193,624,0.3092948717948718,0.2742883078993849,0.34663518617937633,169,624,0.2708333333333333,0.23744601656141603,0.3070250729618013,60,624,0.09615384615384616,0.07543273840037436,0.12181701376641423,43,624,0.06891025641025642,0.05155933601150914,0.09153662959510248,37,624,0.05929487179487179,0.0433214397672094,0.08066142470051621,59,624,0.09455128205128205,0.07401064670422874,0.12005358860607881,3,624,0.004807692307692308,0.0016363383618479103,0.014038952985523784,0,624,0.0,0.0,0.006118740777928701,3,624,0.004807692307692308,0.0016363383618479103,0.014038952985523784,57,624,0.09134615384615384,0.07117238272628916,0.1165208188710564,399,622,0.6414790996784566,0.6030279288101335,0.6781933898110639,52,622,0.08360128617363344,0.0643214971515631,0.10799303099741261,171,622,0.27491961414790994,0.2412939501389657,0.31130849750912915,353,622,0.567524115755627,0.528292654491074,0.6059266112144974,245,622,0.39389067524115756,0.3562551197736885,0.43282889126041335,0,622,0.0,4.336808689942018e-19,0.006138294418268136,0,622,0.0,4.336808689942018e-19,0.006138294418268136,24,622,0.03858520900321544,0.026063991651938075,0.05677102602665663,254,622,0.40836012861736337,0.3704084690519303,0.44743681320479406,311 0.29; 363 0.24; 350 0.10; 364 0.05; 312 0.05; 150 0.05,6,38 0.17; 53 0.13; 44 0.12; 52 0.11; 35 0.10; 99 0.09; 37 0.03; 64 0.02,8,earned income 0.35; shelter deduction 0.24; unearned income 0.21,"wrong amount, known item 0.31; wrong include/exclude decision 0.27; unreported source of income 0.10; method or computation 0.09",256,140,149,396,0.6464646464646465,0.5981764679280518,0.6919384175666042,0.35353535353535354,149,0.27339449541284405,545,109868.0
4+,medical_deductions <=  65.000 & shelter_expenses_by_hh_size > 273.000 & shelter_expenses_by_hh_size <= 434.000 & unc_rawben_rel_max <=   0.838,test_2024,1002,266,404,151,404,0.37376237623762376,0.3279818484455951,0.42192105503457955,72,404,0.1782178217821782,0.14398342170430617,0.2185141754020214,84,404,0.2079207920792079,0.17118986109244963,0.2501541116656016,17,404,0.04207920792079208,0.026435449115297518,0.06634959292063017,1,404,0.0024752475247524753,0.0004370644338232135,0.013886143399806313,34,404,0.08415841584158416,0.060847705685273035,0.11530303519059643,45,404,0.11138613861386139,0.08429408377040447,0.14579916811954496,178,404,0.4405940594059406,0.39296744966924374,0.489339799027309,89,404,0.2202970297029703,0.18262201566692082,0.26324128027934857,38,404,0.09405940594059406,0.06929527168272148,0.1264709277437225,28,404,0.06930693069306931,0.04838301564708717,0.09834453740292048,20,404,0.04950495049504951,0.032272146903434384,0.0752244890454242,19,404,0.04702970297029703,0.030311632694539768,0.07228113861667518,7,404,0.017326732673267328,0.008417754598435901,0.03532864106105543,0,404,0.0,0.0,0.009419343195985891,5,404,0.012376237623762377,0.005297581656494009,0.028641084727710056,20,404,0.04950495049504951,0.032272146903434384,0.0752244890454242,256,399,0.6416040100250626,0.5934063432017068,0.6871009331073933,24,399,0.06015037593984962,0.04075039332009127,0.08793939442774808,118,399,0.2957393483709273,0.2530780122569688,0.34229644758034683,228,404,0.5643564356435643,0.5156234213678541,0.6118770592108802,157,404,0.3886138613861386,0.3423442121673943,0.43698187913864217,3,404,0.007425742574257425,0.0025285258152255713,0.021602411293691223,11,404,0.027227722772277228,0.015270099140896866,0.048091755069169,5,404,0.012376237623762377,0.005297581656494009,0.028641084727710056,166,399,0.41604010025062654,0.3687005400070962,0.464980986429101,311 0.34; 363 0.21; 350 0.09; 323 0.07; 150 0.06,5,38 0.17; 56 0.12; 35 0.09; 44 0.09; 53 0.09; 52 0.06; 99 0.05; 37 0.05; 57 0.03,9,earned income 0.37; shelter deduction 0.21; unearned income 0.18,"wrong amount, known item 0.44; wrong include/exclude decision 0.22; unreported source of income 0.09",183,83,107,266,0.6879699248120301,0.6299470542802446,0.7406407275888225,0.31203007518796994,107,0.2868632707774799,373,86767.0
4+,rawben_rel_max >=   0.366 & shelter_expenses_by_hh_size >= 472.000 & total_deductions_by_hh_size >= 236.000 & total_deductions_by_hh_size < 255.000,all_2022_24,64,30,53,26,53,0.49056603773584906,0.36124029356039444,0.6211669574670219,9,53,0.16981132075471697,0.09199841772223752,0.29225536823734133,5,53,0.09433962264150944,0.04097203744189684,0.20253975673701435,2,53,0.03773584905660377,0.010410068833819265,0.12754523150959116,1,53,0.018867924528301886,0.003338367386749398,0.09943143501149412,3,53,0.05660377358490566,0.019436308927314183,0.15370448936126319,7,53,0.1320754716981132,0.06547770200689572,0.2484050880623493,17,53,0.32075471698113206,0.210920445893403,0.45481732362751115,10,53,0.18867924528301888,0.10585211943149554,0.31358716447325025,7,53,0.1320754716981132,0.06547770200689572,0.2484050880623493,5,53,0.09433962264150944,0.04097203744189684,0.20253975673701435,6,53,0.11320754716981132,0.052929589110686695,0.22576770301339144,5,53,0.09433962264150944,0.04097203744189684,0.20253975673701435,0,53,0.0,0.0,0.06758430445307662,0,53,0.0,0.0,0.06758430445307662,0,53,0.0,0.0,0.06758430445307662,3,53,0.05660377358490566,0.019436308927314183,0.15370448936126319,32,53,0.6037735849056604,0.4694123578888073,0.7241078808096105,4,53,0.07547169811320754,0.029739073598901808,0.17858722263484245,17,53,0.32075471698113206,0.210920445893403,0.45481732362751115,31,53,0.5849056603773585,0.45094182384453757,0.7073929169087134,21,53,0.39622641509433965,0.27589211919038936,0.5305876421111926,0,53,0.0,0.0,0.06758430445307662,0,53,0.0,0.0,0.06758430445307662,1,53,0.018867924528301886,0.003338367386749398,0.09943143501149412,12,53,0.22641509433962265,0.13454499977265527,0.35526528002242436,311 0.36; 312 0.13; 363 0.09; 350 0.08; 150 0.08; 323 0.04,6,38 0.17; 35 0.13; 44 0.09; 52 0.09; 37 0.08; 99 0.06; 45 0.04; 39 0.04; 65 0.04; 13 0.04,10,earned income 0.49; unearned income 0.17; other element 0.13,"wrong amount, known item 0.32; wrong include/exclude decision 0.19; unreported source of income 0.13; change in circumstances 0.11",21,9,7,30,0.7,0.5212387898833981,0.8333543735604105,0.3,7,0.1891891891891892,37,11045.0
4+,rawben_rel_max >=   0.366 & shelter_expenses_by_hh_size >= 472.000 & total_deductions_by_hh_size >= 236.000 & total_deductions_by_hh_size < 255.000,train_2022_23,34,19,36,18,36,0.5,0.34474067624730526,0.6552593237526947,7,36,0.19444444444444445,0.09752972019453349,0.350283620635152,3,36,0.08333333333333333,0.0287480892712918,0.21827010276918848,2,36,0.05555555555555555,0.015369663767066846,0.18144974107611211,0,36,0.0,0.0,0.09642183044857634,2,36,0.05555555555555555,0.015369663767066846,0.18144974107611211,4,36,0.1111111111111111,0.04406568908741834,0.2531512901503632,12,36,0.3333333333333333,0.20214424774586046,0.49666302907033155,5,36,0.1388888888888889,0.060817253631150966,0.2865985128039319,5,36,0.1388888888888889,0.060817253631150966,0.2865985128039319,2,36,0.05555555555555555,0.015369663767066846,0.18144974107611211,6,36,0.16666666666666666,0.07870340628564097,0.3189111473467432,3,36,0.08333333333333333,0.0287480892712918,0.21827010276918848,0,36,0.0,0.0,0.09642183044857634,0,36,0.0,0.0,0.09642183044857634,0,36,0.0,0.0,0.09642183044857634,3,36,0.08333333333333333,0.0287480892712918,0.21827010276918848,22,36,0.6111111111111112,0.4486417029674347,0.7521534458217705,3,36,0.08333333333333333,0.0287480892712918,0.21827010276918848,11,36,0.3055555555555556,0.18004270282805354,0.46856578679083716,18,36,0.5,0.34474067624730526,0.6552593237526947,17,36,0.4722222222222222,0.31985792907209337,0.6299432837306054,0,36,0.0,0.0,0.09642183044857634,0,36,0.0,0.0,0.09642183044857634,1,36,0.027777777777777776,0.004920280295569679,0.141700337350308,5,36,0.1388888888888889,0.060817253631150966,0.2865985128039319,311 0.36; 312 0.14; 363 0.08; 350 0.08; 323 0.06; 150 0.06,6,38 0.22; 35 0.14; 44 0.08; 99 0.08; 52 0.08; 39 0.06; 65 0.06; 37 0.06,8,earned income 0.50; unearned income 0.19; other element 0.11,"wrong amount, known item 0.33; change in circumstances 0.17; unreported source of income 0.14; wrong include/exclude decision 0.14",14,5,2,19,0.7368421052631579,0.5120803155892935,0.8819376166045982,0.2631578947368421,2,0.09523809523809523,21,7157.0
4+,rawben_rel_max >=   0.366 & shelter_expenses_by_hh_size >= 472.000 & total_deductions_by_hh_size >= 236.000 & total_deductions_by_hh_size < 255.000,test_2024,30,11,17,8,17,0.47058823529411764,0.26164801196088106,0.6903710268845051,2,17,0.11764705882352941,0.03287908001292092,0.3433684249770991,2,17,0.11764705882352941,0.03287908001292092,0.3433684249770991,0,17,0.0,0.0,0.18432366037156456,1,17,0.058823529411764705,0.01046013064516424,0.269825452035628,1,17,0.058823529411764705,0.01046013064516424,0.269825452035628,3,17,0.17647058823529413,0.0619101371254899,0.41029929017375777,5,17,0.29411764705882354,0.13279793865556402,0.5313353332621391,5,17,0.29411764705882354,0.13279793865556402,0.5313353332621391,2,17,0.11764705882352941,0.03287908001292092,0.3433684249770991,3,17,0.17647058823529413,0.0619101371254899,0.41029929017375777,0,17,0.0,0.0,0.18432366037156456,2,17,0.11764705882352941,0.03287908001292092,0.3433684249770991,0,17,0.0,0.0,0.18432366037156456,0,17,0.0,0.0,0.18432366037156456,0,17,0.0,0.0,0.18432366037156456,0,17,0.0,0.0,0.18432366037156456,10,17,0.5882352941176471,0.36005074385515545,0.7838921396086862,1,17,0.058823529411764705,0.01046013064516424,0.269825452035628,6,17,0.35294117647058826,0.17309486143904904,0.5870003327878818,13,17,0.7647058823529411,0.5273775411082839,0.9044511092832406,4,17,0.23529411764705882,0.0955488907167594,0.47262245889171595,0,17,0.0,0.0,0.18432366037156456,0,17,0.0,0.0,0.18432366037156456,0,17,0.0,0.0,0.18432366037156456,7,17,0.4117647058823529,0.21610786039131383,0.6399492561448447,311 0.35; 150 0.12; 312 0.12; 363 0.12; 350 0.06,5,35 0.12; 37 0.12; 52 0.12; 44 0.12; 16 0.06; 38 0.06; 45 0.06; 32 0.06; 56 0.06,9,earned income 0.47; other element 0.18; unearned income 0.12,"wrong include/exclude decision 0.29; wrong amount, known item 0.29; household composition 0.18",7,4,5,11,0.6363636363636364,0.35379677689163724,0.8483377638586862,0.36363636363636365,5,0.3125,16,3888.0
4+,shelter_expenses_by_hh_size > 273.00 & shelter_expenses_by_hh_size <= 419.00 & unc_rawben_rel_max <=   0.85,all_2022_24,2559,642,990,347,990,0.3505050505050505,0.32141308975935023,0.38075272821405703,193,990,0.19494949494949496,0.17147010685322858,0.22078717036277842,229,990,0.2313131313131313,0.2061147925785329,0.2585886370223209,48,990,0.048484848484848485,0.0367626625160563,0.06369761203876209,6,990,0.006060606060606061,0.0027804647221540716,0.01315929871700967,62,990,0.06262626262626263,0.04915859890277071,0.0794751793572659,105,990,0.10606060606060606,0.08837905728927414,0.1267876252082184,349,990,0.3525252525252525,0.32338657922652797,0.382804024990482,258,990,0.2606060606060606,0.2342242143983115,0.28883861573478015,89,990,0.0898989898989899,0.07363008412633257,0.10933830842233916,71,990,0.07171717171717172,0.05724580514255831,0.08949951121369001,54,990,0.05454545454545454,0.042043931382719786,0.07049070190290639,76,990,0.07676767676767676,0.061771304388417964,0.09503597757683685,8,990,0.00808080808080808,0.004100203725929599,0.015864345956836747,0,990,0.0,2.168404344971009e-19,0.0038654047083559384,8,990,0.00808080808080808,0.004100203725929599,0.015864345956836747,77,990,0.07777777777777778,0.06267894112183564,0.09614073396522049,636,983,0.646998982706002,0.6166036895386058,0.6762497937357108,76,983,0.07731434384537131,0.06221436194120705,0.0957052069136122,270,983,0.2746693794506612,0.24768400546836977,0.30340909802463245,560,988,0.5668016194331984,0.5357032540979217,0.5973825128229254,387,988,0.3917004048582996,0.3617381699798147,0.422501571527297,3,988,0.003036437246963563,0.001033169680865224,0.008889382468590898,9,988,0.009109311740890687,0.004799688003555502,0.017221570229613986,29,988,0.029352226720647773,0.020513382303574298,0.04183689620863976,413,983,0.4201424211597152,0.38965593830856476,0.4512506469022735,311 0.30; 363 0.23; 350 0.09; 150 0.05; 364 0.05; 323 0.05,6,38 0.17; 53 0.12; 44 0.11; 52 0.09; 35 0.09; 99 0.08; 56 0.05; 37 0.04; 7 0.02,9,earned income 0.35; shelter deduction 0.23; unearned income 0.19,"wrong amount, known item 0.35; wrong include/exclude decision 0.26; unreported source of income 0.09; other 0.08",433,209,256,642,0.6744548286604362,0.6372633235574721,0.7095709466412887,0.32554517133956384,256,0.28507795100222716,898,187533.0
4+,shelter_expenses_by_hh_size > 273.00 & shelter_expenses_by_hh_size <= 419.00 & unc_rawben_rel_max <=   0.85,train_2022_23,1589,390,608,209,608,0.34375,0.30708321255424653,0.38237889659295765,124,608,0.20394736842105263,0.17382452549110872,0.23778789184043597,148,608,0.24342105263157895,0.21098890940505458,0.27907518561561756,32,608,0.05263157894736842,0.03752519713372539,0.0733557890561643,3,608,0.004934210526315789,0.001679435576639978,0.014405773405554104,33,608,0.054276315789473686,0.03890562167743229,0.07524418441617105,59,608,0.09703947368421052,0.07597797374274197,0.12316114984741604,185,608,0.3042763157894737,0.2690268291264615,0.3419836023316153,170,608,0.27960526315789475,0.24539947153003483,0.31657866137233737,57,608,0.09375,0.07306381635048358,0.11953766743224715,42,608,0.06907894736842106,0.05150927912905827,0.09205990609796784,33,608,0.054276315789473686,0.03890562167743229,0.07524418441617105,58,608,0.09539473684210527,0.07451986311803194,0.12135044056841243,2,608,0.003289473684210526,0.0009025374303150216,0.01191385164816542,0,608,0.0,0.0,0.006278749271053161,3,608,0.004934210526315789,0.001679435576639978,0.014405773405554104,58,608,0.09539473684210527,0.07451986311803194,0.12135044056841243,390,606,0.6435643564356436,0.6046360681276683,0.6806839231618731,52,606,0.0858085808580858,0.06603552651034099,0.1107999009186832,164,606,0.2706270627062706,0.23678028576048837,0.3073636362021984,341,606,0.5627062706270627,0.5229384074371763,0.6016841174938876,241,606,0.3976897689768977,0.3594843792734283,0.43718413268115147,0,606,0.0,0.0,0.006299340681252312,0,606,0.0,0.0,0.006299340681252312,24,606,0.039603960396039604,0.02675583136657093,0.05825247242903764,247,606,0.4075907590759076,0.3691679918789596,0.4471777608542092,311 0.29; 363 0.24; 350 0.10; 364 0.05; 150 0.05; 312 0.05,6,38 0.16; 53 0.14; 44 0.13; 52 0.11; 99 0.10; 35 0.09; 37 0.03,7,earned income 0.34; shelter deduction 0.24; unearned income 0.20,"wrong amount, known item 0.30; wrong include/exclude decision 0.28; other 0.10; method or computation 0.10",258,132,152,390,0.6615384615384615,0.6132028197779351,0.7067227543615158,0.3384615384615385,152,0.28044280442804426,542,106550.0
4+,shelter_expenses_by_hh_size > 273.00 & shelter_expenses_by_hh_size <= 419.00 & unc_rawben_rel_max <=   0.85,test_2024,970,252,382,138,382,0.3612565445026178,0.3146863518819805,0.41058951261785576,69,382,0.1806282722513089,0.14528953199923922,0.22232660892491202,81,382,0.21204188481675393,0.17402200718166347,0.25579582479912866,16,382,0.041884816753926704,0.025943314755012263,0.06694869066897521,3,382,0.007853403141361256,0.0026743400566308674,0.02283250005599566,29,382,0.07591623036649214,0.05337479652453005,0.10690237421081836,46,382,0.12041884816753927,0.09150487308211343,0.1568913599834762,164,382,0.4293193717277487,0.38062816074463746,0.47941803437792074,88,382,0.23036649214659685,0.19095051059749116,0.2751516411663415,32,382,0.08376963350785341,0.059961125301171675,0.11586646819833696,29,382,0.07591623036649214,0.05337479652453005,0.10690237421081836,21,382,0.0549738219895288,0.03623390086387401,0.08257547583371382,18,382,0.04712041884816754,0.030010605809400678,0.07324834812402693,6,382,0.015706806282722512,0.007217837669339257,0.03383942520744749,0,382,0.0,0.0,0.009956417348466313,5,382,0.013089005235602094,0.005603367914313666,0.030270420707753008,19,382,0.049738219895287955,0.032069902034547904,0.07637252615359977,246,377,0.6525198938992043,0.6031326835947195,0.698830127190657,24,377,0.0636604774535809,0.04314915484103041,0.09297462995558844,106,377,0.28116710875331563,0.23816825613247283,0.32858075447981316,219,382,0.5732984293193717,0.5232113251380146,0.6219259539941473,146,382,0.38219895287958117,0.33487117041401215,0.4318724881235847,3,382,0.007853403141361256,0.0026743400566308674,0.02283250005599566,9,382,0.02356020942408377,0.012443493108973212,0.044164192531973755,5,382,0.013089005235602094,0.005603367914313666,0.030270420707753008,166,377,0.4403183023872679,0.3910583466597868,0.49078229259810935,311 0.33; 363 0.21; 350 0.09; 150 0.07; 323 0.06,5,38 0.17; 56 0.12; 35 0.08; 53 0.08; 44 0.08; 52 0.07; 37 0.05; 99 0.05; 57 0.03,9,earned income 0.36; shelter deduction 0.21; unearned income 0.18,"wrong amount, known item 0.43; wrong include/exclude decision 0.23; unreported source of income 0.08; household composition 0.08",175,77,104,252,0.6944444444444444,0.6350031442463286,0.7480463676391504,0.3055555555555556,104,0.29213483146067415,356,80983.0
4+,months_since_cert_n >   5.500 & rawben_rel_max >   0.794 & rawben_rel_max <=   0.975 & total_deductions_by_hh_size > 229.000,all_2022_24,122,52,88,34,88,0.38636363636363635,0.29141940235595687,0.49081435663778894,14,88,0.1590909090909091,0.09719813761632919,0.2495031393649081,12,88,0.13636363636363635,0.07975866827381721,0.2233893605061692,7,88,0.07954545454545454,0.03906436024832495,0.15520054802853434,0,88,0.0,3.469446951953614e-18,0.04182853957248131,12,88,0.13636363636363635,0.07975866827381721,0.2233893605061692,9,88,0.10227272727272728,0.05474388075144594,0.18307427572666424,30,88,0.3409090909090909,0.2503898646649058,0.4447373979263383,20,88,0.22727272727272727,0.1522163058823423,0.3251447157026475,11,88,0.125,0.07125200897954588,0.21011939569981514,5,88,0.056818181818181816,0.024510666532829656,0.1262009935427788,5,88,0.056818181818181816,0.024510666532829656,0.1262009935427788,8,88,0.09090909090909091,0.04678586169975407,0.16925567067773065,1,88,0.011363636363636364,0.00200873360043052,0.06159643007267622,0,88,0.0,3.469446951953614e-18,0.04182853957248131,0,88,0.0,3.469446951953614e-18,0.04182853957248131,8,88,0.09090909090909091,0.04678586169975407,0.16925567067773065,46,87,0.5287356321839081,0.4248617443382648,0.6301791179979336,9,87,0.10344827586206896,0.055384483281967004,0.18505161647849516,32,87,0.367816091954023,0.2740853339545992,0.4727266992988882,52,88,0.5909090909090909,0.4864789444675971,0.6877340483374065,30,88,0.3409090909090909,0.2503898646649058,0.4447373979263383,0,88,0.0,3.469446951953614e-18,0.04182853957248131,1,88,0.011363636363636364,0.00200873360043052,0.06159643007267622,5,88,0.056818181818181816,0.024510666532829656,0.1262009935427788,42,87,0.4827586206896552,0.3807248617685969,0.5862506208296843,311 0.28; 363 0.14; 323 0.12; 312 0.10; 350 0.08; 364 0.08,6,38 0.22; 53 0.17; 35 0.12; 99 0.09; 56 0.06; 44 0.03; 37 0.03; 42 0.03,8,earned income 0.39; unearned income 0.16; dep care or child support deduction 0.14; shelter deduction 0.14,"wrong amount, known item 0.34; wrong include/exclude decision 0.23; unreported source of income 0.12; other 0.09",43,9,21,52,0.8269230769230769,0.7026887630639471,0.9061763124353222,0.17307692307692307,21,0.2876712328767123,73,20530.0
4+,months_since_cert_n >   5.500 & rawben_rel_max >   0.794 & rawben_rel_max <=   0.975 & total_deductions_by_hh_size > 229.000,train_2022_23,69,34,59,22,59,0.3728813559322034,0.26083818032585154,0.5004664331785788,10,59,0.1694915254237288,0.0947573785633763,0.28463461654814215,10,59,0.1694915254237288,0.0947573785633763,0.28463461654814215,3,59,0.05084745762711865,0.017442401159453308,0.1391672332228667,0,59,0.0,0.0,0.061131479784092065,9,59,0.15254237288135594,0.08238371089067363,0.26518223268810226,5,59,0.0847457627118644,0.036741491306199775,0.1835202461416055,17,59,0.288135593220339,0.1883634728582083,0.4138108829825087,16,59,0.2711864406779661,0.17436824992508337,0.39598005438289097,8,59,0.13559322033898305,0.07034090749685569,0.24539898454917758,4,59,0.06779661016949153,0.026678187098391565,0.16175749881667106,4,59,0.06779661016949153,0.026678187098391565,0.16175749881667106,3,59,0.05084745762711865,0.017442401159453308,0.1391672332228667,0,59,0.0,0.0,0.061131479784092065,0,59,0.0,0.0,0.061131479784092065,0,59,0.0,0.0,0.061131479784092065,7,59,0.11864406779661017,0.058675082779140006,0.22523875773415053,31,59,0.5254237288135594,0.4003957675731271,0.6473433097259869,8,59,0.13559322033898305,0.07034090749685569,0.24539898454917758,20,59,0.3389830508474576,0.23137483598383493,0.4662776744551099,30,59,0.5084745762711864,0.3843492802145344,0.6315637455518369,24,59,0.4067796610169492,0.29088843022555855,0.534068286344357,0,59,0.0,0.0,0.061131479784092065,0,59,0.0,0.0,0.061131479784092065,5,59,0.0847457627118644,0.036741491306199775,0.1835202461416055,24,59,0.4067796610169492,0.29088843022555855,0.534068286344357,311 0.29; 363 0.17; 323 0.14; 350 0.10; 312 0.08,5,38 0.24; 53 0.22; 35 0.14; 99 0.12; 44 0.05,5,earned income 0.37; shelter deduction 0.17; unearned income 0.17; dep care or child support deduction 0.15,"wrong amount, known item 0.29; wrong include/exclude decision 0.27; unreported source of income 0.14; other 0.12",27,7,14,34,0.7941176470588235,0.6320128389178601,0.8965060397764868,0.20588235294117646,14,0.2916666666666667,48,13373.0
4+,months_since_cert_n >   5.500 & rawben_rel_max >   0.794 & rawben_rel_max <=   0.975 & total_deductions_by_hh_size > 229.000,test_2024,53,18,29,12,29,0.41379310344827586,0.2551293527964552,0.5926247152148476,4,29,0.13793103448275862,0.05497350852047822,0.30559357712699325,2,29,0.06896551724137931,0.019120864097994433,0.21964947595851925,4,29,0.13793103448275862,0.05497350852047822,0.30559357712699325,0,29,0.0,0.0,0.11697359446555587,3,29,0.10344827586206896,0.035814240381301043,0.26385447247069155,4,29,0.13793103448275862,0.05497350852047822,0.30559357712699325,13,29,0.4482758620689655,0.2841291114874579,0.6245233293193238,4,29,0.13793103448275862,0.05497350852047822,0.30559357712699325,3,29,0.10344827586206896,0.035814240381301043,0.26385447247069155,1,29,0.034482758620689655,0.006113056614032261,0.1717589106470025,1,29,0.034482758620689655,0.006113056614032261,0.1717589106470025,5,29,0.1724137931034483,0.07597745271479928,0.34548800572815114,1,29,0.034482758620689655,0.006113056614032261,0.1717589106470025,0,29,0.0,0.0,0.11697359446555587,0,29,0.0,0.0,0.11697359446555587,1,29,0.034482758620689655,0.006113056614032261,0.1717589106470025,15,28,0.5357142857142857,0.3581239514210167,0.7046869626034041,1,28,0.03571428571428571,0.00633235649754188,0.17712576118498663,12,28,0.42857142857142855,0.2650829618073122,0.609295210143846,22,29,0.7586206896551724,0.578920477816713,0.8778173181493787,6,29,0.20689655172413793,0.09845936515585207,0.3839044660825772,0,29,0.0,0.0,0.11697359446555587,1,29,0.034482758620689655,0.006113056614032261,0.1717589106470025,0,29,0.0,0.0,0.11697359446555587,18,28,0.6428571428571429,0.4582997758222723,0.7929438802754113,311 0.28; 364 0.14; 312 0.14; 323 0.10; 363 0.07; 361 0.07,6,56 0.17; 38 0.17; 54 0.10; 35 0.10; 53 0.07; 45 0.07; 42 0.07,7,earned income 0.41; utility allowance 0.14; other element 0.14; unearned income 0.14,"wrong amount, known item 0.45; method or computation 0.17; wrong include/exclude decision 0.14",16,2,7,18,0.8888888888888888,0.6719975513339578,0.9689811315464172,0.1111111111111111,7,0.28,25,7157.0
2-3,HH_size_n >=   3 & shelter_expenses_by_hh_size < 635 & total_deductions_by_hh_size >= 602,all_2022_24,59,29,54,10,54,0.18518518518518517,0.10382574505942957,0.3083620229137938,11,54,0.2037037037037037,0.1177393408658538,0.32902561722659174,7,54,0.12962962962962962,0.06423639229487982,0.2442198053206771,1,54,0.018518518518518517,0.0032764033153519848,0.09771665358487208,1,54,0.018518518518518517,0.0032764033153519848,0.09771665358487208,20,54,0.37037037037037035,0.25423189707625504,0.5037277720891898,4,54,0.07407407407407407,0.029181055323684174,0.17554357193420633,14,54,0.25925925925925924,0.16118507964793902,0.38931144880217294,20,54,0.37037037037037035,0.25423189707625504,0.5037277720891898,5,54,0.09259259259259259,0.040200542070567336,0.1991012753065453,1,54,0.018518518518518517,0.0032764033153519848,0.09771665358487208,3,54,0.05555555555555555,0.019072922503838907,0.15107451463482943,3,54,0.05555555555555555,0.019072922503838907,0.15107451463482943,1,54,0.018518518518518517,0.0032764033153519848,0.09771665358487208,0,54,0.0,6.938893903907228e-18,0.06641586678100189,0,54,0.0,6.938893903907228e-18,0.06641586678100189,7,54,0.12962962962962962,0.06423639229487982,0.2442198053206771,35,54,0.6481481481481481,0.5148458381779774,0.7617716827757998,6,54,0.1111111111111111,0.05192951817556753,0.2219494893207673,13,54,0.24074074074074073,0.14644154703850742,0.36947779129238245,25,54,0.46296296296296297,0.33689688992410527,0.5939487298374504,26,54,0.48148148148148145,0.3539375603654322,0.6114852495153457,1,54,0.018518518518518517,0.0032764033153519848,0.09771665358487208,1,54,0.018518518518518517,0.0032764033153519848,0.09771665358487208,1,54,0.018518518518518517,0.0032764033153519848,0.09771665358487208,13,54,0.24074074074074073,0.14644154703850742,0.36947779129238245,323 0.33; 311 0.19; 363 0.13; 350 0.09; 342 0.04,5,53 0.26; 99 0.13; 35 0.09; 38 0.09; 44 0.07; 52 0.06; 56 0.06,7,dep care or child support deduction 0.37; unearned income 0.20; earned income 0.19,"wrong include/exclude decision 0.37; wrong amount, known item 0.26; other 0.13",23,6,18,29,0.7931034482758621,0.6160955339174228,0.9015406348441479,0.20689655172413793,18,0.3829787234042553,47,13460.0
2-3,HH_size_n >=   3 & shelter_expenses_by_hh_size < 635 & total_deductions_by_hh_size >= 602,train_2022_23,38,20,40,7,40,0.175,0.08745302996883066,0.3195029205439244,10,40,0.25,0.14186967895549518,0.40194259066970106,5,40,0.125,0.05459419773541284,0.26112420670238146,1,40,0.025,0.0044267174077949195,0.1288165948800778,1,40,0.025,0.0044267174077949195,0.1288165948800778,13,40,0.325,0.20084316962661725,0.4798254191110201,3,40,0.075,0.025835556771858226,0.19864530159097524,10,40,0.25,0.14186967895549518,0.40194259066970106,14,40,0.35,0.2213433317104915,0.5049440300646263,4,40,0.1,0.03957888759557486,0.23052074380473897,0,40,0.0,0.0,0.08762453925039232,2,40,0.05,0.013820377146101098,0.165041708179252,3,40,0.075,0.025835556771858226,0.19864530159097524,0,40,0.0,0.0,0.08762453925039232,0,40,0.0,0.0,0.08762453925039232,0,40,0.0,0.0,0.08762453925039232,7,40,0.175,0.08745302996883066,0.3195029205439244,25,40,0.625,0.47032160054531913,0.7577722646420829,4,40,0.1,0.03957888759557486,0.23052074380473897,11,40,0.275,0.1610785343314309,0.4283525083312457,19,40,0.475,0.32935229550181694,0.6250289314607027,20,40,0.5,0.35199278797099753,0.6480072120290025,0,40,0.0,0.0,0.08762453925039232,0,40,0.0,0.0,0.08762453925039232,1,40,0.025,0.0044267174077949195,0.1288165948800778,8,40,0.2,0.10499864973166874,0.34757607381856676,323 0.30; 311 0.17; 350 0.12; 363 0.12; 342 0.05,5,53 0.30; 99 0.17; 38 0.12; 35 0.10; 44 0.10,5,dep care or child support deduction 0.33; unearned income 0.25; earned income 0.17,"wrong include/exclude decision 0.35; wrong amount, known item 0.25; other 0.17",16,4,12,20,0.8,0.5839782779742401,0.9193436467288,0.2,12,0.375,32,8703.0
2-3,HH_size_n >=   3 & shelter_expenses_by_hh_size < 635 & total_deductions_by_hh_size >= 602,test_2024,21,9,14,3,14,0.21428571428571427,0.0757124833691637,0.4758972377320828,1,14,0.07142857142857142,0.012721886112291636,0.3146926955395781,2,14,0.14285714285714285,0.040093073737921175,0.39941907763863693,0,14,0.0,0.0,0.21531701192718142,0,14,0.0,0.0,0.21531701192718142,7,14,0.5,0.2679886791947528,0.7320113208052472,1,14,0.07142857142857142,0.012721886112291636,0.3146926955395781,4,14,0.2857142857142857,0.11721187910109099,0.5464954117248438,6,14,0.42857142857142855,0.21380509930400526,0.6740973309713064,1,14,0.07142857142857142,0.012721886112291636,0.3146926955395781,1,14,0.07142857142857142,0.012721886112291636,0.3146926955395781,1,14,0.07142857142857142,0.012721886112291636,0.3146926955395781,0,14,0.0,0.0,0.21531701192718142,1,14,0.07142857142857142,0.012721886112291636,0.3146926955395781,0,14,0.0,0.0,0.21531701192718142,0,14,0.0,0.0,0.21531701192718142,0,14,0.0,0.0,0.21531701192718142,10,14,0.7142857142857143,0.4535045882751561,0.882788120898909,2,14,0.14285714285714285,0.040093073737921175,0.39941907763863693,2,14,0.14285714285714285,0.040093073737921175,0.39941907763863693,6,14,0.42857142857142855,0.21380509930400526,0.6740973309713064,6,14,0.42857142857142855,0.21380509930400526,0.6740973309713064,1,14,0.07142857142857142,0.012721886112291636,0.3146926955395781,1,14,0.07142857142857142,0.012721886112291636,0.3146926955395781,0,14,0.0,0.0,0.21531701192718142,5,14,0.35714285714285715,0.16344490737202735,0.6123599531785959,323 0.43; 311 0.21; 363 0.14,3,56 0.21; 53 0.14; 52 0.14; 35 0.07; 64 0.07; 37 0.07; 7 0.07,7,dep care or child support deduction 0.50; earned income 0.21; shelter deduction 0.14,"wrong include/exclude decision 0.43; wrong amount, known item 0.29; unreported source of income 0.07",7,2,6,9,0.7777777777777778,0.4525833436728054,0.9367762376877727,0.2222222222222222,6,0.4,15,4757.0
1,months_since_cert_n >   2.50 & total_deductions_by_hh_size <= 919.00 & unc_rawben_rel_max >   1.93 & unc_rawben_rel_max <=   2.23,all_2022_24,211,91,132,17,132,0.12878787878787878,0.08198597266755395,0.1965855400354766,82,132,0.6212121212121212,0.536137141742131,0.699431343905859,18,132,0.13636363636363635,0.08802774720747256,0.20526679584855737,4,132,0.030303030303030304,0.011845868852119364,0.07532624926191933,2,132,0.015151515151515152,0.00416488690145933,0.05356117050658061,3,132,0.022727272727272728,0.00775884364242789,0.06469024411861142,6,132,0.045454545454545456,0.020996036056019796,0.09562214276401765,30,132,0.22727272727272727,0.1640910639205752,0.3058798433714472,52,132,0.3939393939393939,0.31471422893798895,0.47916334612001965,19,132,0.14393939393939395,0.09412491779512139,0.2138926556139079,0,132,0.0,0.0,0.028279996702041194,11,132,0.08333333333333333,0.047167479294101165,0.14306585129093313,5,132,0.03787878787878788,0.01628593894182534,0.08560920952521273,4,132,0.030303030303030304,0.011845868852119364,0.07532624926191933,4,132,0.030303030303030304,0.011845868852119364,0.07532624926191933,0,132,0.0,0.0,0.028279996702041194,7,132,0.05303030303030303,0.025922087095231,0.10541912207780582,39,132,0.29545454545454547,0.22429587875704515,0.37818230171197165,15,132,0.11363636363636363,0.07008488210293365,0.17904056989409817,78,132,0.5909090909090909,0.5056164209755144,0.6710599432604781,84,132,0.6363636363636364,0.5515196012431239,0.7134949451108649,43,132,0.32575757575757575,0.2517187813444382,0.4096515205365761,2,132,0.015151515151515152,0.00416488690145933,0.05356117050658061,0,132,0.0,0.0,0.028279996702041194,3,132,0.022727272727272728,0.00775884364242789,0.06469024411861142,67,132,0.5075757575757576,0.42328760705491464,0.5914354232980846,331 0.44; 363 0.14; 311 0.13; 333 0.12,4,37 0.25; 38 0.18; 35 0.14; 53 0.09; 39 0.06; 99 0.05,6,unearned income 0.62; shelter deduction 0.14,"wrong include/exclude decision 0.39; wrong amount, known item 0.23; unreported source of income 0.14",91,0,0,91,1.0,0.959494567784601,1.0,0.0,0,0.0,91,19609.0
1,months_since_cert_n >   2.50 & total_deductions_by_hh_size <= 919.00 & unc_rawben_rel_max >   1.93 & unc_rawben_rel_max <=   2.23,train_2022_23,152,67,96,13,96,0.13541666666666666,0.08087629796762788,0.21801314290671706,61,96,0.6354166666666666,0.5356504026503102,0.7247620907392187,10,96,0.10416666666666667,0.0575709119553797,0.1812233381367663,2,96,0.020833333333333332,0.005731849710137293,0.07280855829614466,2,96,0.020833333333333332,0.005731849710137293,0.07280855829614466,2,96,0.020833333333333332,0.005731849710137293,0.07280855829614466,6,96,0.0625,0.028956279687604516,0.12971104936160943,23,96,0.23958333333333334,0.1652810553652917,0.3339256881163833,35,96,0.3645833333333333,0.2752379092607812,0.46434959734968984,13,96,0.13541666666666666,0.08087629796762788,0.21801314290671706,0,96,0.0,0.0,0.03847694748481595,8,96,0.08333333333333333,0.04283011146065737,0.1559006781100226,5,96,0.052083333333333336,0.022449269421270103,0.11618632936721088,3,96,0.03125,0.010683876777878007,0.08788826148913696,4,96,0.041666666666666664,0.0163204434524125,0.10228342507533544,0,96,0.0,0.0,0.03847694748481595,5,96,0.052083333333333336,0.022449269421270103,0.11618632936721088,24,96,0.25,0.17413849417796745,0.3450999795644406,11,96,0.11458333333333333,0.06519804888543013,0.19362793146744883,61,96,0.6354166666666666,0.5356504026503102,0.7247620907392187,60,96,0.625,0.5251053301827543,0.7152754329460417,31,96,0.3229166666666667,0.23775702086652156,0.4217035647010175,2,96,0.020833333333333332,0.005731849710137293,0.07280855829614466,0,96,0.0,0.0,0.03847694748481595,3,96,0.03125,0.010683876777878007,0.08788826148913696,47,96,0.4895833333333333,0.39192689394846364,0.5880413757908035,331 0.47; 311 0.14; 333 0.11; 363 0.10,4,37 0.24; 38 0.21; 35 0.14; 53 0.10; 39 0.07,5,unearned income 0.64; earned income 0.14,"wrong include/exclude decision 0.36; wrong amount, known item 0.24; unreported source of income 0.14; change in circumstances 0.08",67,0,0,67,1.0,0.9457719757882374,0.9999999999999999,0.0,0,0.0,67,13618.0
1,months_since_cert_n >   2.50 & total_deductions_by_hh_size <= 919.00 & unc_rawben_rel_max >   1.93 & unc_rawben_rel_max <=   2.23,test_2024,59,24,36,4,36,0.1111111111111111,0.04406568908741834,0.2531512901503632,21,36,0.5833333333333334,0.4219996966427768,0.7285966649491271,8,36,0.2222222222222222,0.11716192974839595,0.38085019827859085,2,36,0.05555555555555555,0.015369663767066846,0.18144974107611211,0,36,0.0,0.0,0.09642183044857634,1,36,0.027777777777777776,0.004920280295569679,0.141700337350308,0,36,0.0,0.0,0.09642183044857634,7,36,0.19444444444444445,0.09752972019453349,0.350283620635152,17,36,0.4722222222222222,0.31985792907209337,0.6299432837306054,6,36,0.16666666666666666,0.07870340628564097,0.3189111473467432,0,36,0.0,0.0,0.09642183044857634,3,36,0.08333333333333333,0.0287480892712918,0.21827010276918848,0,36,0.0,0.0,0.09642183044857634,1,36,0.027777777777777776,0.004920280295569679,0.141700337350308,0,36,0.0,0.0,0.09642183044857634,0,36,0.0,0.0,0.09642183044857634,2,36,0.05555555555555555,0.015369663767066846,0.18144974107611211,15,36,0.4166666666666667,0.2714033350508729,0.5780003033572231,4,36,0.1111111111111111,0.04406568908741834,0.2531512901503632,17,36,0.4722222222222222,0.31985792907209337,0.6299432837306054,24,36,0.6666666666666666,0.5033369709296683,0.7978557522541395,12,36,0.3333333333333333,0.20214424774586046,0.49666302907033155,0,36,0.0,0.0,0.09642183044857634,0,36,0.0,0.0,0.09642183044857634,0,36,0.0,0.0,0.09642183044857634,20,36,0.5555555555555556,0.3958078731600341,0.7045897012345685,331 0.36; 363 0.22; 333 0.14; 311 0.11,4,37 0.28; 35 0.17; 38 0.11; 52 0.11; 99 0.06; 53 0.06,6,unearned income 0.58; shelter deduction 0.22,"wrong include/exclude decision 0.47; wrong amount, known item 0.19; unreported source of income 0.17",24,0,0,24,1.0,0.8620194241710247,1.0,0.0,0,0.0,24,5991.0
1,rawben_rel_max <=    0.994 & shelter_expenses_by_hh_size > 1300.000 & unc_rawben_rel_max >    0.987,all_2022_24,154,69,91,2,91,0.02197802197802198,0.006047879307120856,0.07663313830540361,2,91,0.02197802197802198,0.006047879307120856,0.07663313830540361,69,91,0.7582417582417582,0.6609799811910234,0.8345831472251989,6,91,0.06593406593406594,0.030565869950639868,0.13646631845613524,12,91,0.13186813186813187,0.07707031566880387,0.21648862892934714,0,91,0.0,0.0,0.04050543221539915,0,91,0.0,0.0,0.04050543221539915,22,91,0.24175824175824176,0.16541685277480106,0.33902001880897653,50,91,0.5494505494505495,0.4472910565435856,0.6476040105999464,3,91,0.03296703296703297,0.01127420246334579,0.09249460784774133,0,91,0.0,0.0,0.04050543221539915,9,91,0.0989010989010989,0.052908040587209215,0.17738752591525386,1,91,0.01098901098901099,0.0019424213233478899,0.05965080359061392,0,91,0.0,0.0,0.04050543221539915,0,91,0.0,0.0,0.04050543221539915,0,91,0.0,0.0,0.04050543221539915,6,91,0.06593406593406594,0.030565869950639868,0.13646631845613524,60,91,0.6593406593406593,0.557285222010459,0.7484877721186994,13,91,0.14285714285714285,0.08542677254433866,0.229219964752375,18,91,0.1978021978021978,0.12894356976415927,0.2911421310253677,45,91,0.4945054945054945,0.3941040748457469,0.5953520288049717,46,91,0.5054945054945055,0.40464797119502816,0.6058959251542531,0,91,0.0,0.0,0.04050543221539915,0,91,0.0,0.0,0.04050543221539915,0,91,0.0,0.0,0.04050543221539915,27,91,0.2967032967032967,0.212633552714673,0.39724228236191794,363 0.76,1,53 0.45; 56 0.23; 52 0.10,3,shelter deduction 0.76,"wrong include/exclude decision 0.55; wrong amount, known item 0.24",69,0,69,69,1.0,0.9472609058559944,1.0,0.0,69,0.5,138,16828.0
1,rawben_rel_max <=    0.994 & shelter_expenses_by_hh_size > 1300.000 & unc_rawben_rel_max >    0.987,train_2022_23,80,37,52,1,52,0.019230769230769232,0.0034027204090655225,0.10120746268024422,1,52,0.019230769230769232,0.0034027204090655225,0.10120746268024422,37,52,0.7115384615384616,0.5772695428589907,0.816701976581713,4,52,0.07692307692307693,0.03031885429734589,0.1817381068212467,9,52,0.17307692307692307,0.0938236875646778,0.29731123693605277,0,52,0.0,0.0,0.06879459041288215,0,52,0.0,0.0,0.06879459041288215,0,52,0.0,0.0,0.06879459041288215,41,52,0.7884615384615384,0.659676348640899,0.877557541505515,2,52,0.038461538461538464,0.010611488322077554,0.12981428744365978,0,52,0.0,0.0,0.06879459041288215,2,52,0.038461538461538464,0.010611488322077554,0.12981428744365978,1,52,0.019230769230769232,0.0034027204090655225,0.10120746268024422,0,52,0.0,0.0,0.06879459041288215,0,52,0.0,0.0,0.06879459041288215,0,52,0.0,0.0,0.06879459041288215,6,52,0.11538461538461539,0.05396895756082726,0.22971918891062054,39,52,0.75,0.6179328224079477,0.8476698823856113,8,52,0.15384615384615385,0.08007589590882647,0.2752434359154765,5,52,0.09615384615384616,0.041773735183410265,0.20609881861160995,28,52,0.5384615384615384,0.405033783976834,0.6665974013760211,24,52,0.46153846153846156,0.3334025986239788,0.5949662160231659,0,52,0.0,0.0,0.06879459041288215,0,52,0.0,0.0,0.06879459041288215,0,52,0.0,0.0,0.06879459041288215,20,52,0.38461538461538464,0.26470271334885215,0.5204037305925822,363 0.71; 365 0.17,2,53 0.65; 52 0.13,2,shelter deduction 0.71; medical deduction 0.17,wrong include/exclude decision 0.79,37,0,37,37,1.0,0.9059390425448564,1.0,0.0,37,0.5,74,9794.0
1,rawben_rel_max <=    0.994 & shelter_expenses_by_hh_size > 1300.000 & unc_rawben_rel_max >    0.987,test_2024,74,32,39,1,39,0.02564102564102564,0.00454058606523737,0.13181286478627147,1,39,0.02564102564102564,0.00454058606523737,0.13181286478627147,32,39,0.8205128205128205,0.6733164837555724,0.9102284818853,2,39,0.05128205128205128,0.014177657646399527,0.1688593904563791,3,39,0.07692307692307693,0.026506914073495688,0.2032137312805527,0,39,0.0,0.0,0.08966985360023902,0,39,0.0,0.0,0.08966985360023902,22,39,0.5641025641025641,0.40975423474522105,0.7069547583829534,9,39,0.23076923076923078,0.1264566242878376,0.38336560457382957,1,39,0.02564102564102564,0.00454058606523737,0.13181286478627147,0,39,0.0,0.0,0.08966985360023902,7,39,0.1794871794871795,0.08977151811469994,0.3266835162444276,0,39,0.0,0.0,0.08966985360023902,0,39,0.0,0.0,0.08966985360023902,0,39,0.0,0.0,0.08966985360023902,0,39,0.0,0.0,0.08966985360023902,0,39,0.0,0.0,0.08966985360023902,21,39,0.5384615384615384,0.3856918682173881,0.6843335276595165,5,39,0.1282051282051282,0.05602734948028318,0.26706049037630475,13,39,0.3333333333333333,0.20632766106915157,0.4902289567975947,17,39,0.4358974358974359,0.2930452416170466,0.5902457652547789,22,39,0.5641025641025641,0.40975423474522105,0.7069547583829534,0,39,0.0,0.0,0.08966985360023902,0,39,0.0,0.0,0.08966985360023902,0,39,0.0,0.0,0.08966985360023902,7,39,0.1794871794871795,0.08977151811469994,0.3266835162444276,363 0.82,1,56 0.54; 53 0.18; 64 0.18,3,shelter deduction 0.82,"wrong amount, known item 0.56; wrong include/exclude decision 0.23",32,0,32,32,1.0,0.8928172849426366,1.0,0.0,32,0.5,64,7034.0
4+,months_since_cert_n >   0.500 & total_deductions_by_hh_size > 184.000 & total_deductions_by_hh_size <= 302.000 & unc_rawben_rel_max <=   0.812,all_2022_24,2004,520,799,339,799,0.42428035043804757,0.3904527944360852,0.4588325440416419,118,799,0.1476846057571965,0.12477066140976241,0.17397021101139765,165,799,0.2065081351689612,0.1798758222205381,0.23594916741627192,34,799,0.0425531914893617,0.030609000308362604,0.05887515198269954,2,799,0.0025031289111389237,0.0006867024618485099,0.009080604065366822,61,799,0.07634543178973717,0.05989201783319596,0.09685322307111195,80,799,0.10012515644555695,0.08118692927471532,0.12289018880187663,258,799,0.32290362953692114,0.291395258634214,0.35610681400377586,206,799,0.25782227784730916,0.22869986594636774,0.2892623323253711,86,799,0.10763454317897372,0.08799175826607646,0.13103226839123677,54,799,0.06758448060075094,0.05216596843703887,0.08714121245642754,60,799,0.07509386733416772,0.05878378494515414,0.09547030452903356,66,799,0.08260325406758448,0.0654537928591916,0.10374720519571738,5,799,0.006257822277847309,0.0026758029553458932,0.014564957862230079,2,799,0.0025031289111389237,0.0006867024618485099,0.009080604065366822,4,799,0.0050062578222778474,0.0019484752157478673,0.01280113417170789,58,799,0.07259073842302878,0.05657169012815482,0.09270009648579244,477,797,0.5984943538268507,0.5640671210179939,0.6319766409444216,63,797,0.07904642409033877,0.062269799176267474,0.09986163855124318,256,797,0.3212045169385194,0.28971059350467593,0.3544137876463532,436,799,0.5456821026282853,0.5110206175038424,0.5799064096955452,333,799,0.4167709637046308,0.383062566717314,0.4512758631796918,2,799,0.0025031289111389237,0.0006867024618485099,0.009080604065366822,5,799,0.006257822277847309,0.0026758029553458932,0.014564957862230079,23,799,0.028785982478097622,0.019256857373136364,0.04282462918660344,305,797,0.38268506900878296,0.34957980264821736,0.4169158439315807,311 0.35; 363 0.21; 350 0.07; 312 0.07; 323 0.06,5,38 0.18; 35 0.11; 53 0.11; 52 0.10; 44 0.08; 99 0.07; 56 0.04; 37 0.04; 41 0.02; 98 0.02,10,earned income 0.42; shelter deduction 0.21; unearned income 0.15,"wrong amount, known item 0.32; wrong include/exclude decision 0.26; unreported source of income 0.11; method or computation 0.08",363,157,180,520,0.698076923076923,0.6572827147207271,0.7359659314349046,0.3019230769230769,180,0.2571428571428571,700,173565.0
4+,months_since_cert_n >   0.500 & total_deductions_by_hh_size > 184.000 & total_deductions_by_hh_size <= 302.000 & unc_rawben_rel_max <=   0.812,train_2022_23,1266,323,502,206,502,0.4103585657370518,0.36816679580053435,0.4539118944455822,76,502,0.15139442231075698,0.12269381157736647,0.18538998382419797,106,502,0.21115537848605578,0.17771455141235123,0.24898345049180218,24,502,0.04780876494023904,0.032334792614799324,0.07015104484894426,2,502,0.00398406374501992,0.0010932318762164077,0.014408854152295283,38,502,0.07569721115537849,0.05564410545390479,0.10219502837771362,50,502,0.099601593625498,0.07636832778435676,0.12891648864829722,135,502,0.2689243027888446,0.2319986700037977,0.3093597315195249,141,502,0.28087649402390436,0.24333937197100608,0.32174187085283434,53,502,0.10557768924302789,0.08162638373917178,0.13551985334374111,32,502,0.06374501992031872,0.04551221848656858,0.08860407404453205,42,502,0.08366533864541832,0.06249138653781716,0.11116297482747978,54,502,0.10756972111553785,0.08338497167883832,0.1377150722874942,2,502,0.00398406374501992,0.0010932318762164077,0.014408854152295283,2,502,0.00398406374501992,0.0010932318762164077,0.014408854152295283,0,502,0.0,0.0,0.007594472261672428,41,502,0.08167330677290836,0.06077332443536952,0.10892723004650777,304,502,0.6055776892430279,0.562177665933522,0.6473740988877186,47,502,0.09362549800796813,0.07113847450144621,0.12228492128094888,151,502,0.300796812749004,0.2623153612827538,0.34230395037528294,272,502,0.5418326693227091,0.49809344672315814,0.584936497828654,208,502,0.41434262948207173,0.3720592586811627,0.4579270453317931,1,502,0.00199203187250996,0.00035172008135195016,0.011196559063740109,0,502,0.0,0.0,0.007594472261672428,21,502,0.04183266932270916,0.027521364594920723,0.06310305221856397,193,502,0.3844621513944223,0.34293665928011113,0.42774254148155016,311 0.33; 363 0.21; 312 0.07; 350 0.06; 323 0.06; 150 0.05,6,38 0.18; 53 0.13; 52 0.11; 35 0.11; 99 0.08; 44 0.08; 37 0.03; 42 0.03; 98 0.03,9,earned income 0.41; shelter deduction 0.21; unearned income 0.15,"wrong include/exclude decision 0.28; wrong amount, known item 0.27; method or computation 0.11; unreported source of income 0.11",224,99,112,323,0.6934984520123839,0.6411889320967813,0.741259324183937,0.3065015479876161,112,0.2574712643678161,435,101863.0
4+,months_since_cert_n >   0.500 & total_deductions_by_hh_size > 184.000 & total_deductions_by_hh_size <= 302.000 & unc_rawben_rel_max <=   0.812,test_2024,738,197,297,133,297,0.4478114478114478,0.3922814097385856,0.5046743304250089,42,297,0.1414141414141414,0.10635231834039735,0.18563389633204155,59,297,0.19865319865319866,0.1572509765125369,0.24775152314176624,10,297,0.03367003367003367,0.018389652898571758,0.06086002533741688,0,297,0.0,0.0,0.012769510599597926,23,297,0.07744107744107744,0.05215438323249791,0.11351951293079865,30,297,0.10101010101010101,0.07167362882425157,0.14053638468451848,123,297,0.41414141414141414,0.3595651114424297,0.470910461084774,65,297,0.21885521885521886,0.1755845092323248,0.26930609100381275,33,297,0.1111111111111111,0.08021832861404396,0.1519357351856433,22,297,0.07407407407407407,0.04942299068760461,0.10960288871205287,18,297,0.06060606060606061,0.03867625075044014,0.09375756159466106,12,297,0.04040404040404041,0.023261190059847517,0.06928452170341927,3,297,0.010101010101010102,0.0034410249577703483,0.029272535932744793,0,297,0.0,0.0,0.012769510599597926,4,297,0.013468013468013467,0.005249493312139357,0.034112084342014855,17,297,0.05723905723905724,0.036040639226430006,0.08974515635503214,173,295,0.5864406779661017,0.5294821473253317,0.6411768238486948,16,295,0.05423728813559322,0.03365711099957879,0.08627799843632306,105,295,0.3559322033898305,0.3034669669694749,0.41210141440714737,164,297,0.5521885521885522,0.4953256695749912,0.6077185902614144,125,297,0.4208754208754209,0.36608748352320525,0.4776841225312766,1,297,0.003367003367003367,0.0005945909373711849,0.018822936425865813,5,297,0.016835016835016835,0.0072116971558952025,0.03879789726189808,2,297,0.006734006734006734,0.0018486155014349904,0.02421692862544108,112,295,0.37966101694915255,0.32616274555591757,0.43625319653514344,311 0.38; 363 0.20; 350 0.09; 150 0.06; 312 0.06,5,38 0.17; 35 0.11; 56 0.11; 44 0.08; 52 0.07; 53 0.06; 99 0.06; 37 0.05; 57 0.04,9,earned income 0.45; shelter deduction 0.20; unearned income 0.14,"wrong amount, known item 0.41; wrong include/exclude decision 0.22; unreported source of income 0.11; household composition 0.07",139,58,68,197,0.7055837563451777,0.6384935318005891,0.7648093695903577,0.29441624365482233,68,0.25660377358490566,265,71702.0
1,rawben_rel_max <=   0.991 & total_deductions_by_hh_size > 800.000 & unc_rawben_rel_max >   0.985,all_2022_24,236,97,139,2,139,0.014388489208633094,0.003954669579790876,0.050942503232611104,3,139,0.02158273381294964,0.007366681010400868,0.06153201516774331,96,139,0.6906474820143885,0.6095444361186486,0.7614959330735196,14,139,0.10071942446043165,0.060947854355534674,0.1619675988457736,24,139,0.17266187050359713,0.11886086838811098,0.2440698184706192,0,139,0.0,0.0,0.026894126080917603,0,139,0.0,0.0,0.026894126080917603,30,139,0.2158273381294964,0.15557197920756322,0.2913678478456201,84,139,0.60431654676259,0.5212692719542503,0.6817528168490116,3,139,0.02158273381294964,0.007366681010400868,0.06153201516774331,0,139,0.0,0.0,0.026894126080917603,12,139,0.08633093525179857,0.05007346475054551,0.1448389417192784,3,139,0.02158273381294964,0.007366681010400868,0.06153201516774331,0,139,0.0,0.0,0.026894126080917603,0,139,0.0,0.0,0.026894126080917603,0,139,0.0,0.0,0.026894126080917603,7,139,0.050359712230215826,0.024605238882088647,0.10029955075902428,89,139,0.6402877697841727,0.5577209931844738,0.715308712447499,21,139,0.1510791366906475,0.10098748819284317,0.21993862856866045,29,139,0.20863309352517986,0.14937394144110333,0.2835643622463378,75,139,0.539568345323741,0.4567572807295883,0.6202510977819937,61,139,0.43884892086330934,0.3590953261759745,0.5218917252152168,0,139,0.0,0.0,0.026894126080917603,0,139,0.0,0.0,0.026894126080917603,3,139,0.02158273381294964,0.007366681010400868,0.06153201516774331,41,139,0.2949640287769784,0.22548951757022714,0.3754670665061203,363 0.69; 365 0.17,2,53 0.53; 56 0.19; 64 0.09,3,shelter deduction 0.69; medical deduction 0.17,"wrong include/exclude decision 0.60; wrong amount, known item 0.22",97,0,97,97,1.0,0.9619046107955446,0.9999999999999999,0.0,97,0.5,194,23788.0
1,rawben_rel_max <=   0.991 & total_deductions_by_hh_size > 800.000 & unc_rawben_rel_max >   0.985,train_2022_23,123,53,77,1,77,0.012987012987012988,0.0022961581721549496,0.06996366845176145,2,77,0.025974025974025976,0.0071520098481384214,0.08984755473247355,53,77,0.6883116883116883,0.5779975455912919,0.7807286547807938,6,77,0.07792207792207792,0.036200461908799254,0.15975805449859498,15,77,0.19480519480519481,0.12176294266340366,0.2968532153542507,0,77,0.0,3.469446951953614e-18,0.047520088667220836,0,77,0.0,3.469446951953614e-18,0.047520088667220836,1,77,0.012987012987012988,0.0022961581721549496,0.06996366845176145,62,77,0.8051948051948052,0.7031467846457494,0.8782370573365964,2,77,0.025974025974025976,0.0071520098481384214,0.08984755473247355,0,77,0.0,3.469446951953614e-18,0.047520088667220836,3,77,0.03896103896103896,0.013337708283515264,0.10840159425379228,2,77,0.025974025974025976,0.0071520098481384214,0.08984755473247355,0,77,0.0,3.469446951953614e-18,0.047520088667220836,0,77,0.0,3.469446951953614e-18,0.047520088667220836,0,77,0.0,3.469446951953614e-18,0.047520088667220836,7,77,0.09090909090909091,0.04473514189357164,0.17596311247051816,54,77,0.7012987012987013,0.5915034528407916,0.7919624854879896,16,77,0.2077922077922078,0.13214965937388248,0.3112062366004674,7,77,0.09090909090909091,0.04473514189357164,0.17596311247051816,43,77,0.5584415584415584,0.44738036790961955,0.6639484528955104,33,77,0.42857142857142855,0.32403475215621097,0.5398966890819635,0,77,0.0,3.469446951953614e-18,0.047520088667220836,0,77,0.0,3.469446951953614e-18,0.047520088667220836,1,77,0.012987012987012988,0.0022961581721549496,0.06996366845176145,25,77,0.3246753246753247,0.23059228059320142,0.4354212569914086,363 0.69; 365 0.19,2,53 0.69; 52 0.12,2,shelter deduction 0.69; medical deduction 0.19,wrong include/exclude decision 0.81,53,0,53,53,1.0,0.9324156955469234,1.0,0.0,53,0.5,106,13096.0
1,rawben_rel_max <=   0.991 & total_deductions_by_hh_size > 800.000 & unc_rawben_rel_max >   0.985,test_2024,113,44,62,1,62,0.016129032258064516,0.0028527936922403963,0.08586923007388922,1,62,0.016129032258064516,0.0028527936922403963,0.08586923007388922,43,62,0.6935483870967742,0.5703254906920545,0.7941856998014938,8,62,0.12903225806451613,0.06685798258498754,0.23449556896904517,9,62,0.14516129032258066,0.07829323056347005,0.2534362535316917,0,62,0.0,0.0,0.05834609122500061,0,62,0.0,0.0,0.05834609122500061,29,62,0.46774193548387094,0.34908630867622215,0.5901618262415199,22,62,0.3548387096774194,0.2474256057638604,0.4791910013659786,1,62,0.016129032258064516,0.0028527936922403963,0.08586923007388922,0,62,0.0,0.0,0.05834609122500061,9,62,0.14516129032258066,0.07829323056347005,0.2534362535316917,1,62,0.016129032258064516,0.0028527936922403963,0.08586923007388922,0,62,0.0,0.0,0.05834609122500061,0,62,0.0,0.0,0.05834609122500061,0,62,0.0,0.0,0.05834609122500061,0,62,0.0,0.0,0.05834609122500061,35,62,0.5645161290322581,0.4409276740746583,0.6805760560898577,5,62,0.08064516129032258,0.034937831855833754,0.17528792207481192,22,62,0.3548387096774194,0.2474256057638604,0.4791910013659786,32,62,0.5161290322580645,0.39447247460618196,0.6359034579349471,28,62,0.45161290322580644,0.3341951476826002,0.5746770546940128,0,62,0.0,0.0,0.05834609122500061,0,62,0.0,0.0,0.05834609122500061,2,62,0.03225806451612903,0.008891184997076397,0.11020677131018222,16,62,0.25806451612903225,0.16554737249309678,0.37881363938996804,363 0.69; 365 0.15,2,56 0.44; 53 0.32,2,shelter deduction 0.69; medical deduction 0.15,"wrong amount, known item 0.47; wrong include/exclude decision 0.35",44,0,44,44,1.0,0.9197016822179859,0.9999999999999999,0.0,44,0.5,88,10692.0
4+,shelter_expenses_by_hh_size <= 560.000 & total_deductions_by_hh_size > 223.000 & unc_rawben_rel_max <=   0.982,all_2022_24,2023,556,900,344,900,0.38222222222222224,0.35103894297119465,0.41440668378464396,121,900,0.13444444444444445,0.11370426436518796,0.15829206773548102,177,900,0.19666666666666666,0.17201054548100578,0.22390130455997484,40,900,0.044444444444444446,0.032806610465233824,0.059954776043198627,4,900,0.0044444444444444444,0.0017296462617041788,0.011371764427956486,126,900,0.14,0.11885682882043545,0.1642033888106185,88,900,0.09777777777777778,0.08004839481090507,0.11892629278922308,311,900,0.34555555555555556,0.31520193394045637,0.3772220483148414,239,900,0.26555555555555554,0.2377430922970837,0.29536093832067045,89,900,0.09888888888888889,0.08105785762545406,0.12012960708075107,53,900,0.058888888888888886,0.04530182241808505,0.07622566646934831,53,900,0.058888888888888886,0.04530182241808505,0.07622566646934831,74,900,0.08222222222222222,0.06600100984976846,0.10199479826528178,9,900,0.01,0.005269762115293915,0.018895534104751723,0,900,0.0,4.336808689942018e-19,0.004250302265352689,6,900,0.006666666666666667,0.0030588279875922346,0.01446813691422242,66,900,0.07333333333333333,0.058055268573466795,0.09223832269296747,587,895,0.6558659217877095,0.6241337309531106,0.6862657877162522,65,895,0.07262569832402235,0.057387931071115596,0.09151661451288942,242,895,0.27039106145251396,0.2423185534720946,0.30042624160637077,507,900,0.5633333333333334,0.5307284150790944,0.5953998799672943,352,900,0.39111111111111113,0.3597557694650402,0.4233920741394144,2,900,0.0022222222222222222,0.0006096124062862493,0.008066244071220429,10,900,0.011111111111111112,0.006046304227161616,0.020331769098961016,29,900,0.03222222222222222,0.022527348381929352,0.04589348995965617,367,895,0.4100558659217877,0.3782835076249267,0.44259705687053064,311 0.32; 363 0.20; 323 0.11; 350 0.08; 312 0.06,5,38 0.16; 53 0.13; 35 0.10; 52 0.09; 44 0.08; 99 0.07; 56 0.07; 98 0.03; 37 0.03,9,earned income 0.38; shelter deduction 0.20; dep care or child support deduction 0.14; unearned income 0.13,"wrong amount, known item 0.35; wrong include/exclude decision 0.27; unreported source of income 0.10; method or computation 0.08",392,164,228,556,0.7050359712230215,0.6658270364403944,0.7414310165517375,0.2949640287769784,228,0.29081632653061223,784,188236.0
4+,shelter_expenses_by_hh_size <= 560.000 & total_deductions_by_hh_size > 223.000 & unc_rawben_rel_max <=   0.982,train_2022_23,1184,322,524,192,524,0.366412213740458,0.3262681523406884,0.40850076318245343,74,524,0.14122137404580154,0.11400853349391478,0.1736565539110947,102,524,0.1946564885496183,0.16302809765082932,0.23072942354492337,26,524,0.04961832061068702,0.03408273550877166,0.07170960825496353,3,524,0.0057251908396946565,0.0019489169782144359,0.016696070457410193,76,524,0.1450381679389313,0.11746938088736066,0.17777373750270184,51,524,0.09732824427480916,0.07480311233987857,0.12571461873702025,140,524,0.26717557251908397,0.23108328998431704,0.3066568199274444,163,524,0.3110687022900763,0.27292677991985015,0.35196068632002186,53,524,0.10114503816793893,0.07816162102962336,0.1299341410323286,32,524,0.061068702290076333,0.043586731991000924,0.08493970472789354,34,524,0.0648854961832061,0.04680088148300099,0.08930358622094656,48,524,0.0916030534351145,0.06978732011118073,0.11936336448813846,2,524,0.003816793893129771,0.001047305412182357,0.013808666530915725,0,524,0.0,0.0,0.00727794095804499,3,524,0.0057251908396946565,0.0019489169782144359,0.016696070457410193,49,524,0.09351145038167939,0.07145621817498128,0.12148348191686446,341,524,0.6507633587786259,0.6089811691192205,0.6903510547903765,42,524,0.08015267175572519,0.05984322621875589,0.10657336542540403,141,524,0.26908396946564883,0.23289328448205393,0.30863584092223406,283,524,0.5400763358778626,0.4972654773619896,0.5823038479810679,213,524,0.4064885496183206,0.36526080082746826,0.44907744003873107,1,524,0.0019083969465648854,0.0003369497233434004,0.010730006727228134,0,524,0.0,0.0,0.00727794095804499,27,524,0.05152671755725191,0.035650697804323686,0.07393066145193805,215,524,0.41030534351145037,0.36898958357866735,0.45292668827258503,311 0.30; 363 0.19; 323 0.10; 350 0.07; 312 0.06; 150 0.05,6,53 0.17; 38 0.17; 52 0.12; 35 0.10; 99 0.09; 44 0.09; 98 0.03,7,earned income 0.37; shelter deduction 0.19; dep care or child support deduction 0.15; unearned income 0.14,"wrong include/exclude decision 0.31; wrong amount, known item 0.27; unreported source of income 0.10; other 0.09",219,103,135,322,0.6801242236024845,0.6273109752500214,0.7286902228781489,0.3198757763975155,135,0.29540481400437635,457,106746.0
4+,shelter_expenses_by_hh_size <= 560.000 & total_deductions_by_hh_size > 223.000 & unc_rawben_rel_max <=   0.982,test_2024,839,234,376,152,376,0.40425531914893614,0.3558612422964528,0.45458605994742984,47,376,0.125,0.09531773463750236,0.1622675324843716,75,376,0.19946808510638298,0.16220622963186795,0.24280891352254166,14,376,0.03723404255319149,0.022306735420396136,0.06152189209170363,1,376,0.0026595744680851063,0.0004696224906766836,0.014909419720602963,50,376,0.13297872340425532,0.10234186073334994,0.17103946453486712,37,376,0.09840425531914894,0.07223687857106884,0.1326948613963281,171,376,0.45478723404255317,0.4051649939098822,0.5053240099275069,76,376,0.20212765957446807,0.1646417131846632,0.24563878268519412,36,376,0.09574468085106383,0.06996121220520957,0.12970517504673967,21,376,0.05585106382978723,0.03681667599288761,0.08386942052734607,19,376,0.05053191489361702,0.03258540417310317,0.07756998691623511,26,376,0.06914893617021277,0.04762247259115654,0.09939038750631568,7,376,0.018617021276595744,0.00904659416167196,0.0379245643422939,0,376,0.0,8.673617379884035e-19,0.010113689495831947,3,376,0.007978723404255319,0.002717072968038267,0.023192674674136785,17,376,0.04521276595744681,0.02841725839197593,0.07120742726646695,246,371,0.6630727762803235,0.6135224543043398,0.7092805643574096,23,371,0.06199460916442048,0.0416617944301069,0.09130530420569022,101,371,0.2722371967654987,0.2294500253674562,0.31969286592315843,224,376,0.5957446808510638,0.5454139400525702,0.6441387577035471,139,376,0.3696808510638298,0.32243551927598674,0.41956219766707586,1,376,0.0026595744680851063,0.0004696224906766836,0.014909419720602963,10,376,0.026595744680851064,0.014509041986035094,0.04825817466427388,2,376,0.005319148936170213,0.0014598859602773118,0.01918450896645004,152,371,0.40970350404312667,0.3608349024211212,0.46042293022072006,311 0.36; 363 0.20; 323 0.11; 350 0.08,4,56 0.17; 38 0.15; 35 0.10; 44 0.08; 53 0.07; 52 0.06; 99 0.05; 37 0.04; 57 0.04,9,earned income 0.40; shelter deduction 0.20; dep care or child support deduction 0.13; unearned income 0.12,"wrong amount, known item 0.45; wrong include/exclude decision 0.20; unreported source of income 0.10",173,61,93,234,0.7393162393162394,0.6795234960951213,0.7913781460061764,0.2606837606837607,93,0.28440366972477066,327,81490.0
4+,shelter_expenses_by_hh_size >= 302 & shelter_expenses_by_hh_size < 419 & total_deductions_by_hh_size >= 139,all_2022_24,2332,561,856,335,856,0.39135514018691586,0.35921464998666586,0.42446643732057776,148,856,0.17289719626168223,0.1490397021595897,0.1996775499482404,169,856,0.19742990654205608,0.17214047801802201,0.2254229801817209,35,856,0.04088785046728972,0.02954441249546661,0.05633373064159492,2,856,0.002336448598130841,0.000640959071930119,0.008478860206411382,58,856,0.06775700934579439,0.052778351293265746,0.08659801756350974,109,856,0.12733644859813084,0.10665770035015812,0.15134516901554831,289,856,0.33761682242990654,0.30672479128951563,0.36995984457830006,198,856,0.23130841121495327,0.20429828008333298,0.26071946271952745,102,856,0.1191588785046729,0.09913862307346263,0.14258217759493957,70,856,0.08177570093457943,0.06523306363022266,0.10205542299336012,51,856,0.05957943925233645,0.04560345249909439,0.07749084766037685,72,856,0.08411214953271028,0.06732515316976222,0.10461535308162177,12,856,0.014018691588785047,0.008037101681397846,0.02434281573594972,0,856,0.0,0.0,0.004467799650540285,8,856,0.009345794392523364,0.004743058630776325,0.018332819530968814,54,856,0.0630841121495327,0.04866919791537774,0.08140313168579533,547,845,0.6473372781065089,0.6145204533583923,0.6788204950588388,62,845,0.07337278106508875,0.05765628545474942,0.09295084784314735,236,845,0.27928994082840236,0.2500900982899134,0.31048751713327033,483,854,0.5655737704918032,0.5321080764844862,0.5984521574794529,343,854,0.4016393442622951,0.36927095222969225,0.43488869682439896,1,854,0.00117096018735363,0.0002067278215595928,0.006602920952759583,13,854,0.01522248243559719,0.008917288007747154,0.025869553758844727,14,854,0.01639344262295082,0.00978986632365689,0.027328408192291046,360,845,0.4260355029585799,0.39310197982243084,0.45963850791992295,311 0.32; 363 0.20; 350 0.10; 312 0.06; 150 0.06; 323 0.05,6,38 0.17; 35 0.12; 53 0.10; 44 0.09; 52 0.08; 99 0.06; 56 0.05; 37 0.04; 7 0.02; 6 0.02,10,earned income 0.39; shelter deduction 0.20; unearned income 0.17,"wrong amount, known item 0.34; wrong include/exclude decision 0.23; unreported source of income 0.12; method or computation 0.08",399,162,202,561,0.7112299465240641,0.672391363661044,0.7471952956784945,0.2887700534759358,202,0.26474442988204455,763,178929.0
4+,shelter_expenses_by_hh_size >= 302 & shelter_expenses_by_hh_size < 419 & total_deductions_by_hh_size >= 139,train_2022_23,1424,327,498,185,498,0.3714859437751004,0.3301815406429848,0.41475789841507654,93,498,0.18674698795180722,0.15496402084858515,0.22332586185543937,102,498,0.20481927710843373,0.17169719948646797,0.24246057460001672,20,498,0.040160642570281124,0.02614577147468136,0.06121565890494439,2,498,0.004016064257028112,0.0011020183742671838,0.014523629240438332,29,498,0.05823293172690763,0.040848082220285874,0.08238123954180002,67,498,0.13453815261044177,0.10734981242664676,0.16732171739471524,136,498,0.27309236947791166,0.23580839822742883,0.3138502988594608,127,498,0.25502008032128515,0.2187135780802937,0.2950772276241358,62,498,0.12449799196787148,0.09834411916718472,0.15640080433058828,46,498,0.09236947791164658,0.0699651510940133,0.12101463216827502,30,498,0.060240963855421686,0.04251947107274161,0.08469517195406205,50,498,0.10040160642570281,0.07698855461072376,0.12993251371043574,2,498,0.004016064257028112,0.0011020183742671838,0.014523629240438332,0,498,0.0,0.0,0.007655005085269933,4,498,0.008032128514056224,0.0031277931757751135,0.02046849696836598,41,498,0.0823293172690763,0.0612661810252964,0.10978699591340296,321,496,0.6471774193548387,0.6041391297630099,0.6879534051520513,42,496,0.0846774193548387,0.06325479388215267,0.11248408019315438,133,496,0.26814516129032256,0.23104999947965513,0.3088042263390842,277,496,0.5584677419354839,0.5144829065998887,0.6015538538458206,208,496,0.41935483870967744,0.37671024865276775,0.46323904728418513,0,496,0.0,0.0,0.007685634809107525,0,496,0.0,0.0,0.007685634809107525,11,496,0.02217741935483871,0.012427652280637023,0.039271926145808475,208,496,0.41935483870967744,0.37671024865276775,0.46323904728418513,311 0.30; 363 0.20; 350 0.11; 312 0.06; 150 0.06; 323 0.04,6,38 0.16; 35 0.12; 53 0.12; 44 0.10; 52 0.09; 99 0.08; 37 0.03; 6 0.03; 7 0.02,9,earned income 0.37; shelter deduction 0.20; unearned income 0.19,"wrong amount, known item 0.27; wrong include/exclude decision 0.26; unreported source of income 0.12; method or computation 0.10",231,96,118,327,0.7064220183486238,0.6548939366608941,0.7531563206223495,0.29357798165137616,118,0.2651685393258427,445,99102.0
4+,shelter_expenses_by_hh_size >= 302 & shelter_expenses_by_hh_size < 419 & total_deductions_by_hh_size >= 139,test_2024,908,234,358,150,358,0.41899441340782123,0.3690088509510684,0.47070001613331325,55,358,0.15363128491620112,0.11997214742222645,0.19464507735237102,67,358,0.1871508379888268,0.15014715295531586,0.23079743716367537,15,358,0.04189944134078212,0.02555324691588024,0.06797276004407127,0,358,0.0,8.673617379884035e-19,0.010616800279459295,29,358,0.08100558659217877,0.05699097688148824,0.11391695631358936,42,358,0.11731843575418995,0.0879757865547931,0.15478679243004442,153,358,0.4273743016759777,0.3771669630711495,0.47912374534933055,71,358,0.19832402234636873,0.16031714527115742,0.24273656662929843,40,358,0.11173184357541899,0.08313265929047782,0.14857535880362738,24,358,0.0670391061452514,0.04546028820406898,0.09781124276417788,21,358,0.05865921787709497,0.038683196215648905,0.08800649341649953,22,358,0.061452513966480445,0.040928855817918795,0.09128811425959577,10,358,0.027932960893854747,0.015241879999820487,0.05064772473330029,0,358,0.0,8.673617379884035e-19,0.010616800279459295,4,358,0.0111731843575419,0.0043533046298569866,0.028372617431066907,13,358,0.036312849162011177,0.021341970318985867,0.061129475750233364,226,349,0.6475644699140402,0.5960839859397691,0.6958317065409363,20,349,0.05730659025787966,0.037399809822657115,0.08685311273522722,103,349,0.29512893982808025,0.24971602285118366,0.345002967199876,206,358,0.5754189944134078,0.5236825168380301,0.6255540551868559,135,358,0.3770949720670391,0.328444559217814,0.42835510118607534,1,358,0.002793296089385475,0.0004932429521416794,0.01565083777268377,13,358,0.036312849162011177,0.021341970318985867,0.061129475750233364,3,358,0.008379888268156424,0.0028538781647563845,0.02434476345080136,152,349,0.4355300859598854,0.3844909125393948,0.48797310530884075,311 0.34; 363 0.19; 350 0.08; 312 0.07; 323 0.06; 150 0.06,6,38 0.18; 56 0.13; 35 0.11; 44 0.08; 52 0.07; 53 0.07; 37 0.05; 99 0.04; 97 0.03; 57 0.03,10,earned income 0.42; shelter deduction 0.19; unearned income 0.15,"wrong amount, known item 0.43; wrong include/exclude decision 0.20; unreported source of income 0.11; household composition 0.07",168,66,84,234,0.717948717948718,0.6571298138908518,0.7717270387371157,0.28205128205128205,84,0.2641509433962264,318,79827.0
4+,HH_size_n <=   7.500 & total_deductions_by_hh_size > 224.000 & total_deductions_by_hh_size <= 325.000 & unc_rawben_rel_max <=   0.968,all_2022_24,1759,463,737,301,737,0.4084124830393487,0.3734883658734792,0.4442864459081486,105,737,0.14246947082767977,0.11908548072349093,0.16956137712034505,146,737,0.19810040705563092,0.17092229390790287,0.2284094930759814,36,737,0.048846675712347354,0.0354892107661495,0.06688301023223936,4,737,0.005427408412483039,0.00211254305181664,0.013871440568973551,66,737,0.08955223880597014,0.07100903095025007,0.11235216258963751,79,737,0.10719131614654002,0.08685850014055854,0.1315979148339785,249,737,0.3378561736770692,0.3046273047838788,0.3727666212591513,178,737,0.24151967435549526,0.2120102304134407,0.2737097939480423,87,737,0.11804613297150611,0.0967074993620628,0.14334597495687393,51,737,0.06919945725915876,0.05302167230965808,0.08984503495948017,47,737,0.06377204884667571,0.04829387295160696,0.08377430464533143,64,737,0.08683853459972862,0.06859018024561603,0.10937174845817163,5,737,0.0067842605156037995,0.002901167288821109,0.01578244875001904,0,737,0.0,0.0,0.0051854539485903595,4,737,0.005427408412483039,0.00211254305181664,0.013871440568973551,52,737,0.07055630936227951,0.05420869243183887,0.09135764725534931,462,733,0.6302864938608458,0.5947451662518543,0.664469297209492,64,733,0.08731241473396999,0.06896776142177977,0.10996024698599743,206,733,0.2810368349249659,0.24970168298130027,0.3146551611491072,408,737,0.55359565807327,0.5175190595939304,0.589116420919043,297,737,0.40298507462686567,0.36816376404643564,0.4388125180629923,1,737,0.0013568521031207597,0.00023955171826083163,0.0076455346483794845,6,737,0.008141112618724558,0.00373628138939247,0.01764696706749764,25,737,0.033921302578018994,0.023080238305994923,0.04959602609384438,286,733,0.39017735334242837,0.35552426131734755,0.4259755888539783,311 0.33; 363 0.20; 312 0.07; 350 0.07; 323 0.06; 150 0.06,6,38 0.17; 35 0.12; 53 0.11; 52 0.09; 44 0.08; 99 0.07; 56 0.05; 98 0.03; 37 0.03; 13 0.02,10,earned income 0.41; shelter deduction 0.20; unearned income 0.14; other element 0.11,"wrong amount, known item 0.34; wrong include/exclude decision 0.24; unreported source of income 0.12; method or computation 0.09",320,143,166,463,0.6911447084233261,0.6476307793784175,0.7315128102245656,0.30885529157667385,166,0.26391096979332274,629,158911.0
4+,HH_size_n <=   7.500 & total_deductions_by_hh_size > 224.000 & total_deductions_by_hh_size <= 325.000 & unc_rawben_rel_max <=   0.968,train_2022_23,1030,273,437,172,437,0.39359267734553777,0.3489046655516318,0.44013520727343736,65,437,0.14874141876430205,0.11844455215714192,0.1851601893191616,87,437,0.19908466819221968,0.16433899469044394,0.23907483921270856,23,437,0.05263157894736842,0.03532384824725161,0.07773626223234013,3,437,0.006864988558352402,0.0023373641320203146,0.01998720777770871,44,437,0.10068649885583524,0.07586123360324787,0.13247119237469976,43,437,0.09839816933638444,0.07387390729016124,0.12992174175929327,125,437,0.28604118993135014,0.24567875798996902,0.3301325991959227,122,437,0.2791762013729977,0.23918000020664051,0.3230210261937717,48,437,0.10983981693363844,0.08385278230754875,0.14262675138437142,27,437,0.06178489702517163,0.04280611933899875,0.08840109885456557,31,437,0.07093821510297482,0.050422258839446316,0.09893206706809055,42,437,0.09610983981693363,0.07189105924794781,0.12736781287301355,1,437,0.002288329519450801,0.00040405022845175186,0.012846967824291,0,437,0.0,0.0,0.008714241124249615,1,437,0.002288329519450801,0.00040405022845175186,0.012846967824291,40,437,0.09153318077803203,0.06793936530075909,0.122245952963216,272,437,0.6224256292906178,0.5760919175381628,0.6666256481362199,41,437,0.09382151029748284,0.06991282923694647,0.12480926595552178,124,437,0.2837528604118993,0.24351118396628313,0.3277633962911154,227,437,0.5194508009153318,0.4726412749279109,0.5659213289642806,187,437,0.4279176201372998,0.38235402401264085,0.4747375027398254,0,437,0.0,0.0,0.008714241124249615,0,437,0.0,0.0,0.008714241124249615,23,437,0.05263157894736842,0.03532384824725161,0.07773626223234013,162,437,0.3707093821510298,0.32673436827226987,0.4169377352678679,311 0.31; 363 0.20; 312 0.08; 323 0.07; 350 0.07; 150 0.05,6,38 0.19; 53 0.16; 35 0.11; 52 0.10; 99 0.09; 44 0.08; 98 0.03,7,earned income 0.39; shelter deduction 0.20; unearned income 0.15; dep care or child support deduction 0.10,"wrong amount, known item 0.29; wrong include/exclude decision 0.28; unreported source of income 0.11; method or computation 0.10",186,87,101,273,0.6813186813186813,0.6238548936198549,0.7337503217812988,0.31868131868131866,101,0.2700534759358289,374,91808.0
4+,HH_size_n <=   7.500 & total_deductions_by_hh_size > 224.000 & total_deductions_by_hh_size <= 325.000 & unc_rawben_rel_max <=   0.968,test_2024,729,190,300,129,300,0.43,0.3752101984887211,0.4865598817109618,40,300,0.13333333333333333,0.09946587636064691,0.17647263897102589,59,300,0.19666666666666666,0.15564395355751642,0.2453597273077765,13,300,0.043333333333333335,0.025496203603204263,0.07271812912806098,1,300,0.0033333333333333335,0.0005886425761407379,0.018637164554943353,22,300,0.07333333333333333,0.048923631132474436,0.10853209579892667,36,300,0.12,0.08795033863213894,0.16165866816614016,124,300,0.41333333333333333,0.35904776475728883,0.469810429775652,56,300,0.18666666666666668,0.14663682127589442,0.23461972818935325,39,300,0.13,0.09657483743516235,0.17278130076316203,24,300,0.08,0.05434646978454494,0.11627401141355304,16,300,0.05333333333333334,0.03309162538404202,0.08486983874726851,22,300,0.07333333333333333,0.048923631132474436,0.10853209579892667,4,300,0.013333333333333334,0.005196877684679467,0.03377606084644991,0,300,0.0,0.0,0.012643429997735661,3,300,0.01,0.0034065567627181124,0.028984004635062833,12,300,0.04,0.02302709213793877,0.06860486345997804,190,296,0.6418918918918919,0.5857749767405153,0.6943729413602419,23,296,0.0777027027027027,0.05233249937444344,0.11389393484949346,82,296,0.27702702702702703,0.22914713348652876,0.33062042378370987,181,300,0.6033333333333334,0.5470035716380164,0.657050119495785,110,300,0.36666666666666664,0.3141405831655016,0.4225643315005612,1,300,0.0033333333333333335,0.0005886425761407379,0.018637164554943353,6,300,0.02,0.009197506067771085,0.042940186730055147,2,300,0.006666666666666667,0.0018301100329710784,0.023978074231461442,124,296,0.4189189189189189,0.36410189532255816,0.4758135800484377,311 0.36; 363 0.20; 350 0.08; 312 0.07; 150 0.06,5,56 0.13; 38 0.13; 35 0.13; 44 0.08; 52 0.06; 37 0.05; 53 0.05; 99 0.04; 57 0.04; 54 0.03; 98 0.02,11,earned income 0.43; shelter deduction 0.20; unearned income 0.13,"wrong amount, known item 0.41; wrong include/exclude decision 0.19; unreported source of income 0.13; household composition 0.08",134,56,65,190,0.7052631578947368,0.6368826241012703,0.7655077812606333,0.29473684210526313,65,0.2549019607843137,255,67103.0
4+,shelter_expenses_by_hh_size <= 423.000 & total_deductions_by_hh_size > 127.000 & unc_rawben_rel_max <=   0.784,all_2022_24,3689,890,1354,559,1354,0.41285081240768096,0.3869082145843078,0.4392865344939353,198,1354,0.14623338257016247,0.12841340352266836,0.16605511180341978,280,1354,0.206794682422452,0.18606585597536357,0.22918257948279303,62,1354,0.04579025110782865,0.0358829433897107,0.058267655619776114,6,1354,0.004431314623338257,0.0020324182111187473,0.009634332903296957,112,1354,0.0827178729689808,0.06919944013819139,0.0985974516347518,137,1354,0.10118168389955687,0.08622986359378984,0.11839017456088152,476,1354,0.3515509601181684,0.32657158020755805,0.3773703228833475,352,1354,0.25997045790251105,0.2373094896049006,0.28398960743263313,124,1354,0.0915805022156573,0.07735075052925218,0.10812125150692052,92,1354,0.06794682422451995,0.055727933524541404,0.08261044114301926,88,1354,0.06499261447562776,0.05305364004930524,0.07939303119717889,106,1354,0.07828655834564253,0.06514188629992615,0.09381745034140226,13,1354,0.009601181683899557,0.005619463801289558,0.016357768300010036,0,1354,0.0,0.0,0.002829195982800939,8,1354,0.005908419497784343,0.002996848435391379,0.011615754389562577,95,1354,0.07016248153618906,0.057738385317735834,0.08501876691563218,882,1345,0.6557620817843867,0.629958733815926,0.6806781860418245,104,1345,0.07732342007434945,0.06422186539271817,0.09283260267825473,358,1345,0.2661710037174721,0.24324161437150732,0.29043231739334924,776,1352,0.5739644970414202,0.5474322079993303,0.6000776486092883,526,1352,0.3890532544378698,0.3634144825818169,0.4153207325052553,4,1352,0.0029585798816568047,0.0011510984177447335,0.007582665172338355,13,1352,0.009615384615384616,0.005627788943353277,0.016381861741505487,33,1352,0.02440828402366864,0.017432020290383952,0.03407960171619853,548,1345,0.4074349442379182,0.38147483220257267,0.43392232043566153,311 0.36; 363 0.21; 350 0.08; 323 0.06; 150 0.06,5,38 0.18; 52 0.11; 53 0.11; 44 0.10; 35 0.09; 99 0.07; 56 0.04; 41 0.03; 37 0.03,9,earned income 0.41; shelter deduction 0.21; unearned income 0.15,"wrong amount, known item 0.35; wrong include/exclude decision 0.26; unreported source of income 0.09; method or computation 0.08",577,313,327,890,0.648314606741573,0.6163669696157089,0.6789873750467011,0.35168539325842696,327,0.2686935086277732,1217,268159.0
4+,shelter_expenses_by_hh_size <= 423.000 & total_deductions_by_hh_size > 127.000 & unc_rawben_rel_max <=   0.784,train_2022_23,2367,541,829,326,829,0.39324487334137515,0.3605584743366679,0.42691611867117407,131,829,0.158021712907117,0.13477567586929806,0.18442259664734856,180,829,0.21712907117008443,0.19040212252108868,0.24646558437539678,41,829,0.04945717732207479,0.03666376784105505,0.06640697214119366,5,829,0.006031363088057901,0.0025788700214941594,0.014040856946995405,69,829,0.08323281061519903,0.0662961587126504,0.10401425805807765,77,829,0.09288299155609167,0.07495764421071563,0.11456410878529222,257,829,0.3100120627261761,0.2794649589876741,0.34231185907712947,243,829,0.293124246079614,0.2631485505904336,0.3250084290801304,77,829,0.09288299155609167,0.07495764421071563,0.11456410878529222,54,829,0.06513872135102533,0.05026520336051593,0.08402395798781248,49,829,0.05910735826296743,0.04499601307557003,0.07728606313195849,74,829,0.08926417370325694,0.07170164103171192,0.11061586087981604,5,829,0.006031363088057901,0.0025788700214941594,0.014040856946995405,0,829,0.0,0.0,0.004612641827689683,4,829,0.0048250904704463205,0.0018779050666011777,0.012340404873728408,66,829,0.07961399276236429,0.06306648795550306,0.10003967773074506,563,827,0.6807738814993954,0.6482278618186658,0.7116481963854492,63,827,0.0761789600967352,0.05999363913663096,0.0962835621975343,201,827,0.2430471584038694,0.21504506998454845,0.273425415845723,483,827,0.5840386940749698,0.5501324816120977,0.6171677594928252,316,827,0.38210399032648124,0.349604204233029,0.41569401867733075,2,827,0.0024183796856106408,0.0006634437668684122,0.008774697029162984,0,827,0.0,0.0,0.004623745368551599,26,827,0.03143893591293833,0.02154355064635352,0.045667335279435464,339,827,0.40991535671100365,0.37688660117494066,0.44377716915143683,311 0.33; 363 0.22; 350 0.08; 323 0.06; 150 0.05; 312 0.05,6,38 0.19; 53 0.14; 52 0.13; 44 0.11; 35 0.09; 99 0.08; 41 0.02,7,earned income 0.39; shelter deduction 0.22; unearned income 0.16,"wrong amount, known item 0.31; wrong include/exclude decision 0.29; unreported source of income 0.09; method or computation 0.09",343,198,203,541,0.634011090573013,0.5926065777508782,0.6735258174259953,0.3659889094269871,203,0.2728494623655914,744,154043.0
4+,shelter_expenses_by_hh_size <= 423.000 & total_deductions_by_hh_size > 127.000 & unc_rawben_rel_max <=   0.784,test_2024,1322,349,525,233,525,0.4438095238095238,0.4018706161047575,0.4865647868590032,67,525,0.12761904761904763,0.10175739707296244,0.1588907818902659,100,525,0.19047619047619047,0.1591812874373612,0.22626796617657535,21,525,0.04,0.026308899437148706,0.06037414516448626,1,525,0.0019047619047619048,0.0003363077631967108,0.010709721898615066,43,525,0.08190476190476191,0.06137359698738994,0.10851016404805053,60,525,0.11428571428571428,0.08982658777603998,0.14434863595825018,219,525,0.41714285714285715,0.3757145643924326,0.45977492811345183,109,525,0.20761904761904762,0.17510820960957685,0.24437770072728016,47,525,0.08952380952380952,0.0679905033012912,0.11702066072211392,38,525,0.07238095238095238,0.053185230291606565,0.0977892770088781,39,525,0.07428571428571429,0.054814898016386025,0.09994146003108981,32,525,0.06095238095238095,0.0435030740153413,0.08478032880319643,8,525,0.015238095238095238,0.007741064727572916,0.029777920163176978,0,525,0.0,0.0,0.007264178914820618,4,525,0.007619047619047619,0.0029667245907188874,0.019424857312066366,29,525,0.05523809523809524,0.03873233834432599,0.07820551223323824,319,518,0.6158301158301158,0.5732357813577706,0.6567190555122682,41,518,0.07915057915057915,0.058878736551045696,0.10561868948781361,157,518,0.3030888030888031,0.2650787018969964,0.34399807542393784,293,525,0.5580952380952381,0.5153446778611387,0.6000017699220918,210,525,0.4,0.3589660225088948,0.4424868132740693,2,525,0.0038095238095238095,0.0010453093554895713,0.013782571053313365,13,525,0.024761904761904763,0.014526948441371465,0.04190129018433423,7,525,0.013333333333333334,0.006473270690074175,0.02726386345368456,209,518,0.4034749034749035,0.36208653902877735,0.4462844302461905,311 0.40; 363 0.19; 350 0.08; 150 0.06; 323 0.06,5,38 0.17; 56 0.10; 44 0.09; 35 0.09; 52 0.08; 53 0.06; 99 0.06; 37 0.04; 41 0.04; 57 0.04,10,earned income 0.44; shelter deduction 0.19; unearned income 0.13,"wrong amount, known item 0.42; wrong include/exclude decision 0.21; unreported source of income 0.09; change in circumstances 0.07",234,115,124,349,0.670487106017192,0.61955047366694,0.7177113458010592,0.32951289398280803,124,0.26215644820295986,473,114116.0
1,rawben_rel_max >=   0.484 & rawben_rel_max <   0.989 & shelter_expenses_by_hh_size >= 879.000 & utilities <  31.000,all_2022_24,153,75,137,8,137,0.058394160583941604,0.029882773445485754,0.11099605780891636,7,137,0.051094890510948905,0.024967626448697156,0.10171085490908352,65,137,0.4744525547445255,0.39267702082264716,0.5576217545391778,51,137,0.3722627737226277,0.295833923872982,0.4556599529361426,4,137,0.029197080291970802,0.011411340550450556,0.07266609111746575,0,137,0.0,0.0,0.027276032081430486,2,137,0.014598540145985401,0.004012534577063031,0.05166419729761036,13,137,0.0948905109489051,0.05629419132076918,0.1555863894167402,89,137,0.6496350364963503,0.5666553080888594,0.7244518647918803,3,137,0.021897810218978103,0.0074746229459378005,0.06240245882535704,0,137,0.0,0.0,0.027276032081430486,17,137,0.12408759124087591,0.07893557234581083,0.18974640797818437,1,137,0.0072992700729927005,0.0012896313769595533,0.040186750601092384,1,137,0.0072992700729927005,0.0012896313769595533,0.040186750601092384,0,137,0.0,0.0,0.027276032081430486,0,137,0.0,0.0,0.027276032081430486,13,137,0.0948905109489051,0.05629419132076918,0.1555863894167402,89,137,0.6496350364963503,0.5666553080888594,0.7244518647918803,13,137,0.0948905109489051,0.05629419132076918,0.1555863894167402,35,137,0.25547445255474455,0.18980753746747142,0.33448074099571007,53,137,0.38686131386861317,0.3094526414865042,0.4704419351158634,78,137,0.5693430656934306,0.4856505024920497,0.6492528215258541,2,137,0.014598540145985401,0.004012534577063031,0.05166419729761036,0,137,0.0,0.0,0.027276032081430486,4,137,0.029197080291970802,0.011411340550450556,0.07266609111746575,21,137,0.15328467153284672,0.10249594347336069,0.22298743643712035,363 0.47; 364 0.37,2,53 0.59; 64 0.11; 99 0.09,3,shelter deduction 0.47; utility allowance 0.37,wrong include/exclude decision 0.65; change in circumstances 0.12,71,4,66,75,0.9466666666666667,0.8707382679518444,0.9790669110399569,0.05333333333333334,66,0.46808510638297873,141,22309.0
1,rawben_rel_max >=   0.484 & rawben_rel_max <   0.989 & shelter_expenses_by_hh_size >= 879.000 & utilities <  31.000,train_2022_23,87,47,88,2,88,0.022727272727272728,0.00625479714413793,0.07912699062959425,7,88,0.07954545454545454,0.03906436024832495,0.15520054802853434,42,88,0.4772727272727273,0.37606451443681693,0.5803822373619323,32,88,0.36363636363636365,0.27079145605030686,0.4678890547421881,3,88,0.03409090909090909,0.011660785880160493,0.09549762599419709,0,88,0.0,3.469446951953614e-18,0.04182853957248131,2,88,0.022727272727272728,0.00625479714413793,0.07912699062959425,3,88,0.03409090909090909,0.011660785880160493,0.09549762599419709,58,88,0.6590909090909091,0.5552626020736617,0.7496101353350941,1,88,0.011363636363636364,0.00200873360043052,0.06159643007267622,0,88,0.0,3.469446951953614e-18,0.04182853957248131,12,88,0.13636363636363635,0.07975866827381721,0.2233893605061692,1,88,0.011363636363636364,0.00200873360043052,0.06159643007267622,1,88,0.011363636363636364,0.00200873360043052,0.06159643007267622,0,88,0.0,3.469446951953614e-18,0.04182853957248131,0,88,0.0,3.469446951953614e-18,0.04182853957248131,12,88,0.13636363636363635,0.07975866827381721,0.2233893605061692,54,88,0.6136363636363636,0.5091856433622111,0.7085805976440431,7,88,0.07954545454545454,0.03906436024832495,0.15520054802853434,27,88,0.3068181818181818,0.22023391113033136,0.4095634791590365,36,88,0.4090909090909091,0.3122659516625937,0.513521055532403,46,88,0.5227272727272727,0.4196177626380677,0.6239354855631831,2,88,0.022727272727272728,0.00625479714413793,0.07912699062959425,0,88,0.0,3.469446951953614e-18,0.04182853957248131,4,88,0.045454545454545456,0.017815960935119883,0.11111907503986312,15,88,0.17045454545454544,0.10610728809302103,0.2623706129888417,363 0.48; 364 0.36,2,53 0.61; 99 0.14,2,shelter deduction 0.48; utility allowance 0.36,wrong include/exclude decision 0.66; other 0.14,45,2,41,47,0.9574468085106383,0.8575121280614056,0.9882519706294303,0.0425531914893617,41,0.4659090909090909,88,13732.0
1,rawben_rel_max >=   0.484 & rawben_rel_max <   0.989 & shelter_expenses_by_hh_size >= 879.000 & utilities <  31.000,test_2024,66,28,49,6,49,0.12244897959183673,0.057347477598098245,0.2424466240188096,0,49,0.0,0.0,0.07270029673590504,23,49,0.46938775510204084,0.33703281897894777,0.6061937298008014,19,49,0.3877551020408163,0.26428814373960496,0.5275425351194757,1,49,0.02040816326530612,0.003611579538530696,0.10693768467754147,0,49,0.0,0.0,0.07270029673590504,0,49,0.0,0.0,0.07270029673590504,10,49,0.20408163265306123,0.11481727042813811,0.33637270110943834,31,49,0.6326530612244898,0.49266811386889864,0.7533501747521878,2,49,0.04081632653061224,0.011265396927928273,0.13713283476831106,0,49,0.0,0.0,0.07270029673590504,5,49,0.10204081632653061,0.044378892487039884,0.21756624164970087,0,49,0.0,0.0,0.07270029673590504,0,49,0.0,0.0,0.07270029673590504,0,49,0.0,0.0,0.07270029673590504,0,49,0.0,0.0,0.07270029673590504,1,49,0.02040816326530612,0.003611579538530696,0.10693768467754147,35,49,0.7142857142857143,0.5759085079389967,0.8215056506027583,6,49,0.12244897959183673,0.057347477598098245,0.2424466240188096,8,49,0.16326530612244897,0.08512596988208977,0.29036606669515236,17,49,0.3469387755102041,0.2292420960931444,0.4868906478056021,32,49,0.6530612244897959,0.5131093521943979,0.7707579039068555,0,49,0.0,0.0,0.07270029673590504,0,49,0.0,0.0,0.07270029673590504,0,49,0.0,0.0,0.07270029673590504,6,49,0.12244897959183673,0.057347477598098245,0.2424466240188096,363 0.47; 364 0.39,2,53 0.55; 56 0.14; 64 0.08,3,shelter deduction 0.47; utility allowance 0.39,"wrong include/exclude decision 0.63; wrong amount, known item 0.20",26,2,25,28,0.9285714285714286,0.7735426157408214,0.9801883525522292,0.07142857142857142,25,0.4716981132075472,53,8577.0
1,expedited_i <=   0.50 & total_deductions_by_hh_size <= 920.00 & unc_rawben_rel_max >   1.93 & utilities <= 684.00,all_2022_24,164,83,128,13,128,0.1015625,0.060318074551540965,0.16602626592976388,78,128,0.609375,0.522844879109364,0.6895311842879249,19,128,0.1484375,0.09713386823483508,0.22022878513102215,3,128,0.0234375,0.008002271440112167,0.06664488090027204,3,128,0.0234375,0.008002271440112167,0.06664488090027204,4,128,0.03125,0.012218067575115642,0.07759880357936064,8,128,0.0625,0.03200654206938657,0.11848920434145796,34,128,0.265625,0.19675389235389057,0.34815454322334755,53,128,0.4140625,0.3324500931647407,0.5006829998802466,12,128,0.09375,0.05444326547008603,0.15673135619712675,0,128,0.0,0.0,0.02913799589810803,7,128,0.0546875,0.02673986088319332,0.10858616671355914,4,128,0.03125,0.012218067575115642,0.07759880357936064,4,128,0.03125,0.012218067575115642,0.07759880357936064,6,128,0.046875,0.021657548893279907,0.09849875988938049,0,128,0.0,0.0,0.02913799589810803,8,128,0.0625,0.03200654206938657,0.11848920434145796,50,128,0.390625,0.3104688157120751,0.47715512089063605,11,128,0.0859375,0.048662628996882715,0.147342273856238,67,128,0.5234375,0.43749638578492134,0.6080127706573549,89,128,0.6953125,0.6108473759049617,0.7683955944473397,34,128,0.265625,0.19675389235389057,0.34815454322334755,2,128,0.015625,0.004295359707748747,0.055182073818543405,0,128,0.0,0.0,0.02913799589810803,3,128,0.0234375,0.008002271440112167,0.06664488090027204,66,128,0.515625,0.42986091219393446,0.6004785254342495,331 0.43; 363 0.15; 333 0.12; 311 0.09,4,37 0.27; 38 0.21; 53 0.10; 35 0.09; 99 0.06; 29 0.05,6,unearned income 0.61; shelter deduction 0.15,"wrong include/exclude decision 0.41; wrong amount, known item 0.27; unreported source of income 0.09",83,0,0,83,1.0,0.9557631365612795,1.0,0.0,0,0.0,83,19859.0
1,expedited_i <=   0.50 & total_deductions_by_hh_size <= 920.00 & unc_rawben_rel_max >   1.93 & utilities <= 684.00,train_2022_23,131,64,98,9,98,0.09183673469387756,0.04906865909068409,0.16539772792601637,62,98,0.6326530612244898,0.5338857137383178,0.7214127104812545,14,98,0.14285714285714285,0.0870439104644005,0.2256141781752124,3,98,0.030612244897959183,0.010464701465554671,0.08617164360365084,3,98,0.030612244897959183,0.010464701465554671,0.08617164360365084,1,98,0.01020408163265306,0.0018035013277367812,0.055556163092303754,6,98,0.061224489795918366,0.028358937185437583,0.1271924288575154,25,98,0.25510204081632654,0.17917341706740808,0.34950641514261227,40,98,0.40816326530612246,0.3161068392771741,0.5071480978015837,9,98,0.09183673469387756,0.04906865909068409,0.16539772792601637,0,98,0.0,0.0,0.037721324095458045,6,98,0.061224489795918366,0.028358937185437583,0.1271924288575154,4,98,0.04081632653061224,0.015984990527160958,0.10028969486662705,3,98,0.030612244897959183,0.010464701465554671,0.08617164360365084,4,98,0.04081632653061224,0.015984990527160958,0.10028969486662705,0,98,0.0,0.0,0.037721324095458045,7,98,0.07142857142857142,0.03502800789949942,0.14016169846803606,32,98,0.32653061224489793,0.2417611712469177,0.42438704323518,9,98,0.09183673469387756,0.04906865909068409,0.16539772792601637,57,98,0.5816326530612245,0.4826969984136946,0.6744097241829652,65,98,0.6632653061224489,0.5651133741942346,0.7491000709990853,28,98,0.2857142857142857,0.20568632301416542,0.38190853016960236,2,98,0.02040816326530612,0.005614496475772293,0.07138350826885075,0,98,0.0,0.0,0.037721324095458045,3,98,0.030612244897959183,0.010464701465554671,0.08617164360365084,50,98,0.5102040816326531,0.41272874059974574,0.6069095997248368,331 0.46; 363 0.14; 333 0.11; 311 0.09,4,37 0.26; 38 0.22; 53 0.13; 35 0.09; 99 0.07,5,unearned income 0.63; shelter deduction 0.14,"wrong include/exclude decision 0.41; wrong amount, known item 0.26; unreported source of income 0.09",64,0,0,64,1.0,0.9433739770288436,1.0,0.0,0,0.0,64,14185.0
1,expedited_i <=   0.50 & total_deductions_by_hh_size <= 920.00 & unc_rawben_rel_max >   1.93 & utilities <= 684.00,test_2024,33,19,30,4,30,0.13333333333333333,0.05309569424218104,0.2968168394441695,16,30,0.5333333333333333,0.3614201328152505,0.6976787277587178,5,30,0.16666666666666666,0.07336434240351683,0.33564705185680177,0,30,0.0,0.0,0.113517091390478,0,30,0.0,0.0,0.113517091390478,3,30,0.1,0.03459925995971615,0.25621441315266624,2,30,0.06666666666666667,0.01847663532769335,0.21323817721072091,9,30,0.3,0.16664562643958933,0.4787612101166018,13,30,0.43333333333333335,0.2737723743061511,0.6080299045459127,3,30,0.1,0.03459925995971615,0.25621441315266624,0,30,0.0,0.0,0.113517091390478,1,30,0.03333333333333333,0.0059084379948573795,0.16670751396958874,0,30,0.0,0.0,0.113517091390478,1,30,0.03333333333333333,0.0059084379948573795,0.16670751396958874,2,30,0.06666666666666667,0.01847663532769335,0.21323817721072091,0,30,0.0,0.0,0.113517091390478,1,30,0.03333333333333333,0.0059084379948573795,0.16670751396958874,18,30,0.6,0.42320052498273836,0.7540960567391659,2,30,0.06666666666666667,0.01847663532769335,0.21323817721072091,10,30,0.3333333333333333,0.19230295526846194,0.5122027418616973,24,30,0.8,0.6269395261897256,0.9049502189759876,6,30,0.2,0.09504978102401235,0.37306047381027446,0,30,0.0,0.0,0.113517091390478,0,30,0.0,0.0,0.113517091390478,0,30,0.0,0.0,0.113517091390478,16,30,0.5333333333333333,0.3614201328152505,0.6976787277587178,331 0.33; 363 0.17; 333 0.17; 366 0.10,4,37 0.30; 38 0.17; 35 0.10; 57 0.10; 52 0.10,5,unearned income 0.53; shelter deduction 0.17; earned income 0.13,"wrong include/exclude decision 0.43; wrong amount, known item 0.30; unreported source of income 0.10",19,0,0,19,1.0,0.8318156346315496,1.0,0.0,0,0.0,19,5674.0
1,rawben_rel_max >=   0.988 & rawben_rel_max <   0.992 & total_deductions_by_hh_size >= 198.000 & utilities < 452.000,all_2022_24,268,134,192,3,192,0.015625,0.005327796907835389,0.04492506050346026,10,192,0.052083333333333336,0.028533149337053414,0.0932060521400587,129,192,0.671875,0.6026562942994619,0.73435075629653,37,192,0.19270833333333334,0.14316627008140914,0.2543059727924236,12,192,0.0625,0.03611029002738631,0.10605358118281621,0,192,0.0,0.0,0.019615852811660034,1,192,0.005208333333333333,0.0009199674643243817,0.02890822021388086,38,192,0.19791666666666666,0.14772594103731715,0.25995863670306074,111,192,0.578125,0.5074073536992635,0.6457776692989147,2,192,0.010416666666666666,0.0028612294459291893,0.03717929309882126,0,192,0.0,0.0,0.019615852811660034,20,192,0.10416666666666667,0.06844838740538424,0.15541416273717995,5,192,0.026041666666666668,0.01117344421564433,0.059504082928741736,2,192,0.010416666666666666,0.0028612294459291893,0.03717929309882126,0,192,0.0,0.0,0.019615852811660034,0,192,0.0,0.0,0.019615852811660034,14,192,0.07291666666666667,0.04392834361238834,0.1186601973309046,125,192,0.6510416666666666,0.5812564526919826,0.7149012584378285,22,192,0.11458333333333333,0.0768969042315616,0.16739031564409296,45,192,0.234375,0.18002806481871048,0.2991428569874839,91,192,0.4739583333333333,0.4045340407695196,0.5444042848977542,98,192,0.5104166666666666,0.4401989325913501,0.5802257371417402,1,192,0.005208333333333333,0.0009199674643243817,0.02890822021388086,0,192,0.0,0.0,0.019615852811660034,2,192,0.010416666666666666,0.0028612294459291893,0.03717929309882126,51,192,0.265625,0.20819369060945583,0.3322512403960097,363 0.67; 364 0.19,2,53 0.54; 56 0.15; 64 0.10,3,shelter deduction 0.67; utility allowance 0.19,"wrong include/exclude decision 0.58; wrong amount, known item 0.20",134,0,133,134,1.0,0.9721303293055217,1.0,0.0,133,0.49812734082397003,267,29993.0
1,rawben_rel_max >=   0.988 & rawben_rel_max <   0.992 & total_deductions_by_hh_size >= 198.000 & utilities < 452.000,train_2022_23,171,81,111,1,111,0.009009009009009009,0.0015920445055909102,0.04927454042530521,6,111,0.05405405405405406,0.02500597339497708,0.11293707163400198,77,111,0.6936936936936937,0.6026578744023888,0.7717709040193678,20,111,0.18018018018018017,0.11977496148864882,0.2619821718149624,6,111,0.05405405405405406,0.02500597339497708,0.11293707163400198,0,111,0.0,0.0,0.03345129291127953,1,111,0.009009009009009009,0.0015920445055909102,0.04927454042530521,2,111,0.018018018018018018,0.004955074866777286,0.06332680208373542,82,111,0.7387387387387387,0.6500060698577332,0.8114991686621063,1,111,0.009009009009009009,0.0015920445055909102,0.04927454042530521,0,111,0.0,0.0,0.03345129291127953,9,111,0.08108108108108109,0.04324151215311865,0.14694740893471014,4,111,0.036036036036036036,0.014101074357880557,0.08901138663186531,1,111,0.009009009009009009,0.0015920445055909102,0.04927454042530521,0,111,0.0,0.0,0.03345129291127953,0,111,0.0,0.0,0.03345129291127953,12,111,0.10810810810810811,0.06293144758562781,0.17950334956105074,77,111,0.6936936936936937,0.6026578744023888,0.7717709040193678,15,111,0.13513513513513514,0.08363365730969172,0.2110470158958366,19,111,0.17117117117117117,0.11240858853979098,0.2519332527442037,52,111,0.46846846846846846,0.3782506952330096,0.5607957826983323,58,111,0.5225225225225225,0.43041035948715833,0.6131278705618831,1,111,0.009009009009009009,0.0015920445055909102,0.04927454042530521,0,111,0.0,0.0,0.03345129291127953,0,111,0.0,0.0,0.03345129291127953,32,111,0.2882882882882883,0.21222208013522115,0.37851855740378915,363 0.69; 364 0.18,2,53 0.68; 99 0.11,2,shelter deduction 0.69; utility allowance 0.18,wrong include/exclude decision 0.74; other 0.11,81,0,80,81,1.0,0.954720325877871,0.9999999999999999,0.0,80,0.4968944099378882,161,16552.0
1,rawben_rel_max >=   0.988 & rawben_rel_max <   0.992 & total_deductions_by_hh_size >= 198.000 & utilities < 452.000,test_2024,97,53,81,2,81,0.024691358024691357,0.0067974449101870366,0.08562891197134277,4,81,0.04938271604938271,0.01936899210168111,0.12020404753924974,52,81,0.6419753086419753,0.53332859558884,0.737764830277716,17,81,0.20987654320987653,0.1353706249001661,0.3106558526768715,6,81,0.07407407407407407,0.03438916189352608,0.15233056050680582,0,81,0.0,0.0,0.04527967412212876,0,81,0.0,0.0,0.04527967412212876,36,81,0.4444444444444444,0.3411937567641278,0.5527262070272198,29,81,0.35802469135802467,0.26223516972228395,0.4666714044111599,1,81,0.012345679012345678,0.0021825938606520115,0.06667042164117726,0,81,0.0,0.0,0.04527967412212876,11,81,0.13580246913580246,0.07755383801327821,0.2270325912855563,1,81,0.012345679012345678,0.0021825938606520115,0.06667042164117726,1,81,0.012345679012345678,0.0021825938606520115,0.06667042164117726,0,81,0.0,0.0,0.04527967412212876,0,81,0.0,0.0,0.04527967412212876,2,81,0.024691358024691357,0.0067974449101870366,0.08562891197134277,48,81,0.5925925925925926,0.4837611469314996,0.6930389134162541,7,81,0.08641975308641975,0.04249204303723253,0.1678010207427999,26,81,0.32098765432098764,0.22942074394347284,0.4287658060508694,39,81,0.48148148148148145,0.37599458014162646,0.5886454077888226,40,81,0.49382716049382713,0.38771930018551176,0.6004940291246379,0,81,0.0,0.0,0.04527967412212876,0,81,0.0,0.0,0.04527967412212876,2,81,0.024691358024691357,0.0067974449101870366,0.08562891197134277,19,81,0.2345679012345679,0.15562381855614316,0.3375493417802955,363 0.64; 364 0.21,2,56 0.36; 53 0.35; 64 0.14,3,shelter deduction 0.64; utility allowance 0.21,"wrong amount, known item 0.44; wrong include/exclude decision 0.36",53,0,53,53,1.0,0.9324156955469234,1.0,0.0,53,0.5,106,13441.0
1,elderly_disabled_i >=   1.00 & total_deductions_by_hh_size < 914.00 & unc_rawben_rel_max >=   1.57 & utilities < 462.00,all_2022_24,357,150,210,18,210,0.08571428571428572,0.054904524446293165,0.1314090833830534,141,210,0.6714285714285714,0.6053194162575276,0.7313784011923979,27,210,0.12857142857142856,0.08988652700711491,0.18060153518471306,9,210,0.04285714285714286,0.02270827634074077,0.07943087712612443,6,210,0.02857142857142857,0.013158766465437628,0.060922235547267105,1,210,0.004761904761904762,0.0008410666306054131,0.026476349625165214,8,210,0.0380952380952381,0.019427411213507217,0.07335902510197116,31,210,0.14761904761904762,0.10598562152434962,0.20191330927302567,94,210,0.44761904761904764,0.38190595320943255,0.5152141581253126,37,210,0.1761904761904762,0.1306133724886578,0.23340186121703843,0,210,0.0,0.0,0.017964699104383804,8,210,0.0380952380952381,0.019427411213507217,0.07335902510197116,10,210,0.047619047619047616,0.02606813406825913,0.08542373654999288,13,210,0.06190476190476191,0.036530508778268835,0.10301951329414366,1,210,0.004761904761904762,0.0008410666306054131,0.026476349625165214,0,210,0.0,0.0,0.017964699104383804,16,210,0.0761904761904762,0.04743897751394584,0.12016919601262711,74,209,0.35406698564593303,0.2923982877740732,0.4210036035855108,25,209,0.11961722488038277,0.08234813495067943,0.1706174507243014,110,209,0.5263157894736842,0.45875875869776966,0.5929228674505022,135,210,0.6428571428571429,0.5760168543339231,0.7045646602076815,62,210,0.29523809523809524,0.23766715484828627,0.3601660076420805,5,210,0.023809523809523808,0.010211752920207404,0.0545165319411105,1,210,0.004761904761904762,0.0008410666306054131,0.026476349625165214,7,210,0.03333333333333333,0.016238515070291053,0.0671952040938005,110,209,0.5263157894736842,0.45875875869776966,0.5929228674505022,331 0.51; 363 0.13; 333 0.10; 311 0.08,4,37 0.29; 35 0.18; 38 0.13; 53 0.09; 99 0.08,5,unearned income 0.67; shelter deduction 0.13,"wrong include/exclude decision 0.45; unreported source of income 0.18; wrong amount, known item 0.15",149,1,3,150,0.9933333333333333,0.9632062470660241,0.9988222289768665,0.006666666666666667,3,0.0196078431372549,153,34609.0
1,elderly_disabled_i >=   1.00 & total_deductions_by_hh_size < 914.00 & unc_rawben_rel_max >=   1.57 & utilities < 462.00,train_2022_23,267,111,161,13,161,0.08074534161490683,0.04779273231393138,0.13323924019786174,105,161,0.6521739130434783,0.5758325503709207,0.7214225114581321,21,161,0.13043478260869565,0.08691831797877284,0.1911765318649559,8,161,0.049689440993788817,0.025390243011169274,0.0949774311681641,5,161,0.031055900621118012,0.013336510550724313,0.0706325846291332,1,161,0.006211180124223602,0.0010972402944831212,0.034340416219406575,8,161,0.049689440993788817,0.025390243011169274,0.0949774311681641,25,161,0.15527950310559005,0.10744385185624333,0.21918243665345322,76,161,0.4720496894409938,0.39648809223008363,0.5489140392707026,24,161,0.14906832298136646,0.10226463847896122,0.2122287903642434,0,161,0.0,0.0,0.023304796847397745,6,161,0.037267080745341616,0.01718955087265239,0.07891240397369707,9,161,0.055900621118012424,0.02968466687954458,0.10281586696628076,9,161,0.055900621118012424,0.02968466687954458,0.10281586696628076,1,161,0.006211180124223602,0.0010972402944831212,0.034340416219406575,0,161,0.0,0.0,0.023304796847397745,11,161,0.06832298136645963,0.03857518470722698,0.11819106847158226,55,161,0.3416149068322981,0.2728132581070264,0.41779882039742877,18,161,0.11180124223602485,0.0718986431703967,0.1697976276738562,88,161,0.546583850931677,0.46949292720101665,0.6215035202976731,107,161,0.6645962732919255,0.5885832390092015,0.7329375421528354,45,161,0.2795031055900621,0.21594274781800654,0.35334073402152905,4,161,0.024844720496894408,0.009702928100705496,0.06213330741266006,0,161,0.0,0.0,0.023304796847397745,5,161,0.031055900621118012,0.013336510550724313,0.0706325846291332,87,161,0.5403726708074534,0.4633456667432093,0.6155179210889884,331 0.52; 363 0.13; 333 0.09; 311 0.07,4,37 0.29; 35 0.15; 38 0.14; 53 0.11; 52 0.07,5,unearned income 0.65; shelter deduction 0.13,"wrong include/exclude decision 0.47; wrong amount, known item 0.16; unreported source of income 0.15",110,1,2,111,0.990990990990991,0.9507254595746947,0.9984079554944091,0.009009009009009009,2,0.017699115044247787,113,25830.0
1,elderly_disabled_i >=   1.00 & total_deductions_by_hh_size < 914.00 & unc_rawben_rel_max >=   1.57 & utilities < 462.00,test_2024,90,39,49,5,49,0.10204081632653061,0.044378892487039884,0.21756624164970087,36,49,0.7346938775510204,0.5973744384734165,0.8378886875485057,6,49,0.12244897959183673,0.057347477598098245,0.2424466240188096,1,49,0.02040816326530612,0.003611579538530696,0.10693768467754147,1,49,0.02040816326530612,0.003611579538530696,0.10693768467754147,0,49,0.0,0.0,0.07270029673590504,0,49,0.0,0.0,0.07270029673590504,6,49,0.12244897959183673,0.057347477598098245,0.2424466240188096,18,49,0.3673469387755102,0.24664982524781226,0.5073318861311014,13,49,0.2653061224489796,0.1621113124514944,0.4026255615265835,0,49,0.0,0.0,0.07270029673590504,2,49,0.04081632653061224,0.011265396927928273,0.13713283476831106,1,49,0.02040816326530612,0.003611579538530696,0.10693768467754147,4,49,0.08163265306122448,0.032202296241712225,0.19189387041486136,0,49,0.0,0.0,0.07270029673590504,0,49,0.0,0.0,0.07270029673590504,5,49,0.10204081632653061,0.044378892487039884,0.21756624164970087,19,48,0.3958333333333333,0.2702062649595057,0.5368984540306487,7,48,0.14583333333333334,0.07248157413793963,0.27167447042858606,22,48,0.4583333333333333,0.3257502185455351,0.5970916690505266,28,49,0.5714285714285714,0.4327024751701555,0.6997689110104294,17,49,0.3469387755102041,0.2292420960931444,0.4868906478056021,1,49,0.02040816326530612,0.003611579538530696,0.10693768467754147,1,49,0.02040816326530612,0.003611579538530696,0.10693768467754147,2,49,0.04081632653061224,0.011265396927928273,0.13713283476831106,23,48,0.4791666666666667,0.34471090015787464,0.6167100436401562,331 0.49; 333 0.12; 363 0.12; 346 0.08,4,37 0.29; 35 0.27; 99 0.10; 38 0.08; 124 0.06,5,unearned income 0.73; shelter deduction 0.12,"wrong include/exclude decision 0.37; unreported source of income 0.27; wrong amount, known item 0.12",39,0,1,39,1.0,0.9103301463997611,1.0,0.0,1,0.025,40,8779.0
2-3,expedited_i >= 1.000 & months_since_cert_n < 2.000 & rawben_rel_max >= 0.649 & rawben_rel_max < 0.901,all_2022_24,78,37,58,14,58,0.2413793103448276,0.14958739726966278,0.3653022562968685,15,58,0.25862068965517243,0.16345403519517457,0.383776308133588,11,58,0.1896551724137931,0.10934140042567436,0.3085261838541631,5,58,0.08620689655172414,0.03738483193379338,0.18643861377265664,1,58,0.017241379310344827,0.003049959884541764,0.09141072677298324,0,58,0.0,0.0,0.062119996895293766,12,58,0.20689655172413793,0.12251364354883215,0.3276946304932366,13,58,0.22413793103448276,0.13593533332871566,0.3466136304755843,16,58,0.27586206896551724,0.17752203680746192,0.40204899628353175,11,58,0.1896551724137931,0.10934140042567436,0.3085261838541631,10,58,0.1724137931034483,0.09644189395085108,0.2890850005667552,3,58,0.05172413793103448,0.017745812831795674,0.14139625335019185,3,58,0.05172413793103448,0.017745812831795674,0.14139625335019185,0,58,0.0,0.0,0.062119996895293766,0,58,0.0,0.0,0.062119996895293766,0,58,0.0,0.0,0.062119996895293766,2,58,0.034482758620689655,0.009507728866485675,0.11729364755327057,50,58,0.8620689655172413,0.750738501271678,0.9284159837351781,2,58,0.034482758620689655,0.009507728866485675,0.11729364755327057,6,58,0.10344827586206896,0.04828075015859154,0.20788338531008968,29,58,0.5,0.3753805824767928,0.6246194175232072,28,58,0.4827586206896552,0.35927974452990297,0.6083795657078658,0,58,0.0,0.0,0.062119996895293766,0,58,0.0,0.0,0.062119996895293766,1,58,0.017241379310344827,0.003049959884541764,0.09141072677298324,26,58,0.4482758620689655,0.32749651292941145,0.5754814177838947,363 0.19; 311 0.17; 150 0.16; 342 0.09; 364 0.09; 350 0.09,6,35 0.19; 38 0.12; 52 0.12; 53 0.10; 44 0.09; 37 0.03; 123 0.03; 39 0.03; 7 0.03,9,unearned income 0.26; earned income 0.24; other element 0.21; shelter deduction 0.19,"wrong include/exclude decision 0.28; wrong amount, known item 0.22; unreported source of income 0.19; household composition 0.17",18,19,20,37,0.4864864864864865,0.33446153327211037,0.6410536277401908,0.5135135135135135,20,0.3508771929824561,57,9966.0
2-3,expedited_i >= 1.000 & months_since_cert_n < 2.000 & rawben_rel_max >= 0.649 & rawben_rel_max < 0.901,train_2022_23,54,25,36,8,36,0.2222222222222222,0.11716192974839595,0.38085019827859085,9,36,0.25,0.13750323839225387,0.41070767683203424,9,36,0.25,0.13750323839225387,0.41070767683203424,3,36,0.08333333333333333,0.0287480892712918,0.21827010276918848,0,36,0.0,0.0,0.09642183044857634,0,36,0.0,0.0,0.09642183044857634,7,36,0.19444444444444445,0.09752972019453349,0.350283620635152,8,36,0.2222222222222222,0.11716192974839595,0.38085019827859085,11,36,0.3055555555555556,0.18004270282805354,0.46856578679083716,6,36,0.16666666666666666,0.07870340628564097,0.3189111473467432,6,36,0.16666666666666666,0.07870340628564097,0.3189111473467432,2,36,0.05555555555555555,0.015369663767066846,0.18144974107611211,2,36,0.05555555555555555,0.015369663767066846,0.18144974107611211,0,36,0.0,0.0,0.09642183044857634,0,36,0.0,0.0,0.09642183044857634,0,36,0.0,0.0,0.09642183044857634,1,36,0.027777777777777776,0.004920280295569679,0.141700337350308,31,36,0.8611111111111112,0.7134014871960681,0.9391827463688489,2,36,0.05555555555555555,0.015369663767066846,0.18144974107611211,3,36,0.08333333333333333,0.0287480892712918,0.21827010276918848,20,36,0.5555555555555556,0.3958078731600341,0.7045897012345685,15,36,0.4166666666666667,0.2714033350508729,0.5780003033572231,0,36,0.0,0.0,0.09642183044857634,0,36,0.0,0.0,0.09642183044857634,1,36,0.027777777777777776,0.004920280295569679,0.141700337350308,17,36,0.4722222222222222,0.31985792907209337,0.6299432837306054,363 0.25; 311 0.19; 150 0.11; 342 0.11; 364 0.08,5,35 0.17; 53 0.17; 38 0.11; 52 0.11; 44 0.11; 39 0.06; 7 0.06,7,unearned income 0.25; shelter deduction 0.25; earned income 0.22; other element 0.19,"wrong include/exclude decision 0.31; wrong amount, known item 0.22; unreported source of income 0.17; household composition 0.17",14,11,14,25,0.56,0.37067017019564436,0.7333462505299744,0.44,14,0.358974358974359,39,5342.0
2-3,expedited_i >= 1.000 & months_since_cert_n < 2.000 & rawben_rel_max >= 0.649 & rawben_rel_max < 0.901,test_2024,24,12,22,6,22,0.2727272727272727,0.1315058201581444,0.4815212369900198,6,22,0.2727272727272727,0.1315058201581444,0.4815212369900198,2,22,0.09090909090909091,0.025294896282837792,0.2781538065838578,2,22,0.09090909090909091,0.025294896282837792,0.2781538065838578,1,22,0.045454545454545456,0.008069219301147859,0.21798489499518053,0,22,0.0,1.3877787807814457e-17,0.14865952572596125,5,22,0.22727272727272727,0.10122890794820358,0.4344035606295935,5,22,0.22727272727272727,0.10122890794820358,0.4344035606295935,5,22,0.22727272727272727,0.10122890794820358,0.4344035606295935,5,22,0.22727272727272727,0.10122890794820358,0.4344035606295935,4,22,0.18181818181818182,0.07306766024105121,0.38517021976637866,1,22,0.045454545454545456,0.008069219301147859,0.21798489499518053,1,22,0.045454545454545456,0.008069219301147859,0.21798489499518053,0,22,0.0,1.3877787807814457e-17,0.14865952572596125,0,22,0.0,1.3877787807814457e-17,0.14865952572596125,0,22,0.0,1.3877787807814457e-17,0.14865952572596125,1,22,0.045454545454545456,0.008069219301147859,0.21798489499518053,19,22,0.8636363636363636,0.6666458812053,0.9525108273576373,0,22,0.0,1.3877787807814457e-17,0.14865952572596125,3,22,0.13636363636363635,0.04748917264236269,0.3333541187947,9,22,0.4090909090909091,0.23255559668820378,0.6126552261710619,13,22,0.5909090909090909,0.38734477382893806,0.7674444033117963,0,22,0.0,1.3877787807814457e-17,0.14865952572596125,0,22,0.0,1.3877787807814457e-17,0.14865952572596125,0,22,0.0,1.3877787807814457e-17,0.14865952572596125,9,22,0.4090909090909091,0.23255559668820378,0.6126552261710619,150 0.23; 312 0.14; 311 0.14; 363 0.09; 364 0.09; 350 0.09,6,35 0.23; 52 0.14; 38 0.14; 57 0.05; 123 0.05; 15 0.05; 12 0.05; 41 0.05; 16 0.05,9,unearned income 0.27; earned income 0.27; other element 0.23,"unreported source of income 0.23; wrong amount, known item 0.23; wrong include/exclude decision 0.23; household composition 0.18",4,8,6,12,0.3333333333333333,0.13811783989736134,0.609382412602386,0.6666666666666666,6,0.3333333333333333,18,4624.0
4+,expedited_i >   0.500 & shelter_expenses_by_hh_size <= 295.000 & total_deductions_by_hh_size >   6.940 & unc_rawben_rel_max <=   0.937,all_2022_24,238,80,141,46,141,0.3262411347517731,0.25435688113492116,0.40734252014206007,28,141,0.19858156028368795,0.1411166496666902,0.2720353729566445,22,141,0.15602836879432624,0.10535310535664999,0.22494979104880258,12,141,0.0851063829787234,0.04935325776791658,0.14286776160773243,1,141,0.0070921985815602835,0.0012530139445820175,0.03907794069828302,4,141,0.028368794326241134,0.011086016785375557,0.07066950096643054,28,141,0.19858156028368795,0.1411166496666902,0.2720353729566445,49,141,0.3475177304964539,0.27390651857558984,0.42921744581033244,41,141,0.2907801418439716,0.22216384589818058,0.37049461686389873,3,141,0.02127659574468085,0.007261812344253545,0.0606855177045722,18,141,0.1276595744680851,0.08229767647714942,0.19277246911638168,16,141,0.11347517730496454,0.07106523194689557,0.17638853824067482,6,141,0.0425531914893617,0.01964589254224454,0.08972600061552229,0,141,0.0,0.0,0.026522766939884673,2,141,0.014184397163120567,0.003898449814560761,0.05024069253128463,2,141,0.014184397163120567,0.003898449814560761,0.05024069253128463,4,141,0.028368794326241134,0.011086016785375557,0.07066950096643054,69,141,0.48936170212765956,0.40823274403341875,0.5710549744121107,18,141,0.1276595744680851,0.08229767647714942,0.19277246911638168,54,141,0.3829787234042553,0.3068541569806433,0.4653107459201808,97,141,0.6879432624113475,0.6073365009813823,0.7585804731475974,39,141,0.2765957446808511,0.20943161972929047,0.35561046762682824,1,141,0.0070921985815602835,0.0012530139445820175,0.03907794069828302,0,141,0.0,0.0,0.026522766939884673,4,141,0.028368794326241134,0.011086016785375557,0.07066950096643054,77,141,0.5460992907801419,0.46378516802037467,0.6259680520489975,311 0.29; 363 0.16; 150 0.11; 350 0.09; 364 0.09; 361 0.03,6,38 0.21; 52 0.13; 44 0.13; 53 0.13; 40 0.04; 13 0.04; 12 0.03; 99 0.03; 75 0.03,9,earned income 0.33; other element 0.20; unearned income 0.20; shelter deduction 0.16,"wrong amount, known item 0.35; wrong include/exclude decision 0.29; household composition 0.13",44,36,29,80,0.55,0.4411931301173402,0.6542248962562025,0.45,29,0.26605504587155965,109,27660.0
4+,expedited_i >   0.500 & shelter_expenses_by_hh_size <= 295.000 & total_deductions_by_hh_size >   6.940 & unc_rawben_rel_max <=   0.937,train_2022_23,179,66,117,40,117,0.3418803418803419,0.2621836857875492,0.43163036500290713,23,117,0.19658119658119658,0.1347153235282641,0.2777386658263952,19,117,0.1623931623931624,0.10649722549629986,0.23975439646170138,10,117,0.08547008547008547,0.04708697489506693,0.15020932042045354,0,117,0.0,0.0,0.03179037682387522,3,117,0.02564102564102564,0.008757897045422923,0.07268425532594588,22,117,0.18803418803418803,0.12758105898852096,0.26832233851697385,40,117,0.3418803418803419,0.2621836857875492,0.43163036500290713,35,117,0.29914529914529914,0.22364123768326574,0.3874198538613679,3,117,0.02564102564102564,0.008757897045422923,0.07268425532594588,14,117,0.11965811965811966,0.07263082821640884,0.1908678344957698,12,117,0.10256410256410256,0.059649032176476595,0.17074844683737292,5,117,0.042735042735042736,0.018389559879770763,0.0961537761899271,0,117,0.0,0.0,0.03179037682387522,2,117,0.017094017094017096,0.004700284108284717,0.06019127641391957,2,117,0.017094017094017096,0.004700284108284717,0.06019127641391957,4,117,0.03418803418803419,0.013373625444339232,0.08461911877619409,52,117,0.4444444444444444,0.35759570763975296,0.5348254453406776,18,117,0.15384615384615385,0.09958576028690376,0.23011526982193298,47,117,0.4017094017094017,0.3173685049510957,0.49229968878351227,77,117,0.6581196581196581,0.5683696349970929,0.7378163142124509,35,117,0.29914529914529914,0.22364123768326574,0.3874198538613679,1,117,0.008547008547008548,0.0015103146975802076,0.04683065397545954,0,117,0.0,0.0,0.03179037682387522,4,117,0.03418803418803419,0.013373625444339232,0.08461911877619409,62,117,0.5299145299145299,0.43996887268203627,0.6179581987900395,311 0.30; 363 0.16; 150 0.10; 364 0.09; 350 0.08; 312 0.03,6,38 0.22; 53 0.15; 52 0.13; 44 0.12; 40 0.05; 99 0.03; 12 0.03; 75 0.03,8,earned income 0.34; unearned income 0.20; other element 0.19; shelter deduction 0.16,"wrong amount, known item 0.34; wrong include/exclude decision 0.30; household composition 0.12",36,30,23,66,0.5454545454545454,0.4261479973870641,0.659760687408244,0.45454545454545453,23,0.25842696629213485,89,21256.0
4+,expedited_i >   0.500 & shelter_expenses_by_hh_size <= 295.000 & total_deductions_by_hh_size >   6.940 & unc_rawben_rel_max <=   0.937,test_2024,59,14,24,6,24,0.25,0.1199920347934233,0.4489982531210644,5,24,0.20833333333333334,0.0924468910478809,0.40470844485235474,3,24,0.125,0.04344255039315584,0.3100428814785757,2,24,0.08333333333333333,0.023158327842973503,0.258492152014506,1,24,0.041666666666666664,0.007393265354805126,0.20242226248842232,1,24,0.041666666666666664,0.007393265354805126,0.20242226248842232,6,24,0.25,0.1199920347934233,0.4489982531210644,9,24,0.375,0.21159133433631458,0.5729038096209293,6,24,0.25,0.1199920347934233,0.4489982531210644,0,24,0.0,0.0,0.13798057582897535,4,24,0.16666666666666666,0.06678568000728924,0.3585347038786943,4,24,0.16666666666666666,0.06678568000728924,0.3585347038786943,1,24,0.041666666666666664,0.007393265354805126,0.20242226248842232,0,24,0.0,0.0,0.13798057582897535,0,24,0.0,0.0,0.13798057582897535,0,24,0.0,0.0,0.13798057582897535,0,24,0.0,0.0,0.13798057582897535,17,24,0.7083333333333334,0.508319363412903,0.8508553966583573,0,24,0.0,0.0,0.13798057582897535,7,24,0.2916666666666667,0.14914460334164278,0.49168063658709704,20,24,0.8333333333333334,0.6414652961213058,0.9332143199927109,4,24,0.16666666666666666,0.06678568000728924,0.3585347038786943,0,24,0.0,0.0,0.13798057582897535,0,24,0.0,0.0,0.13798057582897535,0,24,0.0,0.0,0.13798057582897535,15,24,0.625,0.42709619037907065,0.7884086656636855,311 0.25; 150 0.17; 363 0.12; 350 0.12; 364 0.08,5,44 0.17; 13 0.12; 52 0.12; 38 0.12; 39 0.08; 37 0.04; 75 0.04; 56 0.04; 53 0.04,9,other element 0.25; earned income 0.25; unearned income 0.21; shelter deduction 0.12,"wrong amount, known item 0.38; wrong include/exclude decision 0.25; household composition 0.17",8,6,6,14,0.5714285714285714,0.3259026690286936,0.7861949006959948,0.42857142857142855,6,0.3,20,6404.0
4+,shelter_expenses_by_hh_size >= 293 & total_deductions_by_hh_size < 171 & utilities >= 533 & utilities < 571,all_2022_24,54,19,31,12,31,0.3870967741935484,0.23732875351271562,0.5617619885886803,9,31,0.2903225806451613,0.1609562071843287,0.4659265995754067,5,31,0.16129032258064516,0.07092519905439934,0.3263470272497887,2,31,0.06451612903225806,0.017874407775063147,0.20718988318746434,0,31,0.0,0.0,0.11025900073475385,0,31,0.0,0.0,0.11025900073475385,3,31,0.0967741935483871,0.03346403609464399,0.2490028999817704,7,31,0.22580645161290322,0.11394991594498799,0.3981276005869738,8,31,0.25806451612903225,0.1370154373686976,0.432464724277151,9,31,0.2903225806451613,0.1609562071843287,0.4659265995754067,2,31,0.06451612903225806,0.017874407775063147,0.20718988318746434,2,31,0.06451612903225806,0.017874407775063147,0.20718988318746434,1,31,0.03225806451612903,0.00571707408694444,0.16194457176169622,0,31,0.0,0.0,0.11025900073475385,0,31,0.0,0.0,0.11025900073475385,1,31,0.03225806451612903,0.00571707408694444,0.16194457176169622,1,31,0.03225806451612903,0.00571707408694444,0.16194457176169622,17,31,0.5483870967741935,0.37771879603669134,0.7083851716341388,5,31,0.16129032258064516,0.07092519905439934,0.3263470272497887,9,31,0.2903225806451613,0.1609562071843287,0.4659265995754067,12,31,0.3870967741935484,0.23732875351271562,0.5617619885886803,19,31,0.6129032258064516,0.4382380114113197,0.7626712464872843,0,31,0.0,0.0,0.11025900073475385,0,31,0.0,0.0,0.11025900073475385,0,31,0.0,0.0,0.11025900073475385,9,31,0.2903225806451613,0.1609562071843287,0.4659265995754067,311 0.29; 350 0.19; 363 0.16; 334 0.06; 364 0.06,5,35 0.29; 44 0.16; 52 0.16; 53 0.06; 39 0.06; 7 0.06,6,earned income 0.39; unearned income 0.29; shelter deduction 0.16,"unreported source of income 0.29; wrong include/exclude decision 0.26; wrong amount, known item 0.23",14,5,3,19,0.7368421052631579,0.5120803155892935,0.8819376166045982,0.2631578947368421,3,0.13636363636363635,22,9747.0
4+,shelter_expenses_by_hh_size >= 293 & total_deductions_by_hh_size < 171 & utilities >= 533 & utilities < 571,train_2022_23,35,16,27,11,27,0.4074074074074074,0.24514513372857344,0.5927361694463591,7,27,0.25925925925925924,0.13170208422866778,0.4467893040261568,4,27,0.14814814814814814,0.059158318596448906,0.32479063346829484,2,27,0.07407407407407407,0.020554221697383523,0.2336997729073062,0,27,0.0,6.938893903907228e-18,0.12455903714463581,0,27,0.0,6.938893903907228e-18,0.12455903714463581,3,27,0.1111111111111111,0.03851964789498724,0.2805818254397295,3,27,0.1111111111111111,0.03851964789498724,0.2805818254397295,8,27,0.2962962962962963,0.15852853317647564,0.4848103338083759,9,27,0.3333333333333333,0.1864305444359335,0.5217558012789452,2,27,0.07407407407407407,0.020554221697383523,0.2336997729073062,2,27,0.07407407407407407,0.020554221697383523,0.2336997729073062,1,27,0.037037037037037035,0.006567976533097597,0.1828385393415652,0,27,0.0,6.938893903907228e-18,0.12455903714463581,0,27,0.0,6.938893903907228e-18,0.12455903714463581,1,27,0.037037037037037035,0.006567976533097597,0.1828385393415652,1,27,0.037037037037037035,0.006567976533097597,0.1828385393415652,13,27,0.48148148148148145,0.3074295064970908,0.6601467541378958,5,27,0.18518518518518517,0.0818058657428532,0.36699056505191746,9,27,0.3333333333333333,0.1864305444359335,0.5217558012789452,10,27,0.37037037037037035,0.21532287067936856,0.5577109537655369,17,27,0.6296296296296297,0.442289046234463,0.7846771293206314,0,27,0.0,6.938893903907228e-18,0.12455903714463581,0,27,0.0,6.938893903907228e-18,0.12455903714463581,0,27,0.0,6.938893903907228e-18,0.12455903714463581,9,27,0.3333333333333333,0.1864305444359335,0.5217558012789452,311 0.30; 363 0.15; 350 0.15; 334 0.07; 364 0.07; 150 0.07,6,35 0.33; 52 0.19; 53 0.07; 44 0.07; 39 0.07; 7 0.07,6,earned income 0.41; unearned income 0.26; shelter deduction 0.15,"unreported source of income 0.33; wrong include/exclude decision 0.30; wrong amount, known item 0.11; change in circumstances 0.07",14,2,3,16,0.875,0.6397666856325173,0.9650232506629428,0.125,3,0.15789473684210525,19,9368.0
4+,shelter_expenses_by_hh_size >= 293 & total_deductions_by_hh_size < 171 & utilities >= 533 & utilities < 571,test_2024,19,3,4,1,4,0.25,0.045586062644636216,0.6993639475573634,2,4,0.5,0.15003570882017148,0.8499642911798285,1,4,0.25,0.045586062644636216,0.6993639475573634,0,4,0.0,0.0,0.48990002040399916,0,4,0.0,0.0,0.48990002040399916,0,4,0.0,0.0,0.48990002040399916,0,4,0.0,0.0,0.48990002040399916,4,4,1.0,0.5100999795960008,1.0,0,4,0.0,0.0,0.48990002040399916,0,4,0.0,0.0,0.48990002040399916,0,4,0.0,0.0,0.48990002040399916,0,4,0.0,0.0,0.48990002040399916,0,4,0.0,0.0,0.48990002040399916,0,4,0.0,0.0,0.48990002040399916,0,4,0.0,0.0,0.48990002040399916,0,4,0.0,0.0,0.48990002040399916,0,4,0.0,0.0,0.48990002040399916,4,4,1.0,0.5100999795960008,1.0,0,4,0.0,0.0,0.48990002040399916,0,4,0.0,0.0,0.48990002040399916,2,4,0.5,0.15003570882017148,0.8499642911798285,2,4,0.5,0.15003570882017148,0.8499642911798285,0,4,0.0,0.0,0.48990002040399916,0,4,0.0,0.0,0.48990002040399916,0,4,0.0,0.0,0.48990002040399916,0,4,0.0,0.0,0.48990002040399916,350 0.50; 311 0.25,2,44 0.75,1,unearned income 0.50; earned income 0.25,"wrong amount, known item 1.00",0,3,0,3,0.0,0.0,0.5615060804490177,1.0,0,0.0,3,379.0
4+,rawben_rel_max <   0.873 & shelter_expenses_by_hh_size < 486.000 & total_deductions_by_hh_size >= 286.000,all_2022_24,459,162,279,92,279,0.32974910394265233,0.2772235059369199,0.3868994519306639,35,279,0.12544802867383512,0.09159953956635114,0.16947096774233322,50,279,0.17921146953405018,0.13865914513219868,0.22847779653409078,9,279,0.03225806451612903,0.017061978767789754,0.060160042321045826,0,279,0.0,0.0,0.013582160474272523,74,279,0.26523297491039427,0.21687436583965278,0.31996887079880487,19,279,0.06810035842293907,0.044027015485647206,0.10390596184159177,108,279,0.3870967741935484,0.33184329147343405,0.44541719637559507,83,279,0.2974910394265233,0.24689267178462942,0.3535904254683912,24,279,0.08602150537634409,0.05848598602810675,0.12480246941833392,13,279,0.04659498207885305,0.027429377650426422,0.07807702593377051,8,279,0.02867383512544803,0.01459946787017824,0.055551457594817,16,279,0.05734767025089606,0.035604069142333196,0.09111562131338477,3,279,0.010752688172043012,0.0036634286570725854,0.03113201868872096,0,279,0.0,0.0,0.013582160474272523,2,279,0.007168458781362007,0.0019680150212168807,0.02575633670073632,22,279,0.07885304659498207,0.05264723487859132,0.11649902932016867,193,278,0.6942446043165468,0.6377424429731013,0.7454515212961903,22,278,0.07913669064748201,0.052838742103939976,0.11690766864592801,63,278,0.22661870503597123,0.18132685980300361,0.27936311641058587,158,279,0.5663082437275986,0.5076440352498239,0.6231712337912223,111,279,0.3978494623655914,0.34217780519494717,0.456295969525603,0,279,0.0,0.0,0.013582160474272523,4,279,0.014336917562724014,0.00558900789926892,0.036277535070364963,6,279,0.021505376344086023,0.009892358399258783,0.046116375818055784,110,278,0.39568345323741005,0.3399976643692354,0.45421298444910796,311 0.30; 323 0.21; 363 0.18; 350 0.09,4,53 0.15; 38 0.15; 52 0.11; 44 0.10; 56 0.10; 35 0.09; 99 0.08,7,earned income 0.33; dep care or child support deduction 0.27; shelter deduction 0.18,"wrong amount, known item 0.39; wrong include/exclude decision 0.30; unreported source of income 0.09",116,46,78,162,0.7160493827160493,0.6422343797720161,0.7798551321477917,0.2839506172839506,78,0.325,240,58596.0
4+,rawben_rel_max <   0.873 & shelter_expenses_by_hh_size < 486.000 & total_deductions_by_hh_size >= 286.000,train_2022_23,255,88,147,46,147,0.3129251700680272,0.24353870595770505,0.39184039370710894,22,147,0.14965986394557823,0.1009568749450516,0.21620762079087272,25,147,0.17006802721088435,0.11792934662143165,0.23901197460560383,4,147,0.027210884353741496,0.01063138544304169,0.06787215734621538,0,147,0.0,0.0,0.025467775467775466,41,147,0.2789115646258503,0.21275235926316938,0.3563320312497925,9,147,0.061224489795918366,0.032541132146123544,0.11225711979498555,39,147,0.2653061224489796,0.2005734668615306,0.3419930399906906,54,147,0.3673469387755102,0.29371749239857664,0.4477331419092006,15,147,0.10204081632653061,0.06281711510633176,0.16153478781699976,7,147,0.047619047619047616,0.023255121206704137,0.09502524707366414,4,147,0.027210884353741496,0.01063138544304169,0.06787215734621538,11,147,0.07482993197278912,0.042294567644687135,0.12902156795716274,0,147,0.0,0.0,0.025467775467775466,0,147,0.0,0.0,0.025467775467775466,2,147,0.013605442176870748,0.0037389889438848856,0.048246670184631385,15,147,0.10204081632653061,0.06281711510633176,0.16153478781699976,107,147,0.7278911564625851,0.6508273585175643,0.7933471927998441,13,147,0.08843537414965986,0.05240961060689506,0.14542440865569564,27,147,0.1836734693877551,0.12941205654415947,0.2540471483436169,86,147,0.5850340136054422,0.504207838271765,0.661528934607865,56,147,0.38095238095238093,0.3064265495647165,0.46154196840380146,0,147,0.0,0.0,0.025467775467775466,0,147,0.0,0.0,0.025467775467775466,5,147,0.034013605442176874,0.014614209257501933,0.07714827536212554,70,147,0.47619047619047616,0.3970919332291601,0.5565017703645434,311 0.27; 323 0.20; 363 0.17; 350 0.10; 366 0.08,5,53 0.18; 52 0.16; 38 0.15; 44 0.11; 99 0.10; 35 0.10,6,earned income 0.31; dep care or child support deduction 0.28; shelter deduction 0.17,"wrong include/exclude decision 0.37; wrong amount, known item 0.27; other 0.10; unreported source of income 0.10",59,29,44,88,0.6704545454545454,0.5669262781891273,0.759723083320254,0.32954545454545453,44,0.3333333333333333,132,30635.0
4+,rawben_rel_max <   0.873 & shelter_expenses_by_hh_size < 486.000 & total_deductions_by_hh_size >= 286.000,test_2024,204,74,132,46,132,0.3484848484848485,0.2725254461708375,0.43301394676917493,13,132,0.09848484848484848,0.05846082302840466,0.1612185682626284,25,132,0.1893939393939394,0.13170373049398293,0.26465202503304264,5,132,0.03787878787878788,0.01628593894182534,0.08560920952521273,0,132,0.0,0.0,0.028279996702041194,33,132,0.25,0.18390932483488898,0.33023067351613156,10,132,0.07575757575757576,0.04166761454355954,0.13384268568847538,69,132,0.5227272727272727,0.43808570721938894,0.6060833838396091,29,132,0.2196969696969697,0.1575462484293127,0.2977016285097103,9,132,0.06818181818181818,0.036281922945680084,0.12450534693335547,6,132,0.045454545454545456,0.020996036056019796,0.09562214276401765,4,132,0.030303030303030304,0.011845868852119364,0.07532624926191933,5,132,0.03787878787878788,0.01628593894182534,0.08560920952521273,3,132,0.022727272727272728,0.00775884364242789,0.06469024411861142,0,132,0.0,0.0,0.028279996702041194,0,132,0.0,0.0,0.028279996702041194,7,132,0.05303030303030303,0.025922087095231,0.10541912207780582,86,131,0.6564885496183206,0.5717517668170635,0.7323087011690772,9,131,0.06870229007633588,0.03656213057709769,0.12541755521719722,36,131,0.2748091603053435,0.20560169788715826,0.3568478725718099,72,132,0.5454545454545454,0.4604241101750002,0.6279140719429961,55,132,0.4166666666666667,0.33608260611446034,0.5019640600025465,0,132,0.0,0.0,0.028279996702041194,4,132,0.030303030303030304,0.011845868852119364,0.07532624926191933,1,132,0.007575757575757576,0.0013385269033438958,0.041664500151696676,40,131,0.3053435114503817,0.23295541856168153,0.3888230236994603,311 0.34; 323 0.23; 363 0.19,3,56 0.21; 38 0.14; 53 0.12; 44 0.10; 35 0.07; 52 0.06; 57 0.05,7,earned income 0.35; dep care or child support deduction 0.25; shelter deduction 0.19,"wrong amount, known item 0.52; wrong include/exclude decision 0.22; unreported source of income 0.07",57,17,34,74,0.7702702702702703,0.6625347073337733,0.8513293447925963,0.22972972972972974,34,0.3148148148148148,108,27961.0
4+,shelter_expenses_by_hh_size >= 367 & total_deductions_by_hh_size >= 177 & total_deductions_by_hh_size < 187,all_2022_24,61,23,32,13,32,0.40625,0.255194024803138,0.5774027342701177,9,32,0.28125,0.15564406845647866,0.4537483693811179,4,32,0.125,0.04970053844474301,0.2806864978482796,1,32,0.03125,0.005537717362550945,0.15744607800372734,0,32,0.0,0.0,0.1071827150573635,0,32,0.0,0.0,0.1071827150573635,5,32,0.15625,0.06864319106627216,0.31754492553566527,11,32,0.34375,0.20410233354328552,0.5168922649121406,4,32,0.125,0.04970053844474301,0.2806864978482796,7,32,0.21875,0.11023696931531854,0.3875533079044484,5,32,0.15625,0.06864319106627216,0.31754492553566527,4,32,0.125,0.04970053844474301,0.2806864978482796,1,32,0.03125,0.005537717362550945,0.15744607800372734,0,32,0.0,0.0,0.1071827150573635,0,32,0.0,0.0,0.1071827150573635,0,32,0.0,0.0,0.1071827150573635,0,32,0.0,0.0,0.1071827150573635,19,32,0.59375,0.4225972657298823,0.744805975196862,3,32,0.09375,0.032400962626319516,0.24218499335778831,10,32,0.3125,0.17952352116618736,0.4856699969803239,11,32,0.34375,0.20410233354328552,0.5168922649121406,21,32,0.65625,0.4831077350878594,0.7958976664567146,0,32,0.0,0.0,0.1071827150573635,0,32,0.0,0.0,0.1071827150573635,0,32,0.0,0.0,0.1071827150573635,9,32,0.28125,0.15564406845647866,0.4537483693811179,311 0.34; 350 0.19; 150 0.12; 363 0.12,4,35 0.22; 38 0.19; 44 0.12; 41 0.09; 52 0.09; 6 0.03,6,earned income 0.41; unearned income 0.28; other element 0.16,"wrong amount, known item 0.34; unreported source of income 0.22; household composition 0.16; change in circumstances 0.12",15,8,6,23,0.6521739130434783,0.4488997690689164,0.8118894536301776,0.34782608695652173,6,0.20689655172413793,29,7458.0
4+,shelter_expenses_by_hh_size >= 367 & total_deductions_by_hh_size >= 177 & total_deductions_by_hh_size < 187,train_2022_23,41,18,26,10,26,0.38461538461538464,0.22428359511834428,0.5746547996057992,9,26,0.34615384615384615,0.19412014972852126,0.5377977099036699,3,26,0.11538461538461539,0.04003171821149494,0.28976293086898336,0,26,0.0,0.0,0.12873304380462175,0,26,0.0,0.0,0.12873304380462175,0,26,0.0,0.0,0.12873304380462175,4,26,0.15384615384615385,0.06149933998929477,0.33531584418313565,7,26,0.2692307692307692,0.13704275525067386,0.46083403419761304,3,26,0.11538461538461539,0.04003171821149494,0.28976293086898336,7,26,0.2692307692307692,0.13704275525067386,0.46083403419761304,4,26,0.15384615384615385,0.06149933998929477,0.33531584418313565,4,26,0.15384615384615385,0.06149933998929477,0.33531584418313565,1,26,0.038461538461538464,0.0068218089769898765,0.18893176991958405,0,26,0.0,0.0,0.12873304380462175,0,26,0.0,0.0,0.12873304380462175,0,26,0.0,0.0,0.12873304380462175,0,26,0.0,0.0,0.12873304380462175,16,26,0.6153846153846154,0.42534520039420076,0.7757164048816557,2,26,0.07692307692307693,0.02135463918337556,0.24141947480515052,8,26,0.3076923076923077,0.16501120939792674,0.49988611514231246,8,26,0.3076923076923077,0.16501120939792674,0.49988611514231246,18,26,0.6923076923076923,0.5001138848576876,0.8349887906020732,0,26,0.0,0.0,0.12873304380462175,0,26,0.0,0.0,0.12873304380462175,0,26,0.0,0.0,0.12873304380462175,8,26,0.3076923076923077,0.16501120939792674,0.49988611514231246,311 0.31; 350 0.23; 150 0.12; 363 0.12,4,35 0.27; 38 0.15; 41 0.12; 44 0.12; 52 0.08; 6 0.04,6,earned income 0.38; unearned income 0.35; other element 0.15,"unreported source of income 0.27; wrong amount, known item 0.27; change in circumstances 0.15; household composition 0.15",12,6,4,18,0.6666666666666666,0.4374906934425036,0.8372144563633714,0.3333333333333333,4,0.18181818181818182,22,5484.0
4+,shelter_expenses_by_hh_size >= 367 & total_deductions_by_hh_size >= 177 & total_deductions_by_hh_size < 187,test_2024,20,5,6,3,6,0.5,0.18761280689940868,0.8123871931005913,0,6,0.0,0.0,0.3903430336530645,1,6,0.16666666666666666,0.03005258587173032,0.563509436563646,1,6,0.16666666666666666,0.03005258587173032,0.563509436563646,0,6,0.0,0.0,0.3903430336530645,0,6,0.0,0.0,0.3903430336530645,1,6,0.16666666666666666,0.03005258587173032,0.563509436563646,4,6,0.6666666666666666,0.29998832134152864,0.9032306674407831,1,6,0.16666666666666666,0.03005258587173032,0.563509436563646,0,6,0.0,0.0,0.3903430336530645,1,6,0.16666666666666666,0.03005258587173032,0.563509436563646,0,6,0.0,0.0,0.3903430336530645,0,6,0.0,0.0,0.3903430336530645,0,6,0.0,0.0,0.3903430336530645,0,6,0.0,0.0,0.3903430336530645,0,6,0.0,0.0,0.3903430336530645,0,6,0.0,0.0,0.3903430336530645,3,6,0.5,0.18761280689940868,0.8123871931005913,1,6,0.16666666666666666,0.03005258587173032,0.563509436563646,2,6,0.3333333333333333,0.09676933255921683,0.7000116786584712,3,6,0.5,0.18761280689940868,0.8123871931005913,3,6,0.5,0.18761280689940868,0.8123871931005913,0,6,0.0,0.0,0.3903430336530645,0,6,0.0,0.0,0.3903430336530645,0,6,0.0,0.0,0.3903430336530645,1,6,0.16666666666666666,0.03005258587173032,0.563509436563646,311 0.50; 364 0.17; 363 0.17,3,38 0.33; 54 0.17; 52 0.17; 44 0.17,4,earned income 0.50; utility allowance 0.17; shelter deduction 0.17,"wrong amount, known item 0.67; wrong include/exclude decision 0.17",3,2,2,5,0.6,0.23071993220883708,0.8823817688407467,0.4,2,0.2857142857142857,7,1974.0
2-3,expedited_i <=  0.500 & rawben_rel_max <=  0.804 & total_deductions_by_hh_size > 56.100 & unc_rawben_rel_max >  0.144,all_2022_24,9583,1958,2937,993,2937,0.338100102145046,0.3212125289176703,0.35541065269129496,553,2937,0.18828736806264895,0.1745590207010283,0.20283009131370922,677,2937,0.23050732039496086,0.21563352674381203,0.24608518670202606,194,2937,0.06605379639087504,0.05762580118471863,0.07561551313836494,98,2937,0.033367381681988426,0.027457375539727453,0.040496505417342794,135,2937,0.045965270684371805,0.03896654010601633,0.054150205794204875,287,2937,0.09771876064010895,0.0874994114143498,0.10898910398205916,922,2937,0.31392577459993193,0.29739375081671526,0.330943933198636,851,2937,0.28975144705481787,0.27362778061640797,0.3064244058053293,275,2937,0.09363295880149813,0.08362143099989111,0.1047061552257662,179,2937,0.06094654409261151,0.052854583545330854,0.07018556931431313,218,2937,0.07422540006809669,0.0652909308569991,0.08427224180758781,168,2937,0.05720122574055159,0.04936644923211487,0.06619285188767343,44,2937,0.0149812734082397,0.011178842046916281,0.020050857641771475,14,2937,0.004766768811712632,0.0028416038808292744,0.007985772880979318,16,2937,0.005447735784814436,0.003356079833611288,0.008831451789989248,250,2937,0.08512087163772557,0.07556224784552308,0.09576340260773493,1784,2918,0.6113776559287183,0.5935561412803937,0.6289062947394096,283,2918,0.09698423577793008,0.08677039226742962,0.10825783924245098,846,2918,0.28992460589444824,0.27374634781354384,0.30665527286294997,1640,2930,0.5597269624573379,0.5416852530635208,0.5776122577496057,1174,2930,0.4006825938566553,0.3830798088607683,0.4185454731585473,7,2930,0.002389078498293515,0.0011577422652835397,0.004923567645926389,24,2930,0.008191126279863481,0.005510591476658349,0.012159619484969573,85,2930,0.02901023890784983,0.02352248094637004,0.03573143378440479,1183,2918,0.4054146675805346,0.3877359465922423,0.42334210774170933,311 0.30; 363 0.23; 364 0.07; 350 0.06; 150 0.05; 331 0.04; 323 0.04,7,38 0.16; 53 0.13; 52 0.11; 35 0.09; 99 0.09; 44 0.08; 56 0.04; 37 0.03; 41 0.03,9,earned income 0.34; shelter deduction 0.23; unearned income 0.19,"wrong amount, known item 0.31; wrong include/exclude decision 0.29; unreported source of income 0.09; other 0.09",1311,647,799,1958,0.6695607763023493,0.6484116529882479,0.6900458453133479,0.33043922369765066,799,0.28980776206021036,2757,456752.0
2-3,expedited_i <=  0.500 & rawben_rel_max <=  0.804 & total_deductions_by_hh_size > 56.100 & unc_rawben_rel_max >  0.144,train_2022_23,6359,1246,1878,620,1878,0.3301384451544196,0.30923500512147467,0.35173539748839416,340,1878,0.1810436634717785,0.16428511298575119,0.19910445178952,426,1878,0.2268370607028754,0.20846491631937678,0.24632447721937797,131,1878,0.06975505857294995,0.05909054182563236,0.08217618328024262,68,1878,0.0362087326943557,0.028662188822386404,0.045648847770704104,82,1878,0.043663471778487756,0.035315454524563965,0.05387462396025643,211,1878,0.11235356762513313,0.098854494565466,0.1274353270645798,485,1878,0.2582534611288605,0.23896585736949194,0.2785280698558388,594,1878,0.31629392971246006,0.2956547001483878,0.3376831960911256,165,1878,0.0878594249201278,0.0758825678143492,0.10151897331429839,117,1878,0.06230031948881789,0.05223687245623519,0.07415081075790993,154,1878,0.08200212992545261,0.07042963172781375,0.09528123362876034,127,1878,0.06762513312034078,0.05712825694026625,0.07988731333940019,15,1878,0.007987220447284345,0.0048462914196828605,0.0131369437261445,13,1878,0.006922257720979766,0.004049847743825097,0.011807809988897997,8,1878,0.004259850905218318,0.002160074403844697,0.008383639796117722,200,1878,0.10649627263045794,0.09333910135428537,0.12126004450368692,1136,1871,0.6071619454836985,0.5848341237969933,0.629050611852141,193,1871,0.10315339390700161,0.09017443210799905,0.11775865407912203,540,1871,0.28861571352218063,0.26853331687664905,0.3095643741496221,1040,1871,0.5558524853019775,0.5332463154303501,0.5782297687359069,763,1871,0.40780331373597006,0.3857464387454734,0.4302380156212315,3,1871,0.0016034206306787815,0.0005454443547574599,0.004703852439169024,0,1871,0.0,0.0,0.0020490264350865694,65,1871,0.034740780331373594,0.0273502129382014,0.04403800460508332,758,1871,0.4051309460181721,0.38310253439341974,0.4275481360418854,311 0.29; 363 0.23; 364 0.07; 150 0.06; 350 0.06; 331 0.04; 365 0.04,7,38 0.16; 53 0.16; 52 0.13; 99 0.11; 35 0.09; 44 0.08; 41 0.03,7,earned income 0.33; shelter deduction 0.23; unearned income 0.18; other element 0.11,"wrong include/exclude decision 0.32; wrong amount, known item 0.26; other 0.11; unreported source of income 0.09",827,419,527,1246,0.6637239165329053,0.6370237501880376,0.6894176164619443,0.3362760834670947,527,0.29723632261703326,1773,279115.0
2-3,expedited_i <=  0.500 & rawben_rel_max <=  0.804 & total_deductions_by_hh_size > 56.100 & unc_rawben_rel_max >  0.144,test_2024,3224,712,1059,373,1059,0.352219074598678,0.3240310412871549,0.3814754048286162,213,1059,0.20113314447592068,0.17809008849019675,0.2263366859228484,251,1059,0.23701605288007555,0.2123826044866142,0.26355059195582836,63,1059,0.059490084985835696,0.04677257737481709,0.07539200481692249,30,1059,0.028328611898016998,0.019914235243914537,0.040152664659137804,53,1059,0.05004721435316336,0.03846425643479632,0.06488284627552286,76,1059,0.07176581680830972,0.05771958668039439,0.08890771883719166,437,1059,0.4126534466477809,0.3833695156429909,0.44256879915387054,257,1059,0.24268177525967893,0.2178211993912264,0.26940248474006834,110,1059,0.10387157695939565,0.08690520732965824,0.12370152842475708,62,1059,0.05854579792256846,0.04593689090966793,0.0743459433339296,64,1059,0.06043437204910293,0.04760925421714781,0.07643707592273381,41,1059,0.03871576959395656,0.02866560783338023,0.05210051949923452,29,1059,0.027384324834749764,0.019133297916127494,0.03905185403878281,1,1059,0.0009442870632672333,0.00016670501737861077,0.005329504389554651,8,1059,0.007554296506137866,0.0038327152476606936,0.01483572979626683,50,1059,0.047214353163361665,0.03599497743542843,0.06170688143046467,648,1047,0.6189111747851003,0.5891092833422975,0.6478436503824427,90,1047,0.08595988538681948,0.07045806890562326,0.10448894499257033,306,1047,0.2922636103151863,0.26551395556310936,0.32053212407439263,600,1059,0.56657223796034,0.5365380845571153,0.5961251457868983,411,1059,0.3881019830028329,0.35920589358801197,0.4178069745571566,4,1059,0.003777148253068933,0.0014697861008762473,0.009671667150483126,24,1059,0.0226628895184136,0.015275882203755805,0.03350053001044431,20,1059,0.018885741265344664,0.012258311790462098,0.02899110863116986,425,1047,0.4059216809933142,0.37657223228912307,0.4359589807880905,311 0.31; 363 0.24; 350 0.07; 364 0.06; 331 0.05; 150 0.04,6,38 0.17; 56 0.11; 35 0.10; 52 0.10; 53 0.08; 44 0.08; 99 0.05; 37 0.05; 57 0.05,9,earned income 0.35; shelter deduction 0.24; unearned income 0.20,"wrong amount, known item 0.41; wrong include/exclude decision 0.24; unreported source of income 0.10",484,228,272,712,0.6797752808988764,0.6446180229011885,0.7130029926977931,0.3202247191011236,272,0.2764227642276423,984,177637.0
2-3,total_deductions_by_hh_size > 30.900 & unc_rawben_rel_max >  0.157 & unc_rawben_rel_max <=  0.632,all_2022_24,6992,1394,2130,720,2130,0.3380281690140845,0.31824655176082883,0.35839298886861615,396,2130,0.18591549295774648,0.16996428789304033,0.20299760393623137,484,2130,0.2272300469483568,0.20993429027408747,0.24550795061202144,133,2130,0.06244131455399061,0.05293267030932272,0.07352545104326502,77,2130,0.03615023474178404,0.029021227935019434,0.04494939856321738,104,2130,0.048826291079812206,0.040458636547895895,0.058818460683688685,216,2130,0.10140845070422536,0.08929760648728727,0.11495448045299919,676,2130,0.3173708920187793,0.29794768165620317,0.33745168444482326,625,2130,0.2934272300469484,0.27447570327408727,0.3131225514417267,201,2130,0.09436619718309859,0.08267105368139892,0.10752188285147211,142,2130,0.06666666666666667,0.056834143786941155,0.07805946781009585,145,2130,0.06807511737089202,0.05813737442753682,0.07956806725098327,110,2130,0.051643192488262914,0.043025709673285756,0.061875047721264995,31,2130,0.01455399061032864,0.01027195101636944,0.020583947565793362,13,2130,0.006103286384976526,0.0035702607808584938,0.010414657312405786,13,2130,0.006103286384976526,0.0035702607808584938,0.010414657312405786,174,2130,0.08169014084507042,0.07079756483432537,0.0940889009651979,1290,2121,0.6082036775106082,0.5872509462455806,0.6287651558488061,196,2121,0.0924092409240924,0.08081021640858703,0.10548207003761205,631,2121,0.2975011786892975,0.27842546424289843,0.31730910721880484,1213,2127,0.5702867889045604,0.549140474817349,0.5911796691107591,827,2127,0.38881053126469206,0.36831158802225583,0.40971039165000145,7,2127,0.003291020216267043,0.0015950637278379942,0.006777965970850074,16,2127,0.007522331922896097,0.004635549761224636,0.01218484646156358,64,2127,0.03008932769158439,0.02363361998489135,0.038239397699764324,858,2121,0.4045261669024045,0.3838292663262637,0.42556829064927737,311 0.30; 363 0.23; 364 0.06; 150 0.06; 350 0.05; 331 0.05; 323 0.04,7,38 0.17; 53 0.14; 52 0.12; 35 0.09; 44 0.08; 99 0.08; 56 0.04; 37 0.03,8,earned income 0.34; shelter deduction 0.23; unearned income 0.19,"wrong amount, known item 0.32; wrong include/exclude decision 0.29; unreported source of income 0.09; other 0.08",918,476,573,1394,0.6585365853658537,0.6332377577814436,0.6829640207319445,0.34146341463414637,573,0.2913065582104728,1967,331184.0
2-3,total_deductions_by_hh_size > 30.900 & unc_rawben_rel_max >  0.157 & unc_rawben_rel_max <=  0.632,train_2022_23,4674,899,1385,469,1385,0.3386281588447653,0.3141811375207013,0.3639679040978677,246,1385,0.1776173285198556,0.1583886682917393,0.19862943946079342,300,1385,0.21660649819494585,0.19571136362490765,0.23906939179025266,95,1385,0.06859205776173286,0.0564384849382785,0.08313221916505482,55,1385,0.039711191335740074,0.030635362756559145,0.05133338011519814,64,1385,0.046209386281588445,0.03635214504011169,0.058577039108750194,156,1385,0.11263537906137185,0.09704519609632864,0.1303684988851581,371,1385,0.267870036101083,0.2452123909129048,0.291811845688303,444,1385,0.32057761732851986,0.2965237102118256,0.34562410563700846,123,1385,0.0888086642599278,0.07494181445072641,0.10495026251471011,91,1385,0.06570397111913358,0.05381929797980463,0.07999121000037109,104,1385,0.07509025270758123,0.06235557611091204,0.09017556926952587,86,1385,0.06209386281588448,0.050555356368261695,0.076054906457967,8,1385,0.005776173285198556,0.002929706455579409,0.011356731969076071,13,1385,0.009386281588447653,0.0054935031513330635,0.015993180427269417,6,1385,0.004332129963898917,0.0019868936239757834,0.009419446739100897,139,1385,0.1003610108303249,0.08562456824984244,0.11730829320822447,836,1382,0.6049204052098408,0.5788889770971191,0.6303701474666117,130,1382,0.09406657018813314,0.07978100588899827,0.11060265700580878,415,1382,0.30028943560057886,0.2767027353769653,0.3249833447637954,783,1382,0.5665701881331404,0.5402943131929108,0.5924769934268357,543,1382,0.39290882778581765,0.367489827382565,0.41892154892479944,4,1382,0.002894356005788712,0.0011260983570706993,0.007418601123735766,0,1382,0.0,0.0,0.002772033975600098,52,1382,0.03762662807525326,0.028807820980740896,0.04900886456254199,559,1382,0.4044862518089725,0.37890939241255334,0.4305926459156367,311 0.30; 363 0.22; 364 0.07; 150 0.06; 350 0.05; 331 0.04; 365 0.04,7,38 0.16; 53 0.16; 52 0.13; 99 0.10; 44 0.09; 35 0.09; 41 0.03,7,earned income 0.34; shelter deduction 0.22; unearned income 0.18; other element 0.11,"wrong include/exclude decision 0.32; wrong amount, known item 0.27; other 0.10; unreported source of income 0.09",577,322,375,899,0.6418242491657397,0.6099393072305969,0.672502263915438,0.3581757508342603,375,0.2943485086342229,1274,209487.0
2-3,total_deductions_by_hh_size > 30.900 & unc_rawben_rel_max >  0.157 & unc_rawben_rel_max <=  0.632,test_2024,2318,495,745,251,745,0.33691275167785234,0.30388543888918257,0.3716133581861935,150,745,0.20134228187919462,0.17411195700606968,0.23163686891385782,184,745,0.24697986577181208,0.21736223071362354,0.2791935161893263,38,745,0.05100671140939597,0.03738443240391934,0.06923571263075823,22,745,0.02953020134228188,0.01958076139605644,0.04430671494072827,40,745,0.053691275167785234,0.03967464381504422,0.07228708480686995,60,745,0.08053691275167785,0.06307972975348505,0.10229783474079518,305,745,0.40939597315436244,0.37463838117936776,0.44508317275139675,181,745,0.24295302013422818,0.2135260505992206,0.27501732092287434,78,745,0.10469798657718121,0.08470353089274571,0.128748285886664,51,745,0.06845637583892618,0.05244810775397013,0.0888923305977454,41,745,0.05503355704697987,0.04082387871681575,0.07380864169871673,24,745,0.032214765100671144,0.021742136193935977,0.047486923730085354,23,745,0.03087248322147651,0.020658513893852325,0.04589975423655068,0,745,0.0,0.0,0.005130056877182036,7,745,0.009395973154362415,0.004558658766996931,0.019266940665513224,35,745,0.04697986577181208,0.03397130971462027,0.06463645993920239,454,739,0.6143437077131259,0.5787436914762618,0.648761068623334,66,739,0.08930987821380243,0.07081514816235095,0.11205237029649683,216,739,0.2922868741542625,0.26063638606739936,0.32608573611854186,430,745,0.5771812080536913,0.5414000757006933,0.6121704524323593,284,745,0.3812080536912752,0.3470253280218012,0.41660959824297905,3,745,0.004026845637583893,0.0013703910031627273,0.011772041254874221,16,745,0.021476510067114093,0.013261975264054272,0.03460075031102062,12,745,0.016107382550335572,0.009237608333422057,0.02794195006717963,299,739,0.40460081190798375,0.36979472304879385,0.4403936131994723,311 0.30; 363 0.25; 350 0.06; 331 0.05; 364 0.05; 150 0.05,6,38 0.17; 56 0.11; 35 0.10; 52 0.10; 53 0.08; 44 0.07; 99 0.05; 57 0.05; 37 0.04,9,earned income 0.34; shelter deduction 0.25; unearned income 0.20,"wrong amount, known item 0.41; wrong include/exclude decision 0.24; unreported source of income 0.10",341,154,198,495,0.6888888888888889,0.6467819308801952,0.7280865644497854,0.3111111111111111,198,0.2857142857142857,693,121697.0
2-3,medical_deductions <= 65.000 & rawben_rel_max >  0.236 & rawben_rel_max <=  0.804 & total_deductions_by_hh_size > 30.900,all_2022_24,9143,1845,2774,1015,2774,0.3658976207642394,0.34816938533466407,0.3839967684157874,527,2774,0.18997837058399422,0.17581258031613065,0.20500164609620328,614,2774,0.2213410237923576,0.2062830194298983,0.23716976779886229,190,2774,0.0684931506849315,0.05967764818938068,0.07850215299150737,22,2774,0.007930785868781542,0.005243213983021992,0.01197936631097317,131,2774,0.04722422494592646,0.03993733555919595,0.05576344161974758,275,2774,0.09913482335976928,0.08856201986566421,0.11081637521633038,892,2774,0.32155731795241527,0.30443280946903767,0.3391753789892243,741,2774,0.2671232876712329,0.2509881092336489,0.28390257711794153,278,2774,0.10021629416005767,0.0895883906210266,0.11194995483394822,175,2774,0.06308579668348954,0.0546288236497597,0.0727512256662272,224,2774,0.08074981975486661,0.07118116478224763,0.09147807395908304,161,2774,0.05803893294881038,0.04993350637721277,0.06736677453153306,40,2774,0.014419610670511895,0.010607290049053485,0.01957499248282306,12,2774,0.004325883201153569,0.002476324168575882,0.007546421548818515,17,2774,0.0061283345349675555,0.0038297729855412666,0.009792890020153515,234,2774,0.08435472242249459,0.07457832200071068,0.09528075131722075,1694,2755,0.6148820326678766,0.5965626280710342,0.6328814980433465,237,2755,0.08602540834845734,0.07612258119194726,0.09708112865496818,821,2755,0.29800362976406536,0.2812150470119732,0.31535475967790716,1558,2767,0.5630646910010842,0.5445082801626348,0.5814462312753342,1101,2767,0.3979038670039754,0.3798196707316462,0.41627116318682816,5,2767,0.0018070112034694614,0.0007720750874751184,0.004223374670461242,21,2767,0.007589447054571739,0.004969339795509555,0.011574947687398165,82,2767,0.02963498373689917,0.023939302791498186,0.03663492851786283,1114,2755,0.4043557168784029,0.38617505686113063,0.4228027401968809,311 0.32; 363 0.22; 364 0.07; 350 0.07; 150 0.05; 312 0.04,6,38 0.17; 52 0.11; 53 0.11; 35 0.10; 44 0.09; 99 0.08; 37 0.03; 56 0.03; 41 0.03,9,earned income 0.37; shelter deduction 0.22; unearned income 0.19,"wrong amount, known item 0.32; wrong include/exclude decision 0.27; unreported source of income 0.10; other 0.08",1176,669,681,1845,0.6373983739837399,0.61519677454477,0.6590289893064978,0.36260162601626017,681,0.2695961995249406,2526,449855.0
2-3,medical_deductions <= 65.000 & rawben_rel_max >  0.236 & rawben_rel_max <=  0.804 & total_deductions_by_hh_size > 30.900,train_2022_23,6077,1190,1806,655,1806,0.36267995570321154,0.3408193819988871,0.3851234850453891,333,1806,0.18438538205980065,0.16717617115995642,0.20293445067567822,391,1806,0.21650055370985605,0.19811765011519433,0.2360869786213758,132,1806,0.07308970099667775,0.06196992437547796,0.08602181147588056,14,1806,0.007751937984496124,0.004623237177381109,0.012970346703108766,77,1806,0.04263565891472868,0.034247881637281485,0.05296505456663825,204,1806,0.11295681063122924,0.09917164523200377,0.1283850647032746,498,1806,0.2757475083056478,0.2556289455933365,0.29681807518461445,516,1806,0.2857142857142857,0.2653510158465153,0.30698724845241565,171,1806,0.0946843853820598,0.08202845509027934,0.10906097505653572,118,1806,0.06533776301218161,0.05483774204946803,0.07768302661890603,158,1806,0.08748615725359911,0.07531492248225903,0.10140860956607052,125,1806,0.06921373200442968,0.05839859680474657,0.08185765545511972,14,1806,0.007751937984496124,0.004623237177381109,0.012970346703108766,11,1806,0.006090808416389812,0.0034043780997779086,0.010873998527215305,9,1806,0.0049833887043189366,0.0026239659625839,0.00944427249541154,186,1806,0.10299003322259136,0.0898040474252337,0.11786141898906467,1086,1799,0.60366870483602,0.5808676639177589,0.6260279391124796,167,1799,0.09282934963868816,0.08027323465746806,0.10712071054548263,544,1799,0.3023902167871039,0.28160557282325077,0.3240170176472597,1010,1799,0.5614230127848805,0.5383859631986799,0.584198294896984,724,1799,0.40244580322401335,0.38001568298837585,0.42529167180086347,3,1799,0.0016675931072818232,0.0005672803587141403,0.0048916573538391964,0,1799,0.0,2.168404344971009e-19,0.00213085830724119,62,1799,0.03446359088382435,0.026976775687505825,0.04393439032951975,724,1799,0.40244580322401335,0.38001568298837585,0.42529167180086347,311 0.31; 363 0.22; 364 0.07; 350 0.06; 150 0.06; 312 0.04,6,38 0.17; 53 0.13; 52 0.12; 99 0.10; 44 0.10; 35 0.09; 41 0.03; 37 0.03,8,earned income 0.36; shelter deduction 0.22; unearned income 0.18,"wrong include/exclude decision 0.29; wrong amount, known item 0.28; other 0.10; unreported source of income 0.09",755,435,450,1190,0.634453781512605,0.6066993919735925,0.661342867569047,0.36554621848739494,450,0.27439024390243905,1640,284730.0
2-3,medical_deductions <= 65.000 & rawben_rel_max >  0.236 & rawben_rel_max <=  0.804 & total_deductions_by_hh_size > 30.900,test_2024,3066,655,968,360,968,0.371900826446281,0.34201609887673584,0.4027982823969201,194,968,0.20041322314049587,0.17640129133786364,0.22679363260859015,223,968,0.2303719008264463,0.2049426371646501,0.25793279438715827,58,968,0.05991735537190083,0.04663422182370471,0.0766797009390171,8,968,0.008264462809917356,0.004193518579847529,0.01622297727709047,54,968,0.05578512396694215,0.043005060905809134,0.07207706770444998,71,968,0.07334710743801653,0.05855598026551549,0.09151127349271014,394,968,0.40702479338842973,0.37650232565888836,0.43828230591070066,225,968,0.23243801652892562,0.20691824593587693,0.2600730826921628,107,968,0.11053719008264463,0.09230260381976199,0.131850797310628,57,968,0.058884297520661155,0.04572501820432664,0.07553095602027948,66,968,0.06818181818181818,0.053949685946602106,0.08582782512104511,36,968,0.0371900826446281,0.0269825614170989,0.05105649350707804,26,968,0.026859504132231406,0.018394441110431158,0.03906512843258901,1,968,0.0010330578512396695,0.00018237866776230896,0.0058284774223659585,8,968,0.008264462809917356,0.004193518579847529,0.01622297727709047,48,968,0.049586776859504134,0.03760268755901333,0.06513174982255172,608,956,0.6359832635983264,0.6049944883609557,0.665883539847032,70,956,0.07322175732217573,0.058361312881277425,0.09149841397365364,277,956,0.2897489539748954,0.2618786903194367,0.3193022045282132,548,968,0.5661157024793388,0.5346932251665439,0.5970154812728594,377,968,0.3894628099173554,0.3592383878863387,0.42056111853528383,2,968,0.002066115702479339,0.0005667745597778698,0.007502030068466074,21,968,0.02169421487603306,0.014232396410439043,0.032937430442002744,20,968,0.02066115702479339,0.013414034962077558,0.03169784335224855,390,956,0.40794979079497906,0.37722472081902747,0.4394116908555654,311 0.33; 363 0.23; 350 0.07; 364 0.06; 323 0.05; 150 0.04,6,38 0.17; 35 0.11; 52 0.10; 56 0.09; 44 0.08; 53 0.07; 99 0.05; 57 0.05; 37 0.05,9,earned income 0.37; shelter deduction 0.23; unearned income 0.20,"wrong amount, known item 0.41; wrong include/exclude decision 0.23; unreported source of income 0.11",421,234,231,655,0.6427480916030535,0.605315372196699,0.6785161284249982,0.35725190839694654,231,0.26072234762979685,886,165125.0
2-3,rawben_rel_max >   0.202 & rawben_rel_max <=   0.802 & total_deductions_by_hh_size >  28.900 & total_deductions_by_hh_size <= 279.000,all_2022_24,6100,1125,1698,558,1698,0.3286219081272085,0.3066887943117881,0.35132873211370286,372,1698,0.21908127208480566,0.20005338003066023,0.23937741070803129,374,1698,0.22025912838633688,0.2011907917885559,0.2405903939575206,137,1698,0.08068315665488811,0.06865552432067352,0.09460385305028744,39,1698,0.022968197879858657,0.016846729101152376,0.031243292907946474,43,1698,0.025323910482921083,0.01885454158570568,0.03393627043816305,175,1698,0.10306242638398115,0.08948533810378204,0.11843154440749279,516,1698,0.303886925795053,0.28247307084659495,0.32618616042381227,495,1698,0.2915194346289753,0.27039284634185307,0.3135872373510123,162,1698,0.09540636042402827,0.08233217120865383,0.11030714375461889,112,1698,0.06595995288574794,0.05510622217051726,0.07877321760813193,123,1698,0.07243816254416961,0.06105005695809822,0.08575655536116815,89,1698,0.052414605418138985,0.04278841794535424,0.06406147924836811,28,1698,0.016489988221436984,0.011433205986240595,0.02372964348224108,8,1698,0.004711425206124852,0.0023892370281265803,0.00926966236650568,14,1698,0.008244994110718492,0.004917662436197311,0.013792421980589772,151,1698,0.08892815076560659,0.07630066992395514,0.1034114724987004,1054,1685,0.6255192878338279,0.6021487679530159,0.6483187714538771,149,1685,0.0884272997032641,0.07579018599884717,0.10293681835727482,480,1685,0.28486646884273,0.2638236502195479,0.30688801391757425,1002,1691,0.5925487876995861,0.5689447782022895,0.615733247165981,613,1691,0.3625073920756949,0.3399299878711648,0.38570808945712365,4,1691,0.002365464222353637,0.0009202406162757792,0.006066607004174416,10,1691,0.0059136605558840925,0.0032153187516832885,0.010851836550617529,62,1691,0.03666469544648137,0.028705934180758716,0.04672388769758082,708,1685,0.4201780415430267,0.39681787345138053,0.44390135089742755,311 0.28; 363 0.22; 364 0.08; 350 0.07; 150 0.06; 331 0.05,6,38 0.16; 52 0.12; 53 0.12; 35 0.10; 44 0.09; 99 0.09; 37 0.04; 56 0.03; 41 0.03,9,earned income 0.33; shelter deduction 0.22; unearned income 0.22,"wrong amount, known item 0.30; wrong include/exclude decision 0.29; unreported source of income 0.10; other 0.09",661,464,432,1125,0.5875555555555556,0.558538537447385,0.6159766469682142,0.41244444444444445,432,0.2774566473988439,1557,263618.0
2-3,rawben_rel_max >   0.202 & rawben_rel_max <=   0.802 & total_deductions_by_hh_size >  28.900 & total_deductions_by_hh_size <= 279.000,train_2022_23,4185,754,1130,372,1130,0.3292035398230089,0.3024229393794035,0.3571415006623097,239,1130,0.21150442477876105,0.1886912458556533,0.236272523333976,239,1130,0.21150442477876105,0.1886912458556533,0.236272523333976,91,1130,0.08053097345132744,0.06604947597713498,0.09785490008385983,26,1130,0.023008849557522124,0.01574942713567368,0.03350048572693429,28,1130,0.024778761061946902,0.01719834393298687,0.035579398566494544,135,1130,0.11946902654867257,0.10183530329819147,0.139681324774019,306,1130,0.27079646017699116,0.2456955857431276,0.2974504762817621,348,1130,0.30796460176991153,0.2817357103071294,0.3354947740921025,100,1130,0.08849557522123894,0.07329932049861199,0.10648028892831327,80,1130,0.07079646017699115,0.05725064449833604,0.08725066855985482,82,1130,0.07256637168141593,0.05884486666126891,0.0891842760337954,68,1130,0.06017699115044248,0.04774457361332378,0.07558976162362643,15,1130,0.01327433628318584,0.008060654128159962,0.02178619573164409,8,1130,0.007079646017699115,0.0035916145320926095,0.013907831598654403,6,1130,0.005309734513274336,0.002435669931107086,0.011535946562766488,117,1130,0.10353982300884956,0.08709859116936756,0.12266757017098194,697,1123,0.6206589492430988,0.5919133441068364,0.6485818594781217,104,1123,0.09260908281389137,0.07701528459836253,0.11098061473655733,321,1123,0.2858414959928762,0.26018090402814975,0.3129622955129393,671,1123,0.597506678539626,0.5685387710745925,0.6258097513796727,400,1123,0.3561887800534283,0.32871431811181456,0.3846437971725342,2,1123,0.0017809439002671415,0.000488524767194437,0.00647039474731408,0,1123,0.0,0.0,0.0034091748121475108,50,1123,0.04452359750667854,0.03393383752981729,0.05821895484135537,470,1123,0.41852181656277826,0.3899944099925618,0.44760476987442227,311 0.28; 363 0.21; 364 0.08; 150 0.07; 350 0.07; 331 0.05,6,38 0.16; 53 0.14; 52 0.13; 99 0.10; 44 0.10; 35 0.09; 37 0.03,7,earned income 0.33; shelter deduction 0.21; unearned income 0.21,"wrong include/exclude decision 0.31; wrong amount, known item 0.27; other 0.10; unreported source of income 0.09",439,315,297,754,0.5822281167108754,0.5466945962463221,0.6169279866258772,0.4177718832891247,297,0.2825880114176974,1051,169141.0
2-3,rawben_rel_max >   0.202 & rawben_rel_max <=   0.802 & total_deductions_by_hh_size >  28.900 & total_deductions_by_hh_size <= 279.000,test_2024,1915,371,568,186,568,0.3274647887323944,0.29014209456304024,0.36710564676952456,133,568,0.23415492957746478,0.20118608808759803,0.27069563580237427,135,568,0.23767605633802816,0.2045054830850267,0.27437118485938305,46,568,0.08098591549295775,0.061263714965870505,0.10633794255607261,13,568,0.022887323943661973,0.013423281428027206,0.038761799195697964,15,568,0.02640845070422535,0.016067893493449614,0.04311213118471301,40,568,0.07042253521126761,0.05213988817201624,0.09447693718661454,210,568,0.36971830985915494,0.3310179582210368,0.4101691117647774,147,568,0.25880281690140844,0.22448867117304544,0.29635766109798894,62,568,0.10915492957746478,0.08608726047722944,0.1374739494802133,32,568,0.056338028169014086,0.04018644376940493,0.07845060537147604,41,568,0.0721830985915493,0.053652031954337306,0.09646226543151219,21,568,0.03697183098591549,0.024306888839271006,0.055857968002203974,13,568,0.022887323943661973,0.013423281428027206,0.038761799195697964,0,568,0.0,0.0,0.006717944269881728,8,568,0.014084507042253521,0.007153651851160719,0.027544068636470815,34,568,0.05985915492957746,0.04314870930145084,0.08248328389386755,357,562,0.6352313167259787,0.5946397834808772,0.6739866306958111,45,562,0.0800711743772242,0.06037846670575922,0.10546582611399813,159,562,0.28291814946619215,0.24724993201109435,0.32153398207369543,331,568,0.5827464788732394,0.5417703322682534,0.6226108530110266,213,568,0.375,0.33615065943866795,0.4155288266288024,2,568,0.0035211267605633804,0.0009661314200846314,0.01274675690423455,10,568,0.017605633802816902,0.009590511091736583,0.032102153450332405,12,568,0.02112676056338028,0.01212581415524564,0.0365617944412608,238,562,0.4234875444839858,0.3832906689883494,0.4647233335169454,311 0.29; 363 0.24; 364 0.08; 350 0.08; 331 0.05; 150 0.05,6,38 0.15; 52 0.11; 35 0.11; 53 0.08; 56 0.08; 44 0.08; 99 0.06; 57 0.05; 37 0.04,9,earned income 0.33; shelter deduction 0.24; unearned income 0.23,"wrong amount, known item 0.37; wrong include/exclude decision 0.26; unreported source of income 0.11; change in circumstances 0.07",222,149,135,371,0.5983827493261455,0.5477360950271621,0.6470128335869512,0.40161725067385445,135,0.26679841897233203,506,94477.0
2-3,rawben_rel_max > 0.157 & rawben_rel_max <= 0.799 & total_deductions_by_hh_size > 0.667,all_2022_24,10825,2197,3303,1096,3303,0.3318195579775961,0.3159647731862477,0.34806509749156156,662,3303,0.20042385709960642,0.18712305483631697,0.21442070220363318,744,3303,0.22524977293369663,0.21132693661972224,0.23981097092323356,222,3303,0.06721162579473206,0.05916539805556331,0.07626340506581991,107,3303,0.032394792612776266,0.026879186715397147,0.03899684435908794,142,3303,0.042991220102936725,0.03658828945197939,0.05045597659330079,330,3303,0.09990917347865577,0.09014235837570375,0.11060556979841865,1010,3303,0.30578262185891614,0.29030287073557076,0.32171362258542774,970,3303,0.2936724190130185,0.27838696241603805,0.309437262366909,328,3303,0.09930366333636088,0.0895650840186418,0.10997323072857801,210,3303,0.06357856494096276,0.055753625175943795,0.072417497384024,244,3303,0.07387223735997578,0.065438457437432,0.0832960933798796,184,3303,0.05570693309112928,0.048388742150416234,0.06405740585981806,48,3303,0.014532243415077202,0.010978569931006387,0.019213865049852688,14,3303,0.004238570996064184,0.0025265284354617098,0.007102478288053561,20,3303,0.006055101422948834,0.003923194970908275,0.009334652033314727,275,3303,0.08325764456554648,0.07431293801341649,0.09317062092088504,2018,3284,0.6144945188794153,0.5977232065897584,0.6309982743964302,302,3284,0.09196102314250913,0.08254861145379111,0.10232696162734514,958,3284,0.2917174177831912,0.2764212335958599,0.3075003275888395,1884,3296,0.5716019417475728,0.5546341929709617,0.5884029758434444,1283,3296,0.3892597087378641,0.3727518001096027,0.4060254599867607,8,3296,0.0024271844660194173,0.001230395650412786,0.004782499029137893,24,3296,0.007281553398058253,0.0048980849491361885,0.010812244904272536,97,3296,0.029429611650485438,0.0241849352886525,0.035769942545483546,1360,3284,0.41412911084043846,0.39739196130166865,0.43106692795868984,311 0.29; 363 0.23; 364 0.07; 350 0.06; 150 0.05; 331 0.05; 312 0.04,7,38 0.16; 53 0.12; 52 0.12; 35 0.10; 44 0.09; 99 0.08; 37 0.04; 56 0.04; 41 0.03,9,earned income 0.33; shelter deduction 0.23; unearned income 0.20,"wrong amount, known item 0.31; wrong include/exclude decision 0.29; unreported source of income 0.10; other 0.08",1407,790,885,2197,0.6404187528447883,0.6201231748679136,0.6602241250013728,0.35958124715521167,885,0.2871512005191434,3082,519768.0
2-3,rawben_rel_max > 0.157 & rawben_rel_max <= 0.799 & total_deductions_by_hh_size > 0.667,train_2022_23,7215,1406,2143,699,2143,0.3261782547830145,0.3066553320213008,0.34632325754953674,422,2143,0.19692020531964535,0.18063168857392714,0.21429339579186868,467,2143,0.21791880541297245,0.20095285178435526,0.23589428216348698,154,2143,0.07186187587494167,0.061676411119081766,0.08357957795808162,74,2143,0.03453103126458236,0.02759538805491814,0.043132512876384844,84,2143,0.03919738684087728,0.03177143164446021,0.048272480305075346,243,2143,0.11339244050396641,0.1006537876699428,0.12751469946949034,556,2143,0.2594493700419972,0.24133268454906068,0.2784269474610513,670,2143,0.31264582361175924,0.2933684353413782,0.33259372227658507,199,2143,0.09286047596826878,0.08128996135128838,0.10588807730792152,137,2143,0.06392907139524032,0.05433192956103619,0.07508684078513186,176,2143,0.08212785814279049,0.07123727760971765,0.09451393570755737,141,2143,0.06579561362575828,0.05605626071123444,0.07708891404222663,18,2143,0.008399440037330844,0.005319610493411341,0.013238628735789359,13,2143,0.006066262249183388,0.003548582427044272,0.010351651293040155,11,2143,0.005132991133924405,0.0028685822900551385,0.00916844922638278,222,2143,0.10359309379374708,0.09139230242083213,0.11721256158031262,1298,2136,0.6076779026217228,0.5867954568395878,0.6281737259260899,210,2136,0.09831460674157304,0.0863997249518351,0.1116717584701154,626,2136,0.29307116104868913,0.27415318877451583,0.31273212086709506,1219,2136,0.5706928838951311,0.5495930710543925,0.5915388706743784,838,2136,0.39232209737827717,0.37182627407391017,0.4132045431604123,4,2136,0.0018726591760299626,0.0007284623167945112,0.004805405236766463,0,2136,0.0,0.0,0.001795273070679624,75,2136,0.0351123595505618,0.02810352441422876,0.04379039521047618,893,2136,0.41807116104868913,0.39731873784781885,0.4391177535261221,311 0.28; 363 0.22; 364 0.07; 350 0.06; 150 0.06; 331 0.04; 312 0.04,7,38 0.16; 53 0.15; 52 0.13; 99 0.10; 35 0.09; 44 0.09; 41 0.03,7,earned income 0.33; shelter deduction 0.22; unearned income 0.20; other element 0.11,"wrong include/exclude decision 0.31; wrong amount, known item 0.26; other 0.10; unreported source of income 0.09",895,511,577,1406,0.6365576102418208,0.6110750185446422,0.6612960052639899,0.3634423897581792,577,0.2909732728189612,1983,323805.0
2-3,rawben_rel_max > 0.157 & rawben_rel_max <= 0.799 & total_deductions_by_hh_size > 0.667,test_2024,3610,791,1160,397,1160,0.3422413793103448,0.31549821320431276,0.37002600246214906,240,1160,0.20689655172413793,0.1845710154484705,0.23115703551654054,277,1160,0.23879310344827587,0.21514546583577096,0.26416512075951826,68,1160,0.05862068965517241,0.04650281624002199,0.0736523663896417,33,1160,0.028448275862068967,0.020327312379628544,0.03968222843760982,58,1160,0.05,0.03887607670306623,0.06409463683733309,87,1160,0.075,0.061205453833461244,0.09160022006580477,454,1160,0.3913793103448276,0.3636953323757663,0.4197803570995025,300,1160,0.25862068965517243,0.2342476948414024,0.2845871706591949,129,1160,0.11120689655172414,0.0943822947183999,0.13059814935577654,73,1160,0.06293103448275862,0.050347610203991,0.07839980697030488,68,1160,0.05862068965517241,0.04650281624002199,0.0736523663896417,43,1160,0.03706896551724138,0.027635425078893786,0.04955858482760894,30,1160,0.02586206896551724,0.018174698745702073,0.036679501344756976,1,1160,0.0008620689655172414,0.00015218863747549442,0.004867051094116845,9,1160,0.007758620689655172,0.004087103459839975,0.014679711543163868,53,1160,0.045689655172413794,0.035099149059286475,0.05927932993648065,720,1148,0.627177700348432,0.5988244985346818,0.6546825809109642,92,1148,0.08013937282229965,0.06579736598674996,0.09728200187077488,332,1148,0.289198606271777,0.26370847501628836,0.3160948590532573,665,1160,0.5732758620689655,0.5446168581722208,0.6014511290865265,445,1160,0.38362068965517243,0.3560649095355943,0.41194475775933664,4,1160,0.0034482758620689655,0.0013417376820476262,0.008832842776324028,24,1160,0.020689655172413793,0.013942150959979015,0.030601367676921405,22,1160,0.01896551724137931,0.012557371456299374,0.028549253362748165,467,1148,0.406794425087108,0.37873420239933314,0.43547636266447415,311 0.31; 363 0.24; 350 0.06; 364 0.06; 331 0.05; 150 0.05,6,38 0.16; 52 0.11; 35 0.11; 56 0.10; 53 0.08; 44 0.07; 37 0.05; 99 0.05; 57 0.04,9,earned income 0.34; shelter deduction 0.24; unearned income 0.21,"wrong amount, known item 0.39; wrong include/exclude decision 0.26; unreported source of income 0.11",512,279,308,791,0.6472819216182049,0.6133442363297993,0.6797959314721881,0.3527180783817952,308,0.2802547770700637,1099,195963.0
2-3,expedited_i <=  0.500 & married <=  0.500 & total_deductions_by_hh_size > 64.100 & unc_rawben_rel_max <=  0.806,all_2022_24,7833,1531,2345,863,2345,0.36801705756929637,0.3487280766688027,0.38773776249208425,421,2345,0.17953091684434969,0.16452484028730718,0.19558526675439375,492,2345,0.20980810234541578,0.1938091795105315,0.22675626006615174,151,2345,0.06439232409381664,0.05515280752230898,0.07505673917509287,25,2345,0.010660980810234541,0.007231535409153694,0.01569108312757522,133,2345,0.056716417910447764,0.048059208490018906,0.06682363418442964,260,2345,0.11087420042643924,0.0987969586672998,0.12422429572465239,753,2345,0.32110874200426437,0.3025167361912313,0.3402859117182744,596,2345,0.25415778251599147,0.23694750295766925,0.2721722265294107,233,2345,0.09936034115138592,0.08789993103675844,0.11213126732076384,152,2345,0.064818763326226,0.05554813236046283,0.0755128978937697,191,2345,0.0814498933901919,0.07105148096701219,0.09321740800361913,135,2345,0.057569296375266525,0.048845186271967315,0.0677406235161427,38,2345,0.0162046908315565,0.011828760730604428,0.02216314404492407,25,2345,0.010660980810234541,0.007231535409153694,0.01569108312757522,15,2345,0.006396588486140725,0.0038802446696301197,0.010527538298791422,207,2345,0.088272921108742,0.07745361051924199,0.10043901536068112,1408,2324,0.6058519793459552,0.5858250719570988,0.6255295150560383,220,2324,0.09466437177280551,0.08342187608662785,0.10724470535087202,694,2324,0.29862306368330466,0.2803608226073385,0.3175499630749863,1291,2338,0.5521813515825492,0.5319551158654434,0.5722363888033608,946,2338,0.40461933276304535,0.3848960229218933,0.4246555710031613,4,2338,0.001710863986313088,0.0006655057259889251,0.004391027559609897,22,2338,0.009409751924721984,0.0062222399084978,0.014206810459383615,75,2338,0.0320786997433704,0.025668291114775737,0.040024281773159975,949,2324,0.40834767641996556,0.3885306721589804,0.42846718542720585,311 0.33; 363 0.21; 350 0.07; 364 0.06; 150 0.06; 323 0.05,6,38 0.17; 52 0.11; 53 0.10; 35 0.10; 99 0.09; 44 0.09; 56 0.04; 41 0.03; 37 0.03,9,earned income 0.37; shelter deduction 0.21; unearned income 0.18,"wrong amount, known item 0.32; wrong include/exclude decision 0.25; unreported source of income 0.10; other 0.09",994,537,574,1531,0.6492488569562378,0.624998141889156,0.6727524533514214,0.35075114304376226,574,0.27268408551068885,2105,388277.0
2-3,expedited_i <=  0.500 & married <=  0.500 & total_deductions_by_hh_size > 64.100 & unc_rawben_rel_max <=  0.806,train_2022_23,5192,964,1480,532,1480,0.35945945945945945,0.3354053856981545,0.3842412396559264,251,1480,0.16959459459459458,0.15133612484743644,0.18956387418210954,309,1480,0.2087837837837838,0.18884362242012798,0.23023183684722237,106,1480,0.07162162162162163,0.05956348994172256,0.08589785849331255,17,1480,0.011486486486486487,0.00718382248988765,0.018318630062999393,78,1480,0.052702702702702706,0.04243291953367977,0.06528855154517393,187,1480,0.12635135135135134,0.11038584319241476,0.14425157902300226,397,1480,0.2682432432432432,0.24629235299299024,0.29139414939378727,412,1480,0.27837837837837837,0.25613968116069485,0.30176461266689414,135,1480,0.09121621621621621,0.07758666539681097,0.10696241315712629,103,1480,0.06959459459459459,0.05771352617231207,0.08370426397456074,136,1480,0.0918918918918919,0.07821215255480424,0.10768477876185381,99,1480,0.06689189189189189,0.055251798611608983,0.08077458048438077,14,1480,0.00945945945945946,0.005643060811779098,0.01581583345294565,17,1480,0.011486486486486487,0.00718382248988765,0.018318630062999393,8,1480,0.005405405405405406,0.0027414817658430093,0.010630295922557154,159,1480,0.10743243243243243,0.09265986103168755,0.12423768382754807,899,1473,0.6103190767141887,0.5851578007270049,0.634906422815994,150,1473,0.10183299389002037,0.08740945324670013,0.11832797993503041,423,1473,0.28716904276985744,0.26464051994754645,0.310804808786422,828,1473,0.5621181262729125,0.5366524807396833,0.5872606051322207,586,1473,0.3978275627970129,0.3731289098104575,0.42305776315433447,0,1473,0.0,0.0,0.002601226834347028,0,1473,0.0,0.0,0.002601226834347028,59,1473,0.04005431093007468,0.031178569188299622,0.051322898809351584,612,1473,0.4154786150712831,0.39056339460405454,0.44083355412761716,311 0.32; 363 0.21; 364 0.07; 350 0.07; 150 0.06; 323 0.04,6,38 0.16; 53 0.13; 52 0.12; 99 0.11; 44 0.09; 35 0.09; 41 0.04; 64 0.02,8,earned income 0.36; shelter deduction 0.21; unearned income 0.17; other element 0.13,"wrong include/exclude decision 0.28; wrong amount, known item 0.27; other 0.11; change in circumstances 0.09; unreported source of income 0.09",616,348,376,964,0.6390041493775933,0.6081882177812824,0.6687165980480846,0.36099585062240663,376,0.28059701492537314,1340,234812.0
2-3,expedited_i <=  0.500 & married <=  0.500 & total_deductions_by_hh_size > 64.100 & unc_rawben_rel_max <=  0.806,test_2024,2641,567,865,331,865,0.38265895953757223,0.35085489106506157,0.41550067938644525,170,865,0.19653179190751446,0.17141626829222123,0.2243308966685726,183,865,0.2115606936416185,0.18564875421316696,0.2400233130543304,45,865,0.05202312138728324,0.03910492891769506,0.06890279078633382,8,865,0.009248554913294798,0.0046936327384176964,0.018143211169608806,55,865,0.06358381502890173,0.049173769724697586,0.0818531055998725,73,865,0.08439306358381503,0.06765565425271358,0.10480570118883062,356,865,0.4115606936416185,0.37922636039026364,0.4446770991125962,184,865,0.21271676300578035,0.18674588269924805,0.2412281001303034,98,865,0.11329479768786127,0.09385975759630816,0.136149486896589,49,865,0.056647398843930635,0.04311182112932811,0.07410356082291725,55,865,0.06358381502890173,0.049173769724697586,0.0818531055998725,36,865,0.04161849710982659,0.030211470128759757,0.057079009516782075,24,865,0.027745664739884393,0.01871465035686927,0.040952842544023135,8,865,0.009248554913294798,0.0046936327384176964,0.018143211169608806,7,865,0.008092485549132947,0.003925378075400491,0.01660955027057189,48,865,0.055491329479768786,0.042107346493108155,0.07280611989708309,509,851,0.5981198589894242,0.564809292794939,0.6305485372404734,70,851,0.08225616921269095,0.06561938858189609,0.1026475745607493,271,851,0.318448883666275,0.2880233628482571,0.3505061612179559,463,865,0.5352601156069364,0.5019393666129747,0.568269058029676,360,865,0.4161849710982659,0.38377666222429235,0.4493344595267839,4,865,0.004624277456647399,0.0017996874711552037,0.011829494188654824,22,865,0.025433526011560695,0.01685486551877967,0.038208796258004496,16,865,0.018497109826589597,0.011417117386421089,0.029835051018038364,337,851,0.39600470035252644,0.36368333922893403,0.42926075708083844,311 0.35; 363 0.21; 350 0.08; 323 0.06; 364 0.05,5,38 0.18; 35 0.11; 56 0.10; 52 0.09; 44 0.08; 53 0.06; 99 0.06; 57 0.05; 37 0.04,9,earned income 0.38; shelter deduction 0.21; unearned income 0.20,"wrong amount, known item 0.41; wrong include/exclude decision 0.21; unreported source of income 0.11; change in circumstances 0.06",378,189,198,567,0.6666666666666666,0.6268571976696161,0.7042328980767344,0.3333333333333333,198,0.25882352941176473,765,153465.0
2-3,expedited_i <  1.000 & married <  1.000 & rawben_rel_max <  0.836 & total_deductions_by_hh_size >= 32.500,all_2022_24,8811,1684,2571,942,2571,0.3663943990665111,0.3479818812094434,0.3852055894295273,479,2571,0.18630882924931932,0.1717302781796406,0.20182341925945624,530,2571,0.20614546868922598,0.19095209004511432,0.2222156947226943,168,2571,0.06534422403733955,0.05642496259037522,0.07556047682461636,30,2571,0.011668611435239206,0.00818566227388716,0.016608717310472518,140,2571,0.054453520031116295,0.04632842895436955,0.06390809977034889,282,2571,0.10968494749124855,0.098182722863241,0.12235185293357695,829,2571,0.3224426293271101,0.3046513211351152,0.340763759932396,653,2571,0.25398677557370675,0.23753625726207764,0.27117138518085954,261,2571,0.10151691948658109,0.09043076281235155,0.11379212996676155,163,2571,0.06339945546479969,0.05461593047109649,0.07348577489206061,212,2571,0.08245818747569039,0.07243834950685112,0.09372394956428397,148,2571,0.057565149747180085,0.049204304497107415,0.06724619871054621,40,2571,0.015558148580318941,0.011446295056294027,0.021115552631734626,25,2571,0.009723842862699339,0.0065950475111355815,0.014315598021389604,17,2571,0.0066122131466355505,0.004132452523116498,0.010564218526473506,223,2571,0.08673667833527811,0.07646451769033348,0.0982419962948375,1543,2550,0.6050980392156863,0.5859802353330121,0.6238996569829405,236,2550,0.09254901960784313,0.08190547819572257,0.10441837211668521,769,2550,0.3015686274509804,0.28406485831918965,0.31966937484546704,1422,2564,0.5546021840873635,0.5352966319723794,0.5737443618334691,1030,2564,0.4017160686427457,0.38290048811609745,0.4208257230333753,5,2564,0.0019500780031201249,0.0008332231783913433,0.004557140463976627,23,2564,0.008970358814352574,0.005984839863806459,0.013425080125027744,84,2564,0.0327613104524181,0.026539682351749014,0.0403809563667763,1043,2550,0.40901960784313723,0.3900874224057486,0.42822550663417297,311 0.33; 363 0.21; 350 0.08; 364 0.07; 150 0.06; 323 0.05,6,38 0.17; 52 0.11; 53 0.10; 35 0.10; 44 0.09; 99 0.09; 56 0.04; 41 0.03; 37 0.03,9,earned income 0.37; shelter deduction 0.21; unearned income 0.19,"wrong amount, known item 0.32; wrong include/exclude decision 0.25; unreported source of income 0.10; other 0.09",1075,609,621,1684,0.6383610451306413,0.6151215171256644,0.6609707417687719,0.36163895486935865,621,0.26941431670281996,2305,425416.0
2-3,expedited_i <  1.000 & married <  1.000 & rawben_rel_max <  0.836 & total_deductions_by_hh_size >= 32.500,train_2022_23,5868,1069,1636,585,1636,0.3575794621026895,0.33471267617254946,0.3811135353347083,291,1636,0.17787286063569682,0.1601032682357108,0.19715172517340873,332,1636,0.20293398533007334,0.18415134383583903,0.22310847930805489,121,1636,0.07396088019559902,0.06225277357771123,0.08766512093112425,20,1636,0.012224938875305624,0.007927542544235996,0.018807722617960158,84,1636,0.05134474327628362,0.04166209197335209,0.06312949277483335,203,1636,0.12408312958435208,0.10898279934769148,0.1409447546306928,443,1636,0.2707823960880196,0.24980497701216192,0.2928337754136821,454,1636,0.2775061124694376,0.2563486004218198,0.29970608193286613,152,1636,0.09290953545232274,0.07977977753860667,0.10794664676969239,111,1636,0.0678484107579462,0.056646592358801554,0.0810750022147231,151,1636,0.09229828850855745,0.07921134870860572,0.10729544560616225,111,1636,0.0678484107579462,0.056646592358801554,0.0810750022147231,14,1636,0.008557457212713936,0.00510427059082081,0.014313214610188845,17,1636,0.01039119804400978,0.006497777879938657,0.016578597301664246,9,1636,0.005501222493887531,0.0028968733134007636,0.010422461919953484,174,1636,0.10635696821515893,0.09232891096873111,0.12222937319725177,986,1629,0.6052793124616329,0.5813216729058202,0.6287415689910056,162,1629,0.09944751381215469,0.08584372068544088,0.1149360732639538,480,1629,0.2946593001841621,0.27302433771078066,0.317260476198909,924,1629,0.567219152854512,0.5430282869218123,0.5910937246682894,641,1629,0.3934929404542664,0.37004644633278416,0.4174405946637214,0,1629,0.0,0.0,0.002352708309244448,0,1629,0.0,0.0,0.002352708309244448,64,1629,0.039287906691221605,0.030886240311934893,0.04985741541070224,684,1629,0.4198895027624309,0.3961381873322628,0.444017771457616,311 0.32; 363 0.20; 364 0.07; 350 0.07; 150 0.06; 323 0.04,6,38 0.16; 52 0.13; 53 0.12; 99 0.11; 44 0.10; 35 0.09; 41 0.03; 64 0.02,8,earned income 0.36; shelter deduction 0.20; unearned income 0.18; other element 0.12,"wrong include/exclude decision 0.28; wrong amount, known item 0.27; other 0.11; unreported source of income 0.09; change in circumstances 0.09",670,399,410,1069,0.6267539756782039,0.5973541486537609,0.655246048803161,0.37324602432179604,410,0.2772143340094659,1479,260966.0
2-3,expedited_i <  1.000 & married <  1.000 & rawben_rel_max <  0.836 & total_deductions_by_hh_size >= 32.500,test_2024,2943,615,935,357,935,0.38181818181818183,0.351220484145343,0.41338304428799444,188,935,0.20106951871657755,0.17662533628285315,0.22796005916617684,198,935,0.21176470588235294,0.18678299602716475,0.23910524752744555,47,935,0.05026737967914439,0.03801032159576759,0.0662049155645798,10,935,0.0106951871657754,0.005819580131512758,0.01957511903818743,56,935,0.059893048128342244,0.04640866859383877,0.07697913186153091,79,935,0.08449197860962566,0.06832018714917582,0.10406416394902859,386,935,0.4128342245989305,0.38169485268200665,0.4446869352575137,199,935,0.21283422459893048,0.18780025178443638,0.24021827658073192,109,935,0.11657754010695187,0.0975583485831644,0.138734546831781,52,935,0.05561497326203209,0.04266111302452375,0.0722055481886138,61,935,0.06524064171122995,0.05112296447543756,0.08291626003272227,37,935,0.039572192513368985,0.028844084751233387,0.05406830430353368,26,935,0.027807486631016044,0.019046021819170637,0.040433234319458077,8,935,0.008556149732620321,0.004341736293397323,0.016792393255186805,8,935,0.008556149732620321,0.004341736293397323,0.016792393255186805,49,935,0.052406417112299465,0.039865860994297744,0.06860994578716571,557,921,0.6047774158523345,0.572829719934006,0.6358546645054484,74,921,0.08034744842562432,0.06448464727549877,0.09969654872606515,289,921,0.31378935939196523,0.28464602006047995,0.34447965940722564,498,935,0.532620320855615,0.5005709146800125,0.5644027720420074,389,935,0.4160427807486631,0.38485478005173573,0.4479178623194587,5,935,0.0053475935828877,0.002286237196972506,0.012457037919937523,23,935,0.02459893048128342,0.016446516593863217,0.036641885113091396,20,935,0.0213903743315508,0.013888893349009026,0.03280865392627148,359,921,0.38979370249728557,0.35881569969539956,0.4216872534589568,311 0.35; 363 0.21; 350 0.08; 323 0.05; 364 0.05; 150 0.05,6,38 0.18; 35 0.12; 56 0.10; 52 0.09; 44 0.08; 53 0.06; 99 0.05; 57 0.05; 37 0.04,9,earned income 0.38; shelter deduction 0.21; unearned income 0.20,"wrong amount, known item 0.41; wrong include/exclude decision 0.21; unreported source of income 0.12; change in circumstances 0.07",405,210,211,615,0.6585365853658537,0.620177624576889,0.6949272423228153,0.34146341463414637,211,0.25544794188861986,826,164450.0
2-3,rawben_rel_max >   0.398 & rawben_rel_max <=   0.802 & shelter_expenses_by_hh_size > 141.000,all_2022_24,7232,1468,2194,718,2194,0.3272561531449407,0.30793903618161245,0.3471771468954574,446,2194,0.203281677301732,0.18696715125902527,0.22063346927704983,530,2194,0.2415679124886053,0.22411875402459408,0.2599204961197294,147,2194,0.06700091157702825,0.057277436675751664,0.07823806180239162,63,2194,0.02871467639015497,0.022507953190589042,0.03656891567930587,96,2194,0.04375569735642662,0.0359642224988951,0.05314210800281167,194,2194,0.08842297174111212,0.07725095710797551,0.10103377460335437,685,2194,0.3122151321786691,0.29316694345416755,0.33191977799109046,650,2194,0.29626253418413856,0.2775255161005915,0.3157117763412297,218,2194,0.09936189608021878,0.08753587374757017,0.11258846642325927,120,2194,0.054694621695533276,0.04593475495592978,0.06501118400527653,162,2194,0.07383773928896992,0.06362424914918692,0.08554100461614357,118,2194,0.053783044667274384,0.045099396685448795,0.06402657490413255,31,2194,0.014129443938012761,0.009971791837223937,0.01998559908667158,9,2194,0.004102096627164996,0.00215961640137764,0.007778133434643301,15,2194,0.0068368277119416595,0.004147571437133369,0.011250080513762457,186,2194,0.08477666362807658,0.07383429895292995,0.0971705632719001,1359,2179,0.6236805874254245,0.6031379801266319,0.643787861858421,200,2179,0.09178522257916476,0.0803700833952483,0.10463720252050483,617,2179,0.28315741165672326,0.2646347896236786,0.30244327962330664,1245,2190,0.5684931506849316,0.5476471332465143,0.589099293660515,862,2190,0.39360730593607307,0.3733489421760047,0.4142382746950767,5,2190,0.00228310502283105,0.0009755736858597305,0.005333724123061387,17,2190,0.007762557077625571,0.00485219547076993,0.012396816490713523,61,2190,0.027853881278538814,0.021745271178533476,0.035616026009011884,909,2179,0.41716383662230383,0.3966233445171267,0.4379958967507693,311 0.29; 363 0.24; 364 0.07; 350 0.06; 331 0.05; 150 0.05,6,38 0.17; 53 0.13; 52 0.12; 35 0.10; 99 0.08; 44 0.08; 37 0.04; 56 0.04,8,earned income 0.33; shelter deduction 0.24; unearned income 0.20,"wrong amount, known item 0.31; wrong include/exclude decision 0.30; unreported source of income 0.10; other 0.08",978,490,589,1468,0.6662125340599455,0.6416831308523927,0.6898742867392829,0.3337874659400545,589,0.28633932912007776,2057,357575.0
2-3,rawben_rel_max >   0.398 & rawben_rel_max <=   0.802 & shelter_expenses_by_hh_size > 141.000,train_2022_23,4771,943,1430,461,1430,0.32237762237762235,0.2986562761180429,0.34705075316608436,291,1430,0.2034965034965035,0.18343672565103208,0.22514508701223557,335,1430,0.23426573426573427,0.21304319557920437,0.25691220256240344,93,1430,0.06503496503496503,0.053383546857948765,0.07901713115278824,41,1430,0.028671328671328673,0.021204325958763585,0.038663932850298725,59,1430,0.04125874125874126,0.03211999634977097,0.05285563833679414,150,1430,0.1048951048951049,0.0900577808712468,0.12184958741824903,382,1430,0.26713286713286716,0.2448458357562123,0.29066771050998624,438,1430,0.3062937062937063,0.2829474925761115,0.33067788975342893,138,1430,0.0965034965034965,0.08226226097423596,0.112906856730258,85,1430,0.05944055944055944,0.048325300231786786,0.07291654405561566,117,1430,0.08181818181818182,0.06870728084731063,0.09716989833343008,90,1430,0.06293706293706294,0.051483406387153575,0.07673270897733299,11,1430,0.007692307692307693,0.004300609621724784,0.013722022724832882,8,1430,0.005594405594405594,0.002837427035430621,0.011000642664876579,10,1430,0.006993006993006993,0.0038028332045290337,0.01282494492661181,151,1430,0.1055944055944056,0.09070887182646427,0.12259335067844838,866,1426,0.6072931276297335,0.5816901064557984,0.6323196132222415,149,1426,0.10448807854137447,0.08965959928756105,0.12144182621299786,410,1426,0.28751753155680226,0.2646212885810537,0.31155554107616157,801,1426,0.561711079943899,0.5358260541542013,0.5872645035691157,577,1426,0.40462833099579243,0.37944226956530397,0.4303268684986606,3,1426,0.0021037868162692847,0.0007157166869128859,0.006167283499960961,0,1426,0.0,0.0,0.002686731173578947,45,1426,0.03155680224403927,0.023666987804693555,0.041963778568308886,600,1426,0.42075736325385693,0.3953800915792297,0.446560442253329,311 0.28; 363 0.23; 350 0.07; 364 0.07; 150 0.05; 331 0.04; 312 0.04,7,38 0.17; 53 0.15; 52 0.12; 99 0.11; 35 0.10; 44 0.08; 37 0.03,7,earned income 0.32; shelter deduction 0.23; unearned income 0.20,"wrong include/exclude decision 0.31; wrong amount, known item 0.27; other 0.11; unreported source of income 0.10",640,303,381,943,0.6786850477200425,0.6482060308954894,0.7077141145649551,0.3213149522799576,381,0.2877643504531722,1324,224946.0
2-3,rawben_rel_max >   0.398 & rawben_rel_max <=   0.802 & shelter_expenses_by_hh_size > 141.000,test_2024,2461,525,764,257,764,0.33638743455497383,0.3037766768686062,0.37063533727597775,155,764,0.20287958115183247,0.17588259008722532,0.23284962759933928,195,764,0.25523560209424084,0.22559687941375312,0.2873234937465445,54,764,0.07068062827225131,0.054573628150309486,0.0910834969650789,22,764,0.028795811518324606,0.01909187674663449,0.04321472398976739,37,764,0.04842931937172775,0.03533711638990689,0.06604004264914491,44,764,0.05759162303664921,0.04317848464641627,0.07643160160053883,303,764,0.39659685863874344,0.36250853092156254,0.43171986201781454,212,764,0.2774869109947644,0.24690942118858372,0.31029091804805053,80,764,0.10471204188481675,0.08494252065531256,0.12843690551800235,35,764,0.04581151832460733,0.033121793604467,0.06304595766089816,45,764,0.058900523560209424,0.04430860873757033,0.0779061813962281,28,764,0.03664921465968586,0.025476145446859003,0.052458678610602855,20,764,0.02617801047120419,0.01700898189448014,0.04008821106823508,1,764,0.0013089005235602095,0.00023108451553359747,0.007376734597158395,5,764,0.006544502617801047,0.0027985236265570404,0.015228111033508268,35,764,0.04581151832460733,0.033121793604467,0.06304595766089816,493,753,0.6547144754316069,0.6200458939434671,0.6878124478812951,51,753,0.06772908366533864,0.05188682109831573,0.08795961440417253,207,753,0.2749003984063745,0.24421417865953993,0.3078717531919862,444,764,0.581151832460733,0.5458460348634498,0.6156456061208365,285,764,0.3730366492146597,0.33945879932759154,0.40788492364860557,2,764,0.002617801047120419,0.0007181742237905306,0.009494348775744791,17,764,0.02225130890052356,0.013938180243033128,0.03534490105915211,16,764,0.020942408376963352,0.012931136558609547,0.03374724085673236,309,753,0.4103585657370518,0.3757653539794194,0.4458617870234009,311 0.30; 363 0.26; 364 0.07; 350 0.06; 331 0.05; 323 0.04,6,38 0.16; 52 0.12; 56 0.11; 35 0.10; 53 0.08; 44 0.07; 37 0.05; 57 0.05; 99 0.05,9,earned income 0.34; shelter deduction 0.26; unearned income 0.20,"wrong amount, known item 0.40; wrong include/exclude decision 0.28; unreported source of income 0.10",338,187,208,525,0.6438095238095238,0.6019371269194665,0.6835926044783661,0.35619047619047617,208,0.2837653478854025,733,132629.0
2-3,expedited_i <=   0.500 & married <=   0.500 & shelter_expenses_by_hh_size > 277.000 & unc_rawben_rel_max >   0.217,all_2022_24,9981,1797,2645,940,2645,0.3553875236294896,0.33736848844396444,0.3738260201291416,536,2645,0.20264650283553876,0.18776351644127542,0.21839198942211785,569,2645,0.21512287334593572,0.19988209407455879,0.23118996399037042,161,2645,0.06086956521739131,0.05237895331884407,0.07063391389073163,34,2645,0.01285444234404537,0.009213277098094105,0.0179086164873887,130,2645,0.04914933837429111,0.0415445645658952,0.058061844514964905,275,2645,0.10396975425330812,0.0929062722775758,0.11618195708276043,822,2645,0.3107750472589792,0.29342224054759286,0.32867671772911194,698,2645,0.26389413988657845,0.2474483895202096,0.2810247362416329,322,2645,0.12173913043478261,0.10982318803831678,0.13475225203329794,145,2645,0.054820415879017016,0.046773298577130654,0.06415881604988216,220,2645,0.0831758034026465,0.07324649982976641,0.09431414252800993,145,2645,0.054820415879017016,0.046773298577130654,0.06415881604988216,37,2645,0.013988657844990548,0.010165747363515509,0.019221287331197833,12,2645,0.004536862003780718,0.0025971831972035754,0.007913675587255262,15,2645,0.005671077504725898,0.003439768892988873,0.009336231000700506,229,2645,0.08657844990548204,0.07645177630776821,0.09790428937769972,1591,2627,0.6056338028169014,0.5868037882935035,0.6241553207611807,243,2627,0.09250095165588124,0.08200854971736989,0.1041834277851905,791,2627,0.3011039208222307,0.28386229718031336,0.31892640739239825,1397,2642,0.5287660862982589,0.5097036736669045,0.5477449657376616,1146,2642,0.43376230128690385,0.4149739924272778,0.45274295631220846,4,2642,0.001514004542013626,0.0005889098894101335,0.0038866414814655833,22,2642,0.008327024981074944,0.005505472345828856,0.01257633572612829,73,2642,0.027630582891748676,0.02203313702495337,0.03459973170006781,986,2627,0.37533307955843165,0.35701125691373503,0.3940189837514574,311 0.31; 363 0.22; 350 0.07; 364 0.06; 150 0.05; 323 0.04,6,38 0.17; 53 0.12; 35 0.12; 52 0.09; 99 0.09; 44 0.06; 37 0.05; 56 0.04; 39 0.03,9,earned income 0.36; shelter deduction 0.22; unearned income 0.20,"wrong amount, known item 0.31; wrong include/exclude decision 0.26; unreported source of income 0.12; other 0.09",1374,423,643,1797,0.7646076794657763,0.74444060103078,0.7836458225613894,0.2353923205342237,643,0.2635245901639344,2440,495531.0
2-3,expedited_i <=   0.500 & married <=   0.500 & shelter_expenses_by_hh_size > 277.000 & unc_rawben_rel_max >   0.217,train_2022_23,6454,1129,1677,571,1677,0.3404889683959451,0.3181960619764937,0.36351100667292574,345,1677,0.20572450805008943,0.1870603019510101,0.22573386021156366,359,1677,0.21407274895646988,0.19510594516821597,0.23434653863513585,103,1677,0.06141920095408467,0.05089952195381197,0.07394365184674129,24,1677,0.014311270125223614,0.009635751313994752,0.021206893227882363,76,1677,0.04531902206320811,0.03636003170852532,0.05635637892767026,199,1677,0.11866428145497913,0.1040507920122263,0.1350208730393764,433,1677,0.25819916517590935,0.2378220003563023,0.2796816121197335,482,1677,0.2874180083482409,0.2662629069152066,0.30954483130355237,191,1677,0.1138938580799046,0.09956321714574475,0.12998940696827052,93,1677,0.055456171735241505,0.045483569141821396,0.06746080348674752,161,1677,0.09600477042337507,0.08281400091296875,0.11104221968509354,106,1677,0.06320810971973763,0.05253041287625196,0.07588240127589657,12,1677,0.007155635062611807,0.004098009396704498,0.012466073738791432,11,1677,0.00655933214072749,0.003666526216728581,0.011707676801568917,10,1677,0.005963029218843173,0.003242186838712862,0.010942136062386205,178,1677,0.10614192009540847,0.09228909024033657,0.12179509235009908,1019,1674,0.6087216248506571,0.5851188950882907,0.6318264947506546,148,1674,0.0884109916367981,0.07573654573923193,0.10297019272761739,505,1674,0.3016726403823178,0.2801597251151184,0.32409373957427773,901,1674,0.538231780167264,0.5142892012926793,0.561999287441895,719,1674,0.4295101553166069,0.4059850244206905,0.45335807447493826,0,1674,0.0,2.168404344971009e-19,0.002289608268146409,0,1674,0.0,2.168404344971009e-19,0.002289608268146409,54,1674,0.03225806451612903,0.024807113269061543,0.041850907368881876,654,1674,0.3906810035842294,0.36758387260314834,0.4142787299214285,311 0.30; 363 0.21; 350 0.07; 364 0.06; 150 0.05; 331 0.04; 312 0.04,7,38 0.18; 53 0.14; 35 0.11; 99 0.11; 52 0.10; 44 0.07; 37 0.04; 39 0.04,8,earned income 0.34; shelter deduction 0.21; unearned income 0.21,"wrong include/exclude decision 0.29; wrong amount, known item 0.26; unreported source of income 0.11; other 0.11",862,267,411,1129,0.7635075287865367,0.737852851900636,0.7873750352108542,0.23649247121346323,411,0.2668831168831169,1540,304871.0
2-3,expedited_i <=   0.500 & married <=   0.500 & shelter_expenses_by_hh_size > 277.000 & unc_rawben_rel_max >   0.217,test_2024,3527,668,968,369,968,0.381198347107438,0.35112852966942076,0.41220738844727633,191,968,0.19731404958677687,0.17346063118511204,0.22356044714699472,210,968,0.21694214876033058,0.1921233370168352,0.24399876353946937,58,968,0.05991735537190083,0.04663422182370471,0.0766797009390171,10,968,0.010330578512396695,0.005620853659815829,0.018911539273353522,54,968,0.05578512396694215,0.043005060905809134,0.07207706770444998,76,968,0.07851239669421488,0.06318551021495036,0.09717148623385363,389,968,0.4018595041322314,0.3714204314223122,0.4330744574566985,216,968,0.2231404958677686,0.19803509529692193,0.25043469648807676,131,968,0.1353305785123967,0.11521675404215258,0.15832741200301356,52,968,0.05371900826446281,0.04119846255046326,0.06976776898356449,59,968,0.060950413223140494,0.04754465031659575,0.07782722098424175,39,968,0.040289256198347105,0.029610633196245774,0.05460226734227818,25,968,0.025826446280991736,0.01755358500066389,0.03784803600424061,1,968,0.0010330578512396695,0.00018237866776230896,0.0058284774223659585,5,968,0.005165289256198347,0.0022082280533708984,0.012034422189220073,51,968,0.05268595041322314,0.04029728191822702,0.06861100107768506,572,953,0.6002098635886673,0.5687662170612725,0.630848849842173,95,953,0.09968520461699895,0.08224220999702227,0.12034262745151676,286,953,0.3001049317943337,0.2718569014468983,0.329958069808532,496,968,0.512396694214876,0.48092124035907646,0.5437741420983117,427,968,0.44111570247933884,0.4101302842745185,0.4725666490528879,4,968,0.004132231404958678,0.0016080560638924392,0.010576645640582857,22,968,0.022727272727272728,0.0150558370076712,0.03417193838288627,19,968,0.01962809917355372,0.012601112195405585,0.030452817580804856,332,953,0.3483735571878279,0.31878653765135867,0.37917809933766844,311 0.34; 363 0.22; 350 0.07; 364 0.06; 323 0.05; 150 0.05,6,38 0.17; 35 0.14; 56 0.11; 53 0.08; 52 0.06; 44 0.06; 37 0.06; 99 0.05; 57 0.05,9,earned income 0.38; shelter deduction 0.22; unearned income 0.20,"wrong amount, known item 0.40; wrong include/exclude decision 0.22; unreported source of income 0.14",512,156,232,668,0.7664670658682635,0.7329149896651831,0.7969718169868613,0.23353293413173654,232,0.2577777777777778,900,190660.0
2-3,shelter_expenses_by_hh_size > 135.000 & total_deductions_by_hh_size >  28.900 & total_deductions_by_hh_size <= 279.000 & unc_rawben_rel_max <=   0.802,all_2022_24,6479,1076,1639,465,1639,0.28370957901159244,0.26241032138775344,0.30602037820008254,376,1639,0.22940817571690056,0.20969932555784823,0.2503825228686829,394,1639,0.24039048200122026,0.22032474533877558,0.26167035388442395,130,1639,0.07931665649786455,0.0671958104079439,0.09340494379745243,51,1639,0.03111653447223917,0.023745347642438335,0.04068058362202441,36,1639,0.021964612568639415,0.015907266510852225,0.030257622423053514,187,1639,0.11409395973154363,0.09959602001857645,0.13039669504293647,502,1639,0.3062843197071385,0.28444263324945424,0.32903197075375573,483,1639,0.2946918852959121,0.27312064938302405,0.31722330100148033,146,1639,0.08907870652837095,0.07623131613444864,0.1038478832235418,125,1639,0.0762660158633313,0.06438364061766796,0.09013009947754269,104,1639,0.06345332519829164,0.05264175224307931,0.07630652858935151,77,1639,0.04697986577181208,0.0377524027974125,0.05832600184001571,31,1639,0.018913971934106162,0.013356332450880519,0.026721542372839545,11,1639,0.006711409395973154,0.0037516247947334703,0.011978193588243926,10,1639,0.006101281269066504,0.003317430536408728,0.011194985024531534,150,1639,0.09151921903599756,0.07849821215482825,0.10645059849131075,999,1626,0.6143911439114391,0.5904891312988009,0.6377539077793525,153,1626,0.0940959409594096,0.08084585048155586,0.10925949472499673,471,1626,0.2896678966789668,0.2681356968876392,0.3121916183557562,953,1632,0.5839460784313726,0.5598619503672212,0.6076359296231154,605,1632,0.3707107843137255,0.34760638312299486,0.39442242944663297,6,1632,0.003676470588235294,0.00168599251548228,0.007998074694937116,10,1632,0.006127450980392157,0.0033316737839576074,0.011242842477274532,58,1632,0.03553921568627451,0.027592050622319363,0.045667854248665686,692,1626,0.42558425584255843,0.40175470087853316,0.44976461240933474,311 0.25; 363 0.24; 364 0.08; 150 0.08; 350 0.06; 331 0.06,6,38 0.15; 52 0.13; 53 0.12; 44 0.10; 99 0.09; 35 0.09; 37 0.04; 13 0.03; 56 0.03,9,earned income 0.28; shelter deduction 0.24; unearned income 0.23,"wrong amount, known item 0.31; wrong include/exclude decision 0.29; other 0.09; unreported source of income 0.09",648,428,468,1076,0.6022304832713755,0.5726719011189266,0.6310616835105228,0.39776951672862454,468,0.30310880829015546,1544,261041.0
2-3,shelter_expenses_by_hh_size > 135.000 & total_deductions_by_hh_size >  28.900 & total_deductions_by_hh_size <= 279.000 & unc_rawben_rel_max <=   0.802,train_2022_23,4448,715,1073,305,1073,0.2842497670083877,0.2580676273346698,0.31197127160831317,239,1073,0.22273998136067102,0.19885736129314213,0.24860083497267826,250,1073,0.23299161230195714,0.2086768363749706,0.2592114770037102,87,1073,0.08108108108108109,0.06620379527996367,0.09894732815360355,32,1073,0.02982292637465051,0.021203039312594513,0.04179749855667057,27,1073,0.02516309412861137,0.017350260416623603,0.03636386058315946,133,1073,0.1239515377446412,0.10556536873402578,0.14502078989877598,286,1073,0.26654240447343897,0.24095319705382964,0.29379731778512164,340,1073,0.3168685927306617,0.2897252961538092,0.3453185208755479,90,1073,0.08387698042870456,0.06873819075192428,0.10198478280333212,83,1073,0.07735321528424977,0.06283343620580897,0.09488855373217261,68,1073,0.06337371854613234,0.05029639998867386,0.07956633934086171,59,1073,0.05498602050326188,0.04286610553801366,0.07028108342645428,18,1073,0.016775396085740912,0.010637124094904533,0.026361446539810915,8,1073,0.007455731593662628,0.003782645642015077,0.014643091253736348,4,1073,0.003727865796831314,0.0014505967632093128,0.009546006636956504,117,1073,0.10904007455731593,0.09176595601771409,0.12910366863274517,654,1066,0.6135084427767354,0.5839185919357894,0.6422831186725848,107,1066,0.10037523452157598,0.08374616897021883,0.11987425483831507,304,1066,0.2851782363977486,0.25888326119491234,0.313015980711553,634,1066,0.5947467166979362,0.5649856861754681,0.6238273119356541,383,1066,0.3592870544090056,0.3310371593088116,0.3885474969617988,3,1066,0.0028142589118198874,0.0009575362129556992,0.008241582609868167,0,1066,0.0,0.0,0.0035908119482360753,46,1066,0.043151969981238276,0.03250603941856435,0.05707881127335117,458,1066,0.42964352720450283,0.4002315020292221,0.4595608261060832,311 0.25; 363 0.23; 364 0.08; 150 0.08; 331 0.07; 350 0.06,6,38 0.15; 52 0.14; 53 0.14; 99 0.11; 44 0.10; 35 0.08; 37 0.03,7,earned income 0.28; shelter deduction 0.23; unearned income 0.22; other element 0.12,"wrong include/exclude decision 0.32; wrong amount, known item 0.27; other 0.11; unreported source of income 0.08",426,289,318,715,0.5958041958041959,0.5594139433635557,0.631170463548899,0.4041958041958042,318,0.30784123910939015,1033,160724.0
2-3,shelter_expenses_by_hh_size > 135.000 & total_deductions_by_hh_size >  28.900 & total_deductions_by_hh_size <= 279.000 & unc_rawben_rel_max <=   0.802,test_2024,2031,361,566,160,566,0.2826855123674912,0.24714845380250539,0.3211526319729101,137,566,0.2420494699646643,0.208577171944151,0.2789997266185372,144,566,0.254416961130742,0.22027405218635693,0.29187107726716127,43,566,0.07597173144876325,0.056888890975496126,0.10077176419604628,19,566,0.03356890459363958,0.021593958874078632,0.051832761814618024,9,566,0.015901060070671377,0.008387627518188114,0.029941620469322805,54,566,0.09540636042402827,0.0738592604177081,0.12240861472513861,216,566,0.38162544169611307,0.34252921053940816,0.42231772236264736,143,566,0.25265017667844525,0.21860072246438397,0.2900346597190158,56,566,0.0989399293286219,0.07697948901247116,0.12630788067061272,42,566,0.07420494699646643,0.05536433264030185,0.09878657526112197,36,566,0.0636042402826855,0.04629351371206996,0.08679891056864242,18,566,0.03180212014134275,0.02020927812533469,0.04970769529324338,13,566,0.022968197879858657,0.013470882925079992,0.038897354142905224,3,566,0.00530035335689046,0.0018041689408005539,0.015466595425998923,6,566,0.01060070671378092,0.0048671363502488345,0.02293286982690636,33,566,0.05830388692579505,0.0418134905901192,0.08074969188023748,345,560,0.6160714285714286,0.575129034784698,0.6554321724763483,46,560,0.08214285714285714,0.062147019895966146,0.10783263396426694,167,560,0.2982142857142857,0.2618030408659856,0.337375168049426,319,566,0.5636042402826855,0.5224533232882623,0.6038975784360062,222,566,0.392226148409894,0.35285776625216025,0.43304765027060677,3,566,0.00530035335689046,0.0018041689408005539,0.015466595425998923,10,566,0.0176678445229682,0.00962449715846723,0.03221449809916226,12,566,0.02120141342756184,0.012168804901452928,0.03668968489641371,234,560,0.41785714285714287,0.3777024775274463,0.4591311296416593,363 0.25; 311 0.25; 364 0.08; 350 0.07; 150 0.07; 331 0.06,6,38 0.15; 52 0.11; 35 0.10; 56 0.08; 44 0.08; 53 0.08; 99 0.06; 57 0.05; 37 0.04,9,earned income 0.28; shelter deduction 0.25; unearned income 0.24,"wrong amount, known item 0.38; wrong include/exclude decision 0.25; unreported source of income 0.10; household composition 0.07",222,139,150,361,0.6149584487534626,0.5638011377326441,0.6636948495670499,0.3850415512465374,150,0.29354207436399216,511,100317.0
2-3,rawben_rel_max <=   0.804 & shelter_expenses_by_hh_size <= 612.000 & total_deductions_by_hh_size >  30.900,all_2022_24,9364,1708,2616,912,2616,0.3486238532110092,0.33059656761394246,0.3670950790871405,483,2616,0.18463302752293578,0.17023063126402635,0.19996029936322987,562,2616,0.21483180428134557,0.19951728242890618,0.2309826378716188,182,2616,0.06957186544342507,0.06043995708197194,0.07996608884080442,68,2616,0.02599388379204893,0.020556372593186375,0.03282151101626543,108,2616,0.04128440366972477,0.03430913196741248,0.04960494894496024,301,2616,0.1150611620795107,0.10339347648457713,0.12785775641438893,801,2616,0.30619266055045874,0.2888249406351128,0.32412875855036466,733,2616,0.28019877675840976,0.2633208531635636,0.2977213106069483,244,2616,0.09327217125382263,0.08271651812252961,0.10502063361977418,198,2616,0.07568807339449542,0.0661627532277947,0.08645777161615005,203,2616,0.0775993883792049,0.06795517378637468,0.08848237572043517,160,2616,0.06116207951070336,0.052606999905701016,0.07100413750046887,35,2616,0.013379204892966361,0.009635715037461957,0.0185498057970801,17,2616,0.006498470948012232,0.004061299789238098,0.010382932258989548,16,2616,0.0061162079510703364,0.003768262667296018,0.009912564448358608,209,2616,0.07989296636085627,0.07010846754132988,0.09090951156091812,1614,2598,0.6212471131639723,0.6024280954936003,0.6397080898913978,231,2598,0.08891454965357967,0.07856810232952093,0.10047492626991418,750,2598,0.28868360277136257,0.2715804356564755,0.30641078410109923,1477,2609,0.5661172863165964,0.5470160943183769,0.5850240569100787,1029,2609,0.3944039862016098,0.3758189395092895,0.4132995436012061,7,2609,0.0026830203142966655,0.00130025023666532,0.005528177479733562,18,2609,0.006899195093905711,0.004368524003026778,0.010879855385911304,78,2609,0.029896512073591414,0.024021131905008077,0.037154256606871106,1051,2598,0.40454195535026943,0.3858231827934988,0.4235426141097408,311 0.30; 363 0.21; 364 0.07; 150 0.07; 350 0.06; 331 0.04,6,38 0.16; 52 0.12; 53 0.11; 35 0.09; 44 0.09; 99 0.08; 37 0.03; 41 0.03; 56 0.03; 13 0.03,10,earned income 0.35; shelter deduction 0.21; unearned income 0.18; other element 0.12,"wrong amount, known item 0.31; wrong include/exclude decision 0.28; unreported source of income 0.09; other 0.08",1042,666,693,1708,0.6100702576112412,0.586716849535276,0.6329296411213362,0.38992974238875877,693,0.2886297376093295,2401,421260.0
2-3,rawben_rel_max <=   0.804 & shelter_expenses_by_hh_size <= 612.000 & total_deductions_by_hh_size >  30.900,train_2022_23,6448,1144,1745,597,1745,0.34212034383954154,0.32022911984429536,0.3647051818100111,313,1745,0.17936962750716332,0.1620785223791528,0.19806936065382172,368,1745,0.21088825214899715,0.19239329703206307,0.23065336425504265,127,1745,0.07277936962750717,0.06150649968722991,0.08592915143177368,47,1745,0.026934097421203437,0.020314852453776434,0.03563166665921813,69,1745,0.03954154727793696,0.03136347634539347,0.04974255406925356,224,1745,0.12836676217765042,0.11348447259426186,0.1448817510820276,465,1745,0.2664756446991404,0.24626097480613662,0.28771625903825504,521,1745,0.298567335243553,0.27755684589534496,0.320462780353253,153,1745,0.08767908309455587,0.07529820313684119,0.1018714158841153,137,1745,0.07851002865329514,0.06679561095946326,0.09207618166029144,142,1745,0.08137535816618911,0.06944763643106881,0.09514222693906145,121,1745,0.06934097421203439,0.0583433162675266,0.08223064995102629,16,1745,0.009169054441260744,0.005651693568239707,0.014842786892426369,13,1745,0.007449856733524355,0.004358872169871369,0.01270476584056937,7,1745,0.0040114613180515755,0.0019444772164398374,0.008257475893550227,170,1745,0.09742120343839542,0.0843794926210799,0.11223156695115351,1068,1738,0.6144994246260069,0.5913881996714975,0.6371055967793394,170,1738,0.09781357882623705,0.0847216120498088,0.11267957529122152,498,1738,0.286536248561565,0.26576803216248657,0.30824604581107895,986,1738,0.567318757192175,0.5439023332862842,0.590438240506419,689,1738,0.39643268124280784,0.37368793414662765,0.41963426001844467,3,1738,0.0017261219792865361,0.0005871964199803056,0.005062915507533654,0,1738,0.0,0.0,0.0022054818302651635,60,1738,0.03452243958573072,0.026913994994106474,0.044184088781134626,694,1738,0.3993095512082854,0.3765303320057708,0.4225329123213828,311 0.30; 363 0.21; 150 0.08; 364 0.07; 350 0.06; 331 0.04,6,38 0.16; 53 0.14; 52 0.13; 99 0.10; 44 0.09; 35 0.09; 13 0.03; 41 0.03,8,earned income 0.34; shelter deduction 0.21; unearned income 0.18; other element 0.13,"wrong include/exclude decision 0.30; wrong amount, known item 0.27; other 0.10; unreported source of income 0.09",697,447,486,1144,0.6092657342657343,0.5806710324472764,0.6371290542545822,0.39073426573426573,486,0.298159509202454,1630,268543.0
2-3,rawben_rel_max <=   0.804 & shelter_expenses_by_hh_size <= 612.000 & total_deductions_by_hh_size >  30.900,test_2024,2916,564,871,315,871,0.3616532721010333,0.3304155109812537,0.39410604812155997,170,871,0.19517795637198623,0.17021865610818476,0.22281432266191492,194,871,0.2227324913892078,0.19635114952122015,0.2515489046142942,55,871,0.06314580941446613,0.048832791807177076,0.08129545083697702,21,871,0.024110218140068886,0.015822708031064905,0.036577177845418335,39,871,0.04477611940298507,0.03292545121247477,0.060624741188069514,77,871,0.08840413318025259,0.0713131710742078,0.1091098906549098,336,871,0.3857634902411022,0.35400453972770224,0.41852571031984936,212,871,0.24339839265212398,0.21606586104455905,0.27298449961501636,91,871,0.1044776119402985,0.08587073870848727,0.1265581169837889,61,871,0.07003444316877153,0.054905995017429376,0.08893901646807839,61,871,0.07003444316877153,0.054905995017429376,0.08893901646807839,39,871,0.04477611940298507,0.03292545121247477,0.060624741188069514,19,871,0.021814006888633754,0.014008806181079329,0.03381882341495268,4,871,0.004592422502870264,0.0017872803154430385,0.011748427177204776,9,871,0.010332950631458095,0.005445517236285019,0.01952083095749086,39,871,0.04477611940298507,0.03292545121247477,0.060624741188069514,546,860,0.6348837209302326,0.602171128770271,0.6663966271701699,61,860,0.07093023255813953,0.055613321550159474,0.09006338584619653,252,860,0.2930232558139535,0.26357738013927984,0.3243100288486643,491,871,0.563719862227325,0.5305759751443769,0.5963041366381446,340,871,0.39035591274397247,0.35850720400685865,0.4231675586015954,4,871,0.004592422502870264,0.0017872803154430385,0.011748427177204776,18,871,0.02066590126291619,0.013111402772175887,0.03243009868363052,18,871,0.02066590126291619,0.013111402772175887,0.03243009868363052,357,860,0.41511627906976745,0.382632271302335,0.44835526159721506,311 0.32; 363 0.22; 350 0.07; 364 0.06; 150 0.06; 331 0.04,6,38 0.16; 52 0.11; 35 0.10; 56 0.09; 44 0.08; 53 0.07; 57 0.05; 99 0.04; 37 0.04; 41 0.03,10,earned income 0.36; shelter deduction 0.22; unearned income 0.20,"wrong amount, known item 0.39; wrong include/exclude decision 0.24; unreported source of income 0.10; household composition 0.07",345,219,207,564,0.6117021276595744,0.5708531030690881,0.6510397628287256,0.3882978723404255,207,0.26848249027237353,771,152717.0
2-3,expedited_i <=   0.500 & married <=   0.500 & shelter_expenses_by_hh_size > 247.000 & unc_rawben_rel_max >   0.129,all_2022_24,11275,2008,2966,1032,2966,0.34794335805799054,0.33100777586224533,0.36527232203927246,605,2966,0.20397842211732975,0.18986375746094208,0.21885891650254474,636,2966,0.21443020903573837,0.20003367631142768,0.2295655319426422,192,2966,0.06473364801078894,0.05642921930818656,0.07416414297753265,40,2966,0.013486176668914362,0.009919591318435146,0.01831140928442529,145,2966,0.04888739042481457,0.04169360598886385,0.0572482365659714,316,2966,0.10654079568442347,0.09594161606951959,0.11815788337853181,918,2966,0.30950775455158464,0.2931256935081238,0.32638263313124993,801,2966,0.27006068779501013,0.2543868762394137,0.28632936936775955,356,2966,0.12002697235333783,0.10881952413722507,0.1322174389115786,171,2966,0.0576534052596089,0.04982294206329319,0.06662825183203105,239,2966,0.08057990559676331,0.07131793481597734,0.09092694720062583,160,2966,0.05394470667565745,0.04637625788591307,0.06266713351920429,37,2966,0.012474713418745786,0.009063946913551588,0.017146743919252427,14,2966,0.004720161834120027,0.002813800309161976,0.007907848953209458,17,2966,0.0057316250842886045,0.0035816518994277536,0.009160307133000103,253,2966,0.08530006743088335,0.07577594825633142,0.09589704602053507,1795,2948,0.608887381275441,0.5911403892648049,0.6263509557992392,265,2948,0.08989145183175033,0.08009291213013495,0.1007574424417364,885,2948,0.3002035278154681,0.28392653715437594,0.31700055866268967,1580,2963,0.5332433344583193,0.5152480711421487,0.5511525078439353,1270,2963,0.4286196422544718,0.41090413919623586,0.44651999831080186,4,2963,0.0013499831252109348,0.0005250949122228017,0.0034662202965163496,22,2963,0.007424907188660142,0.004908429667073326,0.011217001498513672,87,2963,0.029362132973337833,0.023866255388913956,0.03607681673195694,1110,2948,0.37652645861601086,0.35920742245111414,0.3941668778500945,311 0.31; 363 0.21; 350 0.07; 364 0.06; 150 0.05; 323 0.04; 331 0.04,7,38 0.17; 53 0.12; 35 0.12; 52 0.09; 99 0.09; 44 0.07; 37 0.04; 56 0.04; 39 0.03,9,earned income 0.35; shelter deduction 0.21; unearned income 0.20,"wrong amount, known item 0.31; wrong include/exclude decision 0.27; unreported source of income 0.12; other 0.09",1504,504,747,2008,0.749003984063745,0.7295758002479107,0.7674812245198444,0.250996015936255,747,0.2711433756805808,2755,549493.0
2-3,expedited_i <=   0.500 & married <=   0.500 & shelter_expenses_by_hh_size > 247.000 & unc_rawben_rel_max >   0.129,train_2022_23,7369,1267,1898,626,1898,0.32982086406743943,0.3090316286701319,0.3512976016926912,391,1898,0.20600632244467862,0.1884136617674101,0.22478668046929356,405,1898,0.21338250790305585,0.1955391222439769,0.23238379205130405,128,1898,0.06743940990516333,0.05700829057027171,0.0796180194231578,29,1898,0.015279241306638568,0.010659223002892047,0.021857470290597803,88,1898,0.04636459430979979,0.03778612230291312,0.05677569609458119,231,1898,0.12170706006322445,0.10775711516869121,0.1371852606842715,488,1898,0.2571127502634352,0.23795494908915255,0.27725178526769406,563,1898,0.2966280295047418,0.27650573116904603,0.317571924930179,208,1898,0.1095890410958904,0.09631614268831017,0.1244391504969898,110,1898,0.05795574288724974,0.048309217729199494,0.06938807104605918,175,1898,0.09220231822971549,0.0799972540090663,0.10605483360958712,118,1898,0.06217070600632244,0.05216676997182941,0.0739434171226163,12,1898,0.006322444678609062,0.0036203721838039184,0.011018912181413458,13,1898,0.00684931506849315,0.004007127850032254,0.011683768805083502,11,1898,0.005795574288724974,0.0032392089423274794,0.010348463132991516,200,1898,0.1053740779768177,0.0923489103337419,0.11999348453237102,1163,1895,0.6137203166226913,0.5915888472082238,0.635391644476812,164,1895,0.08654353562005276,0.0747058023321582,0.1000542197781642,566,1895,0.2986807387862797,0.2784979465932852,0.31967812033088594,1038,1895,0.5477572559366755,0.5252736512459365,0.5700476225243453,791,1895,0.41741424802110816,0.39539999934652237,0.4397626598242057,0,1895,0.0,0.0,0.0020231282061652744,0,1895,0.0,0.0,0.0020231282061652744,66,1895,0.034828496042216356,0.02746935175795052,0.0440698435072048,750,1895,0.39577836411609496,0.37399260469817386,0.4179858309965149,311 0.29; 363 0.21; 350 0.07; 364 0.07; 150 0.05; 331 0.04; 323 0.04,7,38 0.17; 53 0.15; 35 0.11; 52 0.11; 99 0.11; 44 0.07; 37 0.04,7,earned income 0.33; shelter deduction 0.21; unearned income 0.21; other element 0.12,"wrong include/exclude decision 0.30; wrong amount, known item 0.26; unreported source of income 0.11; other 0.11",940,327,485,1267,0.7419100236779794,0.7171089818773803,0.7652485361642071,0.2580899763220205,485,0.2768264840182648,1752,339997.0
2-3,expedited_i <=   0.500 & married <=   0.500 & shelter_expenses_by_hh_size > 247.000 & unc_rawben_rel_max >   0.129,test_2024,3906,741,1068,406,1068,0.3801498127340824,0.3515151296929265,0.4096436086878193,214,1068,0.20037453183520598,0.17746059216680157,0.22543625378506296,231,1068,0.21629213483146068,0.1926396384915882,0.24197831251908355,64,1068,0.0599250936329588,0.0472056783632225,0.07579906412857852,11,1068,0.010299625468164793,0.0057606963501051775,0.018348836252473414,57,1068,0.05337078651685393,0.04142016477150304,0.06852294622549503,85,1068,0.07958801498127341,0.06482152367692881,0.0973681132992811,430,1068,0.40262172284644193,0.3736081202595738,0.4323333546747822,238,1068,0.22284644194756553,0.1989057909906797,0.24877379151479498,148,1068,0.13857677902621723,0.1191471730873374,0.16059714734209918,61,1068,0.05711610486891386,0.044719963606544635,0.07268693681605512,64,1068,0.0599250936329588,0.0472056783632225,0.07579906412857852,42,1068,0.03932584269662921,0.029224016164177788,0.05272988448681393,25,1068,0.023408239700374533,0.015904902210939875,0.034327893381244645,1,1068,0.0009363295880149813,0.0001653000372425456,0.005284759001331811,6,1068,0.0056179775280898875,0.0025772021819138033,0.012202593638662669,53,1068,0.04962546816479401,0.03813842830820579,0.06434089326319059,632,1053,0.6001899335232669,0.5702894950490581,0.6293619948241641,101,1053,0.09591642924976258,0.07957037684227863,0.11520015452211882,319,1053,0.3029439696106363,0.27594549848041466,0.33137503091585435,542,1068,0.5074906367041199,0.4775334112437281,0.5373941676074753,479,1068,0.448501872659176,0.4189113453551741,0.4784615500428026,4,1068,0.003745318352059925,0.0014573923081486638,0.009590508799626963,22,1068,0.020599250936329586,0.013642139714061467,0.03099281380892177,21,1068,0.019662921348314606,0.012896144998547904,0.02987286116803492,360,1053,0.3418803418803419,0.31385100247549136,0.3710592054497076,311 0.34; 363 0.22; 350 0.07; 364 0.06; 150 0.05; 323 0.05,6,38 0.17; 35 0.14; 56 0.11; 53 0.08; 52 0.07; 44 0.06; 37 0.05; 99 0.05; 57 0.04,9,earned income 0.38; shelter deduction 0.22; unearned income 0.20,"wrong amount, known item 0.40; wrong include/exclude decision 0.22; unreported source of income 0.14",564,177,262,741,0.7611336032388664,0.7291352782050777,0.7904382794479856,0.2388663967611336,262,0.2612163509471585,1003,209496.0
2-3,rawben_rel_max <   0.839 & total_deductions_by_hh_size >=  32.500 & total_deductions_by_hh_size < 251.000,all_2022_24,7179,1219,1853,587,1853,0.3167835941716136,0.29599859791210387,0.33832669940997256,403,1853,0.2174851592012952,0.19929636332234718,0.2368429390284834,395,1853,0.21316783594171615,0.1951236256391914,0.23239889432158506,144,1853,0.07771181867242309,0.0663770395173188,0.09079393295550817,48,1853,0.025903939557474366,0.019593275959030692,0.034176307833146305,45,1853,0.024284943335132217,0.018198687551650487,0.032339602844256195,231,1853,0.12466270912034538,0.11039383632599252,0.14048464463867352,544,1853,0.29357798165137616,0.2732867143795571,0.3147233775959781,533,1853,0.2876416621694549,0.2674869162863372,0.3086750999028735,175,1853,0.09444144630329196,0.08195233212703072,0.10860867210725615,151,1853,0.08148947652455478,0.06988119987520945,0.09482945718891493,134,1853,0.07231516459794927,0.06138577751496203,0.08501421697029726,95,1853,0.05126821370750135,0.04212225550657143,0.0622709248271738,30,1853,0.016189962223421478,0.011363832229925756,0.023017991184629362,9,1853,0.004856988667026443,0.0025573580008635514,0.009205411639799387,14,1853,0.007555315704263357,0.004505837765398712,0.012642420869048081,168,1853,0.09066378845116028,0.07842309183966507,0.10459822780332441,1121,1841,0.6089082020640956,0.5864117200038633,0.6309511148324717,179,1841,0.09722976643128735,0.08452285481878659,0.1116140926568124,539,1841,0.29277566539923955,0.2724381407163797,0.3139762159416662,1071,1846,0.5801733477789816,0.5575155486519375,0.6024981519805922,694,1846,0.37594799566630555,0.3541310262310482,0.3982802072496995,5,1846,0.0027085590465872156,0.0011574552864853749,0.006325131330660655,9,1846,0.004875406283856988,0.0025670632051690455,0.00924021802366698,67,1846,0.03629469122426869,0.028680642012730906,0.04583471108561005,781,1841,0.42422596414991853,0.40183036249868564,0.44693714144311625,311 0.28; 363 0.21; 364 0.08; 150 0.08; 350 0.06; 331 0.06,6,38 0.15; 52 0.13; 53 0.11; 44 0.09; 35 0.09; 99 0.09; 37 0.04; 13 0.03; 41 0.03,9,earned income 0.32; unearned income 0.22; shelter deduction 0.21; other element 0.12,"wrong amount, known item 0.29; wrong include/exclude decision 0.29; unreported source of income 0.09; other 0.09",702,517,491,1219,0.5758818703855619,0.547942374748344,0.6033445948804289,0.42411812961443807,491,0.28713450292397663,1710,297287.0
2-3,rawben_rel_max <   0.839 & total_deductions_by_hh_size >=  32.500 & total_deductions_by_hh_size < 251.000,train_2022_23,4957,827,1244,395,1244,0.317524115755627,0.2922507315689896,0.343921038950602,261,1244,0.20980707395498394,0.18809089204680052,0.23331002935219758,259,1244,0.20819935691318328,0.18655172059685735,0.2316436657406393,100,1244,0.08038585209003216,0.06653664331994187,0.09681870562819385,30,1244,0.024115755627009645,0.016943760781502278,0.03421786101408458,32,1244,0.02572347266881029,0.018279254319817185,0.03608790253727108,167,1244,0.1342443729903537,0.11642121777402459,0.15431955573440786,325,1244,0.2612540192926045,0.23760233822431748,0.2863757051427253,378,1244,0.30385852090032156,0.2789363852158049,0.32998833728102495,109,1244,0.08762057877813505,0.07315085895046569,0.10462939777442629,101,1244,0.08118971061093247,0.06726987245735933,0.09768824402152707,93,1244,0.0747588424437299,0.06141670116321819,0.09071927506966264,71,1244,0.05707395498392283,0.04549387150686757,0.07138121904949792,18,1244,0.014469453376205787,0.009171906137712958,0.02275650528886554,6,1244,0.00482315112540193,0.0022122816276676765,0.01048291942990245,6,1244,0.00482315112540193,0.0022122816276676765,0.01048291942990245,137,1244,0.11012861736334405,0.0939178442417761,0.12873990334413543,741,1237,0.5990299110751819,0.5714520339614297,0.6259946022570853,132,1237,0.10670978172999192,0.09070535911713942,0.12514942847218707,363,1237,0.29345189975747776,0.2687473444696525,0.31943538570315927,729,1237,0.5893290218270008,0.5616779757752817,0.616426949140195,453,1237,0.36620856911883587,0.33981337760506,0.39343218734053825,2,1237,0.0016168148746968471,0.000443491703820925,0.005876090102591755,0,1237,0.0,0.0,0.003095963255906314,53,1237,0.04284559417946645,0.03290451273434423,0.055617342109980795,520,1237,0.42037186742118027,0.39315166419252534,0.44808512219503627,311 0.27; 363 0.21; 364 0.08; 150 0.08; 350 0.06; 331 0.06,6,38 0.15; 52 0.13; 53 0.13; 99 0.11; 44 0.10; 35 0.09; 37 0.03; 13 0.03,8,earned income 0.32; unearned income 0.21; shelter deduction 0.21; other element 0.13,"wrong include/exclude decision 0.30; wrong amount, known item 0.26; other 0.11; unreported source of income 0.09",468,359,339,827,0.56590084643289,0.5318923007353739,0.5992999746634508,0.43409915356711004,339,0.29073756432247,1166,190837.0
2-3,rawben_rel_max <   0.839 & total_deductions_by_hh_size >=  32.500 & total_deductions_by_hh_size < 251.000,test_2024,2222,392,609,192,609,0.31527093596059114,0.2796246273408215,0.35323319432141553,142,609,0.23316912972085385,0.20132140408137825,0.2683621160974086,136,609,0.2233169129720854,0.19203224710338976,0.25807035689738306,44,609,0.0722495894909688,0.0542581389959066,0.09560375027531778,18,609,0.029556650246305417,0.018776230726604705,0.04623502177322559,13,609,0.021346469622331693,0.012516581563661424,0.036177240787823854,64,609,0.10509031198686371,0.08315970098250886,0.13197190888209562,219,609,0.35960591133004927,0.32248143105058485,0.3984905134127153,155,609,0.2545155993431856,0.2215328656121958,0.2905759729522882,66,609,0.10837438423645321,0.08609574692851393,0.13556283499542857,50,609,0.08210180623973727,0.06282931196613376,0.10661349348310467,41,609,0.06732348111658457,0.050011679123424115,0.09005975205879327,24,609,0.03940886699507389,0.026623327472208323,0.05796884120563601,12,609,0.019704433497536946,0.01130692535459427,0.034123410967222004,3,609,0.0049261083743842365,0.0016766756015498645,0.01438228645324537,8,609,0.013136288998357963,0.00667098482349361,0.025705407379646647,31,609,0.05090311986863711,0.036089641925370036,0.07134692896015732,380,604,0.6291390728476821,0.5899134806489876,0.6667323297068681,47,604,0.07781456953642384,0.05902018761115167,0.10194543237931951,176,604,0.2913907284768212,0.256560577446143,0.32885772890208975,342,609,0.5615763546798029,0.5219028711044289,0.6004778550081586,241,609,0.3957307060755337,0.35766221261480957,0.43510642450120873,3,609,0.0049261083743842365,0.0016766756015498645,0.01438228645324537,9,609,0.014778325123152709,0.007793954327046087,0.02784592390576317,14,609,0.022988505747126436,0.013742159508169023,0.03821514887298525,261,604,0.43211920529801323,0.3931644720474166,0.4719319609706591,311 0.28; 363 0.22; 364 0.07; 350 0.07; 150 0.07; 331 0.06,6,38 0.14; 52 0.11; 35 0.11; 44 0.08; 53 0.08; 56 0.08; 99 0.05; 37 0.04; 57 0.04; 13 0.03,10,earned income 0.32; unearned income 0.23; shelter deduction 0.22,"wrong amount, known item 0.36; wrong include/exclude decision 0.25; unreported source of income 0.11; household composition 0.08",234,158,152,392,0.5969387755102041,0.5476667424661524,0.6443292478491657,0.4030612244897959,152,0.27941176470588236,544,106450.0
2-3,rawben_rel_max <   0.859 & shelter_expenses_by_hh_size < 572.000 & total_deductions_by_hh_size >=  65.200,all_2022_24,8694,1638,2492,890,2492,0.35714285714285715,0.33856284499622397,0.37616264078780975,427,2492,0.17134831460674158,0.15706215161085327,0.18664619911140415,544,2492,0.21829855537720708,0.2025196937783446,0.2349446068407332,181,2492,0.07263242375601926,0.06308686840556993,0.08349358766183435,59,2492,0.023675762439807384,0.018399222445914926,0.030418619199163836,106,2492,0.04253611556982344,0.03529150275030911,0.05118898543451801,285,2492,0.11436597110754414,0.10245944437770156,0.1274596338202097,768,2492,0.30818619582664525,0.2903635950804502,0.32659927628125796,694,2492,0.2784911717495987,0.2612425286992363,0.2964217076849957,228,2492,0.09149277688603531,0.08079298003342525,0.10345012257372738,180,2492,0.07223113964686999,0.06271207760848449,0.08306704555381877,200,2492,0.08025682182985554,0.0702241971947525,0.09158158406957133,153,2492,0.06139646869983949,0.052629366246671916,0.07151376847790356,36,2492,0.014446227929373997,0.010453025977269638,0.019934158850485457,15,2492,0.006019261637239166,0.0036511482278407032,0.009908045592792788,16,2492,0.006420545746388443,0.00395594555008363,0.010404581175650887,202,2492,0.08105939004815409,0.07097720456582673,0.09243124250869914,1524,2472,0.616504854368932,0.5971699628914964,0.6354782000604469,221,2472,0.08940129449838188,0.07878128870228195,0.10129549811639012,725,2472,0.29328478964401294,0.275669309275299,0.3115417627092739,1409,2485,0.5670020120724346,0.547431602286245,0.5863655827174129,975,2485,0.39235412474849096,0.3733363254595308,0.41170423316822596,7,2485,0.0028169014084507044,0.0013651627414747076,0.00580347346261317,19,2485,0.007645875251509054,0.004900279456900207,0.011911397107811665,75,2485,0.030181086519114688,0.02414569781220408,0.0376668337687531,991,2472,0.4008899676375405,0.3817385497871847,0.42034895047939136,311 0.32; 363 0.22; 364 0.07; 150 0.07; 350 0.06; 331 0.04,6,38 0.16; 52 0.12; 53 0.12; 35 0.09; 44 0.08; 99 0.08; 41 0.03; 56 0.03; 37 0.03; 13 0.03,10,earned income 0.36; shelter deduction 0.22; unearned income 0.17; other element 0.11,"wrong amount, known item 0.31; wrong include/exclude decision 0.28; unreported source of income 0.09; other 0.08",1018,620,665,1638,0.6214896214896215,0.5977426495455848,0.6446680677854902,0.3785103785103785,665,0.2887537993920973,2303,401433.0
2-3,rawben_rel_max <   0.859 & shelter_expenses_by_hh_size < 572.000 & total_deductions_by_hh_size >=  65.200,train_2022_23,5971,1089,1653,584,1653,0.35329703569267995,0.3306182401102646,0.3766561305960237,272,1653,0.1645493042952208,0.14745662923979758,0.18319755037520002,352,1653,0.21294615849969753,0.19388749790475396,0.23333596147724134,123,1653,0.07441016333938294,0.06272156586592234,0.08807233018304214,40,1653,0.024198427102238355,0.017820556600244508,0.032782711690459924,69,1653,0.041742286751361164,0.033115966871764824,0.05249366533447626,213,1653,0.12885662431941924,0.11356128382383353,0.14587305196300335,436,1653,0.2637628554143981,0.24308422316330863,0.2855369799740342,495,1653,0.29945553539019965,0.2778610011022282,0.32198004586327533,143,1653,0.08650937689050212,0.07389792210156987,0.10103829388914404,123,1653,0.07441016333938294,0.06272156586592234,0.08807233018304214,142,1653,0.08590441621294616,0.07333710386163216,0.10039199613199427,113,1653,0.06836055656382335,0.05716837754199398,0.08155435853609583,17,1653,0.0102843315184513,0.0064308527132024874,0.016408747644490122,12,1653,0.007259528130671506,0.004157576190793034,0.012646444181462223,8,1653,0.004839685420447671,0.002454332153246186,0.009521224230659191,164,1653,0.09921355111917725,0.08571785150592406,0.11456780042362671,996,1646,0.6051032806804374,0.5812692630701015,0.6284478394687119,164,1646,0.09963547995139732,0.08608490905612651,0.1150505211572952,485,1646,0.29465370595382745,0.27312820149951655,0.3171354941182931,933,1646,0.5668286755771568,0.5427619483852482,0.5905841861770031,651,1646,0.3955042527339004,0.3721520100923665,0.4193431249557498,3,1646,0.0018226002430133657,0.0006200266606824628,0.005345152057080503,0,1646,0.0,0.0,0.002328465956974294,59,1646,0.035844471445929525,0.027889810306885934,0.045960673278932246,661,1646,0.40157958687727824,0.3781525904900675,0.42546492042734424,311 0.31; 363 0.21; 364 0.07; 150 0.07; 350 0.06; 331 0.04,6,38 0.16; 53 0.14; 52 0.13; 99 0.10; 44 0.09; 35 0.09; 41 0.03; 13 0.03,8,earned income 0.35; shelter deduction 0.21; unearned income 0.16; other element 0.13,"wrong include/exclude decision 0.30; wrong amount, known item 0.26; other 0.10; unreported source of income 0.09; change in circumstances 0.09",677,412,459,1089,0.6216712580348944,0.5924867538743179,0.6500003549619489,0.3783287419651056,459,0.29651162790697677,1548,255159.0
2-3,rawben_rel_max <   0.859 & shelter_expenses_by_hh_size < 572.000 & total_deductions_by_hh_size >=  65.200,test_2024,2723,549,839,306,839,0.36471990464839094,0.3328334878534038,0.39783951167580794,155,839,0.18474374255065554,0.15994045275789373,0.21242085451502682,192,839,0.22884386174016685,0.20169169913438437,0.2584678373668989,58,839,0.06912991656734208,0.05385536889985054,0.0883322022879029,19,839,0.02264600715137068,0.01454483405862473,0.03509865767220584,37,839,0.04410011918951132,0.032161719406855,0.060194424381016895,72,839,0.08581644815256258,0.06870054372556339,0.10670797906211107,332,839,0.3957091775923719,0.36316740805735037,0.42920164444314335,199,839,0.23718712753277713,0.20964312672986157,0.26712688557138226,85,839,0.10131108462455304,0.0826762012830762,0.12358034799023923,57,839,0.06793802145411204,0.05280479543236576,0.08700985064110758,58,839,0.06912991656734208,0.05385536889985054,0.0883322022879029,40,839,0.04767580452920143,0.03520499226628968,0.06426992686442243,19,839,0.02264600715137068,0.01454483405862473,0.03509865767220584,3,839,0.003575685339690107,0.0012167628136446852,0.0104599270887047,8,839,0.009535160905840286,0.004839316421518044,0.01870199905223171,38,839,0.04529201430274136,0.03317360362620317,0.061555465275948795,528,826,0.639225181598063,0.6059002167774701,0.6712611113603335,57,826,0.06900726392251816,0.05364180571918088,0.08836312630640085,240,826,0.29055690072639223,0.26062020402236047,0.32243275451816095,476,839,0.567342073897497,0.5335851282804724,0.6004851406763518,324,839,0.38617401668653156,0.35381891750621564,0.4195667340800374,4,839,0.004767580452920143,0.0018555040981147585,0.012194110918514701,19,839,0.02264600715137068,0.01454483405862473,0.03509865767220584,16,839,0.01907032181168057,0.011771925566604871,0.030752790821385476,330,826,0.39951573849878935,0.3666521996079286,0.4333096244317435,311 0.33; 363 0.23; 364 0.07; 350 0.06; 150 0.05; 323 0.04,6,38 0.16; 52 0.11; 35 0.10; 56 0.09; 44 0.08; 53 0.07; 57 0.05; 99 0.05; 37 0.04; 41 0.03,10,earned income 0.36; shelter deduction 0.23; unearned income 0.18,"wrong amount, known item 0.40; wrong include/exclude decision 0.24; unreported source of income 0.10; change in circumstances 0.07",341,208,206,549,0.6211293260473588,0.5798406222886,0.6607346166225093,0.3788706739526412,206,0.2728476821192053,755,146274.0
2-3,married <=   0.500 & rawben_rel_max >   0.181 & shelter_expenses_by_hh_size > 176.000 & unc_rawben_rel_max <=   0.804,all_2022_24,6848,1367,2087,703,2087,0.3368471490177288,0.31688566420190956,0.3574081703956037,420,2087,0.20124580737901293,0.1846003265135405,0.2189891180431394,484,2087,0.2319118351701006,0.21430670463545506,0.25050210728028255,147,2087,0.07043603258265453,0.06022879984617867,0.08222178081952074,26,2087,0.012458073790129372,0.008515772758757622,0.018191941493723295,114,2087,0.05462386200287494,0.045667185310484255,0.06521715906070101,193,2087,0.0924772400574988,0.08078573138944858,0.10566626956557354,685,2087,0.3282223287014854,0.3084078529012752,0.34866803462650303,562,2087,0.26928605654048876,0.2506911174396317,0.2887287984449576,198,2087,0.09487302347867753,0.08303442083372775,0.10820034319622077,119,2087,0.05701964542405367,0.047860909863435046,0.06780619758267661,163,2087,0.07810253953042645,0.06734972461817638,0.09040569788728743,110,2087,0.05270723526593196,0.04391591947862247,0.06314221443262169,36,2087,0.017249640632486823,0.012485638610392973,0.023787601791940713,10,2087,0.004791566842357451,0.0026047531663129994,0.008798119246403486,18,2087,0.008624820316243412,0.005462526600136713,0.01359276673246199,186,2087,0.08912314326784859,0.07764180620542127,0.10211432644470392,1284,2068,0.620889748549323,0.5997729802317519,0.6415582103380292,185,2068,0.08945841392649903,0.07790647043189633,0.1025328063931274,597,2068,0.28868471953578334,0.26955975332571364,0.30859332555830915,1182,2080,0.5682692307692307,0.546875950889921,0.5894107995041589,808,2080,0.38846153846153847,0.3677390239653477,0.4095952993344654,4,2080,0.0019230769230769232,0.0007480812245040077,0.004934500407420415,20,2080,0.009615384615384616,0.006233047463175702,0.014805787734278843,66,2080,0.03173076923076923,0.025018720648511655,0.040169343549842,854,2068,0.41295938104448743,0.39191870824762554,0.4343228345421323,311 0.30; 363 0.23; 350 0.08; 364 0.07; 150 0.05; 323 0.05,6,38 0.17; 52 0.12; 53 0.11; 35 0.09; 44 0.09; 99 0.09; 56 0.04; 41 0.03; 37 0.03,9,earned income 0.34; shelter deduction 0.23; unearned income 0.20,"wrong amount, known item 0.33; wrong include/exclude decision 0.27; unreported source of income 0.09; other 0.09",889,478,535,1367,0.6503291880029262,0.6246603621414077,0.6751554590300537,0.3496708119970739,535,0.2812828601472135,1902,333242.0
2-3,married <=   0.500 & rawben_rel_max >   0.181 & shelter_expenses_by_hh_size > 176.000 & unc_rawben_rel_max <=   0.804,train_2022_23,4521,859,1323,428,1323,0.3235071806500378,0.2988408563903491,0.3491955030364281,262,1323,0.1980347694633409,0.17744776496410633,0.2203703317853474,303,1323,0.2290249433106576,0.20718549726894095,0.2524334956839481,101,1323,0.07634164777021919,0.06322733072350119,0.09190919800758472,18,1323,0.013605442176870748,0.008623156118013339,0.021404241274410898,69,1323,0.05215419501133787,0.04141723119815703,0.06548445171561354,142,1323,0.1073318216175359,0.09177452734581223,0.125162897588709,358,1323,0.2705971277399849,0.24734692069434233,0.29517571350705757,384,1323,0.29024943310657597,0.2664269562887149,0.31528649013925375,121,1323,0.09145880574452003,0.07708590957724003,0.10819739778966801,81,1323,0.061224489795918366,0.04953246413154423,0.0754572859637196,114,1323,0.08616780045351474,0.07221936096852409,0.10251257387584621,84,1323,0.06349206349206349,0.05157430705979455,0.0779374598308426,14,1323,0.010582010582010581,0.006313797419811678,0.01768424424544814,9,1323,0.006802721088435374,0.00358299044691075,0.012878356559393542,11,1323,0.008314436885865457,0.00464888904223681,0.014827135827649694,147,1323,0.1111111111111111,0.0952894056171987,0.12918471397627804,827,1316,0.628419452887538,0.6019726631848716,0.6541186738361768,123,1316,0.09346504559270517,0.07889974729067878,0.11039690770185973,365,1316,0.2773556231003039,0.2538416997838532,0.3021656271559856,758,1316,0.5759878419452887,0.5491038575915238,0.6024294779238896,509,1316,0.38677811550151975,0.36083106974888474,0.4133842603331493,1,1316,0.0007598784194528875,0.00013414634487827386,0.0042918393188559195,0,1316,0.0,0.0,0.0029106523085800596,48,1316,0.0364741641337386,0.02761981646470498,0.04802683689127348,561,1316,0.42629179331306993,0.3998249563367214,0.4531877082133277,311 0.29; 363 0.23; 350 0.08; 364 0.08; 150 0.05; 323 0.04,6,38 0.16; 53 0.13; 52 0.13; 99 0.11; 44 0.10; 35 0.09; 41 0.04,7,earned income 0.32; shelter deduction 0.23; unearned income 0.20,"wrong include/exclude decision 0.29; wrong amount, known item 0.27; other 0.11; unreported source of income 0.09",556,303,349,859,0.6472642607683353,0.6147190876850871,0.6784981146380277,0.35273573923166474,349,0.2889072847682119,1208,202937.0
2-3,married <=   0.500 & rawben_rel_max >   0.181 & shelter_expenses_by_hh_size > 176.000 & unc_rawben_rel_max <=   0.804,test_2024,2327,508,764,275,764,0.3599476439790576,0.3266904951254364,0.3946061889823275,158,764,0.20680628272251309,0.17958780295211385,0.23695852639498066,181,764,0.2369109947643979,0.20812382746366445,0.26833069128082665,46,764,0.060209424083769635,0.04544098334370052,0.07937851067694125,8,764,0.010471204188481676,0.005315210597757228,0.020525535722838065,45,764,0.058900523560209424,0.04430860873757033,0.0779061813962281,51,764,0.06675392670157068,0.051134385688110996,0.0867086277667474,327,764,0.4280104712041885,0.39337092990798134,0.46337035631563567,178,764,0.23298429319371727,0.20438937633908782,0.26425103074487327,77,764,0.10078534031413612,0.08139551443547513,0.1241698000773098,38,764,0.049738219895287955,0.036449258600853796,0.06753260432504134,49,764,0.06413612565445026,0.04885095753020137,0.08378264815097038,26,764,0.034031413612565446,0.02332799585647023,0.04939742042730497,22,764,0.028795811518324606,0.01909187674663449,0.04321472398976739,1,764,0.0013089005235602095,0.00023108451553359747,0.007376734597158395,7,764,0.009162303664921465,0.004445113221775869,0.01879092921197609,39,764,0.051047120418848166,0.03756424295971478,0.06902232385302369,457,752,0.6077127659574468,0.5723519743052865,0.6419786473487743,62,752,0.08244680851063829,0.0648460828701284,0.10429200108820356,232,752,0.30851063829787234,0.27654127330408806,0.3424265104220259,424,764,0.5549738219895288,0.5195457670509235,0.5898517961964963,299,764,0.3913612565445026,0.357379065188806,0.4264305122031977,3,764,0.003926701570680628,0.0013362881382834495,0.0114809387480952,20,764,0.02617801047120419,0.01700898189448014,0.04008821106823508,18,764,0.02356020942408377,0.014953931657372199,0.036933853531656374,293,752,0.3896276595744681,0.35541744523738783,0.4249598189936362,311 0.33; 363 0.24; 350 0.08; 364 0.06; 323 0.05,5,38 0.18; 56 0.10; 35 0.10; 52 0.10; 44 0.08; 53 0.07; 99 0.05; 57 0.05; 37 0.04,9,earned income 0.36; shelter deduction 0.24; unearned income 0.21,"wrong amount, known item 0.43; wrong include/exclude decision 0.23; unreported source of income 0.10",333,175,186,508,0.655511811023622,0.6131595198479475,0.695529730888999,0.34448818897637795,186,0.2680115273775216,694,130305.0
2-3,shelter_expenses_by_hh_size <= 612.000 & total_deductions_by_hh_size >  31.800 & unc_rawben_rel_max <=   0.855,all_2022_24,10217,1874,2865,989,2865,0.34520069808027926,0.3280090159729693,0.3628069565784606,529,2865,0.18464223385689355,0.17085974544585064,0.1992692989740295,620,2865,0.2164048865619546,0.2017109361284739,0.231858348421778,205,2865,0.07155322862129145,0.0626776898431547,0.08157621389276437,75,2865,0.02617801047120419,0.020935480941624438,0.03268950832233493,114,2865,0.039790575916230364,0.03322753714153504,0.04758612646401223,333,2865,0.1162303664921466,0.10500478961710576,0.12848373759889672,875,2865,0.3054101221640489,0.2888144563047733,0.3225269297097073,805,2865,0.28097731239092494,0.26482011425733787,0.29772108704147204,269,2865,0.09389179755671902,0.08374826843016661,0.10512294704579414,212,2865,0.07399650959860384,0.06497111044967496,0.08416281175781115,228,2865,0.07958115183246073,0.07022436472046932,0.09006388542202722,173,2865,0.06038394415357766,0.052236335918676366,0.06970891194722184,40,2865,0.013961605584642234,0.01026984084870386,0.018955056057420205,17,2865,0.00593368237347295,0.0037080246333873737,0.009482525866159202,18,2865,0.0062827225130890054,0.003977827145541958,0.009909868849942771,228,2865,0.07958115183246073,0.07022436472046932,0.09006388542202722,1753,2845,0.6161687170474517,0.5981530045306401,0.6338711276640036,248,2845,0.08717047451669596,0.07735360839013959,0.09810072364432663,841,2845,0.29560632688927946,0.2791230573605043,0.3126408371291017,1623,2858,0.5678796361091673,0.5496388255865337,0.5859382098440786,1124,2858,0.3932820153953814,0.3755277564292449,0.41132278065149347,7,2858,0.00244926522043387,0.0011869206576464177,0.005047386649927837,20,2858,0.006997900629811057,0.004534644121369303,0.010784722261452164,84,2858,0.02939118264520644,0.02380255030794506,0.036243260753016524,1146,2845,0.4028119507908612,0.3849319105642916,0.42095410289465257,311 0.30; 363 0.22; 364 0.07; 150 0.07; 350 0.06; 331 0.04,6,38 0.16; 52 0.12; 53 0.12; 35 0.09; 44 0.09; 99 0.08; 37 0.03; 56 0.03; 41 0.03; 13 0.03,10,earned income 0.35; shelter deduction 0.22; unearned income 0.18; other element 0.12,"wrong amount, known item 0.31; wrong include/exclude decision 0.28; unreported source of income 0.09; other 0.08",1147,727,764,1874,0.612059765208111,0.5897896140763358,0.6338714231485293,0.387940234791889,764,0.2896133434420015,2638,462103.0
2-3,shelter_expenses_by_hh_size <= 612.000 & total_deductions_by_hh_size >  31.800 & unc_rawben_rel_max <=   0.855,train_2022_23,7025,1252,1912,646,1912,0.3378661087866109,0.31700893829138943,0.3593734933250865,342,1912,0.1788702928870293,0.16234079562354403,0.19668763344908907,407,1912,0.21286610878661089,0.19510318662150472,0.23178053904767376,142,1912,0.07426778242677824,0.06334907684960135,0.08689382423366147,52,1912,0.027196652719665274,0.020799657866268254,0.03548975562177793,74,1912,0.038702928870292884,0.030941243018402377,0.048314578548474534,249,1912,0.13023012552301255,0.11588262490246147,0.14606053365511448,505,1912,0.2641213389121339,0.24484710782507,0.2843415265588999,576,1912,0.301255230125523,0.28110503933222786,0.3222024574879685,170,1912,0.08891213389121339,0.07696489424187725,0.1025079807598974,147,1912,0.07688284518828452,0.06577171546758866,0.08969082381540842,158,1912,0.08263598326359832,0.07111539086183599,0.09583035246057645,130,1912,0.06799163179916318,0.05755231334037108,0.08016345606352951,18,1912,0.009414225941422594,0.005963170239003833,0.014832703490849407,13,1912,0.006799163179916318,0.0039777562462161645,0.011598479283902816,9,1912,0.004707112970711297,0.0024783828482708757,0.0089221421220607,186,1912,0.09728033472803348,0.08479348402511812,0.11138223321580616,1155,1905,0.6062992125984252,0.5841663974105457,0.6280041671873761,184,1905,0.09658792650918635,0.08412313952818634,0.11067647087426924,564,1905,0.29606299212598425,0.27598930284254225,0.31695753989181547,1084,1905,0.5690288713910762,0.546673693498692,0.5911062040056374,754,1905,0.3958005249343832,0.3740711035221633,0.41794935537814565,3,1905,0.0015748031496062992,0.0005357068202119912,0.004620090287311231,0,1905,0.0,0.0,0.0020125294838503095,64,1905,0.03359580052493438,0.026396755899328474,0.04267214955621063,770,1905,0.4041994750656168,0.38237639422883163,0.4264081586643995,311 0.29; 363 0.21; 364 0.07; 150 0.07; 350 0.06; 331 0.04,6,38 0.16; 53 0.14; 52 0.13; 99 0.10; 44 0.09; 35 0.09; 41 0.03; 13 0.03,8,earned income 0.34; shelter deduction 0.21; unearned income 0.18; other element 0.13,"wrong include/exclude decision 0.30; wrong amount, known item 0.26; other 0.10; unreported source of income 0.09",766,486,534,1252,0.6118210862619808,0.584523253774424,0.6384348008082559,0.38817891373801916,534,0.2989921612541993,1786,295958.0
2-3,shelter_expenses_by_hh_size <= 612.000 & total_deductions_by_hh_size >  31.800 & unc_rawben_rel_max <=   0.855,test_2024,3192,622,953,343,953,0.35991605456453307,0.3300605640127604,0.3908963843473443,187,953,0.19622245540398742,0.17224862344955078,0.22263554546618197,213,953,0.22350472193074503,0.19819483460817786,0.2510347975482836,63,953,0.06610703043022036,0.05200921477326254,0.08368889868668733,23,953,0.024134312696747113,0.016134863944147176,0.03595484453006631,40,953,0.04197271773347324,0.030973266794826253,0.056650013798325204,84,953,0.08814270724029381,0.07175674713444567,0.10783577894301581,370,953,0.3882476390346275,0.35781298085813784,0.4195796408673389,229,953,0.2402938090241343,0.2142438124896558,0.26842918166110014,99,953,0.10388247639034627,0.08607496107680639,0.12487071687030625,65,953,0.06820566631689402,0.053871741107982464,0.08600679260125424,70,953,0.07345225603357818,0.058546330804924385,0.09178325352752936,43,953,0.04512067156348373,0.03366857411680656,0.06022533685027513,22,953,0.023084994753410283,0.015293561899028127,0.03470593645054196,4,953,0.004197271773347324,0.0016333847167077174,0.010742331389280985,9,953,0.00944386149003148,0.004976235489377267,0.017850531239828486,42,953,0.04407135362014691,0.03276816504060401,0.05903553580183428,598,940,0.6361702127659574,0.6049177630314639,0.6663141894486979,64,940,0.06808510638297872,0.05367702787309293,0.08600912285389346,277,940,0.2946808510638298,0.2664191148624417,0.32461395678856414,539,953,0.565582371458552,0.5339101494934939,0.5967279832967192,370,953,0.3882476390346275,0.35781298085813784,0.4195796408673389,4,953,0.004197271773347324,0.0016333847167077174,0.010742331389280985,20,953,0.02098635886673662,0.013625790795075927,0.03219328730520733,20,953,0.02098635886673662,0.013625790795075927,0.03219328730520733,376,940,0.4,0.36914989761878875,0.4316641372785924,311 0.32; 363 0.22; 364 0.07; 350 0.07; 150 0.05; 331 0.04,6,38 0.16; 52 0.11; 35 0.10; 56 0.09; 44 0.08; 53 0.07; 57 0.05; 99 0.04; 37 0.04; 40 0.03,10,earned income 0.36; shelter deduction 0.22; unearned income 0.20,"wrong amount, known item 0.39; wrong include/exclude decision 0.24; unreported source of income 0.10; change in circumstances 0.07",381,241,230,622,0.612540192926045,0.5736746908902141,0.6500240852857383,0.387459807073955,230,0.2699530516431925,852,166145.0
2-3,cat_elig <=   1.5 & shelter_expenses_by_hh_size > 234.0 & shelter_expenses_by_hh_size <= 565.0 & total_deductions_by_hh_size >  33.2,all_2022_24,9009,1379,2056,654,2056,0.31809338521400776,0.2983166835282042,0.33854859776332813,400,2056,0.19455252918287938,0.1780174197279704,0.2122269563444422,451,2056,0.2193579766536965,0.20200299917145384,0.23775974763393157,155,2056,0.07538910505836575,0.0647517484550794,0.0876102584099145,53,2056,0.025778210116731516,0.019761967026821054,0.0335632983722271,75,2056,0.036478599221789886,0.02920070243478013,0.04548542877064848,268,2056,0.1303501945525292,0.11648316284619858,0.1455960183879313,533,2056,0.2592412451361868,0.240760207495253,0.2786203118611869,634,2056,0.30836575875486383,0.2887760363313449,0.32867027604529614,222,2056,0.10797665369649806,0.09528515259155158,0.12213040013832825,144,2056,0.07003891050583658,0.05979014144912377,0.0818914325126799,167,2056,0.08122568093385214,0.07018336270370232,0.09383002551022637,134,2056,0.0651750972762646,0.05529553858424243,0.07667655092011558,13,2056,0.00632295719844358,0.003698887415579016,0.010788440153686504,17,2056,0.008268482490272374,0.0051688172137322585,0.013202304138511525,7,2056,0.003404669260700389,0.0016501778000906015,0.007011459094707522,185,2056,0.08998054474708171,0.07836386073287369,0.10312659950445718,1238,2053,0.6030199707744763,0.5816817738746789,0.6239733431746846,189,2053,0.09206039941548953,0.08030455818026941,0.10534007288903607,624,2053,0.30394544568923526,0.28443013711421344,0.32419310348924385,1145,2053,0.5577204091573308,0.5361482486565351,0.5790769587682857,841,2053,0.4096444227959084,0.38855971882444973,0.43106664423627405,4,2053,0.001948368241597662,0.0007579228876187262,0.004999253552219908,1,2053,0.0004870920603994155,8.598667253692711e-05,0.002754095908445488,62,2053,0.03019970774476376,0.023629272396175325,0.03852505198155021,801,2053,0.3901607403799318,0.3692841864397447,0.4114475918362295,311 0.28; 363 0.22; 364 0.08; 150 0.06; 350 0.06; 331 0.05; 312 0.03,7,38 0.15; 53 0.15; 52 0.11; 35 0.11; 99 0.09; 44 0.07; 37 0.04; 39 0.03; 41 0.02,9,earned income 0.32; shelter deduction 0.22; unearned income 0.19; other element 0.13,"wrong include/exclude decision 0.31; wrong amount, known item 0.26; unreported source of income 0.11; other 0.09",984,395,571,1379,0.7135605511240029,0.689131111961922,0.736803427467612,0.2864394488759971,571,0.2928205128205128,1950,369134.0
2-3,cat_elig <=   1.5 & shelter_expenses_by_hh_size > 234.0 & shelter_expenses_by_hh_size <= 565.0 & total_deductions_by_hh_size >  33.2,train_2022_23,7661,1193,1797,577,1797,0.32109070673344464,0.2999045496706714,0.3430401712864633,341,1797,0.1897607122982749,0.17230003120772241,0.20854501368684242,391,1797,0.21758486366165833,0.19912094110468562,0.23725369617601696,135,1797,0.07512520868113523,0.06382332931028543,0.0882397949533922,45,1797,0.025041736227045076,0.018767371644599032,0.033342486324030744,63,1797,0.035058430717863104,0.02749751930772632,0.04460299191991302,245,1797,0.13633834168057873,0.12124623841204143,0.15298198910113905,433,1797,0.2409571508069004,0.22174955105255376,0.2612699438325044,572,1797,0.3183082915971063,0.2971776403291151,0.3402141213894059,189,1797,0.10517529215358931,0.09182336953528658,0.1202117145054197,126,1797,0.07011686143572621,0.059204771412438496,0.08286302622173433,142,1797,0.0790205898720089,0.06742644526337863,0.09241082193435823,124,1797,0.06900389538119088,0.0581807046214567,0.08166590931727062,12,1797,0.00667779632721202,0.003824066887982488,0.011636260105796423,17,1797,0.009460211463550361,0.005914817458212277,0.015098468774180397,6,1797,0.00333889816360601,0.0015310970112446913,0.007265678896197695,176,1797,0.09794101279910963,0.08504358748827866,0.11255380253203186,1078,1794,0.600891861761427,0.5780379935418539,0.6233145616554449,169,1794,0.09420289855072464,0.08153925926279894,0.10860073972265115,545,1794,0.30379041248606464,0.2829468026259072,0.32547253754288186,1003,1794,0.5590858416945373,0.5360085041463181,0.5819106718255806,731,1794,0.40746934225195097,0.3849527426972361,0.4303813779505451,3,1794,0.0016722408026755853,0.000568861850834915,0.004905257782396399,0,1794,0.0,0.0,0.002136784464215312,57,1794,0.03177257525083612,0.024603922704132353,0.04094222997138701,708,1794,0.39464882943143814,0.3722790113141295,0.41746887303786234,311 0.28; 363 0.22; 364 0.08; 150 0.06; 350 0.06; 331 0.05; 312 0.03,7,38 0.16; 53 0.15; 52 0.12; 35 0.11; 99 0.10; 44 0.07; 37 0.04; 39 0.03,8,earned income 0.32; shelter deduction 0.22; unearned income 0.19; other element 0.14,"wrong include/exclude decision 0.32; wrong amount, known item 0.24; unreported source of income 0.11; other 0.10",854,339,497,1193,0.7158424140821459,0.6895881474504904,0.7407110667479466,0.28415758591785417,497,0.2940828402366864,1690,321554.0
2-3,cat_elig <=   1.5 & shelter_expenses_by_hh_size > 234.0 & shelter_expenses_by_hh_size <= 565.0 & total_deductions_by_hh_size >  33.2,test_2024,1348,186,259,77,259,0.2972972972972973,0.24492318150484735,0.3555966753214693,59,259,0.2277992277992278,0.18091684375570352,0.2826383925539217,60,259,0.23166023166023167,0.18442678235924356,0.2867375995346423,20,259,0.07722007722007722,0.05054122567631664,0.11625733284714387,8,259,0.03088803088803089,0.01573272543563059,0.05975608607670231,12,259,0.04633204633204633,0.026699346967136044,0.07922604688223939,23,259,0.0888030888030888,0.05990204284987453,0.1297239524263679,100,259,0.3861003861003861,0.32888325126458867,0.4466469539997226,62,259,0.23938223938223938,0.19146414289271535,0.2949185301696918,33,259,0.1274131274131274,0.09218185416990807,0.1735355969489407,18,259,0.0694980694980695,0.04440931142683624,0.107170955928103,25,259,0.09652509652509653,0.06623683512174897,0.13860745132301472,10,259,0.03861003861003861,0.021104889620649308,0.06960221306020485,1,259,0.003861003861003861,0.0006818698910721083,0.021542922531436352,0,259,0.0,0.0,0.014615646838247825,1,259,0.003861003861003861,0.0006818698910721083,0.021542922531436352,9,259,0.03474903474903475,0.018387145093751157,0.06471081200284237,160,259,0.6177606177606177,0.5572671071488091,0.6748118331711401,20,259,0.07722007722007722,0.05054122567631664,0.11625733284714387,79,259,0.305019305019305,0.2521341391997224,0.36360400879511556,142,259,0.5482625482625483,0.48738768722246245,0.6077266325807955,110,259,0.4247104247104247,0.366042331207958,0.48557932989895963,1,259,0.003861003861003861,0.0006818698910721083,0.021542922531436352,1,259,0.003861003861003861,0.0006818698910721083,0.021542922531436352,5,259,0.019305019305019305,0.008273324839959947,0.04438804991959105,93,259,0.3590733590733591,0.30309963017151836,0.41916655600296854,311 0.25; 363 0.23; 364 0.08; 333 0.06; 150 0.06; 350 0.05; 331 0.05,7,56 0.13; 35 0.13; 38 0.12; 53 0.11; 44 0.08; 52 0.07; 41 0.03; 99 0.03; 40 0.03; 7 0.03,10,earned income 0.30; shelter deduction 0.23; unearned income 0.23,"wrong amount, known item 0.39; wrong include/exclude decision 0.24; unreported source of income 0.13",130,56,74,186,0.6989247311827957,0.6295203867964957,0.7602782663964821,0.3010752688172043,74,0.2846153846153846,260,47580.0
1,rawben_rel_max <=   0.992 & shelter_expenses_by_hh_size > 906.000 & unc_rawben_rel_max >   0.557 & utilities <=  29.500,all_2022_24,147,87,160,8,160,0.05,0.02555029000021357,0.09555204298481587,5,160,0.03125,0.013420318754525096,0.07106127810488057,80,160,0.5,0.42343787383759396,0.576562126162406,57,160,0.35625,0.28621336963409916,0.43302765340278515,9,160,0.05625,0.029871962307707264,0.10343728271919676,0,160,0.0,0.0,0.023447036650032713,1,160,0.00625,0.00110410335439148,0.03454984533751582,21,160,0.13125,0.08747218158850315,0.19232000794089596,102,160,0.6375,0.5605952507564442,0.7079568141647967,4,160,0.025,0.009763834597428894,0.06251085022010217,0,160,0.0,0.0,0.023447036650032713,23,160,0.14375,0.09773598361809333,0.20647002999505493,2,160,0.0125,0.0034345991561011736,0.04442626157768072,1,160,0.00625,0.00110410335439148,0.03454984533751582,0,160,0.0,0.0,0.023447036650032713,0,160,0.0,0.0,0.023447036650032713,7,160,0.04375,0.02135133953480136,0.08754408140835349,98,160,0.6125,0.5352166087104928,0.6845078080432498,16,160,0.1,0.06249389743784216,0.156263731882184,46,160,0.2875,0.22300009339328955,0.3619648971829743,66,160,0.4125,0.339143049116834,0.4899601822969216,89,160,0.55625,0.47884358379731345,0.6310186245795579,2,160,0.0125,0.0034345991561011736,0.04442626157768072,0,160,0.0,0.0,0.023447036650032713,3,160,0.01875,0.00639673490167721,0.05367103787397927,31,160,0.19375,0.1399860458395876,0.26187526410855744,363 0.50; 364 0.36,2,53 0.60; 64 0.13; 56 0.09,3,shelter deduction 0.50; utility allowance 0.36,wrong include/exclude decision 0.64; change in circumstances 0.14,85,2,80,87,0.9770114942528736,0.9200052672522923,0.9936730475286013,0.022988505747126436,80,0.47904191616766467,167,28407.0
1,rawben_rel_max <=   0.992 & shelter_expenses_by_hh_size > 906.000 & unc_rawben_rel_max >   0.557 & utilities <=  29.500,train_2022_23,73,44,80,1,80,0.0125,0.002209918618306224,0.06746432423965451,5,80,0.0625,0.026988977697985535,0.1381032915335177,41,80,0.5125,0.4049314460370689,0.6189230605563166,29,80,0.3625,0.26570633724259446,0.47189409023016365,3,80,0.0375,0.012834336300788757,0.10454891974394322,0,80,0.0,0.0,0.0458197362645751,1,80,0.0125,0.002209918618306224,0.06746432423965451,2,80,0.025,0.006882748898125228,0.08664600055322111,58,80,0.725,0.618557347158301,0.8108237715226401,1,80,0.0125,0.002209918618306224,0.06746432423965451,0,80,0.0,0.0,0.0458197362645751,11,80,0.1375,0.07854633679551142,0.22967297199630554,1,80,0.0125,0.002209918618306224,0.06746432423965451,1,80,0.0125,0.002209918618306224,0.06746432423965451,0,80,0.0,0.0,0.0458197362645751,0,80,0.0,0.0,0.0458197362645751,6,80,0.075,0.03482477485108787,0.15412200097380097,48,80,0.6,0.49045264548149986,0.700383407265585,10,80,0.125,0.06933483036777514,0.2150299718306562,22,80,0.275,0.18917622847735993,0.38144265284169887,36,80,0.45,0.3457751037437976,0.5588068698826599,41,80,0.5125,0.4049314460370689,0.6189230605563166,2,80,0.025,0.006882748898125228,0.08664600055322111,0,80,0.0,0.0,0.0458197362645751,1,80,0.0125,0.002209918618306224,0.06746432423965451,17,80,0.2125,0.13712274217035494,0.3142236061817758,363 0.51; 364 0.36,2,53 0.69; 64 0.12,2,shelter deduction 0.51; utility allowance 0.36,wrong include/exclude decision 0.72; change in circumstances 0.14,43,1,40,44,0.9772727272727273,0.8819202086846235,0.9959768516143629,0.022727272727272728,40,0.47619047619047616,84,13479.0
1,rawben_rel_max <=   0.992 & shelter_expenses_by_hh_size > 906.000 & unc_rawben_rel_max >   0.557 & utilities <=  29.500,test_2024,74,43,80,7,80,0.0875,0.04303145464743989,0.1697698277708346,0,80,0.0,0.0,0.0458197362645751,39,80,0.4875,0.38107693944368337,0.5950685539629311,28,80,0.35,0.2545439440982969,0.4592019767810756,6,80,0.075,0.03482477485108787,0.15412200097380097,0,80,0.0,0.0,0.0458197362645751,0,80,0.0,0.0,0.0458197362645751,19,80,0.2375,0.15764551183088749,0.3414098497080144,44,80,0.55,0.4411931301173402,0.6542248962562025,3,80,0.0375,0.012834336300788757,0.10454891974394322,0,80,0.0,0.0,0.0458197362645751,12,80,0.15,0.08793954037414209,0.2441342750110605,1,80,0.0125,0.002209918618306224,0.06746432423965451,0,80,0.0,0.0,0.0458197362645751,0,80,0.0,0.0,0.0458197362645751,0,80,0.0,0.0,0.0458197362645751,1,80,0.0125,0.002209918618306224,0.06746432423965451,50,80,0.625,0.515485228513904,0.7230598374199522,6,80,0.075,0.03482477485108787,0.15412200097380097,24,80,0.3,0.21064429162615705,0.407683602879673,30,80,0.375,0.2769401625800477,0.484514771486096,48,80,0.6,0.49045264548149986,0.700383407265585,0,80,0.0,0.0,0.0458197362645751,0,80,0.0,0.0,0.0458197362645751,2,80,0.025,0.006882748898125228,0.08664600055322111,14,80,0.175,0.10720538981609888,0.2725774387558749,363 0.49; 364 0.35,2,53 0.51; 56 0.19; 64 0.14,3,shelter deduction 0.49; utility allowance 0.35,"wrong include/exclude decision 0.55; wrong amount, known item 0.24",42,1,40,43,0.9767441860465116,0.8794073213878312,0.9958830188225801,0.023255813953488372,40,0.4819277108433735,83,14928.0
2-3,cat_elig >   0.5 & medical_deductions > 104.0 & total_deductions_by_hh_size > 546.0 & utilities <= 560.0,all_2022_24,62,38,59,2,59,0.03389830508474576,0.009345713033501513,0.11543786981607584,13,59,0.22033898305084745,0.13354072524323754,0.34132942446650893,21,59,0.3559322033898305,0.2460311586943476,0.48344740327733987,1,59,0.01694915254237288,0.002998156692981528,0.08995937462385317,20,59,0.3389830508474576,0.23137483598383493,0.4662776744551099,0,59,0.0,0.0,0.061131479784092065,2,59,0.03389830508474576,0.009345713033501513,0.11543786981607584,13,59,0.22033898305084745,0.13354072524323754,0.34132942446650893,32,59,0.5423728813559322,0.4165761502342809,0.6629889785975757,4,59,0.06779661016949153,0.026678187098391565,0.16175749881667106,1,59,0.01694915254237288,0.002998156692981528,0.08995937462385317,1,59,0.01694915254237288,0.002998156692981528,0.08995937462385317,4,59,0.06779661016949153,0.026678187098391565,0.16175749881667106,0,59,0.0,0.0,0.061131479784092065,1,59,0.01694915254237288,0.002998156692981528,0.08995937462385317,0,59,0.0,0.0,0.061131479784092065,3,59,0.05084745762711865,0.017442401159453308,0.1391672332228667,41,59,0.6949152542372882,0.5685343274025617,0.7974652652239788,7,59,0.11864406779661017,0.058675082779140006,0.22523875773415053,10,59,0.1694915254237288,0.0947573785633763,0.28463461654814215,41,59,0.6949152542372882,0.5685343274025617,0.7974652652239788,17,59,0.288135593220339,0.1883634728582083,0.4138108829825087,0,59,0.0,0.0,0.061131479784092065,1,59,0.01694915254237288,0.002998156692981528,0.08995937462385317,0,59,0.0,0.0,0.061131479784092065,22,59,0.3728813559322034,0.26083818032585154,0.5004664331785788,363 0.36; 365 0.34; 331 0.15,3,53 0.37; 56 0.12; 52 0.10; 38 0.10; 37 0.07,5,shelter deduction 0.36; medical deduction 0.34; unearned income 0.22,"wrong include/exclude decision 0.54; wrong amount, known item 0.22",36,2,29,38,0.9473684210526315,0.8271423311893115,0.9854460975514631,0.05263157894736842,29,0.43283582089552236,67,11150.0
2-3,cat_elig >   0.5 & medical_deductions > 104.0 & total_deductions_by_hh_size > 546.0 & utilities <= 560.0,train_2022_23,40,25,43,1,43,0.023255813953488372,0.004116981177419918,0.12059267861216882,10,43,0.23255813953488372,0.1315353846924483,0.37744808299439414,14,43,0.32558139534883723,0.2049311518177982,0.47484067493449045,1,43,0.023255813953488372,0.004116981177419918,0.12059267861216882,15,43,0.3488372093023256,0.22418398748963103,0.49828492902901905,0,43,0.0,0.0,0.08201257002322722,2,43,0.046511627906976744,0.012848990317319689,0.15455775923863058,5,43,0.11627906976744186,0.050703529948620846,0.24479448890641395,28,43,0.6511627906976745,0.501715070970981,0.775816012510369,3,43,0.06976744186046512,0.024011153791962503,0.18609268553034927,1,43,0.023255813953488372,0.004116981177419918,0.12059267861216882,0,43,0.0,0.0,0.08201257002322722,3,43,0.06976744186046512,0.024011153791962503,0.18609268553034927,0,43,0.0,0.0,0.08201257002322722,1,43,0.023255813953488372,0.004116981177419918,0.12059267861216882,0,43,0.0,0.0,0.08201257002322722,2,43,0.046511627906976744,0.012848990317319689,0.15455775923863058,30,43,0.6976744186046512,0.5489435424759017,0.8139817205381712,6,43,0.13953488372093023,0.06555634267713947,0.27263876594425684,7,43,0.16279069767441862,0.08116524502857546,0.2997269533591824,32,43,0.7441860465116279,0.5976131013174515,0.8507063412293445,11,43,0.2558139534883721,0.14929365877065542,0.40238689868254857,0,43,0.0,0.0,0.08201257002322722,0,43,0.0,0.0,0.08201257002322722,0,43,0.0,0.0,0.08201257002322722,16,43,0.37209302325581395,0.2437613889377433,0.5214046173472684,365 0.35; 363 0.33; 331 0.16,3,53 0.44; 52 0.14; 38 0.12; 98 0.07,4,medical deduction 0.35; shelter deduction 0.33; unearned income 0.23,"wrong include/exclude decision 0.65; wrong amount, known item 0.12",23,2,20,25,0.92,0.7503348787704218,0.977780066308908,0.08,20,0.4444444444444444,45,7988.0
2-3,cat_elig >   0.5 & medical_deductions > 104.0 & total_deductions_by_hh_size > 546.0 & utilities <= 560.0,test_2024,22,13,16,1,16,0.0625,0.01111905730833121,0.2832926836802987,3,16,0.1875,0.06591478773586765,0.4300935986845823,7,16,0.4375,0.2309836333518552,0.6682180439322347,0,16,0.0,0.0,0.19361341827271994,5,16,0.3125,0.14164435051961052,0.5559606813326594,0,16,0.0,0.0,0.19361341827271994,0,16,0.0,0.0,0.19361341827271994,8,16,0.5,0.2799923761135083,0.7200076238864916,4,16,0.25,0.10181901984237346,0.49498768929398645,1,16,0.0625,0.01111905730833121,0.2832926836802987,0,16,0.0,0.0,0.19361341827271994,1,16,0.0625,0.01111905730833121,0.2832926836802987,1,16,0.0625,0.01111905730833121,0.2832926836802987,0,16,0.0,0.0,0.19361341827271994,0,16,0.0,0.0,0.19361341827271994,0,16,0.0,0.0,0.19361341827271994,1,16,0.0625,0.01111905730833121,0.2832926836802987,11,16,0.6875,0.4440393186673406,0.8583556494803894,1,16,0.0625,0.01111905730833121,0.2832926836802987,3,16,0.1875,0.06591478773586765,0.4300935986845823,9,16,0.5625,0.33178195606776517,0.7690163666481448,6,16,0.375,0.18480982554752806,0.613593529020652,0,16,0.0,0.0,0.19361341827271994,1,16,0.0625,0.01111905730833121,0.2832926836802987,0,16,0.0,0.0,0.19361341827271994,6,16,0.375,0.18480982554752806,0.613593529020652,363 0.44; 365 0.31,2,56 0.44; 53 0.19; 37 0.06; 38 0.06,4,shelter deduction 0.44; medical deduction 0.31,"wrong amount, known item 0.50; wrong include/exclude decision 0.25",13,0,9,13,1.0,0.7718981569447083,1.0,0.0,9,0.4090909090909091,22,3162.0
1,medical_deductions > 200.000 & rawben_rel_max >   0.473 & rawben_rel_max <=   0.991 & utilities <= 392.000,all_2022_24,113,53,76,2,76,0.02631578947368421,0.007246507130607822,0.09096795750937933,10,76,0.13157894736842105,0.07306803021855036,0.22554322005699518,10,76,0.13157894736842105,0.07306803021855036,0.22554322005699518,7,76,0.09210526315789473,0.04533342778112863,0.17812902788108254,45,76,0.5921052631578947,0.47978347984220315,0.6955637075889103,0,76,0.0,0.0,0.04811526823109757,2,76,0.02631578947368421,0.007246507130607822,0.09096795750937933,13,76,0.17105263157894737,0.10277922110932626,0.27098082377955374,53,76,0.6973684210526315,0.5866558660798696,0.7890881069868022,4,76,0.05263157894736842,0.020655095015801955,0.1276585660330748,0,76,0.0,0.0,0.04811526823109757,1,76,0.013157894736842105,0.002326420140567463,0.0708384462949749,3,76,0.039473684210526314,0.013514390129808602,0.10974967271462335,0,76,0.0,0.0,0.04811526823109757,0,76,0.0,0.0,0.04811526823109757,0,76,0.0,0.0,0.04811526823109757,2,76,0.02631578947368421,0.007246507130607822,0.09096795750937933,51,76,0.6710526315789473,0.5594359811214032,0.7662087955363791,12,76,0.15789473684210525,0.09269405994267452,0.25601638674176064,13,76,0.17105263157894737,0.10277922110932626,0.27098082377955374,49,76,0.6447368421052632,0.5325617632032839,0.742983817045609,18,76,0.23684210526315788,0.15539206970596958,0.34361596620513435,3,76,0.039473684210526314,0.013514390129808602,0.10974967271462335,0,76,0.0,0.0,0.04811526823109757,6,76,0.07894736842105263,0.03668350552145426,0.1617293519363121,37,76,0.4868421052631579,0.377835392150506,0.5971150096450492,365 0.59; 363 0.13; 364 0.09,3,53 0.62; 35 0.05; 56 0.05; 37 0.04,4,medical deduction 0.59; unearned income 0.13; shelter deduction 0.13,"wrong include/exclude decision 0.70; wrong amount, known item 0.17",51,2,45,53,0.9622641509433962,0.8724547684904087,0.9895899311661807,0.03773584905660377,45,0.45918367346938777,98,12282.0
1,medical_deductions > 200.000 & rawben_rel_max >   0.473 & rawben_rel_max <=   0.991 & utilities <= 392.000,train_2022_23,77,39,53,0,53,0.0,0.0,0.06758430445307662,9,53,0.16981132075471697,0.09199841772223752,0.29225536823734133,6,53,0.11320754716981132,0.052929589110686695,0.22576770301339144,4,53,0.07547169811320754,0.029739073598901808,0.17858722263484245,32,53,0.6037735849056604,0.4694123578888073,0.7241078808096105,0,53,0.0,0.0,0.06758430445307662,2,53,0.03773584905660377,0.010410068833819265,0.12754523150959116,4,53,0.07547169811320754,0.029739073598901808,0.17858722263484245,43,53,0.8113207547169812,0.6864128355267498,0.8941478805685044,2,53,0.03773584905660377,0.010410068833819265,0.12754523150959116,0,53,0.0,0.0,0.06758430445307662,0,53,0.0,0.0,0.06758430445307662,2,53,0.03773584905660377,0.010410068833819265,0.12754523150959116,0,53,0.0,0.0,0.06758430445307662,0,53,0.0,0.0,0.06758430445307662,0,53,0.0,0.0,0.06758430445307662,2,53,0.03773584905660377,0.010410068833819265,0.12754523150959116,33,53,0.6226415094339622,0.4880665023609231,0.7406392342826617,11,53,0.20754716981132076,0.12004475729322063,0.3345800245566921,9,53,0.16981132075471697,0.09199841772223752,0.29225536823734133,35,53,0.660377358490566,0.5259453611082096,0.773131371425709,12,53,0.22641509433962265,0.13454499977265527,0.35526528002242436,3,53,0.05660377358490566,0.019436308927314183,0.15370448936126319,0,53,0.0,0.0,0.06758430445307662,3,53,0.05660377358490566,0.019436308927314183,0.15370448936126319,24,53,0.4528301886792453,0.3265736816014746,0.585462573535608,365 0.60; 363 0.11; 364 0.08,3,53 0.70; 37 0.06,2,medical deduction 0.60; unearned income 0.17,wrong include/exclude decision 0.81,39,0,33,39,1.0,0.9103301463997611,1.0,0.0,33,0.4583333333333333,72,8296.0
1,medical_deductions > 200.000 & rawben_rel_max >   0.473 & rawben_rel_max <=   0.991 & utilities <= 392.000,test_2024,36,14,23,2,23,0.08695652173913043,0.02417949540723341,0.2679640429809402,1,23,0.043478260869565216,0.0077164669621267445,0.20991586494059142,4,23,0.17391304347826086,0.06978540350612772,0.37138054785295666,3,23,0.13043478260869565,0.04537576514344702,0.32127897973018194,13,23,0.5652173913043478,0.3681104930501695,0.7436563166780135,0,23,0.0,0.0,0.14312112541726274,0,23,0.0,0.0,0.14312112541726274,9,23,0.391304347826087,0.22157377982382145,0.5921482039625402,10,23,0.43478260869565216,0.25634368332198654,0.6318895069498304,2,23,0.08695652173913043,0.02417949540723341,0.2679640429809402,0,23,0.0,0.0,0.14312112541726274,1,23,0.043478260869565216,0.0077164669621267445,0.20991586494059142,1,23,0.043478260869565216,0.0077164669621267445,0.20991586494059142,0,23,0.0,0.0,0.14312112541726274,0,23,0.0,0.0,0.14312112541726274,0,23,0.0,0.0,0.14312112541726274,0,23,0.0,0.0,0.14312112541726274,18,23,0.782608695652174,0.5809611981726508,0.9033616439828094,1,23,0.043478260869565216,0.0077164669621267445,0.20991586494059142,4,23,0.17391304347826086,0.06978540350612772,0.37138054785295666,14,23,0.6086956521739131,0.4078517960374599,0.7784262201761787,6,23,0.2608695652173913,0.1254844588924897,0.4647039054375056,0,23,0.0,0.0,0.14312112541726274,0,23,0.0,0.0,0.14312112541726274,3,23,0.13043478260869565,0.04537576514344702,0.32127897973018194,13,23,0.5652173913043478,0.3681104930501695,0.7436563166780135,365 0.57; 363 0.17; 364 0.13,3,53 0.43; 56 0.17; 57 0.13; 35 0.09,4,medical deduction 0.57; shelter deduction 0.17; utility allowance 0.13,"wrong include/exclude decision 0.43; wrong amount, known item 0.39",12,2,12,14,0.8571428571428571,0.600580922361363,0.9599069262620787,0.14285714285714285,12,0.46153846153846156,26,3986.0
1,rawben_rel_max >=   0.594 & rawben_rel_max <   1.000 & total_deductions_by_hh_size >= 925.000 & utilities < 379.000,all_2022_24,112,53,84,8,84,0.09523809523809523,0.049051123189484375,0.17682818684129828,5,84,0.05952380952380952,0.025690182263433017,0.13188436100535988,27,84,0.32142857142857145,0.23125977350162447,0.42721639268842665,18,84,0.21428571428571427,0.14006654921749656,0.3134953166865853,23,84,0.27380952380952384,0.18992693848374492,0.3774762053569865,1,84,0.011904761904761904,0.002104528901587875,0.06439699201788535,2,84,0.023809523809523808,0.006553765293517748,0.0827160112132854,12,84,0.14285714285714285,0.08364938218850576,0.23330295019159658,56,84,0.6666666666666666,0.5605262279543911,0.7582293502682277,6,84,0.07142857142857142,0.033145358330644366,0.14719744052547845,0,84,0.0,0.0,0.043733265332143306,6,84,0.07142857142857142,0.033145358330644366,0.14719744052547845,2,84,0.023809523809523808,0.006553765293517748,0.0827160112132854,0,84,0.0,0.0,0.043733265332143306,0,84,0.0,0.0,0.043733265332143306,0,84,0.0,0.0,0.043733265332143306,2,84,0.023809523809523808,0.006553765293517748,0.0827160112132854,52,84,0.6190476190476191,0.5121524397704628,0.7155301161028366,14,84,0.16666666666666666,0.10195649348099849,0.2605323500737637,18,84,0.21428571428571427,0.14006654921749656,0.3134953166865853,44,84,0.5238095238095238,0.41831918439941584,0.6272173267752441,35,84,0.4166666666666667,0.3171466976499569,0.5234755132387336,3,84,0.03571428571428571,0.01221944777306612,0.09981858432106694,0,84,0.0,0.0,0.043733265332143306,2,84,0.023809523809523808,0.006553765293517748,0.0827160112132854,26,84,0.30952380952380953,0.22081781137605916,0.4148900992266621,363 0.32; 365 0.27; 364 0.21,3,53 0.56; 52 0.08; 56 0.08; 35 0.07,4,shelter deduction 0.32; medical deduction 0.27; utility allowance 0.21,"wrong include/exclude decision 0.67; wrong amount, known item 0.14",52,1,47,53,0.9811320754716981,0.9005685649885059,0.9966616326132506,0.018867924528301886,47,0.47,100,15937.0
1,rawben_rel_max >=   0.594 & rawben_rel_max <   1.000 & total_deductions_by_hh_size >= 925.000 & utilities < 379.000,train_2022_23,63,30,45,1,45,0.022222222222222223,0.003933497522757505,0.11566946388718813,5,45,0.1111111111111111,0.04840400437825558,0.23499375490890945,14,45,0.3111111111111111,0.19528525463541907,0.4566507998754897,7,45,0.15555555555555556,0.07745325311328677,0.28784190511248803,16,45,0.35555555555555557,0.23218891356904048,0.5016445398804781,0,45,0.0,0.0,0.07865426194064076,2,45,0.044444444444444446,0.012273869040444335,0.14827779183880616,3,45,0.06666666666666667,0.022931616462147086,0.17856874388640825,36,45,0.8,0.6617674868607056,0.8910399559749099,3,45,0.06666666666666667,0.022931616462147086,0.17856874388640825,0,45,0.0,0.0,0.07865426194064076,0,45,0.0,0.0,0.07865426194064076,1,45,0.022222222222222223,0.003933497522757505,0.11566946388718813,0,45,0.0,0.0,0.07865426194064076,0,45,0.0,0.0,0.07865426194064076,0,45,0.0,0.0,0.07865426194064076,2,45,0.044444444444444446,0.012273869040444335,0.14827779183880616,30,45,0.6666666666666666,0.520702168092554,0.7864130779272324,9,45,0.2,0.10896004402509006,0.3382325131392944,6,45,0.13333333333333333,0.0625706363434968,0.2617758224129731,29,45,0.6444444444444445,0.49835546011952203,0.7678110864309596,13,45,0.28888888888888886,0.1772991803190016,0.43368817472260224,3,45,0.06666666666666667,0.022931616462147086,0.17856874388640825,0,45,0.0,0.0,0.07865426194064076,0,45,0.0,0.0,0.07865426194064076,18,45,0.4,0.27024679447957545,0.5454840579085527,365 0.36; 363 0.31; 364 0.16,3,53 0.67; 52 0.13,2,medical deduction 0.36; shelter deduction 0.31; utility allowance 0.16,wrong include/exclude decision 0.80,30,0,27,30,1.0,0.8864829086095221,1.0,0.0,27,0.47368421052631576,57,8410.0
1,rawben_rel_max >=   0.594 & rawben_rel_max <   1.000 & total_deductions_by_hh_size >= 925.000 & utilities < 379.000,test_2024,49,23,39,7,39,0.1794871794871795,0.08977151811469994,0.3266835162444276,0,39,0.0,0.0,0.08966985360023902,13,39,0.3333333333333333,0.20632766106915157,0.4902289567975947,11,39,0.28205128205128205,0.16543325013943294,0.43775617322477384,7,39,0.1794871794871795,0.08977151811469994,0.3266835162444276,1,39,0.02564102564102564,0.00454058606523737,0.13181286478627147,0,39,0.0,0.0,0.08966985360023902,9,39,0.23076923076923078,0.1264566242878376,0.38336560457382957,20,39,0.5128205128205128,0.3619910864569657,0.661350712168669,3,39,0.07692307692307693,0.026506914073495688,0.2032137312805527,0,39,0.0,0.0,0.08966985360023902,6,39,0.15384615384615385,0.07247373845051469,0.2972976986573431,1,39,0.02564102564102564,0.00454058606523737,0.13181286478627147,0,39,0.0,0.0,0.08966985360023902,0,39,0.0,0.0,0.08966985360023902,0,39,0.0,0.0,0.08966985360023902,0,39,0.0,0.0,0.08966985360023902,22,39,0.5641025641025641,0.40975423474522105,0.7069547583829534,5,39,0.1282051282051282,0.05602734948028318,0.26706049037630475,12,39,0.3076923076923077,0.1856575344598306,0.464215486155646,15,39,0.38461538461538464,0.24891162547007065,0.5410121868992154,22,39,0.5641025641025641,0.40975423474522105,0.7069547583829534,0,39,0.0,0.0,0.08966985360023902,0,39,0.0,0.0,0.08966985360023902,2,39,0.05128205128205128,0.014177657646399527,0.1688593904563791,8,39,0.20512820512820512,0.10779590197911117,0.3553427296312862,363 0.33; 364 0.28; 311 0.18,3,53 0.44; 56 0.18; 64 0.13; 35 0.08,4,shelter deduction 0.33; utility allowance 0.28; earned income 0.18,"wrong include/exclude decision 0.51; wrong amount, known item 0.23; change in circumstances 0.15",22,1,20,23,0.9565217391304348,0.7900841350594088,0.9922835330378734,0.043478260869565216,20,0.46511627906976744,43,7527.0
2-3,rawben_rel_max <   0.678 & total_deductions_by_hh_size >= 584.000 & utilities < 417.000,all_2022_24,58,30,63,17,63,0.2698412698412698,0.17583701687980413,0.39030143582031074,10,63,0.15873015873015872,0.0885699743235259,0.2681180762318168,11,63,0.1746031746031746,0.10039293923176863,0.28621659734425586,1,63,0.015873015873015872,0.0028074219075510873,0.0845872544616561,4,63,0.06349206349206349,0.02496521390048502,0.15219392053076736,8,63,0.12698412698412698,0.06577246340780174,0.2310726151061776,12,63,0.19047619047619047,0.1124608184449851,0.30407020415172115,19,63,0.30158730158730157,0.20237537048735993,0.4236060542541184,21,63,0.3333333333333333,0.22949449812708317,0.4563298986557586,5,63,0.07936507936507936,0.03437534033651937,0.17270528011541472,2,63,0.031746031746031744,0.00874934404029698,0.10856681834959193,2,63,0.031746031746031744,0.00874934404029698,0.10856681834959193,2,63,0.031746031746031744,0.00874934404029698,0.10856681834959193,1,63,0.015873015873015872,0.0028074219075510873,0.0845872544616561,6,63,0.09523809523809523,0.0443828799438878,0.19261922652872804,0,63,0.0,0.0,0.057473190348525466,5,63,0.07936507936507936,0.03437534033651937,0.17270528011541472,37,63,0.5873015873015873,0.46415095351811103,0.7004172195956385,5,63,0.07936507936507936,0.03437534033651937,0.17270528011541472,21,63,0.3333333333333333,0.22949449812708317,0.4563298986557586,32,63,0.5079365079365079,0.38762677115387556,0.6273339718564653,26,63,0.4126984126984127,0.2995827804043614,0.5358490464818889,0,63,0.0,0.0,0.057473190348525466,1,63,0.015873015873015872,0.0028074219075510873,0.0845872544616561,4,63,0.06349206349206349,0.02496521390048502,0.15219392053076736,17,63,0.2698412698412698,0.17583701687980413,0.39030143582031074,311 0.24; 363 0.17; 323 0.11; 365 0.06; 372 0.06; 331 0.05; 150 0.05; 342 0.05,8,38 0.17; 52 0.17; 53 0.11; 44 0.08; 99 0.08; 29 0.08; 35 0.08,7,earned income 0.27; other element 0.19; shelter deduction 0.17; unearned income 0.16,"wrong include/exclude decision 0.33; wrong amount, known item 0.30; limits and thresholds 0.10; other 0.08",26,4,15,30,0.8666666666666667,0.7031831605558306,0.9469043057578189,0.13333333333333333,15,0.3333333333333333,45,12292.0
2-3,rawben_rel_max <   0.678 & total_deductions_by_hh_size >= 584.000 & utilities < 417.000,train_2022_23,39,20,47,10,47,0.2127659574468085,0.11989580124247315,0.34904302050979275,9,47,0.19148936170212766,0.10415815605310119,0.325442800643777,8,47,0.1702127659574468,0.0888625809126393,0.3014005107288512,1,47,0.02127659574468085,0.003765671010464995,0.11113236524331144,4,47,0.0851063829787234,0.033593579469713086,0.19931805195022648,4,47,0.0851063829787234,0.033593579469713086,0.19931805195022648,11,47,0.23404255319148937,0.13603136423924592,0.3722453225684077,12,47,0.2553191489361702,0.15253006046383732,0.3950844913992039,17,47,0.3617021276595745,0.2396602228576844,0.5046436542822955,4,47,0.0851063829787234,0.033593579469713086,0.19931805195022648,2,47,0.0425531914893617,0.01174802937056972,0.1424878719385944,1,47,0.02127659574468085,0.003765671010464995,0.11113236524331144,2,47,0.0425531914893617,0.01174802937056972,0.1424878719385944,0,47,0.0,6.938893903907228e-18,0.0755601711983887,6,47,0.1276595744680851,0.059845227802024795,0.25174213372869025,0,47,0.0,6.938893903907228e-18,0.0755601711983887,3,47,0.06382978723404255,0.0219449870207728,0.17162877934377904,26,47,0.5531914893617021,0.41245213738758246,0.685892525250887,5,47,0.10638297872340426,0.046304099555199416,0.22594539692012788,16,47,0.3404255319148936,0.22167260713762188,0.4832934049469702,26,47,0.5531914893617021,0.41245213738758246,0.685892525250887,18,47,0.3829787234042553,0.2579048266351308,0.5257369155602367,0,47,0.0,6.938893903907228e-18,0.0755601711983887,0,47,0.0,6.938893903907228e-18,0.0755601711983887,3,47,0.06382978723404255,0.0219449870207728,0.17162877934377904,12,47,0.2553191489361702,0.15253006046383732,0.3950844913992039,311 0.19; 363 0.17; 323 0.09; 365 0.09; 372 0.09; 331 0.06; 371 0.04; 361 0.04,8,52 0.19; 38 0.15; 53 0.15; 44 0.11; 29 0.11; 35 0.09,6,other element 0.23; earned income 0.21; unearned income 0.19; shelter deduction 0.17,"wrong include/exclude decision 0.36; wrong amount, known item 0.26; limits and thresholds 0.13; unreported source of income 0.09",18,2,9,20,0.9,0.6989617935882066,0.9721341060158468,0.1,9,0.3103448275862069,29,10245.0
2-3,rawben_rel_max <   0.678 & total_deductions_by_hh_size >= 584.000 & utilities < 417.000,test_2024,19,10,16,7,16,0.4375,0.2309836333518552,0.6682180439322347,1,16,0.0625,0.01111905730833121,0.2832926836802987,3,16,0.1875,0.06591478773586765,0.4300935986845823,0,16,0.0,0.0,0.19361341827271994,0,16,0.0,0.0,0.19361341827271994,4,16,0.25,0.10181901984237346,0.49498768929398645,1,16,0.0625,0.01111905730833121,0.2832926836802987,7,16,0.4375,0.2309836333518552,0.6682180439322347,4,16,0.25,0.10181901984237346,0.49498768929398645,1,16,0.0625,0.01111905730833121,0.2832926836802987,0,16,0.0,0.0,0.19361341827271994,1,16,0.0625,0.01111905730833121,0.2832926836802987,0,16,0.0,0.0,0.19361341827271994,1,16,0.0625,0.01111905730833121,0.2832926836802987,0,16,0.0,0.0,0.19361341827271994,0,16,0.0,0.0,0.19361341827271994,2,16,0.125,0.034976749337057134,0.3602333143674828,11,16,0.6875,0.4440393186673406,0.8583556494803894,0,16,0.0,0.0,0.19361341827271994,5,16,0.3125,0.14164435051961052,0.5559606813326594,6,16,0.375,0.18480982554752806,0.613593529020652,8,16,0.5,0.2799923761135083,0.7200076238864916,0,16,0.0,0.0,0.19361341827271994,1,16,0.0625,0.01111905730833121,0.2832926836802987,1,16,0.0625,0.01111905730833121,0.2832926836802987,5,16,0.3125,0.14164435051961052,0.5559606813326594,311 0.38; 363 0.19; 323 0.19,3,38 0.25; 99 0.12; 56 0.12; 37 0.12; 52 0.12,5,earned income 0.44; dep care or child support deduction 0.25; shelter deduction 0.19,"wrong amount, known item 0.44; wrong include/exclude decision 0.25; other 0.12",8,2,6,10,0.8,0.49015684672072335,0.9433190520193067,0.2,6,0.375,16,2047.0
4+,count_divisible_by_100 <=   0.5 & HH_size_n <=   4.5 & months_since_cert_n >   1.5 & utilities > 175.0,all_2022_24,4607,913,1368,519,1368,0.3793859649122807,0.354043837775131,0.4054036086355917,246,1368,0.17982456140350878,0.16037866138310802,0.20106365090717387,244,1368,0.1783625730994152,0.15898527273500054,0.19954125102692646,67,1368,0.0489766081871345,0.03874925934839217,0.06172997965412823,7,1368,0.005116959064327485,0.0024808082548155455,0.010524774897058546,82,1368,0.059941520467836254,0.04855191329160851,0.07379573967357347,203,1368,0.14839181286549707,0.1305389392445384,0.16821391968611366,408,1368,0.2982456140350877,0.27459461881998637,0.3230265642670406,334,1368,0.24415204678362573,0.22212449174363744,0.26761251579425904,151,1368,0.11038011695906433,0.0948527570861066,0.12808960010731865,119,1368,0.08698830409356725,0.07318682664738035,0.10310291409236685,127,1368,0.09283625730994152,0.0785772012148369,0.10937569363832982,89,1368,0.06505847953216375,0.053168612213829444,0.0793843006005946,17,1368,0.012426900584795321,0.007773034906420025,0.01981149088722845,9,1368,0.006578947368421052,0.0034650017211353855,0.012456369959093584,11,1368,0.00804093567251462,0.004495769504108307,0.01434139070447554,103,1368,0.07529239766081872,0.06246805666267832,0.09049537585022988,749,1360,0.5507352941176471,0.5241924373836288,0.576992333633768,146,1360,0.10735294117647058,0.09199237312747485,0.1249254859552808,464,1360,0.3411764705882353,0.31645768429945526,0.36678998903738974,781,1366,0.5717423133235725,0.5453359805739547,0.5977462560875689,538,1366,0.3938506588579795,0.36827186267706785,0.42002482797680046,2,1366,0.0014641288433382138,0.0004016003985435916,0.00532285708617581,13,1366,0.00951683748169839,0.005570025643257819,0.016214682895306056,32,1366,0.02342606149341142,0.016642006086574228,0.03288313609044828,578,1360,0.425,0.3989741114992338,0.45144840090983185,311 0.32; 363 0.18; 350 0.09; 150 0.07; 312 0.05; 364 0.05,6,38 0.15; 35 0.11; 53 0.10; 52 0.09; 44 0.08; 99 0.08; 56 0.04; 39 0.03; 37 0.03; 7 0.03; 41 0.03,11,earned income 0.38; unearned income 0.18; shelter deduction 0.18; other element 0.15,"wrong amount, known item 0.30; wrong include/exclude decision 0.24; unreported source of income 0.11; change in circumstances 0.09; household composition 0.09",600,313,325,913,0.6571741511500547,0.6257839500607831,0.6872472212996785,0.3428258488499452,325,0.26252019386106623,1238,285375.0
4+,count_divisible_by_100 <=   0.5 & HH_size_n <=   4.5 & months_since_cert_n >   1.5 & utilities > 175.0,train_2022_23,3114,578,862,325,862,0.37703016241299303,0.345289300325185,0.4098622193061193,163,862,0.18909512761020883,0.16435484567324657,0.21659427943231543,154,862,0.17865429234338748,0.15452460231013562,0.2056355008773296,44,862,0.05104408352668213,0.03824136548284898,0.06783069203898871,4,862,0.004640371229698376,0.0018059558711598115,0.011870448681358798,47,862,0.054524361948955914,0.04124858426226131,0.07175314723227534,125,862,0.14501160092807425,0.12307972629482318,0.17009352848988565,223,862,0.25870069605568446,0.23058192964325497,0.28896067491628563,223,862,0.25870069605568446,0.23058192964325497,0.28896067491628563,94,862,0.10904872389791183,0.08994874373125503,0.1316178800022315,71,862,0.08236658932714618,0.06581357961615851,0.10262554365996958,96,862,0.11136890951276102,0.09206776930483816,0.13411863707711436,64,862,0.07424593967517401,0.05856998448689437,0.09369989951960286,7,862,0.008120649651972157,0.003939058242597258,0.016667020282620286,7,862,0.008120649651972157,0.003939058242597258,0.016667020282620286,6,862,0.0069605568445475635,0.00319383235981639,0.015102354841168175,71,862,0.08236658932714618,0.06581357961615851,0.10262554365996958,469,860,0.5453488372093023,0.5119406452658962,0.5783536864727002,96,860,0.11162790697674418,0.09228396534526603,0.13442611668829196,295,860,0.3430232558139535,0.31205621269098965,0.37538648513694545,489,860,0.5686046511627907,0.535270174520127,0.6013289427254421,344,860,0.4,0.36777202299332534,0.4331173993266927,0,860,0.0,0.0,0.004447111600089646,0,860,0.0,0.0,0.004447111600089646,27,860,0.031395348837209305,0.021664971018318123,0.04529360101618451,367,860,0.42674418604651165,0.39408483000358907,0.46005509564944735,311 0.32; 363 0.18; 350 0.09; 150 0.06; 312 0.06; 364 0.05,6,38 0.16; 53 0.13; 35 0.11; 52 0.10; 44 0.08; 99 0.08; 39 0.05; 37 0.03; 41 0.03,9,earned income 0.38; unearned income 0.19; shelter deduction 0.18; other element 0.15,"wrong amount, known item 0.26; wrong include/exclude decision 0.26; change in circumstances 0.11; unreported source of income 0.11; other 0.08",383,195,203,578,0.6626297577854672,0.6231223060596733,0.6999896886825383,0.3373702422145329,203,0.2599231754161332,781,173299.0
4+,count_divisible_by_100 <=   0.5 & HH_size_n <=   4.5 & months_since_cert_n >   1.5 & utilities > 175.0,test_2024,1493,335,506,194,506,0.383399209486166,0.3420634283771874,0.4264921386852101,83,506,0.16403162055335968,0.13431978060998087,0.1988064295698083,90,506,0.17786561264822134,0.14701051983558286,0.21357519933680322,23,506,0.045454545454545456,0.03047685145562928,0.0672821387876149,3,506,0.005928853754940711,0.0020183150998655504,0.017284935164530293,35,506,0.0691699604743083,0.05015244335312492,0.09467999087742825,78,506,0.1541501976284585,0.12530380193333268,0.1882084732517444,185,506,0.36561264822134387,0.3248081658355332,0.40844231823638255,111,506,0.21936758893280633,0.1854989776192156,0.2574652685309612,57,506,0.11264822134387352,0.08796804237025503,0.1431657058370313,48,506,0.09486166007905138,0.07229624435810363,0.12353242085870093,31,506,0.06126482213438735,0.04349291049992293,0.08564837573486059,25,506,0.04940711462450593,0.033686551403787915,0.07191801283734109,10,506,0.019762845849802372,0.010769411521839658,0.0359933477351531,2,506,0.003952569169960474,0.0010845843811207803,0.014295878884332643,5,506,0.009881422924901186,0.004227868852798598,0.022920955409482077,32,506,0.06324110671936758,0.04514957565961688,0.08791449757410902,280,500,0.56,0.5161960663856535,0.6028889793906382,50,500,0.1,0.07667718662472012,0.1294225082000026,169,500,0.338,0.2979123151908617,0.38055806121315106,292,506,0.5770750988142292,0.5336073082676835,0.6193813846910707,194,506,0.383399209486166,0.3420634283771874,0.4264921386852101,2,506,0.003952569169960474,0.0010845843811207803,0.014295878884332643,13,506,0.025691699604743084,0.015074609284723511,0.043456510969096494,5,506,0.009881422924901186,0.004227868852798598,0.022920955409482077,211,500,0.422,0.3794656100557239,0.465723830435097,311 0.33; 363 0.18; 350 0.08; 150 0.08; 323 0.06; 312 0.05,6,38 0.13; 35 0.11; 56 0.09; 44 0.08; 52 0.08; 99 0.06; 53 0.06; 37 0.04; 57 0.03; 7 0.03; 54 0.02,11,earned income 0.38; shelter deduction 0.18; unearned income 0.16; other element 0.15,"wrong amount, known item 0.37; wrong include/exclude decision 0.22; unreported source of income 0.11; household composition 0.09",217,118,122,335,0.6477611940298508,0.5951975084804166,0.6969744090173169,0.3522388059701492,122,0.26695842450765866,457,112076.0
4+,HH_size_n <=  4.500 & months_since_cert_n >  1.500 & rawben_rel_max <=  0.993 & utilities > 48.000,all_2022_24,3931,872,1335,498,1335,0.37303370786516854,0.34749021734075664,0.39930581887443123,250,1335,0.18726591760299627,0.16724646692549713,0.20908005295557022,245,1335,0.18352059925093633,0.16367369561439896,0.2051836807921901,75,1335,0.056179775280898875,0.045053054707650454,0.06985344356667864,8,1335,0.00599250936329588,0.003039542767234826,0.011780432949085907,91,1335,0.06816479400749063,0.055846907120494116,0.08296085027216529,168,1335,0.1258426966292135,0.10911744140262702,0.14471512549699722,431,1335,0.32284644194756557,0.2983039058745258,0.3484056077826537,330,1335,0.24719101123595505,0.22479767110021415,0.2710351443725049,139,1335,0.10411985018726591,0.08885638381365318,0.12165515093399729,99,1335,0.07415730337078652,0.06129031213754578,0.08946807481427883,120,1335,0.0898876404494382,0.07569820467657988,0.1064305848680533,82,1335,0.06142322097378277,0.04975870014733014,0.07560459899126848,15,1335,0.011235955056179775,0.0068207927392813575,0.018455983841308907,7,1335,0.0052434456928838954,0.0025421858778584445,0.010783961143566643,7,1335,0.0052434456928838954,0.0025421858778584445,0.010783961143566643,105,1335,0.07865168539325842,0.06539034606730627,0.0943310130538922,753,1329,0.5665914221218962,0.539794574564159,0.5930044016982865,137,1329,0.10308502633559068,0.08786448991360063,0.12059358942605983,438,1329,0.3295711060948081,0.30482170874041653,0.3553029452319683,757,1333,0.5678919729932483,0.5411412313440143,0.5942525206158291,526,1333,0.3945986496624156,0.3686989220849504,0.4211041480768399,2,1333,0.0015003750937734434,0.0004115448255821788,0.005454221170927804,11,1333,0.008252063015753939,0.004613967882780841,0.014716370131835101,37,1333,0.0277569392348087,0.02020383069715813,0.03802415981420836,558,1329,0.4198645598194131,0.3935981710496326,0.446592891414204,311 0.32; 363 0.18; 350 0.09; 150 0.06; 364 0.06; 323 0.06,6,38 0.16; 53 0.10; 35 0.10; 44 0.10; 52 0.10; 99 0.08; 56 0.04; 37 0.03; 41 0.03; 39 0.03,10,earned income 0.37; unearned income 0.19; shelter deduction 0.18; other element 0.13,"wrong amount, known item 0.32; wrong include/exclude decision 0.25; unreported source of income 0.10; change in circumstances 0.09",553,319,306,872,0.6341743119266054,0.6016808096233325,0.665490788528662,0.3658256880733945,306,0.2597623089983022,1178,270625.0
4+,HH_size_n <=  4.500 & months_since_cert_n >  1.500 & rawben_rel_max <=  0.993 & utilities > 48.000,train_2022_23,2642,556,847,315,847,0.371900826446281,0.3399982864464969,0.404960117091835,172,847,0.20306965761511217,0.17734594668295073,0.23147468456027953,151,847,0.1782762691853601,0.15396963201786537,0.20548810958762267,46,847,0.05430932703659976,0.040961240959380266,0.07168205245739673,4,847,0.004722550177095631,0.0018379644751293613,0.012079549666163213,54,847,0.06375442739079103,0.049189816699922694,0.08225838705504182,105,847,0.12396694214876033,0.10345632989950931,0.1478731772614006,236,847,0.27863046044864226,0.24948852949204134,0.30977138445668884,223,847,0.2632821723730815,0.23473839826010312,0.29396353638907247,87,847,0.10271546635182999,0.08403124143425716,0.12498721746573083,58,847,0.06847697756788666,0.05334311297729204,0.08750754594676623,90,847,0.10625737898465171,0.08725196126660542,0.12881833901020287,60,847,0.07083825265643448,0.05542841590570029,0.09012347060290486,7,847,0.008264462809917356,0.0040089147323758316,0.01696044078573706,7,847,0.008264462809917356,0.0040089147323758316,0.01696044078573706,4,847,0.004722550177095631,0.0018379644751293613,0.012079549666163213,75,847,0.0885478158205431,0.07122617025740473,0.10958492313530198,471,845,0.557396449704142,0.5237213871080129,0.5905519944039206,90,845,0.10650887573964497,0.08746043684116525,0.12911895794815703,284,845,0.336094674556213,0.30504979847249886,0.36862312236455713,479,845,0.5668639053254438,0.5332253962186515,0.5998972028622607,334,845,0.3952662721893491,0.3628464074394303,0.4286341232037426,0,845,0.0,0.0,0.004525697138311788,0,845,0.0,0.0,0.004525697138311788,32,845,0.0378698224852071,0.02695085908391754,0.052971708330309085,361,845,0.4272189349112426,0.3942682991797441,0.46082834075873186,311 0.31; 363 0.18; 350 0.09; 312 0.05; 364 0.05; 150 0.05; 323 0.05,7,38 0.17; 53 0.13; 52 0.11; 35 0.10; 44 0.10; 99 0.09; 39 0.04; 41 0.03,8,earned income 0.37; unearned income 0.20; shelter deduction 0.18,"wrong amount, known item 0.28; wrong include/exclude decision 0.26; change in circumstances 0.11; unreported source of income 0.10",353,203,185,556,0.6348920863309353,0.5940730694442149,0.6738598601558721,0.36510791366906475,185,0.2496626180836707,741,166903.0
4+,HH_size_n <=  4.500 & months_since_cert_n >  1.500 & rawben_rel_max <=  0.993 & utilities > 48.000,test_2024,1289,316,488,183,488,0.375,0.33317944893445095,0.41877321224752306,78,488,0.1598360655737705,0.129997752299642,0.1949881781299923,94,488,0.19262295081967212,0.160088533807079,0.22995899368957845,29,488,0.05942622950819672,0.041691567122624854,0.08404322228925083,4,488,0.00819672131147541,0.0031919776156055686,0.020884066379046367,37,488,0.07581967213114754,0.0555049110947361,0.10276067685065121,63,488,0.1290983606557377,0.10222020593977693,0.1617704772395231,195,488,0.39959016393442626,0.3570786066157222,0.44367025236651925,107,488,0.2192622950819672,0.18482330525171087,0.25808676986190293,52,488,0.10655737704918032,0.08218885010836034,0.1370719850873612,41,488,0.08401639344262295,0.06253402721629506,0.11199695999584805,30,488,0.06147540983606557,0.04339763694239183,0.08640350228617283,22,488,0.045081967213114756,0.029957101537030295,0.06731323915802276,8,488,0.01639344262295082,0.008329601688553238,0.0320118415728545,0,488,0.0,0.0,0.007810644727896134,3,488,0.006147540983606557,0.0020928380491587392,0.017916856128804247,30,488,0.06147540983606557,0.04339763694239183,0.08640350228617283,282,484,0.5826446280991735,0.5382295707795595,0.6257580842297714,47,484,0.09710743801652892,0.07381314416321921,0.12674703766629267,154,484,0.3181818181818182,0.27825657886074184,0.3609705801187302,278,488,0.569672131147541,0.5253667444197816,0.6128891493476427,192,488,0.39344262295081966,0.3510931017954677,0.43745670773670686,2,488,0.004098360655737705,0.0011246152030474545,0.014818729158226582,11,488,0.022540983606557378,0.012632121171889416,0.03990837153958518,5,488,0.010245901639344262,0.004384090437495951,0.023758303373844936,197,484,0.40702479338842973,0.36415492594702636,0.4513589621674763,311 0.32; 363 0.19; 350 0.08; 150 0.07; 323 0.06; 364 0.06,6,38 0.13; 35 0.11; 56 0.10; 44 0.10; 52 0.08; 53 0.07; 99 0.06; 57 0.04; 37 0.03; 54 0.03,10,earned income 0.38; shelter deduction 0.19; unearned income 0.16; other element 0.13,"wrong amount, known item 0.40; wrong include/exclude decision 0.22; unreported source of income 0.11; household composition 0.08",200,116,121,316,0.6329113924050633,0.5784651550801415,0.6841648467707747,0.3670886075949367,121,0.2768878718535469,437,103722.0
4+,HH_size_n <=   8.500 & rawben_rel_max >   0.266 & rawben_rel_max <=   0.750 & shelter_expenses_by_hh_size <= 137.000,all_2022_24,1603,343,551,230,551,0.41742286751361163,0.3769573345489215,0.4590318919258058,130,551,0.23593466424682397,0.20238660698947078,0.2731393809681735,44,551,0.07985480943738657,0.06002160019729672,0.10550600263565599,25,551,0.045372050816696916,0.030918633587847993,0.06612095392685892,2,551,0.003629764065335753,0.0009959563972526978,0.013137086258525096,23,551,0.041742286751361164,0.027973575361534078,0.06185674738283117,97,551,0.17604355716878403,0.1465164410389222,0.2100566782080846,183,551,0.33212341197822143,0.29407904615307656,0.37249245821862165,111,551,0.2014519056261343,0.17008106933954117,0.23695690329985722,56,551,0.10163339382940109,0.07909778977050426,0.12968540168449844,68,551,0.12341197822141561,0.09852715459694723,0.15351162548010544,52,551,0.09437386569872959,0.07269468014352652,0.12166998177079284,33,551,0.05989110707803993,0.042960259303400236,0.08291638729267332,10,551,0.018148820326678767,0.009887280250295134,0.03308282148684931,6,551,0.010889292196007259,0.004999882755779991,0.023551689440681128,4,551,0.007259528130671506,0.0028265593216336114,0.018515748104485842,28,551,0.050816696914700546,0.03538931049595384,0.07246417417426557,333,549,0.6065573770491803,0.5650878913357903,0.6465459654506743,54,549,0.09836065573770492,0.07617055114871157,0.12613260404076765,162,549,0.29508196721311475,0.2584606294429921,0.3345511844291912,329,550,0.5981818181818181,0.556663684268554,0.6383379190779623,193,550,0.3509090909090909,0.31218195261281745,0.3917045015646946,2,550,0.0036363636363636364,0.0009977682574326173,0.01316079260184556,4,550,0.007272727272727273,0.0028317049426503284,0.01854913752205438,22,550,0.04,0.026561388526345354,0.05981998838719816,223,549,0.40619307832422585,0.36590004239252505,0.44778981018007435,311 0.37; 350 0.13; 150 0.10; 363 0.08; 364 0.05; 312 0.03,6,38 0.16; 44 0.15; 35 0.10; 52 0.09; 53 0.07; 99 0.05; 13 0.05; 40 0.04; 37 0.04; 41 0.03,10,earned income 0.42; unearned income 0.24; other element 0.18,"wrong amount, known item 0.33; wrong include/exclude decision 0.20; household composition 0.12; unreported source of income 0.10",179,164,83,343,0.521865889212828,0.4690523199308585,0.5741950875312221,0.478134110787172,83,0.19483568075117372,426,120687.0
4+,HH_size_n <=   8.500 & rawben_rel_max >   0.266 & rawben_rel_max <=   0.750 & shelter_expenses_by_hh_size <= 137.000,train_2022_23,1102,240,389,167,389,0.42930591259640105,0.381044629838036,0.4789498310337251,86,389,0.2210796915167095,0.18268040057223675,0.26493410868543854,34,389,0.08740359897172237,0.06321969807729369,0.11965706446516619,19,389,0.04884318766066838,0.03148872569721701,0.07502137913893067,1,389,0.002570694087403599,0.00045392317616263587,0.014416192412410468,16,389,0.04113110539845758,0.025473581480247923,0.06576319181463733,66,389,0.16966580976863754,0.13563900645842453,0.21015329252416792,127,389,0.3264781491002571,0.2817725802148462,0.3745774601067491,79,389,0.20308483290488433,0.1661000459042792,0.2458766897571171,34,389,0.08740359897172237,0.06321969807729369,0.11965706446516619,41,389,0.10539845758354756,0.07864764348048994,0.13986689265824892,38,389,0.09768637532133675,0.07199905110661643,0.13124215349086,30,389,0.07712082262210797,0.054552150912880806,0.10796016957456249,8,389,0.02056555269922879,0.010456792460867401,0.04005109672398471,4,389,0.010282776349614395,0.004005769035412013,0.026137678094423522,3,389,0.007712082262210797,0.0026261532651609236,0.022426183350920465,25,389,0.06426735218508997,0.04390650338391984,0.09315026453475271,233,388,0.6005154639175257,0.551023225234162,0.6480368031038193,33,388,0.08505154639175258,0.06120065417168333,0.11703871602280344,122,388,0.31443298969072164,0.2702446770024717,0.3622598860658701,247,388,0.6365979381443299,0.5876157757915142,0.6829016986165118,125,388,0.32216494845360827,0.2776053386326597,0.3702115343078346,2,388,0.005154639175257732,0.0014146984018567291,0.018597469780388336,0,388,0.0,0.0,0.00980396160081012,14,388,0.03608247422680412,0.02161299193061618,0.05964841574023856,150,388,0.3865979381443299,0.3394795787457971,0.43593987646263405,311 0.39; 350 0.12; 363 0.09; 150 0.08; 364 0.05; 323 0.03,6,44 0.16; 38 0.16; 52 0.09; 35 0.09; 53 0.08; 99 0.06; 40 0.05; 13 0.04; 41 0.03,9,earned income 0.43; unearned income 0.22; other element 0.17,"wrong amount, known item 0.33; wrong include/exclude decision 0.20; household composition 0.11; change in circumstances 0.10; unreported source of income 0.09",119,121,53,240,0.49583333333333335,0.43314267661105676,0.5586552774706094,0.5041666666666667,53,0.18088737201365188,293,83872.0
4+,HH_size_n <=   8.500 & rawben_rel_max >   0.266 & rawben_rel_max <=   0.750 & shelter_expenses_by_hh_size <= 137.000,test_2024,501,103,162,63,162,0.3888888888888889,0.3172217788397095,0.4657036150301037,44,162,0.2716049382716049,0.20899333124631042,0.34479775615274993,10,162,0.06172839506172839,0.03387147623021804,0.10988979958960039,6,162,0.037037037037037035,0.017082758173970532,0.07843971628358415,1,162,0.006172839506172839,0.00109046202853268,0.034133510726192307,7,162,0.043209876543209874,0.02108577416788205,0.08649640063023858,31,162,0.19135802469135801,0.13821190769127087,0.2588030752804322,56,162,0.345679012345679,0.27678174815808515,0.4217257433277664,32,162,0.19753086419753085,0.14353803306993532,0.2655366502423337,22,162,0.13580246913580246,0.09142089759541822,0.19705678231119145,27,162,0.16666666666666666,0.11714404789856393,0.23163213371087543,14,162,0.08641975308641975,0.05217501001847842,0.13982506716360377,3,162,0.018518518518518517,0.0063175154296968815,0.053025858006159984,2,162,0.012345679012345678,0.003392114427184602,0.043891558668106324,2,162,0.012345679012345678,0.003392114427184602,0.043891558668106324,1,162,0.006172839506172839,0.00109046202853268,0.034133510726192307,3,162,0.018518518518518517,0.0063175154296968815,0.053025858006159984,100,161,0.6211180124223602,0.5441853619215105,0.6924054015750825,21,161,0.13043478260869565,0.08691831797877284,0.1911765318649559,40,161,0.2484472049689441,0.18808371305461913,0.3205354704524568,82,162,0.5061728395061729,0.4299364477015512,0.5821232526390148,68,162,0.41975308641975306,0.34647636645710556,0.4967475291155373,0,162,0.0,0.0,0.023164272414159054,4,162,0.024691358024691357,0.009642776775314481,0.06176029700110833,8,162,0.04938271604938271,0.025232188799837046,0.09440968633884951,73,161,0.453416149068323,0.37849647970232697,0.5305070727989835,311 0.31; 350 0.14; 150 0.14; 363 0.06; 312 0.05; 364 0.04; 323 0.03,7,38 0.17; 35 0.14; 44 0.12; 52 0.07; 37 0.07; 13 0.07; 12 0.04; 40 0.04; 56 0.03; 41 0.03,10,earned income 0.39; unearned income 0.27; other element 0.19,"wrong amount, known item 0.35; wrong include/exclude decision 0.20; household composition 0.17; unreported source of income 0.14",60,43,30,103,0.5825242718446602,0.4859998631563654,0.6731141897967914,0.4174757281553398,30,0.22556390977443608,133,36815.0
4+,shelter_expenses_by_hh_size <= 98.000 & unc_rawben_rel_max <=  0.785,all_2022_24,1289,291,461,196,461,0.42516268980477223,0.3808347866327659,0.47072755202195,109,461,0.23644251626898047,0.1999326105452277,0.27730866906485874,28,461,0.06073752711496746,0.04235307150100595,0.08638239451580493,18,461,0.039045553145336226,0.024838434518856985,0.06087162241236432,1,461,0.0021691973969631237,0.00038300943326429783,0.012183852052454707,10,461,0.021691973969631236,0.011824370438596655,0.03946535922415298,99,461,0.21475054229934923,0.17970215520598973,0.25451371531850714,150,461,0.32537960954446854,0.28420624390800353,0.3694392129530002,79,461,0.17136659436008678,0.13971814770772117,0.20844690464559656,53,461,0.11496746203904555,0.08897725599517488,0.14732173273560992,67,461,0.14533622559652928,0.11609381101031105,0.1804407504402992,43,461,0.09327548806941431,0.06998618610052298,0.12328739354467225,34,461,0.0737527114967462,0.053255122342486846,0.10129558912567775,7,461,0.015184381778741865,0.007374262448023545,0.031007844489049207,6,461,0.013015184381778741,0.005978177549052678,0.028101388479461115,4,461,0.008676789587852495,0.0033792053379898233,0.022095278873406055,18,461,0.039045553145336226,0.024838434518856985,0.06087162241236432,278,460,0.6043478260869565,0.5589740365529913,0.6479931694932107,43,460,0.09347826086956522,0.07013998466316482,0.1235502751151733,139,460,0.30217391304347824,0.2619901401069584,0.34563453176378356,265,460,0.5760869565217391,0.5304791953292998,0.6204343924127225,171,460,0.3717391304347826,0.3288080569399136,0.41679475229496316,2,460,0.004347826086956522,0.0011931166278073436,0.015712654652733256,1,460,0.002173913043478261,0.00038384228628702676,0.012210112201624365,21,460,0.04565217391304348,0.03005031710066199,0.06877997323983358,178,460,0.3869565217391304,0.3435579581100113,0.4322275686732699,311 0.38; 350 0.12; 150 0.11; 363 0.06; 364 0.04; 312 0.03; 331 0.03,7,38 0.17; 44 0.14; 35 0.11; 52 0.07; 53 0.06; 13 0.05; 40 0.05; 99 0.04; 7 0.04; 12 0.03,10,earned income 0.43; unearned income 0.24; other element 0.21,"wrong amount, known item 0.33; wrong include/exclude decision 0.17; household composition 0.15; unreported source of income 0.11",165,126,72,291,0.5670103092783505,0.5095722205662716,0.622702193898987,0.4329896907216495,72,0.19834710743801653,363,110229.0
4+,shelter_expenses_by_hh_size <= 98.000 & unc_rawben_rel_max <=  0.785,train_2022_23,896,204,330,142,330,0.4303030303030303,0.37798670900134823,0.4842233930350667,77,330,0.23333333333333334,0.19092736838756502,0.2818765002735006,21,330,0.06363636363636363,0.04199511356107576,0.09532030788430429,14,330,0.04242424242424243,0.025436583190641404,0.069942782352778,1,330,0.0030303030303030303,0.0005351095557256189,0.01696300931262392,5,330,0.015151515151515152,0.006488636349680107,0.03497294303407554,70,330,0.21212121212121213,0.17145512774235394,0.25941268501675097,109,330,0.3303030303030303,0.28176566292178906,0.38274588986252545,56,330,0.1696969696969697,0.1330526073713501,0.2139430935838334,34,330,0.10303030303030303,0.07466946452802649,0.14052720359242343,41,330,0.12424242424242424,0.09291867626613907,0.16421404775627152,29,330,0.08787878787878788,0.06188248459699912,0.12335985787919317,31,330,0.09393939393939393,0.06696916977598746,0.13025490295790787,7,330,0.021212121212121213,0.010312191518022967,0.043131118123435744,4,330,0.012121212121212121,0.004723447259738547,0.03074726699516557,3,330,0.00909090909090909,0.0030963958569047694,0.026383453269147823,16,330,0.048484848484848485,0.030061239731602945,0.0772998560695195,195,329,0.5927051671732523,0.5388392695985136,0.6444310908372011,29,329,0.08814589665653495,0.06207276280154626,0.12372612772175369,105,329,0.3191489361702128,0.27111329998564726,0.37135927555779435,204,329,0.6200607902735562,0.5665118054531801,0.6708383334717618,109,329,0.331306990881459,0.28264968891299036,0.3838583437367745,1,329,0.00303951367781155,0.0005367366400418384,0.017013954138995396,0,329,0.0,0.0,0.011541826502456422,15,329,0.04559270516717325,0.02782135888678961,0.07385343176437897,119,329,0.3617021276595745,0.3116528920358206,0.41494378337975246,311 0.39; 350 0.12; 150 0.10; 363 0.06; 364 0.04; 520 0.03; 331 0.03,7,38 0.18; 44 0.15; 35 0.10; 53 0.08; 52 0.06; 40 0.05; 99 0.05; 13 0.05; 7 0.03; 98 0.03,10,earned income 0.43; unearned income 0.23; other element 0.21,"wrong amount, known item 0.33; wrong include/exclude decision 0.17; household composition 0.12; unreported source of income 0.10; method or computation 0.09",111,93,44,204,0.5441176470588235,0.47558576683064346,0.6110186473001175,0.45588235294117646,44,0.1774193548387097,248,76631.0
4+,shelter_expenses_by_hh_size <= 98.000 & unc_rawben_rel_max <=  0.785,test_2024,393,87,131,54,131,0.4122137404580153,0.33159355753630504,0.49783593603244525,32,131,0.24427480916030533,0.17867404056237238,0.32444665809442197,7,131,0.05343511450381679,0.02612180457645892,0.10619344531674911,4,131,0.030534351145038167,0.011936776219166959,0.0758818198224107,0,131,0.0,0.0,0.02848972423940386,5,131,0.03816793893129771,0.016411091437379455,0.08623972255474167,29,131,0.22137404580152673,0.15878744351340543,0.2998366012917585,41,131,0.31297709923664124,0.23985585648777724,0.3967548037239081,23,131,0.17557251908396945,0.11993681310262834,0.24969392399927487,19,131,0.1450381679389313,0.09485952711844414,0.21544233818128528,26,131,0.1984732824427481,0.13919627169084942,0.27493111926268415,14,131,0.10687022900763359,0.06473410776143446,0.1714066677855777,3,131,0.022900763358778626,0.007818301484185438,0.06516807660684877,0,131,0.0,0.0,0.02848972423940386,2,131,0.015267175572519083,0.004196756321735894,0.05395740381875487,1,131,0.007633587786259542,0.0013487543306202332,0.04197318785932708,2,131,0.015267175572519083,0.004196756321735894,0.05395740381875487,83,131,0.6335877862595419,0.5483663262475594,0.7111974878869508,14,131,0.10687022900763359,0.06473410776143446,0.1714066677855777,34,131,0.2595419847328244,0.19208184087548613,0.340703293682395,61,131,0.46564885496183206,0.3824267321981887,0.5508282870243657,62,131,0.4732824427480916,0.38976625692005357,0.5583209802530442,1,131,0.007633587786259542,0.0013487543306202332,0.04197318785932708,1,131,0.007633587786259542,0.0013487543306202332,0.04197318785932708,6,131,0.04580152671755725,0.021157596293058425,0.09632543564960615,59,131,0.45038167938931295,0.3678054810132372,0.5357851023082302,311 0.34; 150 0.15; 350 0.12; 363 0.05; 312 0.05; 364 0.03; 331 0.03,7,38 0.15; 35 0.15; 44 0.11; 52 0.08; 12 0.06; 37 0.05; 13 0.05; 41 0.05; 7 0.05,9,earned income 0.41; unearned income 0.24; other element 0.22,"wrong amount, known item 0.31; household composition 0.20; wrong include/exclude decision 0.18; unreported source of income 0.15",54,33,28,87,0.6206896551724138,0.5156742657309596,0.7154973560810736,0.3793103448275862,28,0.24347826086956523,115,33598.0
2-3,elderly_disabled_i <=   0.500 & shelter_expenses_by_hh_size > 456.000 & shelter_expenses_by_hh_size <= 613.000 & unc_rawben_rel_max >   0.168,all_2022_24,2671,450,696,301,696,0.4324712643678161,0.3961347766136104,0.4695491152842133,106,696,0.15229885057471265,0.12751804073725465,0.18089689201324205,129,696,0.1853448275862069,0.15823083237159344,0.21591325966294692,38,696,0.05459770114942529,0.040033368569150796,0.07405187586330364,0,696,0.0,0.0,0.005489242137077875,37,696,0.05316091954022988,0.03881145467652715,0.07241600022183842,85,696,0.1221264367816092,0.09985293020568849,0.14854842232894216,211,696,0.3031609195402299,0.27017099133532474,0.33831184249450197,180,696,0.25862068965517243,0.2274766002433877,0.29241475802968436,85,696,0.1221264367816092,0.09985293020568849,0.14854842232894216,52,696,0.07471264367816093,0.057427646623897814,0.0966666512858006,73,696,0.10488505747126436,0.08424917955422148,0.1298586985713429,46,696,0.06609195402298851,0.04991333794398074,0.08703422276118454,1,696,0.0014367816091954023,0.0002536657482585785,0.008093365922908153,5,696,0.007183908045977011,0.003072280769103395,0.01670590903841876,1,696,0.0014367816091954023,0.0002536657482585785,0.008093365922908153,42,696,0.0603448275862069,0.04495138580559306,0.0805650167632168,415,695,0.5971223021582733,0.5602193783016043,0.6329574446007529,51,695,0.07338129496402877,0.05625126898803735,0.095201649670497,228,695,0.32805755395683456,0.29417960940473287,0.36382586708664943,388,696,0.5574712643678161,0.5203552555456596,0.5939563258178946,295,696,0.4238505747126437,0.3876536268465603,0.4608835278467303,0,696,0.0,0.0,0.005489242137077875,1,696,0.0014367816091954023,0.0002536657482585785,0.008093365922908153,12,696,0.017241379310344827,0.009889721713510668,0.029892994832633486,248,695,0.35683453237410073,0.3220937467162353,0.393149306931401,311 0.37; 363 0.19; 350 0.06; 150 0.06; 312 0.06; 364 0.05,6,38 0.18; 35 0.12; 53 0.10; 52 0.10; 44 0.07; 99 0.06; 39 0.05; 37 0.05; 41 0.03,9,earned income 0.43; shelter deduction 0.19; unearned income 0.15,"wrong amount, known item 0.30; wrong include/exclude decision 0.26; unreported source of income 0.12; change in circumstances 0.10",336,114,134,450,0.7466666666666667,0.7045101492983712,0.7846473012306241,0.25333333333333335,134,0.22945205479452055,584,138256.0
2-3,elderly_disabled_i <=   0.500 & shelter_expenses_by_hh_size > 456.000 & shelter_expenses_by_hh_size <= 613.000 & unc_rawben_rel_max >   0.168,train_2022_23,1747,294,467,196,467,0.4197002141327623,0.3757731946609605,0.46493756666514163,66,467,0.14132762312633834,0.11265192822986517,0.17585613902672395,90,467,0.19271948608137046,0.1595103025997958,0.23094287740808803,29,467,0.06209850107066381,0.04358142731648522,0.08776125778185782,0,467,0.0,0.0,0.00815900719052862,24,467,0.05139186295503212,0.03477511061170241,0.07532900933012092,62,467,0.13276231263383298,0.10496287475235838,0.1665543403790149,128,467,0.2740899357601713,0.23560013194705515,0.31626614325037866,135,467,0.2890792291220557,0.24981551545926955,0.33178475095729193,50,467,0.10706638115631692,0.08215996439172504,0.1383846943640009,34,467,0.0728051391862955,0.05256471674890262,0.10001653350596015,49,467,0.10492505353319058,0.08028003173339934,0.13601691399102264,35,467,0.07494646680942184,0.054379362206860744,0.10244960107930598,0,467,0.0,0.0,0.00815900719052862,4,467,0.008565310492505354,0.0033357254763382166,0.02181413383940619,0,467,0.0,0.0,0.00815900719052862,32,467,0.06852248394004283,0.04895266273022883,0.09513316146202608,278,467,0.5952890792291221,0.5501689448338604,0.6388542850591653,34,467,0.0728051391862955,0.05256471674890262,0.10001653350596015,154,467,0.3297644539614561,0.2886653874202857,0.3736414265910507,261,467,0.5588865096359743,0.5135541836479274,0.603257924712931,196,467,0.4197002141327623,0.3757731946609605,0.46493756666514163,0,467,0.0,0.0,0.00815900719052862,0,467,0.0,0.0,0.00815900719052862,10,467,0.021413276231263382,0.01167192120502855,0.03896421629853952,157,467,0.3361884368308351,0.2948330865148646,0.38021686659038356,311 0.36; 363 0.19; 364 0.06; 312 0.05; 350 0.05; 150 0.05,6,38 0.20; 53 0.13; 52 0.12; 35 0.11; 99 0.07; 44 0.07; 39 0.05; 37 0.04,8,earned income 0.42; shelter deduction 0.19; unearned income 0.14,"wrong include/exclude decision 0.29; wrong amount, known item 0.27; unreported source of income 0.11; change in circumstances 0.10",226,68,98,294,0.7687074829931972,0.7172286210979335,0.8132546962089839,0.23129251700680273,98,0.25,392,90992.0
2-3,elderly_disabled_i <=   0.500 & shelter_expenses_by_hh_size > 456.000 & shelter_expenses_by_hh_size <= 613.000 & unc_rawben_rel_max >   0.168,test_2024,924,156,229,105,229,0.4585152838427948,0.3951937396515509,0.5232057216131029,40,229,0.17467248908296942,0.1309756886188563,0.22910429708816513,39,229,0.1703056768558952,0.12715621461714224,0.22433424069668487,9,229,0.039301310043668124,0.020811775229630618,0.07299276828836615,0,229,0.0,0.0,0.016498769979247693,13,229,0.056768558951965066,0.03347221667167852,0.09469044841909566,23,229,0.10043668122270742,0.0678612889311809,0.14619668009153666,83,229,0.3624454148471616,0.3029276366158645,0.4265021559985137,45,229,0.1965065502183406,0.1502293961828418,0.25279824149015134,35,229,0.15283842794759825,0.11199312059703956,0.20513921314401015,18,229,0.07860262008733625,0.05029542508083992,0.12081489197590595,24,229,0.10480349344978165,0.07144363258875105,0.15120386682716086,11,229,0.048034934497816595,0.027030359950934214,0.08395324435345125,1,229,0.004366812227074236,0.0007712460958295819,0.024317054276612453,1,229,0.004366812227074236,0.0007712460958295819,0.024317054276612453,1,229,0.004366812227074236,0.0007712460958295819,0.024317054276612453,10,229,0.043668122270742356,0.023889651951877672,0.07850442195931344,137,228,0.6008771929824561,0.5361449128928442,0.6622664162215166,17,228,0.07456140350877193,0.04707028070743701,0.1161515052015629,74,228,0.32456140350877194,0.2671282642283537,0.38780855470319275,127,229,0.5545851528384279,0.4898383056604906,0.6175308242544387,99,229,0.43231441048034935,0.36978875483699025,0.4970735240684975,0,229,0.0,0.0,0.016498769979247693,1,229,0.004366812227074236,0.0007712460958295819,0.024317054276612453,2,229,0.008733624454148471,0.002398301179188987,0.031279529586447384,91,228,0.3991228070175439,0.33773358377848334,0.4638550871071559,311 0.39; 363 0.17; 150 0.07; 350 0.07; 312 0.06,5,35 0.15; 38 0.15; 56 0.07; 52 0.07; 37 0.07; 44 0.07; 57 0.06; 53 0.04; 99 0.04; 41 0.04,10,earned income 0.46; unearned income 0.17; shelter deduction 0.17,"wrong amount, known item 0.36; wrong include/exclude decision 0.20; unreported source of income 0.15; change in circumstances 0.10",110,46,36,156,0.7051282051282052,0.6293358686206241,0.7710605238078803,0.2948717948717949,36,0.1875,192,47264.0
4+,rawben_rel_max <=   0.784 & shelter_expenses_by_hh_size <= 136.000,all_2022_24,2011,431,680,281,680,0.41323529411764703,0.37681246926725487,0.4506329508417294,158,680,0.2323529411764706,0.20216647168041943,0.26554651916424404,55,680,0.08088235294117647,0.06266587607021831,0.10380776343928214,30,680,0.04411764705882353,0.031075336420195648,0.06228195567785748,2,680,0.0029411764705882353,0.0008069306759095679,0.010660052321322538,26,680,0.03823529411764706,0.0262242077387946,0.05543446877342694,128,680,0.18823529411764706,0.16063598513002275,0.21933738882090392,220,680,0.3235294117647059,0.289442900226071,0.3595986321989819,139,680,0.20441176470588235,0.17580107049342733,0.23634349631853616,76,680,0.11176470588235295,0.09022982292700434,0.13766154840811184,92,680,0.13529411764705881,0.11162507746521287,0.16306075621322963,63,680,0.09264705882352942,0.07308415246239772,0.11678671821876588,40,680,0.058823529411764705,0.0434930537524672,0.07911077731016483,10,680,0.014705882352941176,0.008007125557582692,0.026857088611312557,6,680,0.008823529411764706,0.004049942568878403,0.019115656014185276,4,680,0.0058823529411764705,0.002289802692083194,0.0150264880980647,30,680,0.04411764705882353,0.031075336420195648,0.06228195567785748,419,678,0.6179941002949852,0.5808527611539474,0.6538058457717668,67,678,0.09882005899705015,0.07856689309137824,0.12359384336119378,192,678,0.2831858407079646,0.25056692473945724,0.318247885034543,396,679,0.5832106038291606,0.5457594878122868,0.6197254504222908,247,679,0.3637702503681885,0.3284443622045188,0.40062896900435885,3,679,0.004418262150220913,0.0015036942245345497,0.012909018767761172,4,679,0.005891016200294551,0.002293178419157005,0.015048471533042743,29,679,0.042709867452135494,0.029899501853300828,0.06066557209649953,273,678,0.4026548672566372,0.36638689574946925,0.44001975353681666,311 0.36; 350 0.12; 150 0.11; 363 0.08; 364 0.04; 312 0.03; 323 0.03,7,38 0.16; 44 0.14; 35 0.11; 52 0.09; 53 0.06; 13 0.05; 99 0.04; 40 0.04; 37 0.04; 41 0.03,10,earned income 0.41; unearned income 0.23; other element 0.19,"wrong amount, known item 0.32; wrong include/exclude decision 0.20; household composition 0.14; unreported source of income 0.11",227,204,112,431,0.5266821345707656,0.4795168228794543,0.5733760006222529,0.4733178654292343,112,0.20626151012891344,543,153803.0
4+,rawben_rel_max <=   0.784 & shelter_expenses_by_hh_size <= 136.000,train_2022_23,1379,303,480,200,480,0.4166666666666667,0.3733937336776973,0.4612628977487861,112,480,0.23333333333333334,0.19770378505172229,0.27319743551302444,41,480,0.08541666666666667,0.06358672989209012,0.11383001145466469,22,480,0.04583333333333333,0.030459566941823106,0.06841907433251129,1,480,0.0020833333333333333,0.00036784473770553813,0.011705528035532646,17,480,0.035416666666666666,0.022227916353444326,0.0559828038492005,87,480,0.18125,0.14936195806767927,0.2181996571386196,159,480,0.33125,0.2906298056683229,0.3745498729703059,97,480,0.20208333333333334,0.1685899565352852,0.24030750081439284,47,480,0.09791666666666667,0.07443506648316739,0.1277831801496149,55,480,0.11458333333333333,0.08909722347612115,0.14618969687136446,45,480,0.09375,0.07080349328949179,0.12314758491461467,34,480,0.07083333333333333,0.05112858005670959,0.09735307178967981,8,480,0.016666666666666666,0.008468816164498964,0.032539646109104634,4,480,0.008333333333333333,0.0032452534639503556,0.021228871952301574,3,480,0.00625,0.002127755317336312,0.0182127858845777,28,480,0.058333333333333334,0.040663807755097155,0.08301633880526474,289,479,0.6033402922755741,0.5588744473463123,0.6461617384338689,42,479,0.08768267223382047,0.06552272762886525,0.11640360183404767,148,479,0.3089770354906054,0.26925310929775403,0.3517406078964562,299,479,0.6242171189979123,0.5800168871064958,0.6664407503464495,158,479,0.3298538622129436,0.28924855601629745,0.3731666128506767,2,479,0.0041753653444676405,0.0011457595691245362,0.015094763202732737,0,479,0.0,0.0,0.00795623243730449,20,479,0.04175365344467641,0.027189026262806965,0.06361010952002535,186,479,0.3883089770354906,0.3457166472792558,0.4326785862714574,311 0.38; 350 0.11; 150 0.09; 363 0.09; 364 0.05; 323 0.03; 312 0.03,7,38 0.17; 44 0.16; 35 0.10; 52 0.09; 53 0.07; 99 0.06; 40 0.04; 13 0.04; 41 0.03,9,earned income 0.42; unearned income 0.23; other element 0.18,"wrong amount, known item 0.33; wrong include/exclude decision 0.20; household composition 0.11; unreported source of income 0.10; change in circumstances 0.09",151,152,71,303,0.49834983498349833,0.44242480652046196,0.5543161829672736,0.5016501650165016,71,0.18983957219251338,374,106887.0
4+,rawben_rel_max <=   0.784 & shelter_expenses_by_hh_size <= 136.000,test_2024,632,128,200,81,200,0.405,0.3393765611244294,0.4742041800000517,46,200,0.23,0.1770925624139232,0.2930842807819702,14,200,0.07,0.04215178292291873,0.11405578216683726,8,200,0.04,0.02040538715065641,0.07693293829419882,1,200,0.005,0.0008831459893662054,0.02777439986977148,9,200,0.045,0.023852271724704166,0.08329759366096785,41,200,0.205,0.15486094831106376,0.26625819518074556,61,200,0.305,0.24536314352669053,0.3719867987814547,42,200,0.21,0.15928329527863416,0.271647388153992,29,200,0.145,0.1028928513530641,0.20048781284894374,37,200,0.185,0.13730116322736063,0.2445718205011816,18,200,0.09,0.05768697871453362,0.13776674613848952,6,200,0.03,0.013820125830748327,0.06389511973247333,2,200,0.01,0.0027466006037749346,0.03572248519617954,2,200,0.01,0.0027466006037749346,0.03572248519617954,1,200,0.005,0.0008831459893662054,0.02777439986977148,2,200,0.01,0.0027466006037749346,0.03572248519617954,130,199,0.6532663316582915,0.5848024504061005,0.7159248165844974,25,199,0.12562814070351758,0.08655959463431065,0.17887708107718045,44,199,0.22110552763819097,0.16903315888885528,0.2837418142921885,97,200,0.485,0.4166726249238525,0.5538927552536972,89,200,0.445,0.3778048169746545,0.5142682436763609,1,200,0.005,0.0008831459893662054,0.02777439986977148,4,200,0.02,0.007804300176394188,0.050287865505193874,9,200,0.045,0.023852271724704166,0.08329759366096785,87,199,0.4371859296482412,0.3701009771884125,0.5066501428974083,311 0.33; 150 0.14; 350 0.12; 363 0.07; 312 0.05; 364 0.04,6,38 0.15; 35 0.14; 44 0.10; 52 0.10; 13 0.07; 37 0.06; 12 0.05; 41 0.04; 7 0.04; 56 0.03,10,earned income 0.41; unearned income 0.23; other element 0.20,"wrong amount, known item 0.30; wrong include/exclude decision 0.21; household composition 0.18; unreported source of income 0.14",76,52,41,128,0.59375,0.5071382471838718,0.674898378585233,0.40625,41,0.24260355029585798,169,46916.0
2-3,children_i >   0.500 & elderly_disabled_i <=   0.500 & rawben_rel_max <=   0.967 & shelter_expenses_by_hh_size > 490.000,all_2022_24,2743,592,908,405,908,0.4460352422907489,0.4139975118783962,0.4785276810937166,148,908,0.16299559471365638,0.14039897006433116,0.1884318268635563,145,908,0.15969162995594713,0.1373051812264753,0.18494552547521495,44,908,0.048458149779735685,0.03629349138865615,0.06442751103106235,0,908,0.0,0.0,0.004213012435493182,66,908,0.07268722466960352,0.057540109506768966,0.09143488790506221,100,908,0.11013215859030837,0.09138875007857956,0.132160603230153,317,908,0.3491189427312775,0.31880710974467863,0.38070210325898335,199,908,0.21916299559471367,0.19346912798351243,0.24722320278972718,111,908,0.1222466960352423,0.10251684039925978,0.14515951040552916,54,908,0.05947136563876652,0.0458645436588872,0.07679009284815524,79,908,0.08700440528634361,0.07036811080293578,0.10712061092241651,62,908,0.06828193832599119,0.053628432518812705,0.0865731112580889,8,908,0.00881057268722467,0.004471030501583063,0.01728888920376927,10,908,0.011013215859030838,0.005992937840477121,0.02015370868234,3,908,0.003303964757709251,0.0011242483030280285,0.009668854358662334,65,908,0.07158590308370044,0.05656047960156772,0.09022115440153107,545,904,0.6028761061946902,0.5706084288992563,0.6342731275308522,63,904,0.06969026548672566,0.054847912480306835,0.08817439449483065,295,904,0.32632743362831856,0.2965533198650485,0.35757136444111226,511,908,0.5627753303964758,0.5303127103159774,0.594709003981769,368,908,0.4052863436123348,0.3738165993479007,0.43755414750111343,1,908,0.0011013215859030838,0.00019443176208822294,0.006211944082137353,7,908,0.007709251101321586,0.0037392423387776503,0.015827313957842287,21,908,0.023127753303964757,0.015175880357590281,0.03509776366128317,374,904,0.413716814159292,0.38204251585803006,0.44612134003929815,311 0.38; 363 0.16; 350 0.08; 323 0.07; 312 0.06; 364 0.05,6,38 0.20; 35 0.12; 52 0.10; 44 0.10; 53 0.08; 99 0.07; 41 0.04; 37 0.03; 56 0.03,9,earned income 0.45; unearned income 0.16; shelter deduction 0.16,"wrong amount, known item 0.35; wrong include/exclude decision 0.22; unreported source of income 0.12; change in circumstances 0.09",414,178,156,592,0.6993243243243243,0.6611971850381907,0.7348812358038587,0.30067567567567566,156,0.20855614973262032,748,176235.0
2-3,children_i >   0.500 & elderly_disabled_i <=   0.500 & rawben_rel_max <=   0.967 & shelter_expenses_by_hh_size > 490.000,train_2022_23,1693,350,567,239,567,0.42151675485008816,0.38153252296745377,0.46255732612553446,88,567,0.15520282186948853,0.12772807657923824,0.18731833909894635,96,567,0.1693121693121693,0.14069191057111724,0.2023832962813616,36,567,0.06349206349206349,0.04621123936484024,0.08664803368043185,0,567,0.0,0.0,0.006729712760948046,38,567,0.06701940035273368,0.04921405178240226,0.09065241905644339,70,567,0.12345679012345678,0.09888586281243304,0.15309577272358954,172,567,0.30335097001763667,0.2669392862669477,0.34240943674132635,143,567,0.25220458553791886,0.21820724498132907,0.2895371100201284,64,567,0.1128747795414462,0.08939054485354997,0.14156949730175195,31,567,0.054673721340388004,0.03878139912696837,0.07655987943436984,53,567,0.09347442680776014,0.07217400461855203,0.12024644967209533,42,567,0.07407407407407407,0.05526585052569724,0.09861501590029553,1,567,0.001763668430335097,0.0003113906449599708,0.009921921012774853,7,567,0.012345679012345678,0.005992765370511674,0.025262139667943828,3,567,0.005291005291005291,0.001800984157296113,0.015439525294012268,51,567,0.08994708994708994,0.06907430862131075,0.11633894787576304,348,567,0.6137566137566137,0.5730419973987114,0.6529401314440358,33,567,0.0582010582010582,0.04173921252635974,0.08060926382855202,185,567,0.3262786596119929,0.2889679119389952,0.36592759672750697,324,567,0.5714285714285714,0.5303483211654617,0.6115474341544028,224,567,0.3950617283950617,0.355657846269794,0.4358780193713926,1,567,0.001763668430335097,0.0003113906449599708,0.009921921012774853,0,567,0.0,0.0,0.006729712760948046,18,567,0.031746031746031744,0.020173471335241402,0.04962102156786867,236,567,0.41622574955908287,0.3763480120268876,0.45723104037574036,311 0.35; 363 0.17; 350 0.07; 312 0.07; 364 0.06; 323 0.06,6,38 0.19; 52 0.12; 35 0.11; 53 0.11; 44 0.11; 99 0.09; 41 0.04,7,earned income 0.42; shelter deduction 0.17; unearned income 0.16; other element 0.12,"wrong amount, known item 0.30; wrong include/exclude decision 0.25; unreported source of income 0.11; change in circumstances 0.09",244,106,95,350,0.6971428571428572,0.6470771958168147,0.7429278233782151,0.3028571428571429,95,0.21348314606741572,445,106121.0
2-3,children_i >   0.500 & elderly_disabled_i <=   0.500 & rawben_rel_max <=   0.967 & shelter_expenses_by_hh_size > 490.000,test_2024,1050,242,341,166,341,0.4868035190615836,0.4341951666542932,0.5397058940066016,60,341,0.17595307917888564,0.1392109783687171,0.21991506674880934,49,341,0.1436950146627566,0.11042832429210361,0.1849003135520544,8,341,0.02346041055718475,0.011934524815234705,0.045603776828186504,0,341,0.0,0.0,0.011140187262789638,28,341,0.08211143695014662,0.05741890154526524,0.11611468604973488,30,341,0.08797653958944282,0.06231891723601744,0.12281419895414057,145,341,0.4252199413489736,0.3738663761998824,0.47823963421185456,56,341,0.16422287390029325,0.12868214470641157,0.20724484322079903,47,341,0.1378299120234604,0.10525720166306468,0.1784719075859354,23,341,0.06744868035190615,0.045361426485624884,0.0991733396214805,26,341,0.07624633431085044,0.05256069415381056,0.10937336484603166,20,341,0.05865102639296188,0.038284622707631694,0.08885085050673686,7,341,0.020527859237536656,0.009978376508501627,0.04176016083734063,3,341,0.008797653958944282,0.0029963642352476647,0.025543115920278817,0,341,0.0,0.0,0.011140187262789638,14,341,0.04105571847507331,0.02461082873848538,0.06772605869040951,197,337,0.5845697329376854,0.5312903690234946,0.6359427386722797,30,337,0.08902077151335312,0.06306720064567897,0.12423857423626034,110,337,0.3264094955489614,0.2785470998196649,0.3781849422784827,187,341,0.5483870967741935,0.4953194467092642,0.6003766642007883,144,341,0.4222873900293255,0.3710137143890837,0.47529253172507424,0,341,0.0,0.0,0.011140187262789638,7,341,0.020527859237536656,0.009978376508501627,0.04176016083734063,3,341,0.008797653958944282,0.0029963642352476647,0.025543115920278817,138,337,0.4094955489614243,0.3583001896503962,0.46273104597342435,311 0.43; 363 0.14; 350 0.08; 323 0.08; 312 0.05,5,38 0.22; 35 0.14; 56 0.08; 44 0.08; 52 0.06; 37 0.05; 99 0.04; 57 0.04; 53 0.04; 40 0.03,10,earned income 0.49; unearned income 0.18; shelter deduction 0.14,"wrong amount, known item 0.43; wrong include/exclude decision 0.16; unreported source of income 0.14; change in circumstances 0.08",170,72,61,242,0.7024793388429752,0.6420794570438126,0.7565512059521977,0.2975206611570248,61,0.20132013201320131,303,70114.0
2-3,elderly_disabled_i <=   0.500 & medical_deductions <=  22.500 & rawben_rel_max <=   0.907 & shelter_expenses_by_hh_size > 490.000,all_2022_24,2890,647,1017,444,1017,0.4365781710914454,0.40639131206177026,0.4672423643087853,160,1017,0.15732546705998032,0.1362417670265186,0.18098825181283903,171,1017,0.168141592920354,0.14641405073674263,0.19236681399290795,46,1017,0.04523107177974434,0.03408001428575326,0.05980487441784191,0,1017,0.0,0.0,0.0037631695260067774,70,1017,0.0688298918387414,0.05483762363950434,0.08606729246109346,126,1017,0.12389380530973451,0.10504901889846413,0.1455692944618065,336,1017,0.3303834808259587,0.30216117527731295,0.35988237780673066,226,1017,0.2222222222222222,0.19774271473851154,0.24879237944260338,129,1017,0.12684365781710916,0.10778429940042553,0.14871151738447044,75,1017,0.07374631268436578,0.05923743764301646,0.09146331749862356,91,1017,0.08947885939036382,0.07344586404128767,0.10860157603168744,62,1017,0.06096361848574238,0.04784554525931711,0.07738602837561315,9,1017,0.008849557522123894,0.004662624778611837,0.016733055021270926,12,1017,0.011799410029498525,0.006762401835594885,0.02051078138891321,3,1017,0.0029498525073746312,0.0010036940204684172,0.00863697893016369,74,1017,0.0727630285152409,0.05835578270483592,0.09038580462859565,594,1013,0.5863770977295163,0.5557784657440186,0.6163230690476342,80,1013,0.07897334649555775,0.0639108408641236,0.0972171066942768,338,1013,0.3336623889437315,0.3053018717538739,0.36327974410448594,558,1017,0.5486725663716814,0.5179621873436373,0.5790166191626807,428,1017,0.42084562438544737,0.3908564805255657,0.45143051091365466,1,1017,0.0009832841691248771,0.00017359042705521795,0.005548746907160003,7,1017,0.00688298918387414,0.0033380117607820815,0.014139332422683799,23,1017,0.02261553588987217,0.015116385954594738,0.033707643160206226,414,1013,0.40868706811451133,0.3788143143470019,0.43924977744467913,311 0.38; 363 0.17; 350 0.07; 323 0.06; 312 0.06; 150 0.05,6,38 0.18; 35 0.13; 52 0.10; 44 0.09; 53 0.08; 99 0.07; 41 0.03; 37 0.03; 56 0.03; 39 0.03,10,earned income 0.44; shelter deduction 0.17; unearned income 0.16,"wrong amount, known item 0.33; wrong include/exclude decision 0.22; unreported source of income 0.13; change in circumstances 0.09",456,191,186,647,0.7047913446676971,0.6685177546636981,0.7386473681557407,0.29520865533230295,186,0.22328931572629052,833,196838.0
2-3,elderly_disabled_i <=   0.500 & medical_deductions <=  22.500 & rawben_rel_max <=   0.907 & shelter_expenses_by_hh_size > 490.000,train_2022_23,1809,391,641,268,641,0.41809672386895474,0.3805106139710073,0.45665870016753457,97,641,0.15132605304212168,0.1256650716217682,0.18114143713945313,116,641,0.1809672386895476,0.1530918310965673,0.21264387826213413,36,641,0.056162246489859596,0.04084020911609537,0.07677255035847948,0,641,0.0,0.0,0.005957432026717878,39,641,0.060842433697347896,0.044823873484628615,0.08209349661060099,85,641,0.13260530421216848,0.10852577962579192,0.16106228665281047,183,641,0.28549141965678626,0.25188573031817363,0.3216529495684838,159,641,0.24804992199687986,0.2161826483482707,0.2829191465731487,76,641,0.11856474258970359,0.0957820200122877,0.14589221440435043,43,641,0.06708268330733229,0.05018143031950309,0.08914208726993281,66,641,0.1029641185647426,0.08175321431570354,0.12890565136541876,43,641,0.06708268330733229,0.05018143031950309,0.08914208726993281,1,641,0.0015600624024961,0.0002754353377218558,0.008783533562547605,9,641,0.014040561622464899,0.007403964138250205,0.026467299750431914,3,641,0.0046801872074883,0.0015929068295887422,0.013669135817783881,58,641,0.0904836193447738,0.07064713698305676,0.1151994337096529,373,641,0.5819032761310452,0.5433412998324653,0.6194893860289926,44,641,0.0686427457098284,0.051528323350275296,0.09089673111271218,223,641,0.34789391575663026,0.31202581421058423,0.3855743406181365,347,641,0.5413416536661466,0.5026345182143633,0.5795562089347536,273,641,0.42589703588143524,0.3881699368988484,0.4645070616074515,1,641,0.0015600624024961,0.0002754353377218558,0.008783533562547605,0,641,0.0,0.0,0.005957432026717878,20,641,0.031201248049921998,0.020287167347903274,0.04770100214984625,259,641,0.4040561622464899,0.3667483900792894,0.44250709219728834,311 0.35; 363 0.18; 312 0.06; 350 0.06; 364 0.06; 323 0.05,6,38 0.17; 35 0.12; 52 0.11; 53 0.11; 44 0.10; 99 0.09; 41 0.04; 39 0.03,8,earned income 0.42; shelter deduction 0.18; unearned income 0.15,"wrong amount, known item 0.29; wrong include/exclude decision 0.25; unreported source of income 0.12; change in circumstances 0.10",276,115,115,391,0.7058823529411765,0.6588906507668385,0.7488678022431788,0.29411764705882354,115,0.22727272727272727,506,119217.0
2-3,elderly_disabled_i <=   0.500 & medical_deductions <=  22.500 & rawben_rel_max <=   0.907 & shelter_expenses_by_hh_size > 490.000,test_2024,1081,256,376,176,376,0.46808510638297873,0.41822596310645443,0.5185898043081731,63,376,0.1675531914893617,0.13320665891397088,0.20862425165506632,55,376,0.14627659574468085,0.11413579715253559,0.18557229169292,10,376,0.026595744680851064,0.014509041986035094,0.04825817466427388,0,376,0.0,8.673617379884035e-19,0.010113689495831947,31,376,0.08244680851063829,0.058688968134662095,0.11465065554004861,41,376,0.10904255319148937,0.08140223679626321,0.14459091403292454,153,376,0.40691489361702127,0.35844301752759894,0.4572696374317315,67,376,0.17819148936170212,0.14282447873982537,0.22006784269100263,53,376,0.14095744680851063,0.10940578571935647,0.1797715976952037,32,376,0.0851063829787234,0.060928337946498934,0.11767663844365947,25,376,0.06648936170212766,0.045438252960325935,0.09630925442169855,19,376,0.05053191489361702,0.03258540417310317,0.07756998691623511,8,376,0.02127659574468085,0.010819623272957648,0.04141688794645592,3,376,0.007978723404255319,0.002717072968038267,0.023192674674136785,0,376,0.0,8.673617379884035e-19,0.010113689495831947,16,376,0.0425531914893617,0.02635995394980458,0.06799937899319058,221,372,0.5940860215053764,0.5434677605453981,0.6427809144283143,36,372,0.0967741935483871,0.07072249211867578,0.13106890085112852,115,372,0.30913978494623656,0.26432740723616727,0.3578538521028734,211,376,0.5611702127659575,0.510642020487542,0.6104610919677552,155,376,0.4122340425531915,0.36361101561633474,0.4626323447738911,0,376,0.0,8.673617379884035e-19,0.010113689495831947,7,376,0.018617021276595744,0.00904659416167196,0.0379245643422939,3,376,0.007978723404255319,0.002717072968038267,0.023192674674136785,155,372,0.4166666666666667,0.3676679082790905,0.4673689796013358,311 0.41; 363 0.15; 350 0.07; 323 0.07; 150 0.06,5,38 0.20; 35 0.14; 44 0.08; 56 0.08; 52 0.07; 57 0.05; 37 0.05; 99 0.04; 53 0.04; 40 0.03,10,earned income 0.47; unearned income 0.17; shelter deduction 0.15,"wrong amount, known item 0.41; wrong include/exclude decision 0.18; unreported source of income 0.14; household composition 0.09",180,76,71,256,0.703125,0.6444881547852961,0.7557556860777528,0.296875,71,0.21712538226299694,327,77621.0
4+,months_since_cert_n <=   3.5 & shelter_expenses_by_hh_size > 251.0 & shelter_expenses_by_hh_size <= 343.0,all_2022_24,1483,336,486,199,486,0.4094650205761317,0.36662213454481213,0.45372795413691686,82,486,0.16872427983539096,0.13805498668855776,0.20458965598776863,103,486,0.21193415637860083,0.17793109837624727,0.2504555474292539,25,486,0.051440329218107,0.03508241925170953,0.07483392921685662,3,486,0.006172839506172839,0.0021014594849378364,0.0179899333244928,22,486,0.04526748971193416,0.030081157203393674,0.06758633367529036,52,486,0.10699588477366255,0.08253104888040609,0.13762501789709913,154,486,0.3168724279835391,0.2770812978984365,0.35953592693506076,141,486,0.29012345679012347,0.2515463712338899,0.33199247071011817,54,486,0.1111111111111111,0.08616325179520712,0.14215872004221947,42,486,0.08641975308641975,0.06456945915027716,0.11475708232762098,19,486,0.03909465020576132,0.025168492289227216,0.06025014099957471,37,486,0.07613168724279835,0.05573543074707919,0.10317634808101543,4,486,0.00823045267489712,0.003205131912997247,0.020969213426394098,0,486,0.0,0.0,0.007842535219548523,2,486,0.00411522633744856,0.0011292462300032122,0.014879194049466724,33,486,0.06790123456790123,0.04875461590773036,0.09382535280052143,379,483,0.7846790890269151,0.7458503663876354,0.8190150847159677,39,483,0.08074534161490683,0.05962723980946226,0.10848000492886738,65,483,0.13457556935817805,0.107007091332054,0.16791107506950248,298,485,0.6144329896907217,0.5703764858503331,0.6566909323072052,175,485,0.36082474226804123,0.31933181981356346,0.40450510404889023,0,485,0.0,0.0,0.007858578320666653,3,485,0.006185567010309278,0.0021057968948095234,0.01802669592085919,9,485,0.018556701030927835,0.009792740987960149,0.03488758081771269,217,483,0.4492753623188406,0.4054876989752523,0.49386354791901466,311 0.36; 363 0.21; 350 0.09; 150 0.06; 364 0.05,5,38 0.20; 53 0.12; 52 0.12; 35 0.11; 44 0.08; 99 0.07; 37 0.04; 56 0.03,8,earned income 0.41; shelter deduction 0.21; unearned income 0.17,"wrong amount, known item 0.32; wrong include/exclude decision 0.29; unreported source of income 0.11; household composition 0.09",238,98,122,336,0.7083333333333334,0.657595056264756,0.7543615729413212,0.2916666666666667,122,0.2663755458515284,458,102223.0
4+,months_since_cert_n <=   3.5 & shelter_expenses_by_hh_size > 251.0 & shelter_expenses_by_hh_size <= 343.0,train_2022_23,946,214,318,122,318,0.3836477987421384,0.33189140093471003,0.438181827634872,56,318,0.1761006289308176,0.13817233755688677,0.22176124467735517,69,318,0.2169811320754717,0.175199675898021,0.26551898819015163,17,318,0.05345911949685535,0.033641576846858715,0.08393675982559134,2,318,0.006289308176100629,0.0017264168117718075,0.02263836387537367,18,318,0.05660377358490566,0.03610080437006574,0.08769176936807128,34,318,0.1069182389937107,0.07752538893174762,0.14569497785738095,95,318,0.29874213836477986,0.25108074713455886,0.351208080661475,102,318,0.32075471698113206,0.27185353287772646,0.37393495437811625,35,318,0.11006289308176101,0.08020913708256042,0.14922546677225515,27,318,0.08490566037735849,0.05900649675196569,0.12071421057735408,12,318,0.03773584905660377,0.021715824235569486,0.0647913271084457,25,318,0.07861635220125786,0.05381467849481851,0.1134775547031273,2,318,0.006289308176100629,0.0017264168117718075,0.02263836387537367,0,318,0.0,0.0,0.011936306555771534,1,318,0.0031446540880503146,0.0005553102238291183,0.017595233397629386,19,318,0.059748427672955975,0.03858032416299855,0.09142648664082545,253,317,0.7981072555205048,0.7504690910427443,0.8386066397851784,24,317,0.07570977917981073,0.05140143880351453,0.11017860567949517,40,317,0.12618296529968454,0.0940495412257574,0.16726819313287936,193,317,0.6088328075709779,0.5541138348184369,0.6609455589758839,118,317,0.3722397476340694,0.3208518358322724,0.42668713667004654,0,317,0.0,0.0,0.011973509669569032,0,317,0.0,0.0,0.011973509669569032,6,317,0.01892744479495268,0.008702656385042671,0.04067248698788653,131,317,0.41324921135646686,0.3603959260931516,0.46817991943311427,311 0.32; 363 0.22; 350 0.09; 150 0.07; 364 0.05,5,38 0.20; 53 0.15; 52 0.14; 35 0.11; 44 0.09; 99 0.06; 7 0.03,7,earned income 0.38; shelter deduction 0.22; unearned income 0.18,"wrong include/exclude decision 0.32; wrong amount, known item 0.30; unreported source of income 0.11; household composition 0.08",158,56,79,214,0.7383177570093458,0.6755933229922878,0.7926368038521715,0.2616822429906542,79,0.2696245733788396,293,64070.0
4+,months_since_cert_n <=   3.5 & shelter_expenses_by_hh_size > 251.0 & shelter_expenses_by_hh_size <= 343.0,test_2024,537,122,168,77,168,0.4583333333333333,0.3847602882551795,0.5337693343740326,26,168,0.15476190476190477,0.10785477160945138,0.2171049587468768,34,168,0.20238095238095238,0.1485947022039544,0.26947403086184574,8,168,0.047619047619047616,0.02432370248475172,0.09114077177526447,1,168,0.005952380952380952,0.0010514882493867714,0.03294260863984144,4,168,0.023809523809523808,0.009296969097757676,0.05961300380752253,18,168,0.10714285714285714,0.06885382433747694,0.16299690330937924,59,168,0.35119047619047616,0.28306867613175934,0.42596569040114074,39,168,0.23214285714285715,0.17472133401077244,0.3015405257484477,19,168,0.1130952380952381,0.07360766611175727,0.1698816868737829,15,168,0.08928571428571429,0.05485422114410893,0.14208063048669528,7,168,0.041666666666666664,0.020327291690358303,0.08349855723097391,12,168,0.07142857142857142,0.0413288271928401,0.12069014842191211,2,168,0.011904761904761904,0.003270740864736929,0.04236198136317528,0,168,0.0,0.0,0.02235547155054422,1,168,0.005952380952380952,0.0010514882493867714,0.03294260863984144,14,168,0.08333333333333333,0.05028687195446113,0.13500935433765907,126,166,0.7590361445783133,0.688591481828253,0.817762674044042,15,166,0.09036144578313253,0.05552452283752021,0.14372937020164095,25,166,0.15060240963855423,0.10413739426990837,0.2128732792046703,105,168,0.625,0.5497668160274496,0.6946443160849143,57,168,0.3392857142857143,0.2719958723588853,0.41376124349664695,0,168,0.0,0.0,0.02235547155054422,3,168,0.017857142857142856,0.006091208386598133,0.05118013917999807,3,168,0.017857142857142856,0.006091208386598133,0.05118013917999807,86,166,0.5180722891566265,0.44251393128004035,0.592813102850585,311 0.42; 363 0.20; 350 0.09; 364 0.05,4,38 0.18; 35 0.11; 99 0.08; 52 0.08; 56 0.08; 44 0.06; 53 0.05; 37 0.05; 6 0.04,9,earned income 0.46; shelter deduction 0.20; unearned income 0.15,"wrong amount, known item 0.35; wrong include/exclude decision 0.23; unreported source of income 0.11; household composition 0.09",80,42,43,122,0.6557377049180327,0.5678329687980992,0.7341339483421787,0.3442622950819672,43,0.2606060606060606,165,38153.0
2-3,total_deductions_by_hh_size >   6.900 & total_deductions_by_hh_size <= 193.000 & unc_rawben_rel_max <=   0.892 & utilities <=  20.500,all_2022_24,1062,227,343,155,343,0.4518950437317784,0.4000480797630124,0.50480762382041,56,343,0.16326530612244897,0.12791820517802815,0.20607171990592943,36,343,0.10495626822157435,0.07677987813024204,0.1418836270548338,31,343,0.09037900874635568,0.06440128540105199,0.12543061480930334,4,343,0.011661807580174927,0.004544064800145504,0.029597168546719455,7,343,0.02040816326530612,0.00991999124869598,0.04152020508300125,54,343,0.15743440233236153,0.12271101222328487,0.1997462708707846,85,343,0.2478134110787172,0.20508321336816557,0.2961300205691707,94,343,0.27405247813411077,0.22954657532437406,0.32356354756745886,38,343,0.11078717201166181,0.08178571821197311,0.1484104289629909,34,343,0.09912536443148688,0.07180395759057001,0.13532690560461763,43,343,0.12536443148688048,0.09441863850710415,0.1646091136425803,20,343,0.05830903790087463,0.038059517134892626,0.08834285213107775,1,343,0.0029154518950437317,0.0005148211219316006,0.016327449240101093,2,343,0.0058309037900874635,0.0016004697401066168,0.02100812161687017,3,343,0.008746355685131196,0.002978867008711644,0.02539604534320923,23,343,0.06705539358600583,0.045094459400926885,0.09860687284987577,209,343,0.60932944606414,0.5567564347399363,0.6594806025704671,24,343,0.06997084548104957,0.047467499812660754,0.10200015343308598,110,343,0.3206997084548105,0.27352410971419433,0.37184714909674405,200,343,0.5830903790087464,0.5302724265861832,0.6340677217697234,130,343,0.37900874635568516,0.3292739564960868,0.4314237222137334,1,343,0.0029154518950437317,0.0005148211219316006,0.016327449240101093,1,343,0.0029154518950437317,0.0005148211219316006,0.016327449240101093,11,343,0.03206997084548105,0.017999817129703517,0.05650566318177008,134,343,0.39067055393586003,0.3405193974295328,0.44324356526006364,311 0.38; 363 0.10; 364 0.09; 150 0.08; 350 0.06; 312 0.06,6,38 0.14; 53 0.13; 35 0.11; 44 0.10; 52 0.08; 99 0.07; 40 0.06; 13 0.03; 37 0.03,9,earned income 0.45; unearned income 0.16; other element 0.16,"wrong include/exclude decision 0.27; wrong amount, known item 0.25; change in circumstances 0.13; unreported source of income 0.11",119,108,67,227,0.5242290748898678,0.45939899046014937,0.5882527326261573,0.47577092511013214,67,0.22789115646258504,294,58772.0
2-3,total_deductions_by_hh_size >   6.900 & total_deductions_by_hh_size <= 193.000 & unc_rawben_rel_max <=   0.892 & utilities <=  20.500,train_2022_23,703,153,240,107,240,0.44583333333333336,0.38429177724554286,0.5090816258161168,39,240,0.1625,0.12120856194190907,0.21442571867304752,24,240,0.1,0.06812304903363428,0.14448054280631428,20,240,0.08333333333333333,0.05459106258101232,0.12520434558560076,2,240,0.008333333333333333,0.002288235363161974,0.029870346273441456,3,240,0.0125,0.004259990188158945,0.036100637366778356,45,240,0.1875,0.14318572407835667,0.2416608320466031,62,240,0.25833333333333336,0.20706787759769646,0.3172134591389391,60,240,0.25,0.1994456909423887,0.30843155395757904,19,240,0.07916666666666666,0.05126483412019705,0.12032852812808215,27,240,0.1125,0.0784768606712071,0.15873286892374305,33,240,0.1375,0.09961054871463783,0.1868114563903156,16,240,0.06666666666666667,0.041448541622887115,0.10553868287039048,0,240,0.0,0.0,0.015754489799935698,2,240,0.008333333333333333,0.002288235363161974,0.029870346273441456,2,240,0.008333333333333333,0.002288235363161974,0.029870346273441456,19,240,0.07916666666666666,0.05126483412019705,0.12032852812808215,148,240,0.6166666666666667,0.5537748577951055,0.6758824279182428,15,240,0.0625,0.03823777547321912,0.10054740310172462,77,240,0.32083333333333336,0.264997169382378,0.3823148561292656,142,240,0.5916666666666667,0.5285108645804661,0.6519341456228789,90,240,0.375,0.3161718052435718,0.437766817206412,0,240,0.0,0.0,0.015754489799935698,0,240,0.0,0.0,0.015754489799935698,8,240,0.03333333333333333,0.016985260309156956,0.0643855968374497,90,240,0.375,0.3161718052435718,0.437766817206412,311 0.39; 363 0.10; 150 0.10; 364 0.08; 350 0.06; 312 0.05,6,53 0.14; 38 0.13; 44 0.12; 99 0.08; 35 0.08; 52 0.07; 40 0.05; 41 0.04; 13 0.04; 39 0.03,10,earned income 0.45; other element 0.19; unearned income 0.16,"wrong amount, known item 0.26; wrong include/exclude decision 0.25; change in circumstances 0.14; household composition 0.11",75,78,43,153,0.49019607843137253,0.41219888687175693,0.5686735347306751,0.5098039215686274,43,0.2193877551020408,196,40088.0
2-3,total_deductions_by_hh_size >   6.900 & total_deductions_by_hh_size <= 193.000 & unc_rawben_rel_max <=   0.892 & utilities <=  20.500,test_2024,359,74,103,48,103,0.46601941747572817,0.37264215923684024,0.5618402895471541,17,103,0.1650485436893204,0.1056773773482109,0.24850676066544677,12,103,0.11650485436893204,0.06791479217719583,0.19267284409931074,11,103,0.10679611650485436,0.060686713355145916,0.1811816225739304,2,103,0.019417475728155338,0.005341113332198465,0.06805351947000593,4,103,0.038834951456310676,0.015203743545083998,0.09562948995198081,9,103,0.08737864077669903,0.04665069238646754,0.15777904284774835,23,103,0.22330097087378642,0.15365655198685368,0.3128433881113853,34,103,0.3300970873786408,0.24682835312636037,0.425583890793611,19,103,0.18446601941747573,0.12139442527988081,0.2702283134286373,7,103,0.06796116504854369,0.03330731523877016,0.13368381930058532,10,103,0.0970873786407767,0.05359319306770389,0.16955584251394223,4,103,0.038834951456310676,0.015203743545083998,0.09562948995198081,1,103,0.009708737864077669,0.0017158473082714565,0.05295948514650271,0,103,0.0,0.0,0.03595603210734395,1,103,0.009708737864077669,0.0017158473082714565,0.05295948514650271,4,103,0.038834951456310676,0.015203743545083998,0.09562948995198081,61,103,0.5922330097087378,0.49567435411050675,0.6821589991900802,9,103,0.08737864077669903,0.04665069238646754,0.15777904284774835,33,103,0.32038834951456313,0.23812916022953895,0.4155637833430022,58,103,0.5631067961165048,0.46675816953805177,0.6549172827202446,40,103,0.3883495145631068,0.2998604961029176,0.484867549901635,1,103,0.009708737864077669,0.0017158473082714565,0.05295948514650271,1,103,0.009708737864077669,0.0017158473082714565,0.05295948514650271,3,103,0.02912621359223301,0.009954187460887338,0.08215974568874726,44,103,0.42718446601941745,0.3359664887217825,0.523638758672491,311 0.38; 363 0.12; 364 0.11; 312 0.07; 331 0.06; 350 0.05,6,35 0.18; 38 0.15; 53 0.13; 52 0.12; 40 0.08; 37 0.05; 99 0.04; 44 0.04,8,earned income 0.47; unearned income 0.17; shelter deduction 0.12; utility allowance 0.11,"wrong include/exclude decision 0.33; wrong amount, known item 0.22; unreported source of income 0.18; change in circumstances 0.10",44,30,24,74,0.5945945945945946,0.4807563154549811,0.6990961027892483,0.40540540540540543,24,0.24489795918367346,98,18684.0
2-3,total_deductions_by_hh_size >  4.750 & unc_rawben_rel_max <=  0.701 & utilities <= 43.500,all_2022_24,1190,246,363,159,363,0.4380165289256198,0.3878895314623302,0.48944171995517527,40,363,0.11019283746556474,0.08197236003389405,0.14657750999175193,46,363,0.12672176308539945,0.09636478661065434,0.1648967497036568,42,363,0.11570247933884298,0.08674730201177999,0.15270645677675437,7,363,0.01928374655647383,0.009371640391400315,0.03926406504658709,15,363,0.04132231404958678,0.02519905429108407,0.06705220619845692,54,363,0.1487603305785124,0.11583775469439914,0.18903933667146564,89,363,0.24517906336088155,0.203743687380687,0.2919514573357247,101,363,0.27823691460055094,0.23464180040020535,0.3264766768935366,39,363,0.10743801652892562,0.07959395788386098,0.1435039677603408,42,363,0.11570247933884298,0.08674730201177999,0.15270645677675437,40,363,0.11019283746556474,0.08197236003389405,0.14657750999175193,19,363,0.05234159779614325,0.033761236345411935,0.08029780166990585,2,363,0.005509641873278237,0.001512213492009867,0.01986377003875655,2,363,0.005509641873278237,0.001512213492009867,0.01986377003875655,3,363,0.008264462809917356,0.0028145138928983866,0.024013414019312222,26,363,0.07162534435261708,0.04934441240012281,0.1028782362853044,222,362,0.6132596685082873,0.5621514894982367,0.6619892315132612,29,362,0.08011049723756906,0.05635462522283061,0.1126846529784456,111,362,0.30662983425414364,0.26136702260239525,0.35595369762187673,211,363,0.581267217630854,0.529922749688075,0.6309096095645288,137,363,0.3774104683195592,0.32907271908469005,0.4283157559410431,2,363,0.005509641873278237,0.001512213492009867,0.01986377003875655,2,363,0.005509641873278237,0.001512213492009867,0.01986377003875655,11,363,0.030303030303030304,0.017003243297092886,0.05344023966667131,141,362,0.38950276243093923,0.3406799041818699,0.4406462216605712,311 0.37; 363 0.13; 364 0.12; 150 0.09; 312 0.05,5,38 0.15; 52 0.13; 53 0.12; 35 0.11; 99 0.07; 44 0.07; 13 0.04; 41 0.04; 40 0.03; 39 0.02,10,earned income 0.44; other element 0.15; shelter deduction 0.13; utility allowance 0.12,"wrong include/exclude decision 0.28; wrong amount, known item 0.25; household composition 0.12; change in circumstances 0.11; unreported source of income 0.11",137,109,97,246,0.556910569105691,0.49443192569303335,0.6176390824977563,0.44308943089430897,97,0.282798833819242,343,66043.0
2-3,total_deductions_by_hh_size >  4.750 & unc_rawben_rel_max <=  0.701 & utilities <= 43.500,train_2022_23,795,168,251,107,251,0.4262948207171315,0.3666773213672445,0.4881344519068207,30,251,0.11952191235059761,0.08501715549578526,0.16549767410817268,29,251,0.11553784860557768,0.08165935532647972,0.16100746202202226,29,251,0.11553784860557768,0.08165935532647972,0.16100746202202226,5,251,0.0199203187250996,0.008537927722472836,0.045776595495086614,6,251,0.02390438247011952,0.011000442445831468,0.05116209302718393,45,251,0.17928286852589642,0.1367736800996006,0.23146133333619642,57,251,0.22709163346613545,0.1796031622234636,0.2828079982778047,65,251,0.2589641434262948,0.20869014063510932,0.31650511790980645,23,251,0.09163346613545817,0.0618360026934828,0.13374274112228357,34,251,0.13545816733067728,0.09857942628820861,0.18332745233757303,34,251,0.13545816733067728,0.09857942628820861,0.18332745233757303,12,251,0.04780876494023904,0.027556849559591017,0.08169375944616,0,251,0.0,0.0,0.015074461940279765,2,251,0.00796812749003984,0.002187828822923071,0.028582657628268567,2,251,0.00796812749003984,0.002187828822923071,0.028582657628268567,22,251,0.08764940239043825,0.05859359991192431,0.12913713164838614,153,251,0.6095617529880478,0.5479902826147391,0.6678300544102993,23,251,0.09163346613545817,0.0618360026934828,0.13374274112228357,75,251,0.29880478087649404,0.2455561918146652,0.35811918928481007,142,251,0.5657370517928287,0.5038818645493666,0.6256103376656565,100,251,0.398406374501992,0.3398098688013205,0.46006581868455315,0,251,0.0,0.0,0.015074461940279765,0,251,0.0,0.0,0.015074461940279765,9,251,0.035856573705179286,0.018976699328232583,0.06672987291115064,90,251,0.35856573705179284,0.3017773545052738,0.41961821042604047,311 0.37; 364 0.12; 363 0.12; 150 0.11; 350 0.05,5,38 0.14; 53 0.13; 52 0.10; 44 0.09; 35 0.09; 99 0.09; 13 0.06; 41 0.05; 40 0.03,9,earned income 0.43; other element 0.18; unearned income 0.12; utility allowance 0.12,"wrong include/exclude decision 0.26; wrong amount, known item 0.23; household composition 0.14; change in circumstances 0.14",89,79,65,168,0.5297619047619048,0.4544674219942754,0.6037257046991444,0.47023809523809523,65,0.27896995708154504,233,45200.0
2-3,total_deductions_by_hh_size >  4.750 & unc_rawben_rel_max <=  0.701 & utilities <= 43.500,test_2024,395,78,112,52,112,0.4642857142857143,0.37464203862409856,0.5562981417601502,10,112,0.08928571428571429,0.04922099887839204,0.15659107554046958,17,112,0.15178571428571427,0.09697889223230617,0.22968786651412,13,112,0.11607142857142858,0.06909968490657367,0.18850725422410133,2,112,0.017857142857142856,0.004910708625338288,0.062781726562021,9,112,0.08035714285714286,0.04285009181748941,0.14569702769743442,9,112,0.08035714285714286,0.04285009181748941,0.14569702769743442,32,112,0.2857142857142857,0.21024717263298542,0.3753939096725075,36,112,0.32142857142857145,0.24209658586233546,0.41260431605890874,16,112,0.14285714285714285,0.08988584177181091,0.21951596207067742,8,112,0.07142857142857142,0.03663546303394121,0.1346467015770448,6,112,0.05357142857142857,0.02478060121872317,0.11197165358438729,7,112,0.0625,0.030601532803567907,0.12341567690348033,2,112,0.017857142857142856,0.004910708625338288,0.062781726562021,0,112,0.0,0.0,0.03316252537948371,1,112,0.008928571428571428,0.0015778140883850773,0.04884966619503642,4,112,0.03571428571428571,0.01397438629425541,0.08824795870097946,69,111,0.6216216216216216,0.528758121912598,0.706348320352226,6,111,0.05405405405405406,0.02500597339497708,0.11293707163400198,36,111,0.32432432432432434,0.24438140906406047,0.41602039655341616,69,112,0.6160714285714286,0.5235731054057493,0.7008713083454421,37,112,0.33035714285714285,0.25014641827449424,0.4218194385506877,2,112,0.017857142857142856,0.004910708625338288,0.062781726562021,2,112,0.017857142857142856,0.004910708625338288,0.062781726562021,2,112,0.017857142857142856,0.004910708625338288,0.062781726562021,51,111,0.4594594594594595,0.3696581251274361,0.5519730607842893,311 0.37; 363 0.15; 364 0.12; 312 0.08; 323 0.05,5,38 0.18; 52 0.18; 35 0.14; 53 0.09; 56 0.04; 99 0.04; 57 0.04; 6 0.03; 43 0.03,9,earned income 0.46; shelter deduction 0.15; utility allowance 0.12; unearned income 0.09,"wrong include/exclude decision 0.32; wrong amount, known item 0.29; unreported source of income 0.14",48,30,32,78,0.6153846153846154,0.5044258131764942,0.7155112359525552,0.38461538461538464,32,0.2909090909090909,110,20843.0
2-3,elderly_disabled_i <=   0.5 & expedited_i <=   0.5 & shelter_expenses_by_hh_size > 457.0,all_2022_24,4916,911,1370,632,1370,0.46131386861313867,0.43506130748663346,0.48778278167182537,217,1370,0.1583941605839416,0.14001889738247073,0.17867985216769575,210,1370,0.15328467153284672,0.13517904425062263,0.17332930198084975,57,1370,0.041605839416058395,0.03225076556710045,0.05352447955577251,0,1370,0.0,0.0,0.002796246670649658,85,1370,0.06204379562043796,0.05045337862078473,0.0760834797768646,169,1370,0.12335766423357664,0.10698968801805742,0.14183201020392097,423,1370,0.30875912408759126,0.2848586541336029,0.3337291073667039,309,1370,0.22554744525547446,0.20420095975196362,0.24842880484389662,203,1370,0.14817518248175182,0.13034652525896998,0.16797141765380832,100,1370,0.072992700729927,0.060379725456489224,0.08799371148121886,126,1370,0.09197080291970802,0.07778783702723932,0.10843566937990395,87,1370,0.06350364963503649,0.05177101025897161,0.07767739194401888,11,1370,0.008029197080291971,0.004489197956909003,0.014320539643117084,14,1370,0.010218978102189781,0.006096856448636047,0.01708019685940179,4,1370,0.00291970802919708,0.0011359669283707956,0.0074833673529612,93,1370,0.06788321167883211,0.055735142429758286,0.0824478911892557,816,1365,0.5978021978021978,0.571549922885974,0.6235055166915491,126,1365,0.09230769230769231,0.07807480406377362,0.10882892533778751,422,1365,0.30915750915750917,0.2852045668785953,0.33418163529410316,746,1370,0.5445255474452555,0.5180660180299922,0.5707360680329135,586,1370,0.42773722627737226,0.4017763255122796,0.45410225612333244,0,1370,0.0,0.0,0.002796246670649658,8,1370,0.00583941605839416,0.002961814718432278,0.011480607173582055,30,1370,0.021897810218978103,0.015381160092472064,0.03108824365829512,525,1365,0.38461538461538464,0.3591641049076303,0.4107143090739437,311 0.39; 363 0.15; 312 0.06; 350 0.06; 323 0.05; 150 0.05,6,38 0.18; 35 0.15; 52 0.09; 53 0.08; 44 0.07; 99 0.07; 37 0.04; 39 0.04; 41 0.03,9,earned income 0.46; unearned income 0.16; shelter deduction 0.15,"wrong amount, known item 0.31; wrong include/exclude decision 0.23; unreported source of income 0.15; change in circumstances 0.09",687,224,240,911,0.7541163556531284,0.7251248330114276,0.7809737090749839,0.24588364434687157,240,0.20851433536055602,1151,282186.0
2-3,elderly_disabled_i <=   0.5 & expedited_i <=   0.5 & shelter_expenses_by_hh_size > 457.0,train_2022_23,3098,558,865,377,865,0.43583815028901735,0.4031482465090674,0.46909543979692897,133,865,0.15375722543352602,0.13125371360104765,0.17932257556374376,140,865,0.16184971098265896,0.13880846950235654,0.18788122859681367,46,865,0.05317919075144509,0.04010384582170783,0.07020578944437517,0,865,0.0,0.0,0.004421519411593551,50,865,0.057803468208092484,0.04411804371585802,0.07539925379844147,119,865,0.1375722543352601,0.11621468099643063,0.162134790299603,236,865,0.2728323699421965,0.24420209287227346,0.303471499184092,211,865,0.24393063583815028,0.21648425776622768,0.2736414452387849,119,865,0.1375722543352601,0.11621468099643063,0.162134790299603,64,865,0.07398843930635839,0.05836535431534308,0.09337876106771408,89,865,0.10289017341040463,0.08436778940868475,0.12492421502572537,59,865,0.06820809248554913,0.053245460041530926,0.0869890775312556,1,865,0.0011560693641618498,0.00020409853718344594,0.006519336436464225,11,865,0.012716763005780347,0.007115368971206368,0.02262722162298249,3,865,0.003468208092485549,0.001180168312589643,0.010147097785166266,72,865,0.08323699421965318,0.06661907041044543,0.10354036946904466,520,865,0.6011560693641619,0.5681459976459943,0.6332716140337412,69,865,0.07976878612716763,0.06351560050311308,0.09973809269021466,275,865,0.3179190751445087,0.2877493320309288,0.34969896694554736,472,865,0.545664739884393,0.5123539126379322,0.5785717520632054,367,865,0.42427745664739885,0.3917467913036391,0.457477739381816,0,865,0.0,0.0,0.004421519411593551,0,865,0.0,0.0,0.004421519411593551,26,865,0.03005780346820809,0.02059339444319514,0.04367792958180549,333,865,0.38497109826589593,0.35312024251191865,0.4178391590636964,311 0.37; 363 0.16; 312 0.06; 350 0.06; 364 0.05; 150 0.05,6,38 0.18; 35 0.14; 52 0.11; 53 0.11; 99 0.08; 44 0.08; 39 0.04; 41 0.03,8,earned income 0.44; shelter deduction 0.16; unearned income 0.15,"wrong amount, known item 0.27; wrong include/exclude decision 0.24; unreported source of income 0.14; change in circumstances 0.10",416,142,161,558,0.7455197132616488,0.7077850137643651,0.7798969236357847,0.25448028673835127,161,0.2239221140472879,719,172300.0
2-3,elderly_disabled_i <=   0.5 & expedited_i <=   0.5 & shelter_expenses_by_hh_size > 457.0,test_2024,1818,353,505,255,505,0.504950495049505,0.461470736950253,0.5483555036715829,84,505,0.16633663366336635,0.1364018348315058,0.2013095472567511,70,505,0.13861386138613863,0.11119461018240782,0.17148982442356775,11,505,0.02178217821782178,0.012205395477552752,0.038579760453094414,0,505,0.0,0.0,0.0075496971945689965,35,505,0.06930693069306931,0.050252599667286305,0.09486446623298599,50,505,0.09900990099009901,0.07590967820425498,0.128164831427033,187,505,0.3702970297029703,0.3293075015767638,0.41324499413113425,98,505,0.19405940594059407,0.16192921281827377,0.23080911675226445,84,505,0.16633663366336635,0.1364018348315058,0.2013095472567511,36,505,0.07128712871287128,0.0519338344203219,0.09711372772868476,37,505,0.07326732673267326,0.05361988055816567,0.09935817783957537,28,505,0.055445544554455446,0.038636177967087,0.07896741419204463,10,505,0.019801980198019802,0.010790805831252637,0.03606385385066016,3,505,0.005940594059405941,0.0020223157525900747,0.017318870188182064,1,505,0.0019801980198019802,0.0003496301435505873,0.011130563299752788,21,505,0.041584158415841586,0.027356916762447486,0.06273320165554348,296,500,0.592,0.5483787038455701,0.6342183663447436,57,500,0.114,0.08903649378821105,0.14484971171764635,147,500,0.294,0.2557578175953935,0.3353835252393387,274,505,0.5425742574257426,0.4989649232407013,0.585540746107088,219,505,0.43366336633663366,0.3911008355648313,0.4772275401025669,0,505,0.0,0.0,0.0075496971945689965,8,505,0.015841584158415842,0.008048455030690122,0.03094521215375392,4,505,0.007920792079207921,0.0030843785956432227,0.020187303593863296,192,500,0.384,0.34240693195467675,0.42736197954449284,311 0.43; 363 0.14; 350 0.07; 312 0.06; 323 0.06,5,38 0.19; 35 0.17; 56 0.07; 52 0.06; 44 0.06; 37 0.06; 57 0.04; 99 0.04; 53 0.04; 39 0.03,10,earned income 0.50; unearned income 0.17; shelter deduction 0.14,"wrong amount, known item 0.37; wrong include/exclude decision 0.19; unreported source of income 0.17; change in circumstances 0.07",271,82,79,353,0.7677053824362606,0.7209124556141506,0.8087343120272903,0.23229461756373937,79,0.18287037037037038,432,109886.0
1,cat_elig <=   1.50 & total_deductions_by_hh_size <= 754.00 & unc_rawben_rel_max >   1.93 & utilities <= 451.00,all_2022_24,41,25,37,2,37,0.05405405405405406,0.01495066277053994,0.1770496506353991,27,37,0.7297297297297297,0.5702152452607867,0.8460270175300932,3,37,0.08108108108108109,0.027960066396321384,0.2130099249850153,1,37,0.02702702702702703,0.004786851054907726,0.13824378437563367,1,37,0.02702702702702703,0.004786851054907726,0.13824378437563367,1,37,0.02702702702702703,0.004786851054907726,0.13824378437563367,2,37,0.05405405405405406,0.01495066277053994,0.1770496506353991,9,37,0.24324324324324326,0.13361203432663304,0.4011760249070895,12,37,0.32432432432432434,0.19633077820815478,0.48536631495176064,5,37,0.13513513513513514,0.059132072625076235,0.2797772747070557,0,37,0.0,0.0,0.09406095745514377,2,37,0.05405405405405406,0.01495066277053994,0.1770496506353991,3,37,0.08108108108108109,0.027960066396321384,0.2130099249850153,2,37,0.05405405405405406,0.01495066277053994,0.1770496506353991,0,37,0.0,0.0,0.09406095745514377,0,37,0.0,0.0,0.09406095745514377,4,37,0.10810810810810811,0.04285120520506268,0.24708846415167163,12,37,0.32432432432432434,0.19633077820815478,0.48536631495176064,3,37,0.08108108108108109,0.027960066396321384,0.2130099249850153,22,37,0.5945945945945946,0.4348568313132931,0.7365370416005986,25,37,0.6756756756756757,0.5146336850482394,0.8036692217918453,10,37,0.2702702702702703,0.15397298246990684,0.4297847547392133,1,37,0.02702702702702703,0.004786851054907726,0.13824378437563367,0,37,0.0,0.0,0.09406095745514377,1,37,0.02702702702702703,0.004786851054907726,0.13824378437563367,20,37,0.5405405405405406,0.38383779524767364,0.6896167217154228,331 0.49; 333 0.16; 363 0.08; 520 0.05,4,38 0.24; 37 0.22; 35 0.14; 99 0.11; 53 0.11,5,unearned income 0.73; shelter deduction 0.08,"wrong include/exclude decision 0.32; wrong amount, known item 0.24; unreported source of income 0.14; other 0.11",25,0,0,25,1.0,0.8668035060468213,1.0,0.0,0,0.0,25,4738.0
1,cat_elig <=   1.50 & total_deductions_by_hh_size <= 754.00 & unc_rawben_rel_max >   1.93 & utilities <= 451.00,train_2022_23,36,22,34,2,34,0.058823529411764705,0.016282313063842452,0.1909393688946371,24,34,0.7058823529411765,0.5383077411853625,0.8316554739006805,3,34,0.08823529411764706,0.030465390304310128,0.22960817952360413,1,34,0.029411764705882353,0.00521077192559663,0.1491590221634482,1,34,0.029411764705882353,0.00521077192559663,0.1491590221634482,1,34,0.029411764705882353,0.00521077192559663,0.1491590221634482,2,34,0.058823529411764705,0.016282313063842452,0.1909393688946371,9,34,0.2647058823529412,0.14601027541553796,0.4311746216289845,11,34,0.3235294117647059,0.19131451326458573,0.4915741595188061,3,34,0.08823529411764706,0.030465390304310128,0.22960817952360413,0,34,0.0,0.0,0.10151790621961015,2,34,0.058823529411764705,0.016282313063842452,0.1909393688946371,3,34,0.08823529411764706,0.030465390304310128,0.22960817952360413,2,34,0.058823529411764705,0.016282313063842452,0.1909393688946371,0,34,0.0,0.0,0.10151790621961015,0,34,0.0,0.0,0.10151790621961015,4,34,0.11764705882352941,0.04671370973436122,0.26621174796298774,11,34,0.3235294117647059,0.19131451326458573,0.4915741595188061,2,34,0.058823529411764705,0.016282313063842452,0.1909393688946371,21,34,0.6176470588235294,0.4504071999938267,0.7610003514839122,24,34,0.7058823529411765,0.5383077411853625,0.8316554739006805,8,34,0.23529411764705882,0.12436838109244344,0.3999646280826443,1,34,0.029411764705882353,0.00521077192559663,0.1491590221634482,0,34,0.0,0.0,0.10151790621961015,1,34,0.029411764705882353,0.00521077192559663,0.1491590221634482,19,34,0.5588235294117647,0.3945361778918369,0.7111675978470325,331 0.47; 333 0.18; 363 0.09; 520 0.06,4,38 0.26; 37 0.21; 99 0.12; 53 0.12; 35 0.09,5,unearned income 0.71; shelter deduction 0.09,"wrong include/exclude decision 0.32; wrong amount, known item 0.26; other 0.12; unreported source of income 0.09",22,0,0,22,1.0,0.8513404742740388,1.0,0.0,0,0.0,22,4272.0
1,cat_elig <=   1.50 & total_deductions_by_hh_size <= 754.00 & unc_rawben_rel_max >   1.93 & utilities <= 451.00,test_2024,5,3,3,0,3,0.0,0.0,0.5615060804490177,3,3,1.0,0.43849391955098227,1.0,0,3,0.0,0.0,0.5615060804490177,0,3,0.0,0.0,0.5615060804490177,0,3,0.0,0.0,0.5615060804490177,0,3,0.0,0.0,0.5615060804490177,0,3,0.0,0.0,0.5615060804490177,0,3,0.0,0.0,0.5615060804490177,1,3,0.3333333333333333,0.0614903152761605,0.7923450448735121,2,3,0.6666666666666666,0.2076549551264879,0.9385096847238394,0,3,0.0,0.0,0.5615060804490177,0,3,0.0,0.0,0.5615060804490177,0,3,0.0,0.0,0.5615060804490177,0,3,0.0,0.0,0.5615060804490177,0,3,0.0,0.0,0.5615060804490177,0,3,0.0,0.0,0.5615060804490177,0,3,0.0,0.0,0.5615060804490177,1,3,0.3333333333333333,0.0614903152761605,0.7923450448735121,1,3,0.3333333333333333,0.0614903152761605,0.7923450448735121,1,3,0.3333333333333333,0.0614903152761605,0.7923450448735121,1,3,0.3333333333333333,0.0614903152761605,0.7923450448735121,2,3,0.6666666666666666,0.2076549551264879,0.9385096847238394,0,3,0.0,0.0,0.5615060804490177,0,3,0.0,0.0,0.5615060804490177,0,3,0.0,0.0,0.5615060804490177,1,3,0.3333333333333333,0.0614903152761605,0.7923450448735121,331 0.67; 346 0.33,2,35 0.67; 37 0.33,2,unearned income 1.00,unreported source of income 0.67; wrong include/exclude decision 0.33,3,0,0,3,1.0,0.43849391955098227,1.0,0.0,0,0.0,3,466.0
2-3,elderly_disabled_i >= 1.000 & married < 1.000 & rawben_rel_max >= 0.901 & unc_rawben_rel_max >= 1.350,all_2022_24,140,56,77,13,77,0.16883116883116883,0.1014057303066853,0.2677309517975779,47,77,0.6103896103896104,0.4987086179545712,0.7115791546773411,12,77,0.15584415584415584,0.09145782358403826,0.25293912056352935,1,77,0.012987012987012988,0.0022961581721549496,0.06996366845176145,1,77,0.012987012987012988,0.0022961581721549496,0.06996366845176145,1,77,0.012987012987012988,0.0022961581721549496,0.06996366845176145,2,77,0.025974025974025976,0.0071520098481384214,0.08984755473247355,22,77,0.2857142857142857,0.1968937869371719,0.3949005367773513,26,77,0.33766233766233766,0.24199766918027013,0.4487556063610354,10,77,0.12987012987012986,0.07209751490940192,0.22281995332477456,1,77,0.012987012987012988,0.0022961581721549496,0.06996366845176145,2,77,0.025974025974025976,0.0071520098481384214,0.08984755473247355,3,77,0.03896103896103896,0.013337708283515264,0.10840159425379228,3,77,0.03896103896103896,0.013337708283515264,0.10840159425379228,0,77,0.0,3.469446951953614e-18,0.047520088667220836,0,77,0.0,3.469446951953614e-18,0.047520088667220836,10,77,0.12987012987012986,0.07209751490940192,0.22281995332477456,47,77,0.6103896103896104,0.4987086179545712,0.7115791546773411,10,77,0.12987012987012986,0.07209751490940192,0.22281995332477456,20,77,0.2597402597402597,0.17489066479540777,0.3674241830057244,48,77,0.6233766233766234,0.511725974706673,0.7233015358819349,26,77,0.33766233766233766,0.24199766918027013,0.4487556063610354,0,77,0.0,3.469446951953614e-18,0.047520088667220836,1,77,0.012987012987012988,0.0022961581721549496,0.06996366845176145,2,77,0.025974025974025976,0.0071520098481384214,0.08984755473247355,32,77,0.4155844155844156,0.31209010264563286,0.5271016006358461,331 0.21; 311 0.16; 363 0.16; 333 0.13; 342 0.09; 346 0.06,6,38 0.23; 37 0.19; 99 0.13; 35 0.13; 53 0.08,5,unearned income 0.61; earned income 0.17,"wrong include/exclude decision 0.34; wrong amount, known item 0.29; other 0.13",54,2,3,56,0.9642857142857143,0.8788099414778991,0.9901507814974224,0.03571428571428571,3,0.05084745762711865,59,21911.0
2-3,elderly_disabled_i >= 1.000 & married < 1.000 & rawben_rel_max >= 0.901 & unc_rawben_rel_max >= 1.350,train_2022_23,81,41,56,9,56,0.16071428571428573,0.08692569640589272,0.278064544496757,35,56,0.625,0.494051260344893,0.7398997035330781,8,56,0.14285714285714285,0.0742070004258528,0.25736167420851525,1,56,0.017857142857142856,0.003159128964463985,0.0944585817919329,1,56,0.017857142857142856,0.003159128964463985,0.0944585817919329,0,56,0.0,0.0,0.06419614448811528,2,56,0.03571428571428571,0.009849218502577639,0.12119005852210082,15,56,0.26785714285714285,0.1695715866189496,0.3959480518933896,20,56,0.35714285714285715,0.2445639270270599,0.4880635428266874,7,56,0.125,0.06188990138969254,0.23625720697639396,1,56,0.017857142857142856,0.003159128964463985,0.0944585817919329,2,56,0.03571428571428571,0.009849218502577639,0.12119005852210082,3,56,0.05357142857142857,0.01838544792866792,0.14607539536429218,2,56,0.03571428571428571,0.009849218502577639,0.12119005852210082,0,56,0.0,0.0,0.06419614448811528,0,56,0.0,0.0,0.06419614448811528,6,56,0.10714285714285714,0.050038674581190865,0.21468686751661398,30,56,0.5357142857142857,0.4070395665724008,0.6598035659641625,10,56,0.17857142857142858,0.09999749741344179,0.2984143097574895,16,56,0.2857142857142857,0.18418621391703333,0.4147549908635875,35,56,0.625,0.494051260344893,0.7398997035330781,19,56,0.3392857142857143,0.22919799319334652,0.4700079103921191,0,56,0.0,0.0,0.06419614448811528,0,56,0.0,0.0,0.06419614448811528,2,56,0.03571428571428571,0.009849218502577639,0.12119005852210082,26,56,0.4642857142857143,0.34019643403583766,0.5929604334275992,331 0.25; 311 0.14; 363 0.14; 333 0.12; 350 0.07; 342 0.07,6,38 0.25; 37 0.23; 35 0.12; 99 0.11; 53 0.09,5,unearned income 0.62; earned income 0.16,"wrong include/exclude decision 0.36; wrong amount, known item 0.27; unreported source of income 0.12",39,2,2,41,0.9512195121951219,0.8386073303764864,0.9865193377174265,0.04878048780487805,2,0.046511627906976744,43,13640.0
2-3,elderly_disabled_i >= 1.000 & married < 1.000 & rawben_rel_max >= 0.901 & unc_rawben_rel_max >= 1.350,test_2024,59,15,21,4,21,0.19047619047619047,0.07667440615177301,0.40000986539273287,12,21,0.5714285714285714,0.3654621629703244,0.7553030051347894,4,21,0.19047619047619047,0.07667440615177301,0.40000986539273287,0,21,0.0,0.0,0.15464382326420195,0,21,0.0,0.0,0.15464382326420195,1,21,0.047619047619047616,0.008455769471923294,0.22669816586235464,0,21,0.0,0.0,0.15464382326420195,7,21,0.3333333333333333,0.17194536432683688,0.5462692434278971,6,21,0.2857142857142857,0.13813675745628204,0.49956773822837586,3,21,0.14285714285714285,0.04980921798213492,0.346364941492295,0,21,0.0,0.0,0.15464382326420195,0,21,0.0,0.0,0.15464382326420195,0,21,0.0,0.0,0.15464382326420195,1,21,0.047619047619047616,0.008455769471923294,0.22669816586235464,0,21,0.0,0.0,0.15464382326420195,0,21,0.0,0.0,0.15464382326420195,4,21,0.19047619047619047,0.07667440615177301,0.40000986539273287,17,21,0.8095238095238095,0.599990134607267,0.9233255938482269,0,21,0.0,0.0,0.15464382326420195,4,21,0.19047619047619047,0.07667440615177301,0.40000986539273287,13,21,0.6190476190476191,0.40878295815501514,0.7924923220201749,7,21,0.3333333333333333,0.17194536432683688,0.5462692434278971,0,21,0.0,0.0,0.15464382326420195,1,21,0.047619047619047616,0.008455769471923294,0.22669816586235464,0,21,0.0,0.0,0.15464382326420195,6,21,0.2857142857142857,0.13813675745628204,0.49956773822837586,363 0.19; 311 0.19; 342 0.14; 333 0.14; 331 0.10,5,99 0.19; 38 0.19; 35 0.14; 33 0.10; 44 0.10; 37 0.10,6,unearned income 0.57; shelter deduction 0.19,"wrong amount, known item 0.33; wrong include/exclude decision 0.29; other 0.19",15,0,1,15,1.0,0.7961107336956521,1.0,0.0,1,0.0625,16,8271.0
1,elderly_disabled_i >   0.50 & shelter_expenses_by_hh_size <= 852.00 & unc_rawben_rel_max >   1.46 & utilities <=  29.50,all_2022_24,108,54,71,10,71,0.14084507042253522,0.07834118071720814,0.24021961969325883,46,71,0.647887323943662,0.5318184572117227,0.7487741543839675,9,71,0.1267605633802817,0.0681445057945265,0.22369318874968427,4,71,0.056338028169014086,0.022124161220470236,0.1360980039924595,2,71,0.028169014084507043,0.007759100870383076,0.09701685261003423,0,71,0.0,0.0,0.05132974174790491,0,71,0.0,0.0,0.05132974174790491,6,71,0.08450704225352113,0.039305972354112026,0.17236240459133007,40,71,0.5633802816901409,0.44771335602917073,0.6725406203689822,9,71,0.1267605633802817,0.0681445057945265,0.22369318874968427,0,71,0.0,0.0,0.05132974174790491,7,71,0.09859154929577464,0.048582206325328975,0.18980927648636933,1,71,0.014084507042253521,0.0024905391347781955,0.07556230847938292,5,71,0.07042253521126761,0.03045315340626454,0.1544921176729214,0,71,0.0,0.0,0.05132974174790491,0,71,0.0,0.0,0.05132974174790491,3,71,0.04225352112676056,0.014472998249826653,0.11702606109684685,30,71,0.4225352112676056,0.3145283047701463,0.5384946129654448,7,71,0.09859154929577464,0.048582206325328975,0.18980927648636933,34,71,0.4788732394366197,0.36677330370106553,0.5931420374995502,48,71,0.676056338028169,0.5606093871720553,0.7734294361561472,19,71,0.2676056338028169,0.17852666541700807,0.38054208778976467,2,71,0.028169014084507043,0.007759100870383076,0.09701685261003423,0,71,0.0,0.0,0.05132974174790491,2,71,0.028169014084507043,0.007759100870383076,0.09701685261003423,46,71,0.647887323943662,0.5318184572117227,0.7487741543839675,331 0.48; 311 0.14; 333 0.13; 363 0.13,4,37 0.41; 35 0.13; 53 0.08; 52 0.07; 124 0.07,5,unearned income 0.65; earned income 0.14,wrong include/exclude decision 0.56; unreported source of income 0.13; change in circumstances 0.10,54,0,1,54,1.0,0.9335841332189981,1.0,0.0,1,0.01818181818181818,55,12428.0
1,elderly_disabled_i >   0.50 & shelter_expenses_by_hh_size <= 852.00 & unc_rawben_rel_max >   1.46 & utilities <=  29.50,train_2022_23,79,39,51,8,51,0.1568627450980392,0.08169125888021325,0.2801070839835982,32,51,0.6274509803921569,0.4902496270033425,0.746796702790099,6,51,0.11764705882352941,0.05504998764172768,0.23381102297794787,4,51,0.0784313725490196,0.030921696126931505,0.1850019822486082,1,51,0.0196078431372549,0.003469603253442241,0.10304807675589372,0,51,0.0,0.0,0.07004901388726806,0,51,0.0,0.0,0.07004901388726806,5,51,0.09803921568627451,0.04260744495307697,0.2097848995445307,29,51,0.5686274509803921,0.43265061235058067,0.694989719076657,5,51,0.09803921568627451,0.04260744495307697,0.2097848995445307,0,51,0.0,0.0,0.07004901388726806,5,51,0.09803921568627451,0.04260744495307697,0.2097848995445307,1,51,0.0196078431372549,0.003469603253442241,0.10304807675589372,5,51,0.09803921568627451,0.04260744495307697,0.2097848995445307,0,51,0.0,0.0,0.07004901388726806,0,51,0.0,0.0,0.07004901388726806,1,51,0.0196078431372549,0.003469603253442241,0.10304807675589372,22,51,0.43137254901960786,0.30501028092334304,0.5673493876494193,4,51,0.0784313725490196,0.030921696126931505,0.1850019822486082,25,51,0.49019607843137253,0.35857262142306195,0.623193045515904,33,51,0.6470588235294118,0.5098580497281073,0.7636569461874021,14,51,0.27450980392156865,0.1711412201054317,0.4094691194907873,2,51,0.0392156862745098,0.010820856268751206,0.13216548986265267,0,51,0.0,0.0,0.07004901388726806,2,51,0.0392156862745098,0.010820856268751206,0.13216548986265267,32,51,0.6274509803921569,0.4902496270033425,0.746796702790099,331 0.51; 311 0.16; 363 0.12,3,37 0.39; 35 0.10; 53 0.10; 124 0.10; 38 0.10,5,unearned income 0.63; earned income 0.16,wrong include/exclude decision 0.57; unreported source of income 0.10; change in circumstances 0.10,39,0,0,39,1.0,0.9103301463997611,1.0,0.0,0,0.0,39,8332.0
1,elderly_disabled_i >   0.50 & shelter_expenses_by_hh_size <= 852.00 & unc_rawben_rel_max >   1.46 & utilities <=  29.50,test_2024,29,15,20,2,20,0.1,0.027865893984153206,0.30103820641179335,14,20,0.7,0.4810232237710206,0.854524726031006,3,20,0.15,0.05236779195949584,0.36042329588695743,0,20,0.0,0.0,0.16113012549493322,1,20,0.05,0.008881219432873136,0.23613589351256675,0,20,0.0,0.0,0.16113012549493322,0,20,0.0,0.0,0.16113012549493322,1,20,0.05,0.008881219432873136,0.23613589351256675,11,20,0.55,0.3420820083075997,0.7418049791429071,4,20,0.2,0.0806563532712,0.41602172202575993,0,20,0.0,0.0,0.16113012549493322,2,20,0.1,0.027865893984153206,0.30103820641179335,0,20,0.0,0.0,0.16113012549493322,0,20,0.0,0.0,0.16113012549493322,0,20,0.0,0.0,0.16113012549493322,0,20,0.0,0.0,0.16113012549493322,2,20,0.1,0.027865893984153206,0.30103820641179335,8,20,0.4,0.21880396741419272,0.613422057684794,3,20,0.15,0.05236779195949584,0.36042329588695743,9,20,0.45,0.25819502085709295,0.6579179916924003,15,20,0.75,0.5312949900419365,0.888139947210597,5,20,0.25,0.11186005278940309,0.4687050099580636,0,20,0.0,0.0,0.16113012549493322,0,20,0.0,0.0,0.16113012549493322,0,20,0.0,0.0,0.16113012549493322,14,20,0.7,0.4810232237710206,0.854524726031006,331 0.40; 333 0.20; 363 0.15,3,37 0.45; 35 0.20; 64 0.10,3,unearned income 0.70; shelter deduction 0.15,wrong include/exclude decision 0.55; unreported source of income 0.20,15,0,1,15,1.0,0.7961107336956521,1.0,0.0,1,0.0625,16,4096.0
1,elderly_disabled_i >=   1.00 & unc_rawben_rel_max >=   1.52 & utilities < 379.00,all_2022_24,350,149,193,23,193,0.11917098445595854,0.08073567658489572,0.17247096266209272,130,193,0.6735751295336787,0.6045938920015972,0.7357813132395712,18,193,0.09326424870466321,0.05980872715702252,0.1425956426509855,10,193,0.05181347150259067,0.02838403649299239,0.09273670221264704,3,193,0.015544041450777202,0.005300119263662775,0.04469744222740414,0,193,0.0,0.0,0.019516199827678698,9,193,0.046632124352331605,0.02472416363338991,0.08623612118445345,24,193,0.12435233160621761,0.08500546966754816,0.1783616234672363,85,193,0.44041450777202074,0.372215215051495,0.51093956523885,41,193,0.21243523316062177,0.1606306505258256,0.27546415870149216,0,193,0.0,0.0,0.019516199827678698,11,193,0.05699481865284974,0.03211933237397776,0.09916186021945778,9,193,0.046632124352331605,0.02472416363338991,0.08623612118445345,9,193,0.046632124352331605,0.02472416363338991,0.08623612118445345,1,193,0.0051813471502590676,0.0009151977360702616,0.028761455979404514,0,193,0.0,0.0,0.019516199827678698,13,193,0.06735751295336788,0.0397828557442091,0.11181924462481856,74,193,0.38341968911917096,0.31773179753739456,0.45365798998719364,18,193,0.09326424870466321,0.05980872715702252,0.1425956426509855,101,193,0.5233160621761658,0.45308532879965585,0.5926367136954266,120,193,0.6217616580310881,0.5515963103016693,0.6871743560615383,61,193,0.3160621761658031,0.25460086820157257,0.3847030187816667,4,193,0.02072538860103627,0.008088373473795232,0.05206964190506777,0,193,0.0,0.0,0.019516199827678698,8,193,0.04145077720207254,0.021150699451912076,0.07964913147813524,95,193,0.49222797927461137,0.4225377373502497,0.5622215818180561,331 0.52; 311 0.10; 333 0.10; 363 0.09,4,37 0.32; 35 0.21; 38 0.10; 99 0.07; 53 0.07,5,unearned income 0.67; earned income 0.12,"wrong include/exclude decision 0.44; unreported source of income 0.21; wrong amount, known item 0.12",147,2,3,149,0.9865771812080537,0.9523832914798118,0.9963113047557681,0.013422818791946308,3,0.019736842105263157,152,34253.0
1,elderly_disabled_i >=   1.00 & unc_rawben_rel_max >=   1.52 & utilities < 379.00,train_2022_23,259,110,145,17,145,0.11724137931034483,0.07450078770489107,0.1797399621929869,96,145,0.6620689655172414,0.5817803799119106,0.733991554816015,12,145,0.08275862068965517,0.047973274980339355,0.13908195689032044,8,145,0.05517241379310345,0.028218435934205734,0.1050883815146795,3,145,0.020689655172413793,0.007060784343230236,0.05906051507843681,0,145,0.0,0.0,0.02580998860533614,9,145,0.06206896551724138,0.03299470764785982,0.11374921340646905,20,145,0.13793103448275862,0.09109513404671896,0.20345692666748996,66,145,0.45517241379310347,0.37631709982488837,0.5363417267397279,26,145,0.1793103448275862,0.1254048780843173,0.24976980426255344,0,145,0.0,0.0,0.02580998860533614,9,145,0.06206896551724138,0.03299470764785982,0.11374921340646905,8,145,0.05517241379310345,0.028218435934205734,0.1050883815146795,7,145,0.04827586206896552,0.023578565673748914,0.09629114816969268,1,145,0.006896551724137931,0.001218418511928561,0.03802867369885121,0,145,0.0,0.0,0.02580998860533614,8,145,0.05517241379310345,0.028218435934205734,0.1050883815146795,58,145,0.4,0.3238341968911917,0.48132780082987553,12,145,0.08275862068965517,0.047973274980339355,0.13908195689032044,75,145,0.5172413793103449,0.43651548037286786,0.5970772786407412,91,145,0.6275862068965518,0.5465551880711234,0.7020312286295841,45,145,0.3103448275862069,0.24075427987389952,0.38972537097640036,3,145,0.020689655172413793,0.007060784343230236,0.05906051507843681,0,145,0.0,0.0,0.02580998860533614,6,145,0.041379310344827586,0.01910002030012347,0.08733258993787449,73,145,0.503448275862069,0.4230336998006518,0.58368485200207,331 0.54; 311 0.11; 333 0.09; 363 0.08,4,37 0.32; 35 0.18; 38 0.13; 53 0.08; 99 0.06,5,unearned income 0.66; earned income 0.12,"wrong include/exclude decision 0.46; unreported source of income 0.18; wrong amount, known item 0.14",108,2,2,110,0.9818181818181818,0.9361185758998575,0.9949997499142563,0.01818181818181818,2,0.017857142857142856,112,24680.0
1,elderly_disabled_i >=   1.00 & unc_rawben_rel_max >=   1.52 & utilities < 379.00,test_2024,91,39,48,6,48,0.125,0.05856971750400844,0.24700727086054822,34,48,0.7083333333333334,0.5682047226383246,0.8175858393813663,6,48,0.125,0.05856971750400844,0.24700727086054822,2,48,0.041666666666666664,0.011501652078965613,0.13975911147771472,0,48,0.0,0.0,0.0741026511527422,0,48,0.0,0.0,0.0741026511527422,0,48,0.0,0.0,0.0741026511527422,4,48,0.08333333333333333,0.03288322434995555,0.19553565161066291,19,48,0.3958333333333333,0.2702062649595057,0.5368984540306487,15,48,0.3125,0.19945512167731494,0.4533333725049633,0,48,0.0,0.0,0.0741026511527422,2,48,0.041666666666666664,0.011501652078965613,0.13975911147771472,1,48,0.020833333333333332,0.003687015979399688,0.10899469137531158,2,48,0.041666666666666664,0.011501652078965613,0.13975911147771472,0,48,0.0,0.0,0.0741026511527422,0,48,0.0,0.0,0.0741026511527422,5,48,0.10416666666666667,0.045321050901178245,0.2216768812614093,16,48,0.3333333333333333,0.2167660137089678,0.47460153667527943,6,48,0.125,0.05856971750400844,0.24700727086054822,26,48,0.5416666666666666,0.4029083309494732,0.6742497814544648,29,48,0.6041666666666666,0.4631015459693511,0.7297937350404942,16,48,0.3333333333333333,0.2167660137089678,0.47460153667527943,1,48,0.020833333333333332,0.003687015979399688,0.10899469137531158,0,48,0.0,0.0,0.0741026511527422,2,48,0.041666666666666664,0.011501652078965613,0.13975911147771472,22,48,0.4583333333333333,0.3257502185455351,0.5970916690505266,331 0.44; 333 0.12; 363 0.12; 346 0.08,4,35 0.31; 37 0.31; 99 0.10; 124 0.04,4,unearned income 0.71; shelter deduction 0.12,wrong include/exclude decision 0.40; unreported source of income 0.31; other 0.10,39,0,1,39,1.0,0.9103301463997611,1.0,0.0,1,0.025,40,9573.0
4+,HH_size_n >=   5.000 & rawben_rel_max <   0.873 & shelter_expenses_by_hh_size < 486.000 & total_deductions_by_hh_size >= 286.000,all_2022_24,114,50,84,26,84,0.30952380952380953,0.22081781137605916,0.4148900992266621,11,84,0.13095238095238096,0.07472144544944861,0.21946263134332386,16,84,0.19047619047619047,0.12078595196346183,0.2872394027659602,1,84,0.011904761904761904,0.002104528901587875,0.06439699201788535,0,84,0.0,0.0,0.043733265332143306,25,84,0.2976190476190476,0.21044679186262583,0.40249286315276545,5,84,0.05952380952380952,0.025690182263433017,0.13188436100535988,31,84,0.36904761904761907,0.2736996045974371,0.4758495839419337,29,84,0.34523809523809523,0.2523486284686916,0.45166404889601935,6,84,0.07142857142857142,0.033145358330644366,0.14719744052547845,3,84,0.03571428571428571,0.01221944777306612,0.09981858432106694,1,84,0.011904761904761904,0.002104528901587875,0.06439699201788535,6,84,0.07142857142857142,0.033145358330644366,0.14719744052547845,0,84,0.0,0.0,0.043733265332143306,0,84,0.0,0.0,0.043733265332143306,1,84,0.011904761904761904,0.002104528901587875,0.06439699201788535,7,84,0.08333333333333333,0.04095202982832851,0.16215902461512421,63,84,0.75,0.6478552553489343,0.830278111984994,5,84,0.05952380952380952,0.025690182263433017,0.13188436100535988,16,84,0.19047619047619047,0.12078595196346183,0.2872394027659602,48,84,0.5714285714285714,0.4647675967027547,0.6718419368212247,34,84,0.40476190476190477,0.3061943608400985,0.511659594461262,0,84,0.0,0.0,0.043733265332143306,0,84,0.0,0.0,0.043733265332143306,2,84,0.023809523809523808,0.006553765293517748,0.0827160112132854,41,84,0.4880952380952381,0.3840817181332218,0.5931500262794481,311 0.30; 323 0.20; 363 0.19; 350 0.10,4,38 0.19; 53 0.17; 52 0.15; 56 0.10; 44 0.08; 99 0.08,6,earned income 0.31; dep care or child support deduction 0.30; shelter deduction 0.19,"wrong amount, known item 0.37; wrong include/exclude decision 0.35; other 0.08",39,11,24,50,0.78,0.6475818431054045,0.8724621377569771,0.22,24,0.32432432432432434,74,17444.0
4+,HH_size_n >=   5.000 & rawben_rel_max <   0.873 & shelter_expenses_by_hh_size < 486.000 & total_deductions_by_hh_size >= 286.000,train_2022_23,58,28,49,13,49,0.2653061224489796,0.1621113124514944,0.4026255615265835,7,49,0.14285714285714285,0.07096333720544586,0.2666797318916292,10,49,0.20408163265306123,0.11481727042813811,0.33637270110943834,1,49,0.02040816326530612,0.003611579538530696,0.10693768467754147,0,49,0.0,0.0,0.07270029673590504,15,49,0.30612244897959184,0.1951532349314748,0.4452815740069374,3,49,0.061224489795918366,0.021039764955529186,0.16520743422087725,12,49,0.24489795918367346,0.14602203389475285,0.38086587260315785,20,49,0.40816326530612246,0.2821503460597105,0.5475293002795374,4,49,0.08163265306122448,0.032202296241712225,0.19189387041486136,2,49,0.04081632653061224,0.011265396927928273,0.13713283476831106,1,49,0.02040816326530612,0.003611579538530696,0.10693768467754147,4,49,0.08163265306122448,0.032202296241712225,0.19189387041486136,0,49,0.0,0.0,0.07270029673590504,0,49,0.0,0.0,0.07270029673590504,1,49,0.02040816326530612,0.003611579538530696,0.10693768467754147,5,49,0.10204081632653061,0.044378892487039884,0.21756624164970087,39,49,0.7959183673469388,0.6636272988905616,0.885182729571862,3,49,0.061224489795918366,0.021039764955529186,0.16520743422087725,7,49,0.14285714285714285,0.07096333720544586,0.2666797318916292,29,49,0.5918367346938775,0.4524706997204626,0.7178496539402894,18,49,0.3673469387755102,0.24664982524781226,0.5073318861311014,0,49,0.0,0.0,0.07270029673590504,0,49,0.0,0.0,0.07270029673590504,2,49,0.04081632653061224,0.011265396927928273,0.13713283476831106,27,49,0.5510204081632653,0.41314866799678107,0.6814737507036366,311 0.24; 363 0.20; 323 0.16; 366 0.14,4,52 0.27; 38 0.16; 53 0.12; 99 0.10; 44 0.08; 35 0.08,6,dep care or child support deduction 0.31; earned income 0.27; shelter deduction 0.20,"wrong include/exclude decision 0.41; wrong amount, known item 0.24; other 0.10",18,10,12,28,0.6428571428571429,0.4582997758222723,0.7929438802754113,0.35714285714285715,12,0.3,40,10496.0
4+,HH_size_n >=   5.000 & rawben_rel_max <   0.873 & shelter_expenses_by_hh_size < 486.000 & total_deductions_by_hh_size >= 286.000,test_2024,56,22,35,13,35,0.37142857142857144,0.23165607368891059,0.5366335951197893,4,35,0.11428571428571428,0.0453510585448975,0.2595179478812023,6,35,0.17142857142857143,0.08102529944856719,0.3268260763958882,0,35,0.0,0.0,0.09890426758938868,0,35,0.0,0.0,0.09890426758938868,10,35,0.2857142857142857,0.16326363398295565,0.45055248069821086,2,35,0.05714285714285714,0.015812829614043955,0.1860738073937003,19,35,0.5428571428571428,0.38189451340137515,0.6953422636623914,9,35,0.2571428571428571,0.1416286872655014,0.4206962427064873,2,35,0.05714285714285714,0.015812829614043955,0.1860738073937003,1,35,0.02857142857142857,0.005061361365853362,0.1453340909327131,0,35,0.0,0.0,0.09890426758938868,2,35,0.05714285714285714,0.015812829614043955,0.1860738073937003,0,35,0.0,0.0,0.09890426758938868,0,35,0.0,0.0,0.09890426758938868,0,35,0.0,0.0,0.09890426758938868,2,35,0.05714285714285714,0.015812829614043955,0.1860738073937003,24,35,0.6857142857142857,0.5201992812074803,0.8144934194021753,2,35,0.05714285714285714,0.015812829614043955,0.1860738073937003,9,35,0.2571428571428571,0.1416286872655014,0.4206962427064873,19,35,0.5428571428571428,0.38189451340137515,0.6953422636623914,16,35,0.45714285714285713,0.3046577363376085,0.6181054865986247,0,35,0.0,0.0,0.09890426758938868,0,35,0.0,0.0,0.09890426758938868,0,35,0.0,0.0,0.09890426758938868,14,35,0.4,0.25550504933307244,0.5642758041848053,311 0.37; 323 0.26; 363 0.17,3,56 0.23; 53 0.23; 38 0.23; 44 0.09,4,earned income 0.37; dep care or child support deduction 0.29; shelter deduction 0.17,"wrong amount, known item 0.54; wrong include/exclude decision 0.26",21,1,12,22,0.9545454545454546,0.7820151050048196,0.9919307806988522,0.045454545454545456,12,0.35294117647058826,34,6948.0
4+,count_divisible_by_100 >   1.500 & shelter_expenses_by_hh_size >  27.100 & unc_rawben_rel_max <=   0.783 & utilities <= 446.000,all_2022_24,40,18,30,12,30,0.4,0.24590394326083403,0.5767994750172616,11,30,0.36666666666666664,0.21873702204017678,0.5448675356639506,4,30,0.13333333333333333,0.05309569424218104,0.2968168394441695,1,30,0.03333333333333333,0.0059084379948573795,0.16670751396958874,0,30,0.0,0.0,0.113517091390478,1,30,0.03333333333333333,0.0059084379948573795,0.16670751396958874,1,30,0.03333333333333333,0.0059084379948573795,0.16670751396958874,14,30,0.4666666666666667,0.30232127224128236,0.6385798671847496,5,30,0.16666666666666666,0.07336434240351683,0.33564705185680177,4,30,0.13333333333333333,0.05309569424218104,0.2968168394441695,1,30,0.03333333333333333,0.0059084379948573795,0.16670751396958874,1,30,0.03333333333333333,0.0059084379948573795,0.16670751396958874,1,30,0.03333333333333333,0.0059084379948573795,0.16670751396958874,0,30,0.0,0.0,0.113517091390478,0,30,0.0,0.0,0.113517091390478,0,30,0.0,0.0,0.113517091390478,4,30,0.13333333333333333,0.05309569424218104,0.2968168394441695,15,30,0.5,0.33153851227173764,0.6684614877282624,5,30,0.16666666666666666,0.07336434240351683,0.33564705185680177,10,30,0.3333333333333333,0.19230295526846194,0.5122027418616973,16,30,0.5333333333333333,0.3614201328152505,0.6976787277587178,12,30,0.4,0.24590394326083403,0.5767994750172616,0,30,0.0,0.0,0.113517091390478,0,30,0.0,0.0,0.113517091390478,2,30,0.06666666666666667,0.01847663532769335,0.21323817721072091,7,30,0.23333333333333334,0.11792239210501232,0.40928672330324267,311 0.33; 363 0.13; 346 0.10; 350 0.07; 334 0.07; 342 0.07,6,44 0.23; 38 0.20; 35 0.13; 99 0.13; 53 0.07,5,earned income 0.40; unearned income 0.37,"wrong amount, known item 0.47; wrong include/exclude decision 0.17; unreported source of income 0.13",7,11,5,18,0.3888888888888889,0.20304991926931162,0.6138133141934384,0.6111111111111112,5,0.21739130434782608,23,5436.0
4+,count_divisible_by_100 >   1.500 & shelter_expenses_by_hh_size >  27.100 & unc_rawben_rel_max <=   0.783 & utilities <= 446.000,train_2022_23,33,17,29,12,29,0.41379310344827586,0.2551293527964552,0.5926247152148476,10,29,0.3448275862068966,0.19940508749190483,0.5265522349284402,4,29,0.13793103448275862,0.05497350852047822,0.30559357712699325,1,29,0.034482758620689655,0.006113056614032261,0.1717589106470025,0,29,0.0,0.0,0.11697359446555587,1,29,0.034482758620689655,0.006113056614032261,0.1717589106470025,1,29,0.034482758620689655,0.006113056614032261,0.1717589106470025,14,29,0.4827586206896552,0.3138581933079522,0.6556926202943085,5,29,0.1724137931034483,0.07597745271479928,0.34548800572815114,3,29,0.10344827586206896,0.035814240381301043,0.26385447247069155,1,29,0.034482758620689655,0.006113056614032261,0.1717589106470025,1,29,0.034482758620689655,0.006113056614032261,0.1717589106470025,1,29,0.034482758620689655,0.006113056614032261,0.1717589106470025,0,29,0.0,0.0,0.11697359446555587,0,29,0.0,0.0,0.11697359446555587,0,29,0.0,0.0,0.11697359446555587,4,29,0.13793103448275862,0.05497350852047822,0.30559357712699325,15,29,0.5172413793103449,0.3443073797056916,0.6861418066920478,4,29,0.13793103448275862,0.05497350852047822,0.30559357712699325,10,29,0.3448275862068966,0.19940508749190483,0.5265522349284402,16,29,0.5517241379310345,0.37547667068067625,0.715870888512542,11,29,0.3793103448275862,0.22687795730867344,0.5599777379071503,0,29,0.0,0.0,0.11697359446555587,0,29,0.0,0.0,0.11697359446555587,2,29,0.06896551724137931,0.019120864097994433,0.21964947595851925,7,29,0.2413793103448276,0.12218268185062131,0.4210795221832869,311 0.34; 363 0.14; 346 0.10; 350 0.07; 334 0.07; 342 0.07,6,44 0.24; 38 0.21; 99 0.14; 35 0.10; 53 0.07,5,earned income 0.41; unearned income 0.34,"wrong amount, known item 0.48; wrong include/exclude decision 0.17; other 0.14",6,11,5,17,0.35294117647058826,0.17309486143904904,0.5870003327878818,0.6470588235294118,5,0.22727272727272727,22,5243.0
4+,count_divisible_by_100 >   1.500 & shelter_expenses_by_hh_size >  27.100 & unc_rawben_rel_max <=   0.783 & utilities <= 446.000,test_2024,7,1,1,0,1,0.0,0.0,0.7934567085261071,1,1,1.0,0.20654329147389294,1.0,0,1,0.0,0.0,0.7934567085261071,0,1,0.0,0.0,0.7934567085261071,0,1,0.0,0.0,0.7934567085261071,0,1,0.0,0.0,0.7934567085261071,0,1,0.0,0.0,0.7934567085261071,0,1,0.0,0.0,0.7934567085261071,0,1,0.0,0.0,0.7934567085261071,1,1,1.0,0.20654329147389294,1.0,0,1,0.0,0.0,0.7934567085261071,0,1,0.0,0.0,0.7934567085261071,0,1,0.0,0.0,0.7934567085261071,0,1,0.0,0.0,0.7934567085261071,0,1,0.0,0.0,0.7934567085261071,0,1,0.0,0.0,0.7934567085261071,0,1,0.0,0.0,0.7934567085261071,0,1,0.0,0.0,0.7934567085261071,1,1,1.0,0.20654329147389294,1.0,0,1,0.0,0.0,0.7934567085261071,0,1,0.0,0.0,0.7934567085261071,1,1,1.0,0.20654329147389294,1.0,0,1,0.0,0.0,0.7934567085261071,0,1,0.0,0.0,0.7934567085261071,0,1,0.0,0.0,0.7934567085261071,0,1,0.0,0.0,0.7934567085261071,336 1.00,1,35 1.00,1,unearned income 1.00,unreported source of income 1.00,1,0,0,1,1.0,0.20654329147389294,1.0,0.0,0,0.0,1,193.0
2-3,total_deductions_by_hh_size > 524.000 & unc_rawben_rel_max <=   0.973 & utilities <= 392.000,all_2022_24,144,56,101,32,101,0.31683168316831684,0.23423391085400685,0.4128527417724314,13,101,0.12871287128712872,0.07678641606600466,0.2078486906092082,15,101,0.1485148514851485,0.092115201386504,0.23067269959936418,5,101,0.04950495049504951,0.021328195361982306,0.11069573407060934,7,101,0.06930693069306931,0.033974895429948894,0.13620182831329805,13,101,0.12871287128712872,0.07678641606600466,0.2078486906092082,16,101,0.15841584158415842,0.0999267161245613,0.24193758201663454,26,101,0.25742574257425743,0.18215123164243846,0.35047703805203395,34,101,0.33663366336633666,0.2519643423829841,0.4332751045541095,12,101,0.1188118811881188,0.06928651062322312,0.1962721988966621,3,101,0.0297029702970297,0.010152296701083398,0.08371883842085293,4,101,0.039603960396039604,0.015506895291526046,0.09744063698573793,3,101,0.0297029702970297,0.010152296701083398,0.08371883842085293,0,101,0.0,0.0,0.03664194365595336,7,101,0.06930693069306931,0.033974895429948894,0.13620182831329805,0,101,0.0,0.0,0.03664194365595336,12,101,0.1188118811881188,0.06928651062322312,0.1962721988966621,54,101,0.5346534653465347,0.4378949716628822,0.6288724183807648,16,101,0.15841584158415842,0.0999267161245613,0.24193758201663454,31,101,0.3069306930693069,0.22543494459305358,0.4025753108780571,51,101,0.504950495049505,0.40906319132283897,0.6004750072548249,45,101,0.44554455445544555,0.35237789075506937,0.5427019248906285,0,101,0.0,0.0,0.03664194365595336,0,101,0.0,0.0,0.03664194365595336,5,101,0.04950495049504951,0.021328195361982306,0.11069573407060934,30,101,0.297029702970297,0.2166816101177431,0.39225224819803983,311 0.29; 363 0.15; 323 0.11; 365 0.07; 364 0.05; 342 0.04; 372 0.04; 150 0.04,8,52 0.18; 38 0.17; 53 0.15; 35 0.12; 99 0.12; 44 0.07,6,earned income 0.32; other element 0.16; shelter deduction 0.15; dep care or child support deduction 0.13,"wrong include/exclude decision 0.34; wrong amount, known item 0.26; unreported source of income 0.12; other 0.12",49,7,23,56,0.875,0.763742793023606,0.9381100986103075,0.125,23,0.2911392405063291,79,21104.0
2-3,total_deductions_by_hh_size > 524.000 & unc_rawben_rel_max <=   0.973 & utilities <= 392.000,train_2022_23,114,47,88,27,88,0.3068181818181818,0.22023391113033136,0.4095634791590365,12,88,0.13636363636363635,0.07975866827381721,0.2233893605061692,15,88,0.17045454545454544,0.10610728809302103,0.2623706129888417,5,88,0.056818181818181816,0.024510666532829656,0.1262009935427788,7,88,0.07954545454545454,0.03906436024832495,0.15520054802853434,9,88,0.10227272727272728,0.05474388075144594,0.18307427572666424,13,88,0.14772727272727273,0.08841167389054122,0.23651297899007062,23,88,0.26136363636363635,0.18093113139383873,0.3617597624930273,31,88,0.3522727272727273,0.2605618066297556,0.45634208006211396,11,88,0.125,0.07125200897954588,0.21011939569981514,3,88,0.03409090909090909,0.011660785880160493,0.09549762599419709,4,88,0.045454545454545456,0.017815960935119883,0.11111907503986312,3,88,0.03409090909090909,0.011660785880160493,0.09549762599419709,0,88,0.0,3.469446951953614e-18,0.04182853957248131,5,88,0.056818181818181816,0.024510666532829656,0.1262009935427788,0,88,0.0,3.469446951953614e-18,0.04182853957248131,8,88,0.09090909090909091,0.04678586169975407,0.16925567067773065,44,88,0.5,0.3977398665504473,0.6022601334495528,16,88,0.18181818181818182,0.11513001885470898,0.2751245063277792,28,88,0.3181818181818182,0.23022439863763888,0.4213496157523544,45,88,0.5113636363636364,0.40865348719267547,0.61312313690795,39,88,0.4431818181818182,0.3439329119175508,0.5471839675793222,0,88,0.0,3.469446951953614e-18,0.04182853957248131,0,88,0.0,3.469446951953614e-18,0.04182853957248131,4,88,0.045454545454545456,0.017815960935119883,0.11111907503986312,22,88,0.25,0.1712820103346811,0.3496322594515597,311 0.27; 363 0.17; 323 0.09; 365 0.08; 364 0.06; 342 0.05; 312 0.03; 372 0.03,8,38 0.17; 52 0.17; 53 0.17; 35 0.12; 99 0.09; 44 0.08,6,earned income 0.31; shelter deduction 0.17; other element 0.15; unearned income 0.14,"wrong include/exclude decision 0.35; wrong amount, known item 0.26; unreported source of income 0.12; other 0.09",42,5,18,47,0.8936170212765957,0.7740546030798721,0.9536959004448007,0.10638297872340426,18,0.27692307692307694,65,18543.0
2-3,total_deductions_by_hh_size > 524.000 & unc_rawben_rel_max <=   0.973 & utilities <= 392.000,test_2024,30,9,13,5,13,0.38461538461538464,0.17709446581236818,0.6447751902773146,1,13,0.07692307692307693,0.013710066379696323,0.3331453392824736,0,13,0.0,0.0,0.22810184305529166,0,13,0.0,0.0,0.22810184305529166,0,13,0.0,0.0,0.22810184305529166,4,13,0.3076923076923077,0.12680497161618087,0.5763111218666236,3,13,0.23076923076923078,0.08179379092465713,0.5025687399512693,3,13,0.23076923076923078,0.08179379092465713,0.5025687399512693,3,13,0.23076923076923078,0.08179379092465713,0.5025687399512693,1,13,0.07692307692307693,0.013710066379696323,0.3331453392824736,0,13,0.0,0.0,0.22810184305529166,0,13,0.0,0.0,0.22810184305529166,0,13,0.0,0.0,0.22810184305529166,0,13,0.0,0.0,0.22810184305529166,2,13,0.15384615384615385,0.04325726318273798,0.4223517050863101,0,13,0.0,0.0,0.22810184305529166,4,13,0.3076923076923077,0.12680497161618087,0.5763111218666236,10,13,0.7692307692307693,0.49743126004873084,0.918206209075343,0,13,0.0,0.0,0.22810184305529166,3,13,0.23076923076923078,0.08179379092465713,0.5025687399512693,6,13,0.46153846153846156,0.2320575430148814,0.7085656756816796,6,13,0.46153846153846156,0.2320575430148814,0.7085656756816796,0,13,0.0,0.0,0.22810184305529166,0,13,0.0,0.0,0.22810184305529166,1,13,0.07692307692307693,0.013710066379696323,0.3331453392824736,8,13,0.6153846153846154,0.35522480972268555,0.8229055341876319,311 0.38; 323 0.23; 350 0.08; 371 0.08,4,99 0.31; 52 0.23; 38 0.15; 29 0.15,4,earned income 0.38; dep care or child support deduction 0.31; other element 0.23,"other 0.31; wrong amount, known item 0.23; wrong include/exclude decision 0.23",7,2,5,9,0.7777777777777778,0.4525833436728054,0.9367762376877727,0.2222222222222222,5,0.35714285714285715,14,2561.0
4+,months_since_cert_n >=   4 & total_deductions_by_hh_size >= 217 & total_deductions_by_hh_size < 261 & utilities < 462,all_2022_24,210,77,126,50,126,0.3968253968253968,0.31566950403605964,0.48408650636430517,19,126,0.15079365079365079,0.09871172541981235,0.22353938670449916,25,126,0.1984126984126984,0.1381601427162113,0.27651127230023953,7,126,0.05555555555555555,0.027168409228588992,0.11024209711144381,2,126,0.015873015873015872,0.00436371038878235,0.05602987687446764,8,126,0.06349206349206349,0.03252015021503829,0.12029373994035106,15,126,0.11904761904761904,0.07348600427891415,0.18715157258397108,39,126,0.30952380952380953,0.23544101478078405,0.3948777736506587,33,126,0.2619047619047619,0.19299483361516778,0.34490365192413563,11,126,0.0873015873015873,0.04944633324012888,0.14957770836133016,9,126,0.07142857142857142,0.0380307121123797,0.1301865618583662,10,126,0.07936507936507936,0.043678399818189974,0.13994225796791251,10,126,0.07936507936507936,0.043678399818189974,0.13994225796791251,0,126,0.0,0.0,0.029586819632536877,0,126,0.0,0.0,0.029586819632536877,1,126,0.007936507936507936,0.0014023289659406447,0.04358787448195278,13,126,0.10317460317460317,0.061291686584249556,0.1685391226479226,81,126,0.6428571428571429,0.5561031427473888,0.7211577659290294,7,126,0.05555555555555555,0.027168409228588992,0.11024209711144381,38,126,0.30158730158730157,0.22829707784745568,0.3866183267686304,61,126,0.48412698412698413,0.3986345839535585,0.5705586484157286,56,126,0.4444444444444444,0.3606007929403117,0.5315755203521924,0,126,0.0,0.0,0.029586819632536877,0,126,0.0,0.0,0.029586819632536877,9,126,0.07142857142857142,0.0380307121123797,0.1301865618583662,44,126,0.3492063492063492,0.271546946719581,0.4357887607886445,311 0.33; 363 0.20; 150 0.07; 312 0.06; 323 0.06; 364 0.06,6,38 0.22; 53 0.11; 52 0.11; 99 0.10; 35 0.09; 44 0.05; 12 0.04; 37 0.03,8,earned income 0.40; shelter deduction 0.20; unearned income 0.15; other element 0.12,"wrong amount, known item 0.31; wrong include/exclude decision 0.26; other 0.10; unreported source of income 0.09",57,20,29,77,0.7402597402597403,0.6325758169942757,0.8251093352045924,0.2597402597402597,29,0.27358490566037735,106,32202.0
4+,months_since_cert_n >=   4 & total_deductions_by_hh_size >= 217 & total_deductions_by_hh_size < 261 & utilities < 462,train_2022_23,151,60,98,40,98,0.40816326530612246,0.3161068392771741,0.5071480978015837,16,98,0.16326530612244897,0.10306715625004181,0.24886761303873606,19,98,0.19387755102040816,0.12777973480910126,0.2830700554534241,5,98,0.05102040816326531,0.02198698716599006,0.11392603855238045,2,98,0.02040816326530612,0.005614496475772293,0.07138350826885075,6,98,0.061224489795918366,0.028358937185437583,0.1271924288575154,10,98,0.10204081632653061,0.056375395628467516,0.17772933171281544,25,98,0.25510204081632654,0.17917341706740808,0.34950641514261227,27,98,0.2755102040816326,0.19679426941928943,0.3711622434398958,9,98,0.09183673469387756,0.04906865909068409,0.16539772792601637,6,98,0.061224489795918366,0.028358937185437583,0.1271924288575154,10,98,0.10204081632653061,0.056375395628467516,0.17772933171281544,9,98,0.09183673469387756,0.04906865909068409,0.16539772792601637,0,98,0.0,0.0,0.037721324095458045,0,98,0.0,0.0,0.037721324095458045,0,98,0.0,0.0,0.037721324095458045,12,98,0.12244897959183673,0.07145129752202053,0.20193011046842743,59,98,0.6020408163265306,0.50304770600903,0.6933356972367949,7,98,0.07142857142857142,0.03502800789949942,0.14016169846803606,32,98,0.32653061224489793,0.2417611712469177,0.42438704323518,47,98,0.47959183673469385,0.38332963929572583,0.5773936800551093,43,98,0.4387755102040816,0.3446781918182551,0.53749176623425,0,98,0.0,0.0,0.037721324095458045,0,98,0.0,0.0,0.037721324095458045,8,98,0.08163265306122448,0.04194355683633026,0.15288448985578768,36,98,0.3673469387755102,0.27858728951874556,0.46611428626168216,311 0.36; 363 0.19; 150 0.06; 323 0.05; 364 0.05; 312 0.04,6,38 0.21; 53 0.12; 99 0.12; 52 0.10; 35 0.09; 44 0.04; 37 0.04; 39 0.04,8,earned income 0.41; shelter deduction 0.19; unearned income 0.16,"wrong include/exclude decision 0.28; wrong amount, known item 0.26; other 0.12; change in circumstances 0.10",46,14,22,60,0.7666666666666667,0.6456348865960799,0.8556056838156894,0.23333333333333334,22,0.2682926829268293,82,25019.0
4+,months_since_cert_n >=   4 & total_deductions_by_hh_size >= 217 & total_deductions_by_hh_size < 261 & utilities < 462,test_2024,59,17,28,10,28,0.35714285714285715,0.20705611972458876,0.5417002241777278,3,28,0.10714285714285714,0.03711769205479949,0.2719622536765708,6,28,0.21428571428571427,0.10212321701189422,0.3953894707927388,2,28,0.07142857142857142,0.019811647447770794,0.2264573842591786,0,28,0.0,0.0,0.12064720365810762,2,28,0.07142857142857142,0.019811647447770794,0.2264573842591786,5,28,0.17857142857142858,0.0787838582943011,0.355917915485911,14,28,0.5,0.3263284683244634,0.6736715316755366,6,28,0.21428571428571427,0.10212321701189422,0.3953894707927388,2,28,0.07142857142857142,0.019811647447770794,0.2264573842591786,3,28,0.10714285714285714,0.03711769205479949,0.2719622536765708,0,28,0.0,0.0,0.12064720365810762,1,28,0.03571428571428571,0.00633235649754188,0.17712576118498663,0,28,0.0,0.0,0.12064720365810762,0,28,0.0,0.0,0.12064720365810762,1,28,0.03571428571428571,0.00633235649754188,0.17712576118498663,1,28,0.03571428571428571,0.00633235649754188,0.17712576118498663,22,28,0.7857142857142857,0.6046105292072612,0.8978767829881058,0,28,0.0,0.0,0.12064720365810762,6,28,0.21428571428571427,0.10212321701189422,0.3953894707927388,14,28,0.5,0.3263284683244634,0.6736715316755366,13,28,0.4642857142857143,0.29531303739659587,0.6418760485789833,0,28,0.0,0.0,0.12064720365810762,0,28,0.0,0.0,0.12064720365810762,1,28,0.03571428571428571,0.00633235649754188,0.17712576118498663,8,28,0.2857142857142857,0.15253815848329969,0.470596357370175,311 0.25; 363 0.21; 150 0.11; 312 0.11; 350 0.07; 364 0.07,6,38 0.25; 52 0.14; 56 0.14; 12 0.07; 44 0.07; 53 0.07; 35 0.07,7,earned income 0.36; shelter deduction 0.21; other element 0.18,"wrong amount, known item 0.50; wrong include/exclude decision 0.21; household composition 0.11",11,6,7,17,0.6470588235294118,0.4129996672121182,0.826905138560951,0.35294117647058826,7,0.2916666666666667,24,7183.0
4+,HH_size_n <   6 & months_since_cert_n >=   4 & total_deductions_by_hh_size >= 232 & utilities < 442,all_2022_24,303,105,159,63,159,0.39622641509433965,0.3235100641336299,0.4738390161996512,17,159,0.1069182389937107,0.06783213976385669,0.1645507402864499,32,159,0.20125786163522014,0.14632162477883665,0.2702893640593964,12,159,0.07547169811320754,0.04369701922530143,0.12727649122902968,1,159,0.006289308176100629,0.0011110528093918985,0.034761844533793135,21,159,0.1320754716981132,0.08803315401857763,0.19347722170850934,13,159,0.08176100628930817,0.04840183689637578,0.1348535474771504,56,159,0.3522012578616352,0.28224017864426104,0.4291357842546542,43,159,0.27044025157232704,0.20741683639366337,0.3442947655557157,14,159,0.0880503144654088,0.05317328387926823,0.14236397441345305,9,159,0.05660377358490566,0.030061636525488253,0.10406625217125755,15,159,0.09433962264150944,0.05800539639532591,0.14981373581659047,9,159,0.05660377358490566,0.030061636525488253,0.10406625217125755,0,159,0.0,0.0,0.023591023423989943,0,159,0.0,0.0,0.023591023423989943,1,159,0.006289308176100629,0.0011110528093918985,0.034761844533793135,12,159,0.07547169811320754,0.04369701922530143,0.12727649122902968,77,159,0.48427672955974843,0.4078878944323857,0.5614074207696267,22,159,0.13836477987421383,0.09318109067011476,0.20061115897616727,60,159,0.37735849056603776,0.3057447126900583,0.45475874588563747,66,159,0.41509433962264153,0.3413893534285248,0.49280534866234155,78,159,0.49056603773584906,0.4140050950646095,0.5675720940565981,0,159,0.0,0.0,0.023591023423989943,0,159,0.0,0.0,0.023591023423989943,15,159,0.09433962264150944,0.05800539639532591,0.14981373581659047,43,159,0.27044025157232704,0.20741683639366337,0.3442947655557157,311 0.36; 363 0.20; 323 0.11; 364 0.08; 150 0.06,5,38 0.22; 53 0.16; 35 0.09; 99 0.08; 52 0.07; 56 0.06; 64 0.04; 44 0.03; 37 0.03,9,earned income 0.40; shelter deduction 0.20; dep care or child support deduction 0.13; unearned income 0.11,"wrong amount, known item 0.35; wrong include/exclude decision 0.27; change in circumstances 0.09; unreported source of income 0.09",83,22,44,105,0.7904761904761904,0.7030819756034554,0.8573655003616167,0.20952380952380953,44,0.2953020134228188,149,38480.0
4+,HH_size_n <   6 & months_since_cert_n >=   4 & total_deductions_by_hh_size >= 232 & utilities < 442,train_2022_23,202,77,117,50,117,0.42735042735042733,0.3414265447745581,0.5178934245075435,14,117,0.11965811965811966,0.07263082821640884,0.1908678344957698,20,117,0.17094017094017094,0.11346914397542025,0.24933306983174552,8,117,0.06837606837606838,0.0350512906011003,0.12914382101609115,1,117,0.008547008547008548,0.0015103146975802076,0.04683065397545954,14,117,0.11965811965811966,0.07263082821640884,0.1908678344957698,10,117,0.08547008547008547,0.04708697489506693,0.15020932042045354,33,117,0.28205128205128205,0.2084473173817141,0.3695125904645905,35,117,0.29914529914529914,0.22364123768326574,0.3874198538613679,10,117,0.08547008547008547,0.04708697489506693,0.15020932042045354,7,117,0.05982905982905983,0.029280101993339018,0.1183644177746879,13,117,0.1111111111111111,0.06609257325647655,0.1808554976065375,9,117,0.07692307692307693,0.04099470569997648,0.13975099776637948,0,117,0.0,0.0,0.03179037682387522,0,117,0.0,0.0,0.03179037682387522,0,117,0.0,0.0,0.03179037682387522,10,117,0.08547008547008547,0.04708697489506693,0.15020932042045354,56,117,0.47863247863247865,0.39024133262564664,0.5683821877514421,17,117,0.1452991452991453,0.09273862287355038,0.2204118153861218,44,117,0.37606837606837606,0.29355101398866745,0.46646540419844695,44,117,0.37606837606837606,0.29355101398866745,0.46646540419844695,59,117,0.5042735042735043,0.4149915202820629,0.5932837756425193,0,117,0.0,0.0,0.03179037682387522,0,117,0.0,0.0,0.03179037682387522,14,117,0.11965811965811966,0.07263082821640884,0.1908678344957698,35,117,0.29914529914529914,0.22364123768326574,0.3874198538613679,311 0.40; 363 0.17; 323 0.10; 364 0.07; 150 0.06,5,38 0.24; 53 0.18; 99 0.09; 35 0.09; 52 0.07; 64 0.04; 44 0.04; 98 0.04,8,earned income 0.43; shelter deduction 0.17; unearned income 0.12; dep care or child support deduction 0.12,"wrong include/exclude decision 0.30; wrong amount, known item 0.28; change in circumstances 0.11; other 0.09",60,17,30,77,0.7792207792207793,0.6745672277887955,0.8573371382801591,0.22077922077922077,30,0.2803738317757009,107,28504.0
4+,HH_size_n <   6 & months_since_cert_n >=   4 & total_deductions_by_hh_size >= 232 & utilities < 442,test_2024,101,28,42,13,42,0.30952380952380953,0.1907092651972273,0.46026277766340595,3,42,0.07142857142857142,0.024589963551172864,0.19009713288525165,12,42,0.2857142857142857,0.1716685874457567,0.43567496077245566,4,42,0.09523809523809523,0.0376616388283121,0.2206539522505333,0,42,0.0,0.0,0.08380161250916197,7,42,0.16666666666666666,0.08315811295836502,0.30604296204774295,3,42,0.07142857142857142,0.024589963551172864,0.19009713288525165,23,42,0.5476190476190477,0.39948862747122693,0.6877683618136149,8,42,0.19047619047619047,0.09981889609856436,0.33301067354996444,4,42,0.09523809523809523,0.0376616388283121,0.2206539522505333,2,42,0.047619047619047616,0.013157248639206365,0.1579013531547973,2,42,0.047619047619047616,0.013157248639206365,0.1579013531547973,0,42,0.0,0.0,0.08380161250916197,0,42,0.0,0.0,0.08380161250916197,0,42,0.0,0.0,0.08380161250916197,1,42,0.023809523809523808,0.00421529549910029,0.12321481165248252,2,42,0.047619047619047616,0.013157248639206365,0.1579013531547973,21,42,0.5,0.3552574591652803,0.6447425408347197,5,42,0.11904761904761904,0.05193726765019084,0.2500068180710754,16,42,0.38095238095238093,0.24999520898785943,0.5318623178000363,22,42,0.5238095238095238,0.3772221394020704,0.6664063552403504,19,42,0.4523809523809524,0.3122316381863852,0.6005113725287732,0,42,0.0,0.0,0.08380161250916197,0,42,0.0,0.0,0.08380161250916197,1,42,0.023809523809523808,0.00421529549910029,0.12321481165248252,8,42,0.19047619047619047,0.09981889609856436,0.33301067354996444,363 0.29; 311 0.24; 323 0.14; 364 0.10,4,56 0.21; 38 0.17; 35 0.10; 57 0.10; 53 0.10; 54 0.07; 52 0.07,7,earned income 0.31; shelter deduction 0.29; dep care or child support deduction 0.17,"wrong amount, known item 0.55; wrong include/exclude decision 0.19; unreported source of income 0.10",23,5,14,28,0.8214285714285714,0.644082084514089,0.9212161417056989,0.17857142857142858,14,0.3333333333333333,42,9976.0
4+,count_divisible_by_100 >   1.500 & total_deductions_by_hh_size >   6.620 & unc_rawben_rel_max <=   0.903 & utilities <= 454.000,all_2022_24,64,27,47,19,47,0.40425531914893614,0.27639828961388174,0.5465813176368735,13,47,0.2765957446808511,0.16936405991152936,0.41758835700689967,8,47,0.1702127659574468,0.0888625809126393,0.3014005107288512,2,47,0.0425531914893617,0.01174802937056972,0.1424878719385944,0,47,0.0,6.938893903907228e-18,0.0755601711983887,1,47,0.02127659574468085,0.003765671010464995,0.11113236524331144,4,47,0.0851063829787234,0.033593579469713086,0.19931805195022648,19,47,0.40425531914893614,0.27639828961388174,0.5465813176368735,9,47,0.19148936170212766,0.10415815605310119,0.325442800643777,7,47,0.14893617021276595,0.07406626087497505,0.2768589657111277,4,47,0.0851063829787234,0.033593579469713086,0.19931805195022648,2,47,0.0425531914893617,0.01174802937056972,0.1424878719385944,1,47,0.02127659574468085,0.003765671010464995,0.11113236524331144,0,47,0.0,6.938893903907228e-18,0.0755601711983887,0,47,0.0,6.938893903907228e-18,0.0755601711983887,0,47,0.0,6.938893903907228e-18,0.0755601711983887,5,47,0.10638297872340426,0.046304099555199416,0.22594539692012788,27,47,0.574468085106383,0.43281668771211546,0.7048658399817417,8,47,0.1702127659574468,0.0888625809126393,0.3014005107288512,12,47,0.2553191489361702,0.15253006046383732,0.3950844913992039,24,47,0.5106382978723404,0.37242217589372884,0.6472467566339649,21,47,0.44680851063829785,0.31410747474911305,0.5875478626124176,0,47,0.0,6.938893903907228e-18,0.0755601711983887,0,47,0.0,6.938893903907228e-18,0.0755601711983887,2,47,0.0425531914893617,0.01174802937056972,0.1424878719385944,12,47,0.2553191489361702,0.15253006046383732,0.3950844913992039,311 0.30; 363 0.17; 342 0.09; 312 0.09; 346 0.06; 150 0.06,6,38 0.21; 44 0.15; 35 0.15; 99 0.11; 53 0.09; 52 0.09,6,earned income 0.40; unearned income 0.28; shelter deduction 0.17,"wrong amount, known item 0.40; wrong include/exclude decision 0.19; unreported source of income 0.15; other 0.11",13,14,10,27,0.48148148148148145,0.3074295064970908,0.6601467541378958,0.5185185185185185,10,0.2702702702702703,37,9112.0
4+,count_divisible_by_100 >   1.500 & total_deductions_by_hh_size >   6.620 & unc_rawben_rel_max <=   0.903 & utilities <= 454.000,train_2022_23,49,22,37,16,37,0.43243243243243246,0.2867148684035131,0.5908609366579929,11,37,0.2972972972972973,0.17489302346408198,0.45783439172043583,5,37,0.13513513513513514,0.059132072625076235,0.2797772747070557,2,37,0.05405405405405406,0.01495066277053994,0.1770496506353991,0,37,0.0,0.0,0.09406095745514377,1,37,0.02702702702702703,0.004786851054907726,0.13824378437563367,2,37,0.05405405405405406,0.01495066277053994,0.1770496506353991,15,37,0.40540540540540543,0.26346295839940137,0.565143168686707,7,37,0.1891891891891892,0.09479858757337126,0.342050115709556,6,37,0.16216216216216217,0.07651103235297099,0.31136799295455864,2,37,0.05405405405405406,0.01495066277053994,0.1770496506353991,2,37,0.05405405405405406,0.01495066277053994,0.1770496506353991,1,37,0.02702702702702703,0.004786851054907726,0.13824378437563367,0,37,0.0,0.0,0.09406095745514377,0,37,0.0,0.0,0.09406095745514377,0,37,0.0,0.0,0.09406095745514377,4,37,0.10810810810810811,0.04285120520506268,0.24708846415167163,20,37,0.5405405405405406,0.38383779524767364,0.6896167217154228,7,37,0.1891891891891892,0.09479858757337126,0.342050115709556,10,37,0.2702702702702703,0.15397298246990684,0.4297847547392133,18,37,0.4864864864864865,0.33446153327211037,0.6410536277401908,17,37,0.4594594594594595,0.31038327828457724,0.6161622047523264,0,37,0.0,0.0,0.09406095745514377,0,37,0.0,0.0,0.09406095745514377,2,37,0.05405405405405406,0.01495066277053994,0.1770496506353991,7,37,0.1891891891891892,0.09479858757337126,0.342050115709556,311 0.38; 363 0.14; 346 0.08; 342 0.08; 350 0.05; 334 0.05,6,38 0.19; 44 0.19; 35 0.16; 53 0.11; 99 0.11,5,earned income 0.43; unearned income 0.30; shelter deduction 0.14,"wrong amount, known item 0.41; wrong include/exclude decision 0.19; unreported source of income 0.16",10,12,7,22,0.45454545454545453,0.26920014432004846,0.6534052671095845,0.5454545454545454,7,0.2413793103448276,29,7518.0
4+,count_divisible_by_100 >   1.500 & total_deductions_by_hh_size >   6.620 & unc_rawben_rel_max <=   0.903 & utilities <= 454.000,test_2024,15,5,10,3,10,0.3,0.10778928748621183,0.6032267800204347,2,10,0.2,0.056680947980693314,0.5098431532792765,3,10,0.3,0.10778928748621183,0.6032267800204347,0,10,0.0,0.0,0.2775401687666166,0,10,0.0,0.0,0.2775401687666166,0,10,0.0,0.0,0.2775401687666166,2,10,0.2,0.056680947980693314,0.5098431532792765,4,10,0.4,0.16817758120350967,0.6873304525498135,2,10,0.2,0.056680947980693314,0.5098431532792765,1,10,0.1,0.01787574951572113,0.4041563854975721,2,10,0.2,0.056680947980693314,0.5098431532792765,0,10,0.0,0.0,0.2775401687666166,0,10,0.0,0.0,0.2775401687666166,0,10,0.0,0.0,0.2775401687666166,0,10,0.0,0.0,0.2775401687666166,0,10,0.0,0.0,0.2775401687666166,1,10,0.1,0.01787574951572113,0.4041563854975721,7,10,0.7,0.39677321997956516,0.892210712513788,1,10,0.1,0.01787574951572113,0.4041563854975721,2,10,0.2,0.056680947980693314,0.5098431532792765,6,10,0.6,0.3126695474501864,0.8318224187964902,4,10,0.4,0.16817758120350967,0.6873304525498135,0,10,0.0,0.0,0.2775401687666166,0,10,0.0,0.0,0.2775401687666166,0,10,0.0,0.0,0.2775401687666166,5,10,0.5,0.23658959361548731,0.7634104063845126,363 0.30; 312 0.20; 150 0.10; 342 0.10; 170 0.10,5,38 0.30; 52 0.20; 7 0.10; 6 0.10; 56 0.10,5,shelter deduction 0.30; earned income 0.30; other element 0.20,"wrong amount, known item 0.40; household composition 0.20; wrong include/exclude decision 0.20",3,2,3,5,0.6,0.23071993220883708,0.8823817688407467,0.4,3,0.375,8,1594.0
2-3,rawben_rel_max <=   0.996 & total_deductions_by_hh_size > 441.000 & utilities <= 451.000,all_2022_24,587,203,346,125,346,0.36127167630057805,0.3124340678576174,0.4131560277742342,42,346,0.12138728323699421,0.09107117614174888,0.16001845985351298,73,346,0.21098265895953758,0.17128371153923228,0.25702898769379207,11,346,0.031791907514450865,0.017842948400850978,0.0560236243566484,18,346,0.05202312138728324,0.033156966235019125,0.08072771757616856,31,346,0.08959537572254335,0.06383642489939845,0.12436760801149607,46,346,0.1329479768786127,0.10117279787261771,0.17278433015332315,95,346,0.2745664739884393,0.23020911680098102,0.32387478860077784,100,346,0.28901734104046245,0.24377568111059586,0.33889258932951183,39,346,0.11271676300578035,0.08355826447063495,0.1503807525016176,21,346,0.06069364161849711,0.040036377677354545,0.09099892515684241,26,346,0.07514450867052024,0.05179343480781398,0.10782623306473177,15,346,0.04335260115606936,0.02644535459789092,0.07028871019028748,1,346,0.002890173410404624,0.0005103557592828819,0.01618748692151894,12,346,0.03468208092485549,0.019948767048595075,0.05963467871657406,0,346,0.0,0.0,0.010980969673132068,37,346,0.1069364161849711,0.0785827174613645,0.14392255349554856,211,346,0.6098265895953757,0.5574908920155683,0.6597502822758825,47,346,0.13583815028901733,0.10371215413984694,0.17596184689376368,88,346,0.2543352601156069,0.2113185082169387,0.30274728613113183,161,346,0.4653179190751445,0.4134285119446511,0.5179690119633118,171,346,0.49421965317919075,0.4418915289392646,0.5466747250453958,1,346,0.002890173410404624,0.0005103557592828819,0.01618748692151894,1,346,0.002890173410404624,0.0005103557592828819,0.01618748692151894,12,346,0.03468208092485549,0.019948767048595075,0.05963467871657406,111,346,0.3208092485549133,0.27382264495156783,0.3717312285729071,311 0.33; 363 0.21; 323 0.08; 365 0.05; 150 0.05; 350 0.03,6,38 0.17; 53 0.15; 35 0.11; 99 0.11; 52 0.10; 44 0.04; 56 0.04; 29 0.03,8,earned income 0.36; shelter deduction 0.21; other element 0.13; unearned income 0.12,"wrong include/exclude decision 0.29; wrong amount, known item 0.27; unreported source of income 0.11; other 0.11",166,37,88,203,0.8177339901477833,0.7588895617931097,0.8647760838023604,0.18226600985221675,88,0.3024054982817869,291,70099.0
2-3,rawben_rel_max <=   0.996 & total_deductions_by_hh_size > 441.000 & utilities <= 451.000,train_2022_23,394,136,240,88,240,0.36666666666666664,0.308244912857627,0.4292896177556891,29,240,0.12083333333333333,0.08546293107499936,0.1681508903566185,48,240,0.2,0.15429761779292828,0.25515507608703314,8,240,0.03333333333333333,0.016985260309156956,0.0643855968374497,16,240,0.06666666666666667,0.041448541622887115,0.10553868287039048,18,240,0.075,0.047964373455778676,0.11542694287416666,33,240,0.1375,0.09961054871463783,0.1868114563903156,57,240,0.2375,0.1880618432234884,0.2952092639214778,73,240,0.30416666666666664,0.2494250619404669,0.3650787798978411,28,240,0.11666666666666667,0.08196205521476754,0.16344972029851648,12,240,0.05,0.02883001643094939,0.08534902438899274,21,240,0.0875,0.05794139771629913,0.13005605636864778,11,240,0.04583333333333333,0.025782215329808383,0.08019477957179987,0,240,0.0,0.0,0.015754489799935698,9,240,0.0375,0.019851917405050365,0.06972098565989014,0,240,0.0,0.0,0.015754489799935698,29,240,0.12083333333333333,0.08546293107499936,0.1681508903566185,134,240,0.5583333333333333,0.49507767085201887,0.6197509720046555,37,240,0.15416666666666667,0.11396358955150779,0.20526659922678106,69,240,0.2875,0.23394074051242222,0.3477549176525504,106,240,0.44166666666666665,0.3802490279953446,0.5049223291479812,124,240,0.5166666666666667,0.45367997248566677,0.5791282111876689,0,240,0.0,0.0,0.015754489799935698,0,240,0.0,0.0,0.015754489799935698,10,240,0.041666666666666664,0.022787175722256768,0.0749877732610176,70,240,0.2916666666666667,0.23780336603417557,0.3520943380491309,311 0.33; 363 0.20; 323 0.07; 365 0.07; 150 0.05; 364 0.03; 372 0.03,7,53 0.19; 38 0.17; 99 0.12; 35 0.12; 52 0.10; 44 0.06,6,earned income 0.37; shelter deduction 0.20; other element 0.14; unearned income 0.12,"wrong include/exclude decision 0.30; wrong amount, known item 0.24; other 0.12; unreported source of income 0.12",115,21,53,136,0.8455882352941176,0.7754563190066779,0.8967327863811323,0.15441176470588236,53,0.2804232804232804,189,48337.0
2-3,rawben_rel_max <=   0.996 & total_deductions_by_hh_size > 441.000 & utilities <= 451.000,test_2024,193,67,106,37,106,0.3490566037735849,0.2650355066753068,0.4436358892256996,13,106,0.12264150943396226,0.07309052037980972,0.19858796937270662,25,106,0.2358490566037736,0.16515930334184276,0.32501563948491863,3,106,0.02830188679245283,0.009671108644619023,0.07992700354602641,2,106,0.018867924528301886,0.005189500019088127,0.0662005744153702,13,106,0.12264150943396226,0.07309052037980972,0.19858796937270662,13,106,0.12264150943396226,0.07309052037980972,0.19858796937270662,38,106,0.3584905660377358,0.27361966173474206,0.4532597719224515,27,106,0.25471698113207547,0.18136307591306167,0.3452279424260739,11,106,0.10377358490566038,0.05893898061424893,0.17632343362589323,9,106,0.08490566037735849,0.045311045103536174,0.1535352936242318,5,106,0.04716981132075472,0.020313773391376265,0.10570041431164334,4,106,0.03773584905660377,0.014770608109942171,0.09303554183689035,1,106,0.009433962264150943,0.0016672287844913501,0.05151480789377989,3,106,0.02830188679245283,0.009671108644619023,0.07992700354602641,0,106,0.0,0.0,0.034973998922084165,8,106,0.07547169811320754,0.03873637400565599,0.14190192696592488,77,106,0.7264150943396226,0.6347509773703678,0.8022419287781223,10,106,0.09433962264150944,0.05205194116058447,0.1650024353233706,19,106,0.1792452830188679,0.11786105495852324,0.26306566133111564,55,106,0.5188679245283019,0.4247656250772565,0.6116504504351177,47,106,0.44339622641509435,0.3524492353273998,0.5383025381354777,1,106,0.009433962264150943,0.0016672287844913501,0.05151480789377989,1,106,0.009433962264150943,0.0016672287844913501,0.05151480789377989,2,106,0.018867924528301886,0.005189500019088127,0.0662005744153702,41,106,0.3867924528301887,0.29958735620971916,0.4819161907160358,311 0.31; 363 0.24; 323 0.11; 150 0.06; 350 0.05,5,38 0.16; 56 0.14; 35 0.10; 52 0.10; 99 0.08; 53 0.08; 7 0.06; 57 0.05,8,earned income 0.35; shelter deduction 0.24; unearned income 0.12; other element 0.12,"wrong amount, known item 0.36; wrong include/exclude decision 0.25; unreported source of income 0.10; household composition 0.08",51,16,35,67,0.7611940298507462,0.6467400924582429,0.8473198948938214,0.23880597014925373,35,0.3431372549019608,102,21762.0
1,rawben_rel_max <   1.000 & total_deductions_by_hh_size >= 968.000 & unc_rawben_rel_max >=   0.304 & utilities < 511.000,all_2022_24,304,107,168,24,168,0.14285714285714285,0.09791534368002103,0.20376713599893914,20,168,0.11904761904761904,0.07840033413753869,0.1767276441866855,55,168,0.3273809523809524,0.2609716884984924,0.40150817667967176,19,168,0.1130952380952381,0.07360766611175727,0.1698816868737829,40,168,0.23809523809523808,0.17999951606842027,0.30790096902948383,3,168,0.017857142857142856,0.006091208386598133,0.05118013917999807,7,168,0.041666666666666664,0.020327291690358303,0.08349855723097391,37,168,0.22023809523809523,0.16421635802623952,0.2887682510556126,90,168,0.5357142857142857,0.46034382553061526,0.6094879265014886,16,168,0.09523809523809523,0.05947379664629028,0.14909968032319793,0,168,0.0,0.0,0.02235547155054422,10,168,0.05952380952380952,0.032649751772579616,0.10609197316480459,5,168,0.02976190476190476,0.012777935316137218,0.06777066292782699,1,168,0.005952380952380952,0.0010514882493867714,0.03294260863984144,3,168,0.017857142857142856,0.006091208386598133,0.05118013917999807,0,168,0.0,0.0,0.02235547155054422,6,168,0.03571428571428571,0.016468867472301946,0.07571835611034626,120,168,0.7142857142857143,0.6417804894465735,0.7772100227460506,15,168,0.08928571428571429,0.05485422114410893,0.14208063048669528,33,168,0.19642857142857142,0.14342590715855283,0.2630042005685633,84,168,0.5,0.4252412688200498,0.5747587311799502,77,168,0.4583333333333333,0.3847602882551795,0.5337693343740326,3,168,0.017857142857142856,0.006091208386598133,0.05118013917999807,1,168,0.005952380952380952,0.0010514882493867714,0.03294260863984144,3,168,0.017857142857142856,0.006091208386598133,0.05118013917999807,66,168,0.39285714285714285,0.32219093669811955,0.46831380720556853,363 0.33; 365 0.24; 311 0.13; 364 0.11,4,53 0.41; 35 0.10; 38 0.10; 56 0.10; 52 0.09,5,shelter deduction 0.33; medical deduction 0.24; earned income 0.14; unearned income 0.12,"wrong include/exclude decision 0.54; wrong amount, known item 0.22",102,5,79,107,0.9532710280373832,0.8952450580717131,0.9798776395436226,0.04672897196261682,79,0.42473118279569894,186,28422.0
1,rawben_rel_max <   1.000 & total_deductions_by_hh_size >= 968.000 & unc_rawben_rel_max >=   0.304 & utilities < 511.000,train_2022_23,168,62,92,7,92,0.07608695652173914,0.03734308465448332,0.1488140746583829,12,92,0.13043478260869565,0.07621405253905902,0.2142819325029269,33,92,0.358695652173913,0.268169868995772,0.46054918410851675,9,92,0.09782608695652174,0.05232316443197395,0.17556952517254015,28,92,0.30434782608695654,0.2197355752358598,0.4046446521393093,1,92,0.010869565217391304,0.0019212795763616508,0.05902928886156091,2,92,0.021739130434782608,0.005981915837670909,0.0758364177460756,9,92,0.09782608695652174,0.05232316443197395,0.17556952517254015,64,92,0.6956521739130435,0.5953553478606908,0.7802644247641402,8,92,0.08695652173913043,0.04472065376437301,0.16230427069431713,0,92,0.0,0.0,0.04008280329209862,5,92,0.05434782608695652,0.023434718368504144,0.12098691065271419,2,92,0.021739130434782608,0.005981915837670909,0.0758364177460756,0,92,0.0,0.0,0.04008280329209862,0,92,0.0,0.0,0.04008280329209862,0,92,0.0,0.0,0.04008280329209862,4,92,0.043478260869565216,0.01703544061158062,0.10651842326381375,67,92,0.7282608695652174,0.6295795515958801,0.8086435164664226,12,92,0.13043478260869565,0.07621405253905902,0.2142819325029269,13,92,0.14130434782608695,0.08447613379881469,0.22688761638899513,53,92,0.5760869565217391,0.47405256502938276,0.6720217909913848,35,92,0.3804347826086957,0.2879100189490532,0.48254456444688343,3,92,0.03260869565217391,0.011150975342623229,0.09153512338694722,0,92,0.0,0.0,0.04008280329209862,1,92,0.010869565217391304,0.0019212795763616508,0.05902928886156091,39,92,0.42391304347826086,0.3279782090086152,0.5259474349706172,363 0.36; 365 0.30; 364 0.10,3,53 0.57; 52 0.12; 38 0.10,3,shelter deduction 0.36; medical deduction 0.30; unearned income 0.13,"wrong include/exclude decision 0.70; wrong amount, known item 0.10",60,2,51,62,0.967741935483871,0.8897932286898178,0.9911088150029237,0.03225806451612903,51,0.45132743362831856,113,14698.0
1,rawben_rel_max <   1.000 & total_deductions_by_hh_size >= 968.000 & unc_rawben_rel_max >=   0.304 & utilities < 511.000,test_2024,136,45,76,17,76,0.2236842105263158,0.1446106442066905,0.3293477934999686,8,76,0.10526315789473684,0.054310612607017986,0.19420144125963795,22,76,0.2894736842105263,0.19960875564331393,0.39959767308556926,10,76,0.13157894736842105,0.07306803021855036,0.22554322005699518,12,76,0.15789473684210525,0.09269405994267452,0.25601638674176064,2,76,0.02631578947368421,0.007246507130607822,0.09096795750937933,5,76,0.06578947368421052,0.02842611306337576,0.1449371461899458,28,76,0.3684210526315789,0.268752586837069,0.480751431118483,26,76,0.34210526315789475,0.2453616992261352,0.4540431223205272,8,76,0.10526315789473684,0.054310612607017986,0.19420144125963795,0,76,0.0,0.0,0.04811526823109757,5,76,0.06578947368421052,0.02842611306337576,0.1449371461899458,3,76,0.039473684210526314,0.013514390129808602,0.10974967271462335,1,76,0.013157894736842105,0.002326420140567463,0.0708384462949749,3,76,0.039473684210526314,0.013514390129808602,0.10974967271462335,0,76,0.0,0.0,0.04811526823109757,2,76,0.02631578947368421,0.007246507130607822,0.09096795750937933,53,76,0.6973684210526315,0.5866558660798696,0.7890881069868022,3,76,0.039473684210526314,0.013514390129808602,0.10974967271462335,20,76,0.2631578947368421,0.1772926637089946,0.371814568610999,31,76,0.40789473684210525,0.3044362924110896,0.5202165201577967,42,76,0.5526315789473685,0.4410031528161144,0.6591952400016647,0,76,0.0,0.0,0.04811526823109757,1,76,0.013157894736842105,0.002326420140567463,0.0708384462949749,2,76,0.02631578947368421,0.007246507130607822,0.09096795750937933,27,76,0.35526315789473684,0.257016182954391,0.46743823679671614,363 0.29; 311 0.21; 365 0.16; 364 0.13,4,53 0.22; 56 0.21; 35 0.11; 38 0.09; 64 0.05; 57 0.05; 52 0.05,7,shelter deduction 0.29; earned income 0.22; medical deduction 0.16; utility allowance 0.13,"wrong amount, known item 0.37; wrong include/exclude decision 0.34; unreported source of income 0.11",42,3,28,45,0.9333333333333333,0.8214312561135918,0.977068383537853,0.06666666666666667,28,0.3835616438356164,73,13724.0
2-3,shelter_expenses_by_hh_size >= 559 & total_deductions_by_hh_size >= 414 & utilities < 391,all_2022_24,387,126,221,77,221,0.34841628959276016,0.28867189427678197,0.4133405447024817,29,221,0.13122171945701358,0.09294090462748902,0.18210428273997328,51,221,0.23076923076923078,0.1801049490004734,0.2906335620223979,11,221,0.049773755656108594,0.028016783551494562,0.08691568446154219,11,221,0.049773755656108594,0.028016783551494562,0.08691568446154219,13,221,0.058823529411764705,0.03469521616064434,0.09802755400288415,29,221,0.13122171945701358,0.09294090462748902,0.18210428273997328,52,221,0.23529411764705882,0.18418664462887943,0.29544701746923774,74,221,0.334841628959276,0.2759110839003423,0.3994159018531838,27,221,0.12217194570135746,0.08533706087420162,0.17191782434276892,8,221,0.03619909502262444,0.0184544943883985,0.06979252039890067,11,221,0.049773755656108594,0.028016783551494562,0.08691568446154219,13,221,0.058823529411764705,0.03469521616064434,0.09802755400288415,0,221,0.0,1.734723475976807e-18,0.01708580618533225,12,221,0.05429864253393665,0.03133028389474342,0.0924973351935392,0,221,0.0,1.734723475976807e-18,0.01708580618533225,24,221,0.1085972850678733,0.07406949237974061,0.15649993961149236,128,221,0.579185520361991,0.5132868664855718,0.6423782773312309,28,221,0.12669683257918551,0.08913032651072171,0.17701970978149467,65,221,0.29411764705882354,0.23797292814123025,0.35729769793508304,102,221,0.46153846153846156,0.39702960048389657,0.5273616153765137,112,221,0.5067873303167421,0.44132093952605067,0.5720217870868181,0,221,0.0,1.734723475976807e-18,0.01708580618533225,0,221,0.0,1.734723475976807e-18,0.01708580618533225,7,221,0.03167420814479638,0.015425869270221718,0.06392599444183159,64,221,0.2895927601809955,0.2337910528014271,0.3525844221996405,311 0.32; 363 0.23; 323 0.05; 364 0.05; 365 0.05; 350 0.03; 331 0.03,7,53 0.18; 38 0.18; 35 0.12; 52 0.12; 99 0.11; 29 0.05,6,earned income 0.35; shelter deduction 0.23; other element 0.13; unearned income 0.13,"wrong include/exclude decision 0.33; wrong amount, known item 0.24; unreported source of income 0.12; other 0.11",108,18,48,126,0.8571428571428571,0.7854653227896695,0.9076869489013755,0.14285714285714285,48,0.27586206896551724,174,49412.0
2-3,shelter_expenses_by_hh_size >= 559 & total_deductions_by_hh_size >= 414 & utilities < 391,train_2022_23,311,106,187,66,187,0.35294117647058826,0.28803483252833406,0.42376804483173836,23,187,0.12299465240641712,0.083372120558746,0.17779525594616696,42,187,0.22459893048128343,0.17067488279140935,0.28961050571927177,10,187,0.053475935828877004,0.029302850704618792,0.09562588600687388,11,187,0.058823529411764705,0.03315985155649323,0.10224878052372405,11,187,0.058823529411764705,0.03315985155649323,0.10224878052372405,24,187,0.12834224598930483,0.08778302429586352,0.18386424757777411,42,187,0.22459893048128343,0.17067488279140935,0.28961050571927177,63,187,0.33689839572192515,0.27304196510962464,0.4073212261442738,23,187,0.12299465240641712,0.083372120558746,0.17779525594616696,6,187,0.03208556149732621,0.014786232211873217,0.06822292302472088,11,187,0.058823529411764705,0.03315985155649323,0.10224878052372405,11,187,0.058823529411764705,0.03315985155649323,0.10224878052372405,0,187,0.0,0.0,0.020129783024246284,9,187,0.0481283422459893,0.025523878694330954,0.08892496264843706,0,187,0.0,0.0,0.020129783024246284,22,187,0.11764705882352941,0.07898820407454138,0.17169927706164695,104,187,0.5561497326203209,0.4845193920694856,0.6255195093021232,24,187,0.12834224598930483,0.08778302429586352,0.18386424757777411,59,187,0.3155080213903743,0.25318337154906945,0.3852602382299304,84,187,0.44919786096256686,0.37964047544544016,0.5208005185516758,97,187,0.5187165775401069,0.44744880170418844,0.5892308320863477,0,187,0.0,0.0,0.020129783024246284,0,187,0.0,0.0,0.020129783024246284,6,187,0.03208556149732621,0.014786232211873217,0.06822292302472088,48,187,0.25668449197860965,0.19941564595673483,0.32374911476629403,311 0.32; 363 0.22; 365 0.06; 323 0.05; 364 0.05; 150 0.03; 331 0.03,7,53 0.19; 38 0.18; 35 0.12; 99 0.12; 52 0.12; 44 0.05,6,earned income 0.35; shelter deduction 0.22; other element 0.13; unearned income 0.12,"wrong include/exclude decision 0.34; wrong amount, known item 0.22; unreported source of income 0.12; other 0.12",93,13,39,106,0.8773584905660378,0.8014120306272934,0.9269094796201902,0.12264150943396226,39,0.2689655172413793,145,40672.0
2-3,shelter_expenses_by_hh_size >= 559 & total_deductions_by_hh_size >= 414 & utilities < 391,test_2024,76,20,34,11,34,0.3235294117647059,0.19131451326458573,0.4915741595188061,6,34,0.17647058823529413,0.08348855603569685,0.33514067740052156,9,34,0.2647058823529412,0.14601027541553796,0.4311746216289845,1,34,0.029411764705882353,0.00521077192559663,0.1491590221634482,0,34,0.0,0.0,0.10151790621961015,2,34,0.058823529411764705,0.016282313063842452,0.1909393688946371,5,34,0.14705882352941177,0.06449346382626417,0.30128388174051957,10,34,0.29411764705882354,0.16834452609931952,0.4616922588146376,11,34,0.3235294117647059,0.19131451326458573,0.4915741595188061,4,34,0.11764705882352941,0.04671370973436122,0.26621174796298774,2,34,0.058823529411764705,0.016282313063842452,0.1909393688946371,0,34,0.0,0.0,0.10151790621961015,2,34,0.058823529411764705,0.016282313063842452,0.1909393688946371,0,34,0.0,0.0,0.10151790621961015,3,34,0.08823529411764706,0.030465390304310128,0.22960817952360413,0,34,0.0,0.0,0.10151790621961015,2,34,0.058823529411764705,0.016282313063842452,0.1909393688946371,24,34,0.7058823529411765,0.5383077411853625,0.8316554739006805,4,34,0.11764705882352941,0.04671370973436122,0.26621174796298774,6,34,0.17647058823529413,0.08348855603569685,0.33514067740052156,18,34,0.5294117647058824,0.3673644042005483,0.6854874836688863,15,34,0.4411764705882353,0.28883240215296746,0.6054638221081631,0,34,0.0,0.0,0.10151790621961015,0,34,0.0,0.0,0.10151790621961015,1,34,0.029411764705882353,0.00521077192559663,0.1491590221634482,16,34,0.47058823529411764,0.31451251633111366,0.6326355957994516,311 0.29; 363 0.26; 350 0.06; 371 0.06; 343 0.03; 372 0.03; 130 0.03,7,38 0.18; 35 0.12; 52 0.12; 53 0.12; 56 0.09; 29 0.09; 98 0.06,7,earned income 0.32; shelter deduction 0.26; unearned income 0.18,"wrong include/exclude decision 0.32; wrong amount, known item 0.29; unreported source of income 0.12; limits and thresholds 0.09",15,5,9,20,0.75,0.5312949900419365,0.888139947210597,0.25,9,0.3103448275862069,29,8740.0
4+,shelter_expenses_by_hh_size >  75.8 & shelter_expenses_by_hh_size <= 258.0 & total_deductions_by_hh_size > 210.0,all_2022_24,247,82,148,44,148,0.2972972972972973,0.22954376370104174,0.37530760772813193,22,148,0.14864864864864866,0.10025962527909332,0.21481608519814088,21,148,0.14189189189189189,0.09471518365052617,0.20718890587434713,6,148,0.04054054054054054,0.01871011814260458,0.0856196570968555,1,148,0.006756756756756757,0.0011937001683413329,0.03727797030931433,43,148,0.2905405405405405,0.22343062480550954,0.3682491256713032,11,148,0.07432432432432433,0.04200526894478101,0.1281826110564835,49,148,0.3310810810810811,0.26037890863761337,0.4103305675533647,54,148,0.36486486486486486,0.2916373002819259,0.4449302806708565,10,148,0.06756756756756757,0.037111819808935645,0.11990443923996798,7,148,0.0472972972972973,0.023096704287251545,0.0944046919045694,8,148,0.05405405405405406,0.027641133409649507,0.10303188373453236,6,148,0.04054054054054054,0.01871011814260458,0.0856196570968555,2,148,0.013513513513513514,0.0037136718210305925,0.04792961960898595,0,148,0.0,0.0,0.02530004952529478,0,148,0.0,0.0,0.02530004952529478,12,148,0.08108108108108109,0.04698790503444143,0.13637159591918396,101,146,0.6917808219178082,0.612765026646813,0.7609629634440562,11,146,0.07534246575342465,0.04258787980687761,0.12987157070619754,34,146,0.2328767123287671,0.17170339585737796,0.30774690365891133,81,148,0.5472972972972973,0.4669183065408073,0.6252830401257188,56,148,0.3783783783783784,0.30425277698958925,0.458658045867915,0,148,0.0,0.0,0.02530004952529478,2,148,0.013513513513513514,0.0037136718210305925,0.04792961960898595,9,148,0.060810810810810814,0.03231898960293868,0.11152564849360407,62,146,0.4246575342465753,0.34742075561217084,0.5057575339949878,311 0.27; 323 0.20; 363 0.14; 366 0.09; 350 0.05,5,38 0.20; 53 0.18; 52 0.16; 99 0.08; 44 0.07; 35 0.07,6,earned income 0.30; dep care or child support deduction 0.29; unearned income 0.15; shelter deduction 0.14,"wrong include/exclude decision 0.36; wrong amount, known item 0.33; other 0.08",61,21,41,82,0.7439024390243902,0.6400090293352574,0.8259655098159233,0.25609756097560976,41,0.3333333333333333,123,38251.0
4+,shelter_expenses_by_hh_size >  75.8 & shelter_expenses_by_hh_size <= 258.0 & total_deductions_by_hh_size > 210.0,train_2022_23,178,64,114,33,114,0.2894736842105263,0.21416522774282082,0.3785083272666156,18,114,0.15789473684210525,0.10227178824604191,0.23582273864429223,13,114,0.11403508771929824,0.06786457323913277,0.1853702776115006,5,114,0.043859649122807015,0.01887723116129667,0.0985821380258155,1,114,0.008771929824561403,0.0015501030386822767,0.04802152531666931,37,114,0.32456140350877194,0.24555015263764907,0.415011143203548,7,114,0.06140350877192982,0.030058899274456374,0.12134434032853611,34,114,0.2982456140350877,0.22196010636934355,0.387685383848033,49,114,0.4298245614035088,0.34269963895219036,0.5215248793842885,7,114,0.06140350877192982,0.030058899274456374,0.12134434032853611,6,114,0.05263157894736842,0.024341829683317877,0.11008947471173444,5,114,0.043859649122807015,0.01887723116129667,0.0985821380258155,3,114,0.02631578947368421,0.008989398451945727,0.07452610031928616,0,114,0.0,0.0,0.03259969314741144,0,114,0.0,0.0,0.03259969314741144,0,114,0.0,0.0,0.03259969314741144,10,114,0.08771929824561403,0.04834458359214472,0.1539744616346682,80,114,0.7017543859649122,0.6123146161519669,0.7780398936306564,10,114,0.08771929824561403,0.04834458359214472,0.1539744616346682,24,114,0.21052631578947367,0.14575199266859673,0.2941741454693783,64,114,0.5614035087719298,0.4697858335407131,0.6490177129148679,41,114,0.35964912280701755,0.27745645534646424,0.45099258132649334,0,114,0.0,0.0,0.03259969314741144,0,114,0.0,0.0,0.03259969314741144,9,114,0.07894736842105263,0.04208813714490404,0.14325897287396874,51,114,0.4473684210526316,0.3592924168805951,0.5388759718717641,311 0.25; 323 0.24; 363 0.11; 366 0.09; 350 0.05; 150 0.04,6,38 0.22; 53 0.20; 52 0.20; 99 0.09; 44 0.08,5,dep care or child support deduction 0.32; earned income 0.29; unearned income 0.16,"wrong include/exclude decision 0.43; wrong amount, known item 0.30; other 0.09",46,18,33,64,0.71875,0.598658376004965,0.8140677389451542,0.28125,33,0.3402061855670103,97,28436.0
4+,shelter_expenses_by_hh_size >  75.8 & shelter_expenses_by_hh_size <= 258.0 & total_deductions_by_hh_size > 210.0,test_2024,69,18,34,11,34,0.3235294117647059,0.19131451326458573,0.4915741595188061,4,34,0.11764705882352941,0.04671370973436122,0.26621174796298774,8,34,0.23529411764705882,0.12436838109244344,0.3999646280826443,1,34,0.029411764705882353,0.00521077192559663,0.1491590221634482,0,34,0.0,0.0,0.10151790621961015,6,34,0.17647058823529413,0.08348855603569685,0.33514067740052156,4,34,0.11764705882352941,0.04671370973436122,0.26621174796298774,15,34,0.4411764705882353,0.28883240215296746,0.6054638221081631,5,34,0.14705882352941177,0.06449346382626417,0.30128388174051957,3,34,0.08823529411764706,0.030465390304310128,0.22960817952360413,1,34,0.029411764705882353,0.00521077192559663,0.1491590221634482,3,34,0.08823529411764706,0.030465390304310128,0.22960817952360413,3,34,0.08823529411764706,0.030465390304310128,0.22960817952360413,2,34,0.058823529411764705,0.016282313063842452,0.1909393688946371,0,34,0.0,0.0,0.10151790621961015,0,34,0.0,0.0,0.10151790621961015,2,34,0.058823529411764705,0.016282313063842452,0.1909393688946371,21,32,0.65625,0.4831077350878594,0.7958976664567146,1,32,0.03125,0.005537717362550945,0.15744607800372734,10,32,0.3125,0.17952352116618736,0.4856699969803239,17,34,0.5,0.34069062628048985,0.6593093737195102,15,34,0.4411764705882353,0.28883240215296746,0.6054638221081631,0,34,0.0,0.0,0.10151790621961015,2,34,0.058823529411764705,0.016282313063842452,0.1909393688946371,0,34,0.0,0.0,0.10151790621961015,11,32,0.34375,0.20410233354328552,0.5168922649121406,311 0.32; 363 0.24; 323 0.09; 366 0.09; 350 0.06,5,56 0.21; 38 0.12; 53 0.12; 35 0.09; 44 0.06; 97 0.06; 57 0.06; 99 0.06,8,earned income 0.32; shelter deduction 0.24; dep care or child support deduction 0.18; unearned income 0.12,"wrong amount, known item 0.44; wrong include/exclude decision 0.15; unreported source of income 0.09; change in circumstances 0.09",15,3,8,18,0.8333333333333334,0.6077750036164076,0.9416352959953425,0.16666666666666666,8,0.3076923076923077,26,9815.0
1,cat_elig <=   1.5 & shelter_expenses_by_hh_size <= 832.0 & total_deductions_by_hh_size > 540.0,all_2022_24,2172,288,397,84,397,0.21158690176322417,0.1742711420395669,0.25443086892935446,125,397,0.3148614609571788,0.27113185388422084,0.36213974267661503,50,397,0.12594458438287154,0.09685127497629714,0.16220766501396333,24,397,0.060453400503778336,0.040957384290044946,0.08837450142241601,72,397,0.181360201511335,0.14656924361068732,0.22225874230694195,12,397,0.030226700251889168,0.017373772657522695,0.052084088003646195,30,397,0.07556675062972293,0.053442110808315436,0.1058267874297916,75,397,0.1889168765743073,0.15346136633182914,0.23033512584862317,181,397,0.45591939546599497,0.4075820881949048,0.5051016252719608,49,397,0.12342569269521411,0.09463228986728646,0.15943714803536635,4,397,0.010075566750629723,0.0039249082667383774,0.025616935693569133,34,397,0.08564231738035265,0.06193208504307827,0.11729482154545945,17,397,0.042821158690176324,0.026904525353954406,0.06750084574525286,8,397,0.020151133501259445,0.010245362942109494,0.03925448936862871,13,397,0.0327455919395466,0.019234652514082278,0.05521271023469429,0,397,0.0,0.0,0.009583835609876816,16,397,0.04030226700251889,0.0249571511031151,0.0644587179084845,174,396,0.4393939393939394,0.391324407801909,0.488628053372716,47,396,0.11868686868686869,0.09043805432790072,0.15426284722911582,175,396,0.44191919191919193,0.3937960974269356,0.4911583445320801,251,397,0.6322418136020151,0.5837519348251261,0.6781969247742767,129,397,0.3249370277078086,0.28073389579084895,0.37249570912041763,7,397,0.017632241813602016,0.00856662356062179,0.035943726662508745,1,397,0.0025188916876574307,0.00044477326022158634,0.014128564437262904,9,397,0.022670025188916875,0.011971569635250427,0.04251778476309545,185,396,0.4671717171717172,0.41858215214262895,0.5163920976602929,311 0.20; 331 0.20; 365 0.18; 363 0.13; 364 0.06,5,53 0.26; 38 0.15; 35 0.12; 37 0.12; 52 0.07; 39 0.06,6,unearned income 0.31; earned income 0.21; medical deduction 0.18; shelter deduction 0.13,"wrong include/exclude decision 0.46; wrong amount, known item 0.19; unreported source of income 0.12",272,16,97,288,0.9444444444444444,0.9116702324499548,0.9655179408604986,0.05555555555555555,97,0.2519480519480519,385,61152.0
1,cat_elig <=   1.5 & shelter_expenses_by_hh_size <= 832.0 & total_deductions_by_hh_size > 540.0,train_2022_23,1885,241,330,77,330,0.23333333333333334,0.19092736838756502,0.2818765002735006,98,330,0.296969696969697,0.2502353769844921,0.3483766593824556,38,330,0.11515151515151516,0.08505319006289552,0.1541069385729605,18,330,0.05454545454545454,0.0347774905027539,0.0845653355560716,61,330,0.18484848484848485,0.14667717594735144,0.23027285065208972,9,330,0.02727272727272727,0.014413164143682742,0.05101187575547901,29,330,0.08787878787878788,0.06188248459699912,0.12335985787919317,59,330,0.1787878787878788,0.14121443393458666,0.22375386240715145,150,330,0.45454545454545453,0.40165211231161646,0.5084849107556106,40,330,0.12121212121212122,0.09028993004410307,0.16085192884945604,3,330,0.00909090909090909,0.0030963958569047694,0.026383453269147823,30,330,0.09090909090909091,0.06442087679728196,0.12681233080776186,16,330,0.048484848484848485,0.030061239731602945,0.0772998560695195,6,330,0.01818181818181818,0.008358751384953416,0.03909369312765376,13,330,0.03939393939393939,0.023164005297617276,0.06622449511695058,0,330,0.0,0.0,0.011507253739498012,13,330,0.03939393939393939,0.023164005297617276,0.06622449511695058,139,330,0.4212121212121212,0.36914513917926994,0.47509236747059036,40,330,0.12121212121212122,0.09028993004410307,0.16085192884945604,151,330,0.4575757575757576,0.4046191986352203,0.5115086895608583,203,330,0.6151515151515151,0.5616154753754329,0.6660373995209251,111,330,0.33636363636363636,0.2875294745394407,0.3889638085025768,7,330,0.021212121212121213,0.010312191518022967,0.043131118123435744,0,330,0.0,0.0,0.011507253739498012,9,330,0.02727272727272727,0.014413164143682742,0.05101187575547901,159,330,0.4818181818181818,0.4284265356071542,0.5356282736197365,311 0.22; 331 0.20; 365 0.18; 363 0.12; 364 0.05,5,53 0.27; 38 0.17; 35 0.12; 37 0.11; 52 0.08; 39 0.07,6,unearned income 0.30; earned income 0.23; medical deduction 0.18; shelter deduction 0.12,"wrong include/exclude decision 0.45; wrong amount, known item 0.18; unreported source of income 0.12",227,14,79,241,0.941908713692946,0.9048655074220895,0.9650846971183153,0.058091286307053944,79,0.246875,320,50445.0
1,cat_elig <=   1.5 & shelter_expenses_by_hh_size <= 832.0 & total_deductions_by_hh_size > 540.0,test_2024,287,47,67,7,67,0.1044776119402985,0.05153704291423214,0.20031497623835617,27,67,0.40298507462686567,0.2939031193036935,0.5225888853941111,12,67,0.1791044776119403,0.10553487941259442,0.28747713612629794,6,67,0.08955223880597014,0.04169038288133413,0.18192963699399334,11,67,0.16417910447761194,0.09422515633762062,0.27055485992401096,3,67,0.04477611940298507,0.015343696938151803,0.12358032510539321,1,67,0.014925373134328358,0.002639503757676784,0.0798205197313466,16,67,0.23880597014925373,0.15268010510617858,0.35325990754175707,31,67,0.4626865671641791,0.34858248875358616,0.5808375130532616,9,67,0.13432835820895522,0.0723100999598399,0.23600591774727003,1,67,0.014925373134328358,0.002639503757676784,0.0798205197313466,4,67,0.05970149253731343,0.023458971433043548,0.1436970498877623,1,67,0.014925373134328358,0.002639503757676784,0.0798205197313466,2,67,0.029850746268656716,0.008224522347453904,0.10246750041883029,0,67,0.0,0.0,0.05422802421176257,0,67,0.0,0.0,0.05422802421176257,3,67,0.04477611940298507,0.015343696938151803,0.12358032510539321,35,66,0.5303030303030303,0.41157476624932443,0.645697690280881,7,66,0.10606060606060606,0.05233280771918242,0.20312525738814619,24,66,0.36363636363636365,0.25806811940620944,0.4842058262078659,48,67,0.7164179104477612,0.5990653510922904,0.8102986384279914,18,67,0.26865671641791045,0.1772206517897013,0.3851833594127559,0,67,0.0,0.0,0.05422802421176257,1,67,0.014925373134328358,0.002639503757676784,0.0798205197313466,0,67,0.0,0.0,0.05422802421176257,26,66,0.3939393939393939,0.2850282099029192,0.5145181922413615,331 0.21; 363 0.18; 365 0.16; 333 0.12; 311 0.10,5,53 0.25; 37 0.16; 35 0.13; 56 0.10; 38 0.09; 99 0.04,6,unearned income 0.40; shelter deduction 0.18; medical deduction 0.16; earned income 0.10,"wrong include/exclude decision 0.46; wrong amount, known item 0.24; unreported source of income 0.13",45,2,18,47,0.9574468085106383,0.8575121280614056,0.9882519706294303,0.0425531914893617,18,0.27692307692307694,65,10707.0
2-3,medical_deductions >= 132.000 & rawben_rel_max >=   0.209 & shelter_expenses_by_hh_size >= 225.000 & shelter_expenses_by_hh_size < 408.000,all_2022_24,141,48,93,3,93,0.03225806451612903,0.011030412935116203,0.09059533467748004,26,93,0.27956989247311825,0.19850210044898137,0.3781261254374145,22,93,0.23655913978494625,0.16172548448287755,0.3322936147472054,3,93,0.03225806451612903,0.011030412935116203,0.09059533467748004,30,93,0.3225806451612903,0.23624803528547356,0.4229893172572353,3,93,0.03225806451612903,0.011030412935116203,0.09059533467748004,6,93,0.06451612903225806,0.029901024142029796,0.13368156846280116,23,93,0.24731182795698925,0.17082099814063503,0.3438503827535262,49,93,0.5268817204301075,0.4263683964671289,0.6252623076930667,4,93,0.043010752688172046,0.016850881320861148,0.10542714795581334,3,93,0.03225806451612903,0.011030412935116203,0.09059533467748004,1,93,0.010752688172043012,0.001900593097955601,0.05842059118648415,3,93,0.03225806451612903,0.011030412935116203,0.09059533467748004,0,93,0.0,0.0,0.0396689026203615,0,93,0.0,0.0,0.0396689026203615,0,93,0.0,0.0,0.0396689026203615,10,93,0.10752688172043011,0.059462429584426144,0.1867292896767178,61,93,0.6559139784946236,0.5549073090695003,0.7445507750596343,9,93,0.0967741935483871,0.05175108300166125,0.17378835459540445,23,93,0.24731182795698925,0.17082099814063503,0.3438503827535262,59,93,0.6344086021505376,0.5330090301523664,0.7251444906486115,29,93,0.3118279569892473,0.2267273118974027,0.411857758981228,0,93,0.0,0.0,0.0396689026203615,0,93,0.0,0.0,0.0396689026203615,5,93,0.053763440860215055,0.023180332422992958,0.11974997851775977,48,93,0.5161290322580645,0.4159537133977669,0.6150247090983505,365 0.32; 363 0.24; 331 0.15; 346 0.05,4,53 0.30; 52 0.17; 38 0.15; 99 0.11; 35 0.04,5,medical deduction 0.32; unearned income 0.28; shelter deduction 0.24,"wrong include/exclude decision 0.53; wrong amount, known item 0.25",44,4,33,48,0.9166666666666666,0.8044643483893369,0.9671167756500444,0.08333333333333333,33,0.4074074074074074,81,14770.0
2-3,medical_deductions >= 132.000 & rawben_rel_max >=   0.209 & shelter_expenses_by_hh_size >= 225.000 & shelter_expenses_by_hh_size < 408.000,train_2022_23,90,35,67,2,67,0.029850746268656716,0.008224522347453904,0.10246750041883029,16,67,0.23880597014925373,0.15268010510617858,0.35325990754175707,17,67,0.2537313432835821,0.16487779577697392,0.36929421614822255,2,67,0.029850746268656716,0.008224522347453904,0.10246750041883029,21,67,0.31343283582089554,0.2150519322660779,0.4320480767681618,3,67,0.04477611940298507,0.015343696938151803,0.12358032510539321,6,67,0.08955223880597014,0.04169038288133413,0.18192963699399334,10,67,0.14925373134328357,0.08314184208625061,0.2534061748981201,37,67,0.5522388059701493,0.4335740153183886,0.6652379821520243,3,67,0.04477611940298507,0.015343696938151803,0.12358032510539321,3,67,0.04477611940298507,0.015343696938151803,0.12358032510539321,1,67,0.014925373134328358,0.002639503757676784,0.0798205197313466,3,67,0.04477611940298507,0.015343696938151803,0.12358032510539321,0,67,0.0,0.0,0.05422802421176257,0,67,0.0,0.0,0.05422802421176257,0,67,0.0,0.0,0.05422802421176257,10,67,0.14925373134328357,0.08314184208625061,0.2534061748981201,46,67,0.6865671641791045,0.5679519232318382,0.784948067733922,7,67,0.1044776119402985,0.05153704291423214,0.20031497623835617,14,67,0.208955223880597,0.12875568729828915,0.32072032679512485,41,67,0.6119402985074627,0.4922287051487494,0.7195112894307066,23,67,0.34328358208955223,0.24088841959339707,0.4626755879953642,0,67,0.0,0.0,0.05422802421176257,0,67,0.0,0.0,0.05422802421176257,3,67,0.04477611940298507,0.015343696938151803,0.12358032510539321,33,67,0.4925373134328358,0.37651970947161373,0.6093642908897559,365 0.31; 363 0.25; 331 0.16; 520 0.04,4,53 0.34; 52 0.18; 99 0.15; 38 0.12,4,medical deduction 0.31; shelter deduction 0.25; unearned income 0.24,"wrong include/exclude decision 0.55; other 0.15; wrong amount, known item 0.15",32,3,26,35,0.9142857142857143,0.7762040092883747,0.970418168994703,0.08571428571428572,26,0.4262295081967213,61,10605.0
2-3,medical_deductions >= 132.000 & rawben_rel_max >=   0.209 & shelter_expenses_by_hh_size >= 225.000 & shelter_expenses_by_hh_size < 408.000,test_2024,51,13,26,1,26,0.038461538461538464,0.0068218089769898765,0.18893176991958405,10,26,0.38461538461538464,0.22428359511834428,0.5746547996057992,5,26,0.19230769230769232,0.08506935771788268,0.3787663615465,1,26,0.038461538461538464,0.0068218089769898765,0.18893176991958405,9,26,0.34615384615384615,0.19412014972852126,0.5377977099036699,0,26,0.0,0.0,0.12873304380462175,0,26,0.0,0.0,0.12873304380462175,13,26,0.5,0.32060306315002074,0.6793969368499793,12,26,0.46153846153846156,0.28755582695234905,0.6454236379556988,1,26,0.038461538461538464,0.0068218089769898765,0.18893176991958405,0,26,0.0,0.0,0.12873304380462175,0,26,0.0,0.0,0.12873304380462175,0,26,0.0,0.0,0.12873304380462175,0,26,0.0,0.0,0.12873304380462175,0,26,0.0,0.0,0.12873304380462175,0,26,0.0,0.0,0.12873304380462175,0,26,0.0,0.0,0.12873304380462175,15,26,0.5769230769230769,0.3894829692111983,0.744558100972706,2,26,0.07692307692307693,0.02135463918337556,0.24141947480515052,9,26,0.34615384615384615,0.19412014972852126,0.5377977099036699,18,26,0.6923076923076923,0.5001138848576876,0.8349887906020732,6,26,0.23076923076923078,0.11033699683676687,0.42051925751956787,0,26,0.0,0.0,0.12873304380462175,0,26,0.0,0.0,0.12873304380462175,2,26,0.07692307692307693,0.02135463918337556,0.24141947480515052,15,26,0.5769230769230769,0.3894829692111983,0.744558100972706,365 0.35; 363 0.19; 346 0.15; 331 0.12,4,38 0.23; 53 0.19; 52 0.15; 56 0.12; 57 0.12,5,unearned income 0.38; medical deduction 0.35; shelter deduction 0.19,"wrong amount, known item 0.50; wrong include/exclude decision 0.46",12,1,7,13,0.9230769230769231,0.6668546607175265,0.9862899336203037,0.07692307692307693,7,0.35,20,4165.0
1,count_divisible_by_100 <=   0.5 & shelter_expenses_by_hh_size > 544.0 & shelter_expenses_by_hh_size <= 862.0 & total_deductions_by_hh_size > 539.0,all_2022_24,2999,391,558,129,558,0.23118279569892472,0.1981115288607938,0.26793014551860417,153,558,0.27419354838709675,0.23881694776724344,0.31265805871145086,94,558,0.16845878136200718,0.13969441176136305,0.2017569866398945,46,558,0.08243727598566308,0.06237184118828201,0.10821289301438292,85,558,0.15232974910394265,0.12489842995636022,0.1845154689076612,12,558,0.021505376344086023,0.012343860171559735,0.03721032022376877,39,558,0.06989247311827956,0.05154628912843723,0.09412038987859961,125,558,0.22401433691756273,0.19137402422196284,0.2604287614742192,237,558,0.42473118279569894,0.3843691144591841,0.4661225543670474,71,558,0.12724014336917563,0.10211575365647373,0.15746203481629154,11,558,0.01971326164874552,0.011042438992087292,0.034952019232437195,44,558,0.07885304659498207,0.059261850397431745,0.10420343946362516,21,558,0.03763440860215054,0.02474479164071474,0.05684688829184988,11,558,0.01971326164874552,0.011042438992087292,0.034952019232437195,15,558,0.026881720430107527,0.016357018720048383,0.04387632818769216,0,558,0.0,0.0,0.0068375143456803475,23,558,0.04121863799283154,0.027620671994258533,0.06109045227991411,279,555,0.5027027027027027,0.4612292677370576,0.5441389797234035,65,555,0.11711711711711711,0.09295871712909896,0.14653955930558304,210,555,0.3783783783783784,0.338995385341355,0.41943347893789695,322,558,0.5770609318996416,0.5356799888339537,0.6173880645106188,214,558,0.3835125448028674,0.344094200036139,0.42452385886160016,8,558,0.014336917562724014,0.0072821610991001835,0.02803313061301227,3,558,0.005376344086021506,0.0018300585201064049,0.015686622337985984,11,558,0.01971326164874552,0.011042438992087292,0.034952019232437195,241,555,0.43423423423423424,0.39358854400754634,0.4757841011212343,311 0.21; 363 0.17; 331 0.16; 365 0.15; 364 0.08,5,53 0.23; 38 0.15; 35 0.13; 37 0.10; 52 0.10; 39 0.05; 99 0.04,7,unearned income 0.27; earned income 0.23; shelter deduction 0.17; medical deduction 0.15,"wrong include/exclude decision 0.42; wrong amount, known item 0.22; unreported source of income 0.13",356,35,137,391,0.9104859335038363,0.8780506901760489,0.9349335546451657,0.08951406649616368,137,0.25946969696969696,528,86680.0
1,count_divisible_by_100 <=   0.5 & shelter_expenses_by_hh_size > 544.0 & shelter_expenses_by_hh_size <= 862.0 & total_deductions_by_hh_size > 539.0,train_2022_23,2001,254,346,76,346,0.21965317919075145,0.17923824130796306,0.2662250769480705,104,346,0.30057803468208094,0.2546707467801701,0.3508650156906167,52,346,0.15028901734104047,0.11648557571551726,0.19177279035644218,22,346,0.06358381502890173,0.042361037567842263,0.09439113827402443,59,346,0.17052023121387283,0.13456208196998137,0.21371439515566631,6,346,0.017341040462427744,0.007971066179106003,0.0373111415400446,27,346,0.07803468208092486,0.054181449377085716,0.11115509150312977,63,346,0.18208092485549132,0.14498189418698368,0.22616207496934307,159,346,0.4595375722543353,0.40775678288073725,0.512206995011886,37,346,0.1069364161849711,0.0785827174613645,0.14392255349554856,4,346,0.011560693641618497,0.004504586933130127,0.029343874770680962,32,346,0.09248554913294797,0.06627366089711767,0.1276472450214466,17,346,0.049132947976878616,0.030899194515957417,0.07726861628756052,6,346,0.017341040462427744,0.007971066179106003,0.0373111415400446,11,346,0.031791907514450865,0.017842948400850978,0.0560236243566484,0,346,0.0,0.0,0.010980969673132068,17,346,0.049132947976878616,0.030899194515957417,0.07726861628756052,153,346,0.4421965317919075,0.39078364514195507,0.49487889470464963,45,346,0.13005780346820808,0.09863886743889705,0.16960138757937404,148,346,0.4277456647398844,0.3766879185588462,0.4803902562494098,201,346,0.5809248554913294,0.5283243321845268,0.6317481120302264,128,346,0.3699421965317919,0.32075871236837916,0.42198200228648164,7,346,0.02023121387283237,0.009833683317329922,0.04116539740949044,0,346,0.0,0.0,0.010980969673132068,10,346,0.028901734104046242,0.015773000893824673,0.05237669885600495,156,346,0.4508670520231214,0.3992623090318133,0.5035508498378007,311 0.21; 331 0.19; 365 0.17; 363 0.15; 364 0.06,5,53 0.26; 38 0.16; 37 0.11; 35 0.11; 52 0.09; 39 0.06,6,unearned income 0.30; earned income 0.22; medical deduction 0.17; shelter deduction 0.15,"wrong include/exclude decision 0.46; wrong amount, known item 0.18; unreported source of income 0.11; change in circumstances 0.09",238,16,90,254,0.937007874015748,0.9001357413793654,0.9608579850014825,0.06299212598425197,90,0.2616279069767442,344,50457.0
1,count_divisible_by_100 <=   0.5 & shelter_expenses_by_hh_size > 544.0 & shelter_expenses_by_hh_size <= 862.0 & total_deductions_by_hh_size > 539.0,test_2024,998,137,212,53,212,0.25,0.1965102112098247,0.3123889074030841,49,212,0.23113207547169812,0.17947433541230418,0.2923605657374279,42,212,0.19811320754716982,0.1500411918346862,0.25693132875448665,24,212,0.11320754716981132,0.07726437297059427,0.1629191690342834,26,212,0.12264150943396226,0.08508357367424874,0.17363207706221728,6,212,0.02830188679245283,0.013034018623721461,0.06036054479686105,12,212,0.05660377358490566,0.03267248861472004,0.09631840100062754,62,212,0.29245283018867924,0.2353477007635974,0.35694590714145896,78,212,0.36792452830188677,0.30589656276334753,0.43465391499441564,34,212,0.16037735849056603,0.11709470910753234,0.21574937655528703,7,212,0.0330188679245283,0.01608445290242097,0.06657616488395571,12,212,0.05660377358490566,0.03267248861472004,0.09631840100062754,4,212,0.018867924528301886,0.007361105154346095,0.04750134953464806,5,212,0.02358490566037736,0.010115020526077427,0.0540134885287109,4,212,0.018867924528301886,0.007361105154346095,0.04750134953464806,0,212,0.0,0.0,0.01779823722581745,6,212,0.02830188679245283,0.013034018623721461,0.06036054479686105,126,209,0.6028708133971292,0.5352514816788229,0.6667766932644213,20,209,0.09569377990430622,0.06280212376163305,0.14318016541491893,62,209,0.2966507177033493,0.23884416920692417,0.36179781055643045,121,212,0.5707547169811321,0.5034496425687913,0.6355411729181213,86,212,0.4056603773584906,0.34181102789308393,0.4728678847910327,1,212,0.0047169811320754715,0.0008331274072520493,0.026231164184359577,3,212,0.014150943396226415,0.004823973770644724,0.04077242655255525,1,212,0.0047169811320754715,0.0008331274072520493,0.026231164184359577,85,209,0.40669856459330145,0.34236748731068045,0.47439765634544706,311 0.21; 363 0.20; 365 0.12; 364 0.11; 331 0.11,5,53 0.17; 35 0.16; 38 0.13; 52 0.10; 56 0.08; 37 0.08; 54 0.03,7,earned income 0.25; unearned income 0.23; shelter deduction 0.20; medical deduction 0.12,"wrong include/exclude decision 0.37; wrong amount, known item 0.29; unreported source of income 0.16",118,19,47,137,0.8613138686131386,0.7935336257407957,0.9093836941419662,0.1386861313868613,47,0.2554347826086957,184,36223.0
1,medical_deductions > 83.900 & unc_rawben_rel_max >  0.452 & unc_rawben_rel_max <=  1.010 & utilities > 22.000,all_2022_24,1698,391,553,17,553,0.03074141048824593,0.019280378684532102,0.048677187704185984,87,553,0.15732368896925858,0.1293530207344547,0.19002254316019684,117,553,0.2115732368896926,0.17958121031017824,0.24754492394415908,37,553,0.06690777576853527,0.048928188109063936,0.090863091852778,276,553,0.49909584086799275,0.45757230778979124,0.5406318493708807,3,553,0.0054249547920434,0.0018466202390044666,0.015827346648526926,16,553,0.028933092224231464,0.01788633005582395,0.046479550654237936,105,553,0.189873417721519,0.15936669303012918,0.22465921308033387,359,553,0.6491862567811935,0.6085055411543123,0.6878085273348236,26,553,0.04701627486437613,0.03228424115929769,0.06799849633732613,3,553,0.0054249547920434,0.0018466202390044666,0.015827346648526926,15,553,0.027124773960216998,0.01650551874540079,0.04426867628600491,11,553,0.019891500904159132,0.011142598369119426,0.035264853947661504,3,553,0.0054249547920434,0.0018466202390044666,0.015827346648526926,1,553,0.0018083182640144665,0.00031927571491462484,0.010171319815304381,0,553,0.0,0.0,0.006898909851562814,30,553,0.054249547920433995,0.038261268147808315,0.07638821206344026,375,553,0.6781193490054249,0.6380657955430238,0.715715243804611,60,553,0.10849909584086799,0.0852268436720259,0.13717320689890844,117,553,0.2115732368896926,0.17958121031017824,0.24754492394415908,392,553,0.7088607594936709,0.6696593684959335,0.7451803273888566,143,553,0.2585895117540687,0.2238483947480708,0.29666156715132747,4,553,0.007233273056057866,0.0028163239786135677,0.018449328587574015,2,553,0.003616636528028933,0.0009923523465438329,0.013089928862331367,12,553,0.0216998191681736,0.01245585058342284,0.03754328741201428,270,553,0.488245931283906,0.4468085810868143,0.5298454620019204,365 0.50; 363 0.21; 331 0.09,3,53 0.51; 52 0.10; 38 0.07; 56 0.06; 99 0.05,5,medical deduction 0.50; shelter deduction 0.21; unearned income 0.16,"wrong include/exclude decision 0.65; wrong amount, known item 0.19",368,23,320,391,0.9411764705882353,0.9132815004827506,0.9604866131101435,0.058823529411764705,320,0.450070323488045,711,63135.0
1,medical_deductions > 83.900 & unc_rawben_rel_max >  0.452 & unc_rawben_rel_max <=  1.010 & utilities > 22.000,train_2022_23,1099,259,356,7,356,0.019662921348314606,0.009556531202311048,0.040025284796728525,58,356,0.16292134831460675,0.12819376878436156,0.20484610209215748,70,356,0.19662921348314608,0.15867442428565867,0.24106145950320843,19,356,0.05337078651685393,0.034430225549742205,0.08184760336164547,189,356,0.5308988764044944,0.479004790575927,0.5821332212603921,2,356,0.0056179775280898875,0.0015419741911307152,0.020249836427763825,11,356,0.03089887640449438,0.017339243067099677,0.05447457723605592,40,356,0.11235955056179775,0.08360603242916873,0.14938981907882812,253,356,0.7106741573033708,0.6615189658492151,0.7553311148529605,14,356,0.03932584269662921,0.023567543705471206,0.06492027982577142,1,356,0.0028089887640449437,0.0004960149426824247,0.015737794600183104,9,356,0.025280898876404494,0.013356098894040772,0.047341719257056825,10,356,0.028089887640449437,0.015327902121748574,0.050927917105378015,3,356,0.008426966292134831,0.002869933919783024,0.02447987777514052,0,356,0.0,0.0,0.01067580846683652,0,356,0.0,0.0,0.01067580846683652,26,356,0.07303370786516854,0.05032422261646698,0.10485961382712375,232,356,0.651685393258427,0.6008121910218444,0.6993198670837221,46,356,0.12921348314606743,0.09828807789804175,0.16805578006612917,77,356,0.21629213483146068,0.17667322171855437,0.2619686696025158,259,356,0.7275280898876404,0.6790319607991245,0.771166126359225,83,356,0.23314606741573032,0.1922132972769243,0.2797766005003199,3,356,0.008426966292134831,0.002869933919783024,0.02447987777514052,0,356,0.0,0.0,0.01067580846683652,11,356,0.03089887640449438,0.017339243067099677,0.05447457723605592,181,356,0.5084269662921348,0.45668235921819805,0.559991644009889,365 0.53; 363 0.20; 331 0.09,3,53 0.57; 52 0.12; 38 0.08,3,medical deduction 0.53; shelter deduction 0.20; unearned income 0.16,"wrong include/exclude decision 0.71; wrong amount, known item 0.11",244,15,214,259,0.9420849420849421,0.9066547731416146,0.964592396256228,0.05791505791505792,214,0.452431289640592,473,39553.0
1,medical_deductions > 83.900 & unc_rawben_rel_max >  0.452 & unc_rawben_rel_max <=  1.010 & utilities > 22.000,test_2024,599,132,197,10,197,0.050761421319796954,0.027802852664836904,0.09090562207346431,29,197,0.14720812182741116,0.10449138365896612,0.20342092136150772,47,197,0.23857868020304568,0.18442087586963252,0.30273716310237325,18,197,0.09137055837563451,0.0585775753969621,0.13979566998646445,87,197,0.4416243654822335,0.3740536582773879,0.5114282339202444,1,197,0.005076142131979695,0.0008966033639121081,0.02818900439862314,5,197,0.025380710659898477,0.010888601159973543,0.058029391925124366,65,197,0.3299492385786802,0.26809165433908067,0.39831211858445703,106,197,0.5380710659898477,0.4683886401287754,0.6062970823510295,12,197,0.06091370558375635,0.03518474494003208,0.1034399224595505,2,197,0.01015228426395939,0.0027884936672214478,0.03625521042595447,6,197,0.030456852791878174,0.014031696125459774,0.0648443932902788,1,197,0.005076142131979695,0.0008966033639121081,0.02818900439862314,0,197,0.0,1.734723475976807e-18,0.01912751143189459,1,197,0.005076142131979695,0.0008966033639121081,0.02818900439862314,0,197,0.0,1.734723475976807e-18,0.01912751143189459,4,197,0.02030456852791878,0.007923565155133018,0.05103633159932422,143,197,0.7258883248730964,0.6597246596261589,0.7834106270873505,14,197,0.07106598984771574,0.04280089112385386,0.11573996893701005,40,197,0.20304568527918782,0.15280215782444584,0.2646492068330753,133,197,0.6751269035532995,0.6069198667354114,0.7366344566716916,60,197,0.30456852791878175,0.24454689709497063,0.37206639417536386,1,197,0.005076142131979695,0.0008966033639121081,0.02818900439862314,2,197,0.01015228426395939,0.0027884936672214478,0.03625521042595447,1,197,0.005076142131979695,0.0008966033639121081,0.02818900439862314,89,197,0.4517766497461929,0.3838641108844978,0.5215339739744159,365 0.44; 363 0.24; 364 0.09,3,53 0.41; 56 0.18; 52 0.09; 35 0.06; 38 0.06,5,medical deduction 0.44; shelter deduction 0.24; unearned income 0.15,"wrong include/exclude decision 0.54; wrong amount, known item 0.33",124,8,106,132,0.9393939393939394,0.8849622730212207,0.9689734874527433,0.06060606060606061,106,0.44537815126050423,238,23582.0
1,medical_deductions >  92.900 & rawben_rel_max >   0.460 & rawben_rel_max <=   0.991 & total_deductions_by_hh_size > 544.000,all_2022_24,1373,346,501,20,501,0.03992015968063872,0.025988321896318875,0.06085396685326119,73,501,0.14570858283433133,0.11750986853635972,0.17929926922090908,109,501,0.21756487025948104,0.18365869218701286,0.2557694373490634,40,501,0.07984031936127745,0.059178326587265684,0.10689673537276295,239,501,0.47704590818363274,0.43364994522940636,0.5207912101745856,2,501,0.003992015968063872,0.0010954153390655332,0.014437377521110805,18,501,0.03592814371257485,0.022844943335997257,0.05607406809253795,94,501,0.18762475049900199,0.15586227326719287,0.22414127636104691,315,501,0.6287425149700598,0.5856058344469504,0.6699198591567461,27,501,0.05389221556886228,0.037298969821024174,0.0772747895522129,3,501,0.005988023952095809,0.0020384782310474657,0.017455953289651303,17,501,0.033932135728542916,0.021291542818440513,0.05366582994957227,13,501,0.02594810379241517,0.015225662645258781,0.04388515548066427,3,501,0.005988023952095809,0.0020384782310474657,0.017455953289651303,1,501,0.001996007984031936,0.00035242229070215746,0.01121873190895175,0,501,0.0,0.0,0.007609515539131481,28,501,0.05588822355289421,0.038946899637314826,0.07958849839644466,319,501,0.6367265469061876,0.5937193759778617,0.6776528722679246,59,501,0.11776447105788423,0.09240547823173864,0.14894071827821614,122,501,0.2435129740518962,0.2079734947128254,0.28295593741004244,351,501,0.7005988023952096,0.6590910598767619,0.7390536255057423,129,501,0.25748502994011974,0.22114351458275355,0.2975173881637712,5,501,0.00998003992015968,0.004270135780108002,0.023147573061635625,2,501,0.003992015968063872,0.0010954153390655332,0.014437377521110805,14,501,0.027944111776447105,0.01671724103116666,0.04635521575527882,248,501,0.49500998003992014,0.45143383873582454,0.5386620646128693,365 0.48; 363 0.22; 364 0.08,3,53 0.50; 52 0.10; 56 0.07; 38 0.06; 99 0.06,5,medical deduction 0.48; shelter deduction 0.22; unearned income 0.15,"wrong include/exclude decision 0.63; wrong amount, known item 0.19",325,21,282,346,0.9393063583815029,0.9090010748431575,0.9599636223226454,0.06069364161849711,282,0.44904458598726116,628,63195.0
1,medical_deductions >  92.900 & rawben_rel_max >   0.460 & rawben_rel_max <=   0.991 & total_deductions_by_hh_size > 544.000,train_2022_23,881,234,329,8,329,0.0243161094224924,0.012371608848584847,0.047241131866518064,51,329,0.15501519756838905,0.11991158259132313,0.19808232201675463,63,329,0.19148936170212766,0.15262846430537355,0.237471811621674,24,329,0.0729483282674772,0.049507719771372,0.1062468493690239,168,329,0.5106382978723404,0.4568110855312006,0.5642199394368322,2,329,0.0060790273556231,0.0016686396941568045,0.02189091536146124,13,329,0.03951367781155015,0.02323484979120238,0.06642221230680458,31,329,0.09422492401215805,0.06717520997519713,0.13064140910126446,234,329,0.7112462006079028,0.6600602360259239,0.7575558311964427,15,329,0.04559270516717325,0.02782135888678961,0.07385343176437897,1,329,0.00303951367781155,0.0005367366400418384,0.017013954138995396,10,329,0.030395136778115502,0.016592077399720472,0.05503839186854406,11,329,0.03343465045592705,0.018769903523528385,0.058869430021316956,3,329,0.00911854103343465,0.0031058218387631925,0.02646259749343566,0,329,0.0,0.0,0.011541826502456422,0,329,0.0,0.0,0.011541826502456422,24,329,0.0729483282674772,0.049507719771372,0.1062468493690239,199,329,0.6048632218844985,0.5511171671194705,0.6561886504225675,49,329,0.14893617021276595,0.11452521141139907,0.1914509646435171,80,329,0.24316109422492402,0.19994244059352376,0.29230852803539753,237,329,0.7203647416413373,0.6695362668618682,0.7661063931902407,75,329,0.22796352583586627,0.18592395403737053,0.27628269320864673,5,329,0.015197568389057751,0.0065084105050625795,0.035077737380297895,0,329,0.0,0.0,0.011541826502456422,12,329,0.0364741641337386,0.020985542377092294,0.06266265544433385,169,329,0.513677811550152,0.45982336862819023,0.5672165206164236,365 0.51; 363 0.19; 331 0.09,3,53 0.57; 52 0.12; 99 0.07,3,medical deduction 0.51; shelter deduction 0.19; unearned income 0.16,"wrong include/exclude decision 0.71; wrong amount, known item 0.09",222,12,193,234,0.9487179487179487,0.9125159227037555,0.9704246562361777,0.05128205128205128,193,0.4519906323185012,427,40791.0
1,medical_deductions >  92.900 & rawben_rel_max >   0.460 & rawben_rel_max <=   0.991 & total_deductions_by_hh_size > 544.000,test_2024,492,112,172,12,172,0.06976744186046512,0.04035676980018863,0.11797663935896369,22,172,0.12790697674418605,0.0860057037323345,0.18606643391882427,46,172,0.26744186046511625,0.2069024775194409,0.3381426085125332,16,172,0.09302325581395349,0.058070662732992634,0.14575823782296227,71,172,0.4127906976744186,0.3419002964822234,0.4874916107797669,0,172,0.0,0.0,0.021846934968744597,5,172,0.029069767441860465,0.012479266745217172,0.06623703246953064,63,172,0.36627906976744184,0.2979290306651365,0.44047189380324864,81,172,0.47093023255813954,0.39778405133173356,0.5453465844222631,12,172,0.06976744186046512,0.04035676980018863,0.11797663935896369,2,172,0.011627906976744186,0.003194538170137408,0.04140014249700848,7,172,0.040697674418604654,0.019851243755243646,0.08161280115790545,2,172,0.011627906976744186,0.003194538170137408,0.04140014249700848,0,172,0.0,0.0,0.021846934968744597,1,172,0.005813953488372093,0.0010270174299284191,0.03219379038801682,0,172,0.0,0.0,0.021846934968744597,4,172,0.023255813953488372,0.009079888383639646,0.05826253798190753,120,172,0.6976744186046512,0.6253359071449048,0.761375769727917,10,172,0.05813953488372093,0.03188308865655954,0.10370257480419148,42,172,0.2441860465116279,0.18603087651705913,0.31351871811811255,114,172,0.6627906976744186,0.5892669362739456,0.7292015035036723,54,172,0.313953488372093,0.24930079011064632,0.3867352787149331,0,172,0.0,0.0,0.021846934968744597,2,172,0.011627906976744186,0.003194538170137408,0.04140014249700848,2,172,0.011627906976744186,0.003194538170137408,0.04140014249700848,79,172,0.45930232558139533,0.3865277553168744,0.5338551347387209,365 0.41; 363 0.27; 364 0.09,3,53 0.37; 56 0.20; 35 0.07; 52 0.07; 38 0.06,5,medical deduction 0.41; shelter deduction 0.27; unearned income 0.13,"wrong include/exclude decision 0.47; wrong amount, known item 0.37",103,9,89,112,0.9196428571428571,0.8543029723025655,0.9571499081825106,0.08035714285714286,89,0.4427860696517413,201,22404.0
1,medical_deductions >   93.000 & shelter_expenses_by_hh_size <= 1400.000 & unc_rawben_rel_max >    0.257 & unc_rawben_rel_max <=    0.982,all_2022_24,2042,467,664,26,664,0.0391566265060241,0.026859381272426555,0.05675565558661308,103,664,0.15512048192771086,0.12957585642502617,0.18463278227013752,123,664,0.1852409638554217,0.1575312350913629,0.2165718456391576,51,664,0.07680722891566265,0.058899307768037173,0.09958378163519854,340,664,0.5120481927710844,0.4740680012633196,0.5498897755508232,4,664,0.006024096385542169,0.0023450357311230645,0.01538611488902399,17,664,0.025602409638554216,0.016045181941397063,0.040617356001731955,118,664,0.17771084337349397,0.15051282874763597,0.20861664147404532,439,664,0.661144578313253,0.6243072929754826,0.6961279719136767,31,664,0.046686746987951805,0.033082724905354355,0.06550592246252449,2,664,0.0030120481927710845,0.0008263839499008246,0.010915322466710538,16,664,0.024096385542168676,0.014885569649240865,0.03878224619212032,11,664,0.016566265060240965,0.009274967792224663,0.0294192375402973,4,664,0.006024096385542169,0.0023450357311230645,0.01538611488902399,1,664,0.0015060240963855422,0.0002658928795698824,0.008481091435273638,1,664,0.0015060240963855422,0.0002658928795698824,0.008481091435273638,41,664,0.061746987951807226,0.04583946600083459,0.08269640238472269,427,663,0.6440422322775264,0.606861591464381,0.6795632506570465,73,663,0.11010558069381599,0.08848730046785874,0.13621613735005783,161,663,0.24283559577677225,0.21173751127559937,0.2768966711149413,475,664,0.7153614457831325,0.679876358675826,0.7483689018769758,158,664,0.23795180722891565,0.20712754936974262,0.2717908049226524,7,664,0.010542168674698794,0.00511575272136797,0.02159956420408261,1,664,0.0015060240963855422,0.0002658928795698824,0.008481091435273638,23,664,0.03463855421686747,0.023190492614791315,0.051440377938944785,317,663,0.4781297134238311,0.440341559628685,0.5161698517769622,365 0.51; 363 0.19; 331 0.08,3,53 0.53; 52 0.10; 38 0.07; 99 0.06,4,medical deduction 0.51; shelter deduction 0.19; unearned income 0.16,"wrong include/exclude decision 0.66; wrong amount, known item 0.18",432,35,382,467,0.9250535331905781,0.897550398920694,0.9456206377931392,0.07494646680942184,382,0.4499411071849234,849,69614.0
1,medical_deductions >   93.000 & shelter_expenses_by_hh_size <= 1400.000 & unc_rawben_rel_max >    0.257 & unc_rawben_rel_max <=    0.982,train_2022_23,1318,318,444,14,444,0.03153153153153153,0.018873782078114996,0.05222635689959497,70,444,0.15765765765765766,0.12671506528064458,0.19447349781845114,77,444,0.17342342342342343,0.14104684067191892,0.21140277544235003,28,444,0.06306306306306306,0.04398809521094081,0.08963414979711558,238,444,0.536036036036036,0.48953747745995935,0.5819163580032937,4,444,0.009009009009009009,0.003508789800865558,0.02293270201231124,13,444,0.02927927927927928,0.01718923661897652,0.04944503764228013,46,444,0.1036036036036036,0.07857499211864663,0.13543281778556948,315,444,0.7094594594594594,0.6655748222940296,0.7497505963361288,18,444,0.04054054054054054,0.025795084147823274,0.06316851369569997,1,444,0.0022522522522522522,0.00039767829305330845,0.012646219370763542,12,444,0.02702702702702703,0.015526778636024943,0.04664163090877839,11,444,0.024774774774774775,0.013888934327136539,0.04381361050121348,3,444,0.006756756756756757,0.0023004719424919978,0.01967515515423149,0,444,0.0,0.0,0.00857803294736353,1,444,0.0022522522522522522,0.00039767829305330845,0.012646219370763542,37,444,0.08333333333333333,0.06106102129301057,0.11275400616312568,274,444,0.6171171171171171,0.5710807423532734,0.6611442229022991,61,444,0.1373873873873874,0.10846234961775905,0.17253343103325683,107,444,0.240990990990991,0.20353934287675624,0.28288621473111225,321,444,0.722972972972973,0.6795670156354755,0.762553591293403,96,444,0.21621621621621623,0.18044558425003476,0.25685546147684724,6,444,0.013513513513513514,0.006207602575952157,0.029165618670131278,0,444,0.0,0.0,0.00857803294736353,21,444,0.0472972972972973,0.031140425609861952,0.07122076638302124,220,444,0.4954954954954955,0.4492271630571662,0.5418411075099272,365 0.54; 363 0.17; 331 0.09,3,53 0.57; 52 0.11; 99 0.08,3,medical deduction 0.54; shelter deduction 0.17; unearned income 0.16,"wrong include/exclude decision 0.71; wrong amount, known item 0.10",295,23,262,318,0.9276729559748428,0.8938116274089507,0.9513246135244775,0.07232704402515723,262,0.4517241379310345,580,45576.0
1,medical_deductions >   93.000 & shelter_expenses_by_hh_size <= 1400.000 & unc_rawben_rel_max >    0.257 & unc_rawben_rel_max <=    0.982,test_2024,724,149,220,12,220,0.05454545454545454,0.03147394637000675,0.09290686577572485,33,220,0.15,0.10884475692088177,0.20316873833647878,46,220,0.20909090909090908,0.16057594846734846,0.2675911125257823,23,220,0.10454545454545454,0.0706788038882292,0.15198579464930803,102,220,0.4636363636363636,0.39892875099436065,0.5295921316297806,0,220,0.0,0.0,0.017162136081943655,4,220,0.01818181818181818,0.007092586915565129,0.04580910785430784,72,220,0.32727272727272727,0.2686961006435084,0.3917780918211629,124,220,0.5636363636363636,0.49756556026570203,0.6275228951420505,13,220,0.05909090909090909,0.03485440469545523,0.0984612971222587,1,220,0.004545454545454545,0.0008028148215663295,0.02529421093235966,4,220,0.01818181818181818,0.007092586915565129,0.04580910785430784,0,220,0.0,0.0,0.017162136081943655,1,220,0.004545454545454545,0.0008028148215663295,0.02529421093235966,1,220,0.004545454545454545,0.0008028148215663295,0.02529421093235966,0,220,0.0,0.0,0.017162136081943655,4,220,0.01818181818181818,0.007092586915565129,0.04580910785430784,153,219,0.6986301369863014,0.6348622336815677,0.7555496104265342,12,219,0.0547945205479452,0.0316189325731369,0.09332003752939333,54,219,0.2465753424657534,0.19418409283235363,0.30770424399524055,154,220,0.7,0.6364357997031177,0.7566993458641048,62,220,0.2818181818181818,0.22650690611361946,0.3446183896312286,1,220,0.004545454545454545,0.0008028148215663295,0.02529421093235966,1,220,0.004545454545454545,0.0008028148215663295,0.02529421093235966,2,220,0.00909090909090909,0.00249655343526377,0.03253536199064455,97,219,0.4429223744292237,0.37867910072775324,0.5091335877469301,365 0.46; 363 0.21; 364 0.10,3,53 0.45; 56 0.15; 52 0.07; 38 0.07; 35 0.06,5,medical deduction 0.46; shelter deduction 0.21; unearned income 0.15,"wrong include/exclude decision 0.56; wrong amount, known item 0.33",137,12,120,149,0.9194630872483222,0.8645085540250829,0.9533316151435206,0.08053691275167785,120,0.44609665427509293,269,24038.0
1,medical_deductions >   84.000 & rawben_rel_max <=    0.991 & total_deductions_by_hh_size <= 1730.000 & unc_rawben_rel_max >    0.243,all_2022_24,2581,567,812,32,812,0.03940886699507389,0.028051498497204765,0.05510385911142906,130,812,0.16009852216748768,0.13648526906392988,0.18691280232639884,175,812,0.21551724137931033,0.188609643737432,0.24510395949143005,62,812,0.07635467980295567,0.06001750658579916,0.09668153891519027,385,812,0.47413793103448276,0.43999522775653227,0.5085241907188187,6,812,0.007389162561576354,0.0033907453859874726,0.01602674938260486,22,812,0.027093596059113302,0.017959090976213777,0.04068170400163486,149,812,0.1834975369458128,0.15838493338717924,0.21159080700164135,515,812,0.6342364532019704,0.60054775228598,0.6666609803895786,44,812,0.054187192118226604,0.040610480165593654,0.0719623525999824,3,812,0.003694581280788177,0.0012572467592536747,0.010805879220103103,24,812,0.029556650246305417,0.019941018342128487,0.04360268916187719,19,812,0.023399014778325122,0.015030079947954755,0.03625634624065832,5,812,0.006157635467980296,0.00263291835120764,0.014333120154306173,1,812,0.0012315270935960591,0.00021742226764863426,0.006942791185551103,1,812,0.0012315270935960591,0.00021742226764863426,0.006942791185551103,51,812,0.06280788177339902,0.04809124037025729,0.08164178623686842,532,811,0.655980271270037,0.6226186675104067,0.6878711258432954,84,811,0.10357583230579531,0.08443936852889439,0.12645020804647927,193,811,0.2379778051787916,0.2099474293855801,0.2684788070755922,563,812,0.6933497536945813,0.6607851634464856,0.724093469856842,212,812,0.26108374384236455,0.23204793253782904,0.2923695524249381,7,812,0.008620689655172414,0.004181964720501273,0.017686986311169578,3,812,0.003694581280788177,0.0012572467592536747,0.010805879220103103,27,812,0.0332512315270936,0.022951193594006658,0.04794688269923457,391,811,0.48212083847102344,0.44789574368571683,0.516514517155163,365 0.47; 363 0.22; 331 0.08,3,53 0.50; 52 0.11; 38 0.07; 99 0.06; 56 0.06,5,medical deduction 0.47; shelter deduction 0.22; unearned income 0.16,"wrong include/exclude decision 0.63; wrong amount, known item 0.18",522,45,457,567,0.9206349206349206,0.8954495688226137,0.9401587680610332,0.07936507936507936,457,0.4462890625,1024,87406.0
1,medical_deductions >   84.000 & rawben_rel_max <=    0.991 & total_deductions_by_hh_size <= 1730.000 & unc_rawben_rel_max >    0.243,train_2022_23,1635,378,532,17,532,0.03195488721804511,0.02004502754733467,0.050575842500828805,87,532,0.16353383458646617,0.1345373190466797,0.1973547923534057,105,532,0.19736842105263158,0.16576792177766125,0.23330822311291832,35,532,0.06578947368421052,0.0476816248419005,0.09012327869675715,266,532,0.5,0.45766419109460427,0.5423358089053957,6,532,0.011278195488721804,0.005178795160020266,0.024385165532841202,16,532,0.03007518796992481,0.018595538058074956,0.04829288568506107,56,532,0.10526315789473684,0.08195442905322349,0.13423184689101073,369,532,0.693609022556391,0.653163197856368,0.73127877156146,25,532,0.046992481203007516,0.03202982980886848,0.06845061067951463,1,532,0.0018796992481203006,0.0003318816326307343,0.01056984753509346,17,532,0.03195488721804511,0.02004502754733467,0.050575842500828805,15,532,0.02819548872180451,0.017159831284602037,0.04599614615350653,4,532,0.007518796992481203,0.00292763830047839,0.01917142978232817,0,532,0.0,0.0,0.007169282862696736,1,532,0.0018796992481203006,0.0003318816326307343,0.01056984753509346,44,532,0.08270676691729323,0.06218553591047908,0.10921138437342569,330,532,0.6203007518796992,0.5783370802381476,0.6605394832836096,69,532,0.12969924812030076,0.10378311688440511,0.1609249610251861,131,532,0.2462406015037594,0.21153628106289846,0.284583467758395,372,532,0.6992481203007519,0.6589642550693012,0.7366750532636092,131,532,0.2462406015037594,0.21153628106289846,0.284583467758395,6,532,0.011278195488721804,0.005178795160020266,0.024385165532841202,0,532,0.0,0.0,0.007169282862696736,23,532,0.043233082706766915,0.02897854979682173,0.06403699808150648,268,532,0.5037593984962406,0.46139782550753267,0.5460670671025223,365 0.50; 363 0.20; 331 0.09,3,53 0.54; 52 0.13; 99 0.08,3,medical deduction 0.50; shelter deduction 0.20; unearned income 0.16,"wrong include/exclude decision 0.69; wrong amount, known item 0.11",347,31,307,378,0.917989417989418,0.8859434589845957,0.9416248311126595,0.082010582010582,307,0.4481751824817518,685,55954.0
1,medical_deductions >   84.000 & rawben_rel_max <=    0.991 & total_deductions_by_hh_size <= 1730.000 & unc_rawben_rel_max >    0.243,test_2024,946,189,280,15,280,0.05357142857142857,0.03273013090058867,0.0864969309536286,43,280,0.15357142857142858,0.11605499113524814,0.2004652088636245,70,280,0.25,0.20289465195073486,0.3038725026876268,27,280,0.09642857142857143,0.06711880638680245,0.13666245752941,119,280,0.425,0.36849570947281296,0.48353443691869546,0,280,0.0,0.0,0.013534309276723356,6,280,0.02142857142857143,0.009856897976754177,0.04595451233096674,93,280,0.33214285714285713,0.2795749615302122,0.38925441372697345,146,280,0.5214285714285715,0.4630227463185396,0.579254354712458,19,280,0.06785714285714285,0.04386821163234635,0.10354358424253599,2,280,0.007142857142857143,0.001960978526654814,0.02566569776040107,7,280,0.025,0.012161513281489334,0.05069608053139786,4,280,0.014285714285714285,0.005568997959385648,0.036150045338002756,1,280,0.0035714285714285713,0.0006307070519590754,0.019949785729930544,1,280,0.0035714285714285713,0.0006307070519590754,0.019949785729930544,0,280,0.0,0.0,0.013534309276723356,7,280,0.025,0.012161513281489334,0.05069608053139786,202,279,0.7240143369175627,0.668787336350265,0.7731561401397562,15,279,0.053763440860215055,0.032848413261916884,0.08680018156996074,62,279,0.2222222222222222,0.17739701892032195,0.2745930702320516,191,280,0.6821428571428572,0.6254500120909574,0.733905346672522,81,280,0.2892857142857143,0.2393097505855291,0.3449654226096615,1,280,0.0035714285714285713,0.0006307070519590754,0.019949785729930544,3,280,0.010714285714285714,0.003650321368179693,0.03102253842404245,4,280,0.014285714285714285,0.005568997959385648,0.036150045338002756,123,279,0.44086021505376344,0.38379566760680706,0.49953125459982717,365 0.42; 363 0.25; 364 0.10,3,53 0.40; 56 0.18; 52 0.07; 35 0.07; 38 0.06,5,medical deduction 0.42; shelter deduction 0.25; unearned income 0.15,"wrong include/exclude decision 0.52; wrong amount, known item 0.33",175,14,150,189,0.9259259259259259,0.8795158904220409,0.9553662097057324,0.07407407407407407,150,0.4424778761061947,339,31452.0
1,medical_deductions > 93.000 & rawben_rel_max >  0.307 & utilities > 22.000,all_2022_24,2678,542,776,35,776,0.045103092783505154,0.032606809135847584,0.06208113774977636,148,776,0.19072164948453607,0.1646290057670427,0.2198613830503786,166,776,0.21391752577319587,0.18651104220402084,0.24414256745209387,55,776,0.07087628865979381,0.05485548333160383,0.09112493115256834,347,776,0.44716494845360827,0.41252753611024,0.4823229053127362,6,776,0.007731958762886598,0.0035482560148444213,0.016765612852884616,19,776,0.024484536082474227,0.015729785427839704,0.03792418737894567,148,776,0.19072164948453607,0.1646290057670427,0.2198613830503786,470,776,0.6056701030927835,0.5708450818868114,0.6394540352672362,58,776,0.07474226804123711,0.058261374114197226,0.09541291050975718,4,776,0.005154639175257732,0.002006277501243019,0.013178344606631195,27,776,0.03479381443298969,0.02402075962342272,0.05015020022278195,16,776,0.020618556701030927,0.012730558727338857,0.033229543939664284,5,776,0.006443298969072165,0.0027551994952032715,0.014994045992598352,1,776,0.001288659793814433,0.0002275104744117731,0.007263241493680207,1,776,0.001288659793814433,0.0002275104744117731,0.007263241493680207,46,776,0.059278350515463915,0.04473365478423981,0.07816514928058566,509,775,0.6567741935483871,0.6226470401568531,0.68935478409085,75,775,0.0967741935483871,0.0779041246510731,0.11962204755133618,189,775,0.24387096774193548,0.21494937887573787,0.27531924570723243,528,776,0.6804123711340206,0.6467824806804727,0.7122647925093648,222,776,0.2860824742268041,0.2553995381592938,0.318872980772756,5,776,0.006443298969072165,0.0027551994952032715,0.014994045992598352,3,776,0.003865979381443299,0.00131561048129771,0.011304388246649092,18,776,0.023195876288659795,0.014721910446168461,0.036367438980689504,361,775,0.46580645161290324,0.4309412002736802,0.501009019129084,365 0.45; 363 0.21; 331 0.10,3,53 0.46; 52 0.11; 38 0.08; 35 0.07; 99 0.06,5,medical deduction 0.45; shelter deduction 0.21; unearned income 0.19,"wrong include/exclude decision 0.61; wrong amount, known item 0.19",503,39,408,542,0.9280442804428044,0.9031443915235992,0.9469190701106919,0.07195571955719557,408,0.42947368421052634,950,89103.0
1,medical_deductions > 93.000 & rawben_rel_max >  0.307 & utilities > 22.000,train_2022_23,1689,354,497,19,497,0.03822937625754527,0.024608379366033474,0.058934201761412806,98,497,0.19718309859154928,0.16458278409959873,0.23442879960271354,100,497,0.2012072434607646,0.16831322754928782,0.2386849131802363,28,497,0.056338028169014086,0.0392626601530542,0.08021942759684518,236,497,0.47484909456740443,0.43130692522259106,0.5187770933573352,4,497,0.008048289738430584,0.00313409522931493,0.020509308194042876,12,497,0.02414486921529175,0.01386468085060058,0.04172495068160441,55,497,0.11066398390342053,0.08601321723775696,0.14128739037950167,330,497,0.6639839034205232,0.6213389661037573,0.7041132327551235,35,497,0.07042253521126761,0.05106848742581312,0.09636654991932754,1,497,0.002012072434607646,0.0003552593930564174,0.011308308489483691,19,497,0.03822937625754527,0.024608379366033474,0.058934201761412806,13,497,0.026156941649899398,0.015348702604734386,0.044234207441076506,3,497,0.006036217303822937,0.0020549011342858407,0.017595223775466063,0,497,0.0,0.0,0.007670289368934209,1,497,0.002012072434607646,0.0003552593930564174,0.011308308489483691,40,497,0.08048289738430583,0.05965914288873628,0.10774228702443386,310,497,0.6237424547283702,0.5803548383253236,0.6652317902614391,59,497,0.11871227364185111,0.09315851202913894,0.15011520964254327,126,497,0.2535211267605634,0.21726509982108194,0.29355828226219544,338,497,0.6800804828973843,0.637824519791701,0.719573907176027,139,497,0.2796780684104628,0.24202211316347835,0.3207138895966758,4,497,0.008048289738430584,0.00313409522931493,0.020509308194042876,0,497,0.0,0.0,0.007670289368934209,16,497,0.03219315895372234,0.019911381000810358,0.05165136458581823,235,497,0.47283702213279677,0.42931944635309494,0.5167712937132254,365 0.47; 363 0.20; 331 0.11,3,53 0.51; 52 0.12; 99 0.08; 38 0.08,4,medical deduction 0.47; shelter deduction 0.20; unearned income 0.20,"wrong include/exclude decision 0.66; wrong amount, known item 0.11",328,26,268,354,0.9265536723163842,0.8945601884685822,0.9493886425225603,0.07344632768361582,268,0.43086816720257237,622,55534.0
1,medical_deductions > 93.000 & rawben_rel_max >  0.307 & utilities > 22.000,test_2024,989,188,279,16,279,0.05734767025089606,0.035604069142333196,0.09111562131338477,50,279,0.17921146953405018,0.13865914513219868,0.22847779653409078,66,279,0.23655913978494625,0.19048115672567062,0.28979331492206434,27,279,0.0967741935483871,0.06736252969637549,0.1371392126215862,111,279,0.3978494623655914,0.34217780519494717,0.456295969525603,2,279,0.007168458781362007,0.0019680150212168807,0.02575633670073632,7,279,0.025089605734767026,0.012205289798925958,0.05087454004222894,93,279,0.3333333333333333,0.28061173606686846,0.39058231742455557,140,279,0.5017921146953405,0.4434968798888282,0.560038667923092,23,279,0.08243727598566308,0.05555813354290208,0.12065922627969826,3,279,0.010752688172043012,0.0036634286570725854,0.03113201868872096,8,279,0.02867383512544803,0.01459946787017824,0.055551457594817,3,279,0.010752688172043012,0.0036634286570725854,0.03113201868872096,2,279,0.007168458781362007,0.0019680150212168807,0.02575633670073632,1,279,0.0035842293906810036,0.0006329686531462951,0.020020287444966568,0,279,0.0,0.0,0.013582160474272523,6,279,0.021505376344086023,0.009892358399258783,0.046116375818055784,199,278,0.7158273381294964,0.6601473083634687,0.7656237630468553,16,278,0.05755395683453238,0.03573326112022755,0.09143604248860805,63,278,0.22661870503597123,0.18132685980300361,0.27936311641058587,190,279,0.6810035842293907,0.6241705273636788,0.7329198016402583,83,279,0.2974910394265233,0.24689267178462942,0.3535904254683912,1,279,0.0035842293906810036,0.0006329686531462951,0.020020287444966568,3,279,0.010752688172043012,0.0036634286570725854,0.03113201868872096,2,279,0.007168458781362007,0.0019680150212168807,0.02575633670073632,126,278,0.45323741007194246,0.3957526185742415,0.5119969826201883,365 0.40; 363 0.24; 331 0.10; 364 0.10,4,53 0.37; 56 0.16; 52 0.09; 35 0.08; 38 0.08,5,medical deduction 0.40; shelter deduction 0.24; unearned income 0.18,"wrong include/exclude decision 0.50; wrong amount, known item 0.33",175,13,140,188,0.9308510638297872,0.885299294526408,0.9591473739751057,0.06914893617021277,140,0.4268292682926829,328,33569.0
1,married <=   0.500 & rawben_rel_max <=   0.989 & shelter_expenses_by_hh_size <= 851.000 & total_deductions_by_hh_size > 535.000,all_2022_24,880,203,285,61,285,0.21403508771929824,0.17038477214785974,0.2652920832635492,19,285,0.06666666666666667,0.0430910746801029,0.10176894548319768,46,285,0.16140350877192983,0.1232398795538697,0.20857382041178626,32,285,0.11228070175438597,0.08066436503020483,0.15421038985274832,97,285,0.34035087719298246,0.2877885170293859,0.39715991145183005,13,285,0.0456140350877193,0.02684776048640895,0.07646699749859044,17,285,0.05964912280701754,0.03757170468525228,0.09343989475194792,68,285,0.23859649122807017,0.19279559692528098,0.2913507310274793,154,285,0.5403508771929825,0.4823369199870824,0.597291499187995,16,285,0.056140350877192984,0.034848120684390846,0.08923926838975915,3,285,0.010526315789473684,0.0035861670897648426,0.03048648726473257,19,285,0.06666666666666667,0.0430910746801029,0.10176894548319768,12,285,0.042105263157894736,0.024247200386715368,0.07214334723523383,1,285,0.0035087719298245615,0.0006196372126949703,0.019604596415702044,7,285,0.02456140350877193,0.011947258191650496,0.049822237615047706,0,285,0.0,0.0,0.013300023265346819,5,285,0.017543859649122806,0.007516270385932087,0.040404804694665716,171,284,0.602112676056338,0.5441879130309789,0.6573118007004622,34,284,0.11971830985915492,0.08694839272705765,0.16263888027309245,79,284,0.27816901408450706,0.22927821718241043,0.33298102540101054,182,285,0.6385964912280702,0.5813191964232008,0.692187112917282,92,285,0.32280701754385965,0.2711917123847826,0.37913566428118234,3,285,0.010526315789473684,0.0035861670897648426,0.03048648726473257,1,285,0.0035087719298245615,0.0006196372126949703,0.019604596415702044,7,285,0.02456140350877193,0.011947258191650496,0.049822237615047706,128,284,0.4507042253521127,0.3938768541995886,0.5088474219300606,365 0.34; 311 0.19; 363 0.16; 364 0.11,4,53 0.41; 38 0.13; 52 0.11; 35 0.06; 56 0.05,5,medical deduction 0.34; earned income 0.21; shelter deduction 0.16; utility allowance 0.11,"wrong include/exclude decision 0.54; wrong amount, known item 0.24",172,31,136,203,0.8472906403940886,0.7913965529749343,0.8902845015131378,0.15270935960591134,136,0.40117994100294985,339,37764.0
1,married <=   0.500 & rawben_rel_max <=   0.989 & shelter_expenses_by_hh_size <= 851.000 & total_deductions_by_hh_size > 535.000,train_2022_23,613,132,175,36,175,0.2057142857142857,0.15245565125894311,0.27161570574077065,13,175,0.07428571428571429,0.04392358426143724,0.12293692246630394,25,175,0.14285714285714285,0.09867206951876405,0.2023854025682671,12,175,0.06857142857142857,0.0396572195728587,0.11602020670827501,67,175,0.38285714285714284,0.31408750549869785,0.45665934534584834,7,175,0.04,0.019508588709169508,0.08025343533892669,15,175,0.08571428571428572,0.05263048266283355,0.13659618495812265,26,175,0.14857142857142858,0.10344941553276561,0.2087911370008731,102,175,0.5828571428571429,0.5087875482550874,0.6533671182207212,10,175,0.05714285714285714,0.03133131347979523,0.10197995190812348,1,175,0.005714285714285714,0.0010093989597420756,0.031654142408709104,14,175,0.08,0.04824980953712749,0.12979377763722122,10,175,0.05714285714285714,0.03133131347979523,0.10197995190812348,0,175,0.0,0.0,0.021480460921843688,7,175,0.04,0.019508588709169508,0.08025343533892669,0,175,0.0,0.0,0.021480460921843688,5,175,0.02857142857142857,0.012264270311919512,0.06513159284296167,89,175,0.5085714285714286,0.4351167775562642,0.5816578431136471,27,175,0.15428571428571428,0.10825199414499395,0.21517163883525228,59,175,0.33714285714285713,0.2712679205596076,0.4100142867120786,105,175,0.6,0.5260193378949164,0.6696845699207149,61,175,0.3485714285714286,0.2819089816681336,0.4217393864967677,3,175,0.017142857142857144,0.00584685383108248,0.049182848430583716,0,175,0.0,0.0,0.021480460921843688,6,175,0.03428571428571429,0.015806185310079338,0.07277275829140936,77,175,0.44,0.3685258793377268,0.5140517759728945,365 0.38; 311 0.19; 363 0.14; 364 0.07,4,53 0.47; 38 0.13; 52 0.10; 35 0.06,4,medical deduction 0.38; earned income 0.21; shelter deduction 0.14; other element 0.09,"wrong include/exclude decision 0.58; wrong amount, known item 0.15; change in circumstances 0.08",119,13,89,132,0.9015151515151515,0.8387814317373715,0.9415391769715952,0.09848484848484848,89,0.40271493212669685,221,23094.0
1,married <=   0.500 & rawben_rel_max <=   0.989 & shelter_expenses_by_hh_size <= 851.000 & total_deductions_by_hh_size > 535.000,test_2024,267,71,110,25,110,0.22727272727272727,0.15894521607203976,0.3140066749765752,6,110,0.05454545454545454,0.025235483062071407,0.11391927231733298,21,110,0.19090909090909092,0.12839312602494252,0.27428568383015445,20,110,0.18181818181818182,0.12089480448542876,0.2642157350712887,30,110,0.2727272727272727,0.19822564984733446,0.36256759269317795,6,110,0.05454545454545454,0.025235483062071407,0.11391927231733298,2,110,0.01818181818181818,0.005000250085743785,0.06388142410014258,42,110,0.38181818181818183,0.2964705183972551,0.4751419677238115,52,110,0.4727272727272727,0.38193047126891827,0.5653647178359432,6,110,0.05454545454545454,0.025235483062071407,0.11391927231733298,2,110,0.01818181818181818,0.005000250085743785,0.06388142410014258,5,110,0.045454545454545456,0.019569172065837193,0.10201731301518767,2,110,0.01818181818181818,0.005000250085743785,0.06388142410014258,1,110,0.00909090909090909,0.0016065339495988408,0.049706869937908016,0,110,0.0,0.0,0.03374513358912735,0,110,0.0,0.0,0.03374513358912735,0,110,0.0,0.0,0.03374513358912735,82,109,0.7522935779816514,0.6635930474540578,0.8238158513917581,7,109,0.06422018348623854,0.03145324596985614,0.12665865602373488,20,109,0.1834862385321101,0.12203581560283452,0.2664875658451421,77,110,0.7,0.6087996416446292,0.7777023049197199,31,110,0.2818181818181818,0.206210213519945,0.3721512993189469,0,110,0.0,0.0,0.03374513358912735,1,110,0.00909090909090909,0.0016065339495988408,0.049706869937908016,1,110,0.00909090909090909,0.0016065339495988408,0.049706869937908016,51,109,0.46788990825688076,0.37691168989272644,0.5610544502541698,365 0.27; 311 0.20; 363 0.19; 364 0.18,4,53 0.33; 38 0.14; 52 0.13; 56 0.12; 35 0.05,5,medical deduction 0.27; earned income 0.23; shelter deduction 0.19; utility allowance 0.18,"wrong include/exclude decision 0.47; wrong amount, known item 0.38",53,18,47,71,0.7464788732394366,0.6344585450983389,0.8331958075611448,0.2535211267605634,47,0.3983050847457627,118,14670.0
1,medical_deductions >= 18.000 & rawben_rel_max >=  0.747 & rawben_rel_max <  0.993,all_2022_24,912,232,333,11,333,0.03303303303303303,0.018543235963116574,0.058174129112931044,37,333,0.1111111111111111,0.08169267758404442,0.14939991905485053,70,333,0.21021021021021022,0.16987617859611556,0.2571542119494703,28,333,0.08408408408408409,0.058813740623515964,0.11884127585900878,174,333,0.5225225225225225,0.4689226876530644,0.5756086291439109,2,333,0.006006006006006006,0.0016485771147563555,0.02163120780492102,11,333,0.03303303303303303,0.018543235963116574,0.058174129112931044,49,333,0.14714714714714713,0.11312619539685588,0.18921650811719937,230,333,0.6906906906906907,0.6391072992019685,0.7379245163457547,14,333,0.042042042042042045,0.02520593147584806,0.06932396031898964,2,333,0.006006006006006006,0.0016485771147563555,0.02163120780492102,11,333,0.03303303303303303,0.018543235963116574,0.058174129112931044,11,333,0.03303303303303303,0.018543235963116574,0.058174129112931044,1,333,0.003003003003003003,0.0005302869582338946,0.016811989055180124,0,333,0.0,0.0,0.01140476710715066,0,333,0.0,0.0,0.01140476710715066,15,333,0.04504504504504504,0.0274848656578903,0.07298253504321074,216,333,0.6486486486486487,0.5959429416157801,0.6979637492442562,47,333,0.14114114114114115,0.10782743004618547,0.18264025565534311,69,333,0.2072072072072072,0.1671340149172974,0.25395886672202506,246,333,0.7387387387387387,0.6890204794834897,0.7830114785644474,75,333,0.22522522522522523,0.18363829246131846,0.27307964261558415,5,333,0.015015015015015015,0.006430028322646438,0.03466228331582101,0,333,0.0,0.0,0.01140476710715066,7,333,0.021021021021021023,0.010218956030478198,0.04274837342051598,177,333,0.5315315315315315,0.4778804398019442,0.5844634037138211,365 0.52; 363 0.21; 364 0.08,3,53 0.57; 52 0.08; 56 0.06; 38 0.05,4,medical deduction 0.52; shelter deduction 0.21; unearned income 0.11,"wrong include/exclude decision 0.69; wrong amount, known item 0.15",224,8,202,232,0.9655172413793104,0.9334433371483325,0.9824256189645842,0.034482758620689655,202,0.46543778801843316,434,43850.0
1,medical_deductions >= 18.000 & rawben_rel_max >=  0.747 & rawben_rel_max <  0.993,train_2022_23,618,163,228,3,228,0.013157894736842105,0.0044846977807618885,0.037964974754279276,29,228,0.12719298245614036,0.09003827879913306,0.17670246143040297,42,228,0.18421052631578946,0.13926883766494602,0.23961743641183741,14,228,0.06140350877192982,0.03692525655069131,0.10041679077817461,128,228,0.5614035087719298,0.49650301066185093,0.6242691027121079,2,228,0.008771929824561403,0.002408834518876697,0.031414258489453124,10,228,0.043859649122807015,0.02399519068415856,0.07884053853786198,16,228,0.07017543859649122,0.04365347377604781,0.1109417326062408,172,228,0.7543859649122807,0.6946012655731801,0.8057403469760775,8,228,0.03508771929824561,0.017884537496209794,0.06769803267238808,1,228,0.0043859649122807015,0.0007746305902254884,0.024421882891392997,5,228,0.021929824561403508,0.00940248951543475,0.050300342073029095,10,228,0.043859649122807015,0.02399519068415856,0.07884053853786198,1,228,0.0043859649122807015,0.0007746305902254884,0.024421882891392997,0,228,0.0,0.0,0.016569933954907145,0,228,0.0,0.0,0.016569933954907145,15,228,0.06578947368421052,0.04027079854715023,0.105697828308427,138,228,0.6052631578947368,0.540575127311024,0.6664627813300481,41,228,0.17982456140350878,0.13541056212219627,0.23484913242787586,48,228,0.21052631578947367,0.1626255072813066,0.2680202439557449,171,228,0.75,0.689964558224925,0.8017504747976214,47,228,0.20614035087719298,0.15870928704270926,0.26330988466763094,5,228,0.021929824561403508,0.00940248951543475,0.050300342073029095,0,228,0.0,0.0,0.016569933954907145,5,228,0.021929824561403508,0.00940248951543475,0.050300342073029095,121,228,0.5307017543859649,0.46595033608275654,0.5944357206042228,365 0.56; 363 0.18; 331 0.08,3,53 0.63; 52 0.09; 99 0.07,3,medical deduction 0.56; shelter deduction 0.18; unearned income 0.13,wrong include/exclude decision 0.75,158,5,144,163,0.9693251533742331,0.9302094732086588,0.9868280042549953,0.03067484662576687,144,0.46905537459283386,307,29378.0
1,medical_deductions >= 18.000 & rawben_rel_max >=  0.747 & rawben_rel_max <  0.993,test_2024,294,69,105,8,105,0.0761904761904762,0.03911018406047029,0.14318776084294899,8,105,0.0761904761904762,0.03911018406047029,0.14318776084294899,28,105,0.26666666666666666,0.19141558416037008,0.35838890235948995,14,105,0.13333333333333333,0.08111317960230989,0.21143672778604156,46,105,0.4380952380952381,0.3470420653581746,0.5335183086164821,0,105,0.0,0.0,0.035295328256842964,1,105,0.009523809523809525,0.0016831259050527937,0.051987529432612214,33,105,0.3142857142857143,0.23337931576898624,0.40830180615498396,58,105,0.5523809523809524,0.4570954967107025,0.6439688022338187,6,105,0.05714285714285714,0.02644927392809686,0.11909801681367833,1,105,0.009523809523809525,0.0016831259050527937,0.051987529432612214,6,105,0.05714285714285714,0.02644927392809686,0.11909801681367833,1,105,0.009523809523809525,0.0016831259050527937,0.051987529432612214,0,105,0.0,0.0,0.035295328256842964,0,105,0.0,0.0,0.035295328256842964,0,105,0.0,0.0,0.035295328256842964,0,105,0.0,0.0,0.035295328256842964,78,105,0.7428571428571429,0.6517287582972721,0.81684208226369,6,105,0.05714285714285714,0.02644927392809686,0.11909801681367833,21,105,0.2,0.13469807905069026,0.2864791179034155,75,105,0.7142857142857143,0.6215148508295265,0.7919300084889693,28,105,0.26666666666666666,0.19141558416037008,0.35838890235948995,0,105,0.0,0.0,0.035295328256842964,0,105,0.0,0.0,0.035295328256842964,2,105,0.01904761904761905,0.005239072265250375,0.06680691015323666,56,105,0.5333333333333333,0.43842316135757814,0.625890483425299,365 0.44; 363 0.27; 364 0.13,3,53 0.45; 56 0.19; 52 0.07; 35 0.06,4,medical deduction 0.44; shelter deduction 0.27; utility allowance 0.13,"wrong include/exclude decision 0.55; wrong amount, known item 0.31",66,3,58,69,0.9565217391304348,0.8797860261535665,0.9851043661497328,0.043478260869565216,58,0.4566929133858268,127,14472.0
1,medical_deductions >   93.000 & total_deductions_by_hh_size >  466.000 & total_deductions_by_hh_size <= 1070.000 & unc_rawben_rel_max >    0.243,all_2022_24,1796,372,528,23,528,0.043560606060606064,0.029199395242414404,0.06451572595156516,82,528,0.1553030303030303,0.12690971397590745,0.18867597920792778,114,528,0.2159090909090909,0.182931949552541,0.252990325049521,43,528,0.08143939393939394,0.061021604473991894,0.1079038801063794,250,528,0.4734848484848485,0.4312410195129499,0.516111726116576,1,528,0.001893939393939394,0.0003343964761773014,0.010649324992771346,15,528,0.028409090909090908,0.017290388865379924,0.04634058697404295,99,528,0.1875,0.15650811480332477,0.2230063872589434,330,528,0.625,0.5829418629522727,0.66525233622282,29,528,0.054924242424242424,0.038510708715597045,0.07776752149430004,3,528,0.005681818181818182,0.0019341383626444103,0.016570619444943414,15,528,0.028409090909090908,0.017290388865379924,0.04634058697404295,8,528,0.015151515151515152,0.007696969812446655,0.0296103788417391,2,528,0.003787878787878788,0.001039366577243855,0.01370487306102438,1,528,0.001893939393939394,0.0003343964761773014,0.010649324992771346,0,528,0.0,0.0,0.007223203299629062,41,528,0.07765151515151515,0.05775346948790386,0.10365097875382825,329,528,0.6231060606060606,0.581020685908244,0.663412995097529,64,528,0.12121212121212122,0.09607526085399484,0.15182110528208778,133,528,0.2518939393939394,0.21674859167491245,0.29062352814422165,375,528,0.7102272727272727,0.6701228337034175,0.7472946830910565,131,528,0.2481060606060606,0.21317237771370895,0.286678705766786,4,528,0.007575757575757576,0.002949846254456755,0.01931542972245065,0,528,0.0,0.0,0.007223203299629062,18,528,0.03409090909090909,0.021670941187247893,0.05324158916013372,251,528,0.4753787878787879,0.43311309625444605,0.5180001675443994,365 0.47; 363 0.22; 331 0.09,3,53 0.50; 52 0.10; 99 0.08; 38 0.07; 56 0.06,5,medical deduction 0.47; shelter deduction 0.22; unearned income 0.16,"wrong include/exclude decision 0.62; wrong amount, known item 0.19",348,24,294,372,0.9354838709677419,0.9057995482815236,0.9562657473110877,0.06451612903225806,294,0.44144144144144143,666,57833.0
1,medical_deductions >   93.000 & total_deductions_by_hh_size >  466.000 & total_deductions_by_hh_size <= 1070.000 & unc_rawben_rel_max >    0.243,train_2022_23,1158,253,346,13,346,0.03757225433526012,0.022086517868332288,0.06321380090450662,57,346,0.16473988439306358,0.1293759827061844,0.20746674840412382,67,346,0.1936416184971098,0.1554613479234614,0.23855011326354436,21,346,0.06069364161849711,0.040036377677354545,0.09099892515684241,177,346,0.5115606936416185,0.45905253820789305,0.563814953822786,1,346,0.002890173410404624,0.0005103557592828819,0.01618748692151894,10,346,0.028901734104046242,0.015773000893824673,0.05237669885600495,32,346,0.09248554913294797,0.06627366089711767,0.1276472450214466,239,346,0.6907514450867052,0.640179236032403,0.7371343824738008,17,346,0.049132947976878616,0.030899194515957417,0.07726861628756052,1,346,0.002890173410404624,0.0005103557592828819,0.01618748692151894,11,346,0.031791907514450865,0.017842948400850978,0.0560236243566484,8,346,0.023121387283236993,0.011761389490150313,0.0449545642443398,2,346,0.005780346820809248,0.00158658026994901,0.02082813541852257,0,346,0.0,0.0,0.010980969673132068,0,346,0.0,0.0,0.010980969673132068,36,346,0.10404624277456648,0.07610553923568006,0.14068285871356323,198,346,0.5722543352601156,0.5196097437505902,0.6233120814411537,53,346,0.1531791907514451,0.11905472888050295,0.19492051019912626,93,346,0.26878612716763006,0.22479930563373418,0.3178508537526852,248,346,0.7167630057803468,0.6671074371610399,0.7616580384141918,77,346,0.22254335260115607,0.18189586312233716,0.26928432814136616,4,346,0.011560693641618497,0.004504586933130127,0.029343874770680962,0,346,0.0,0.0,0.010980969673132068,17,346,0.049132947976878616,0.030899194515957417,0.07726861628756052,171,346,0.49421965317919075,0.4418915289392646,0.5466747250453958,365 0.51; 363 0.19; 331 0.10,3,53 0.55; 52 0.11; 99 0.10,3,medical deduction 0.51; shelter deduction 0.19; unearned income 0.16,wrong include/exclude decision 0.69; other 0.10,236,17,201,253,0.932806324110672,0.8950374952538865,0.9576281165473169,0.06719367588932806,201,0.44273127753303965,454,36361.0
1,medical_deductions >   93.000 & total_deductions_by_hh_size >  466.000 & total_deductions_by_hh_size <= 1070.000 & unc_rawben_rel_max >    0.243,test_2024,638,119,182,10,182,0.054945054945054944,0.03011523483327929,0.0981746636609222,25,182,0.13736263736263737,0.09480258777222239,0.19491510729712702,47,182,0.25824175824175827,0.20011525678435235,0.3263632065952139,22,182,0.12087912087912088,0.08119649965778826,0.1762356360965316,73,182,0.4010989010989011,0.3326463289353089,0.47364031517451366,0,182,0.0,0.0,0.020671367444102935,5,182,0.027472527472527472,0.01179030844597875,0.06269032452317347,67,182,0.36813186813186816,0.3014616984940503,0.4402538269857132,91,182,0.5,0.4281122968719564,0.5718877031280436,12,182,0.06593406593406594,0.03811559898191012,0.1116980057223111,2,182,0.01098901098901099,0.0030187111424065383,0.03917636251171611,4,182,0.02197802197802198,0.008579092710784313,0.055139687153358055,0,182,0.0,0.0,0.020671367444102935,0,182,0.0,0.0,0.020671367444102935,1,182,0.005494505494505495,0.0009705495119654989,0.030462671037147296,0,182,0.0,0.0,0.020671367444102935,5,182,0.027472527472527472,0.01179030844597875,0.06269032452317347,131,182,0.7197802197802198,0.6505069613021934,0.7799671628982008,11,182,0.06043956043956044,0.034079885699149104,0.10497186590006227,40,182,0.21978021978021978,0.16575456426715088,0.28539092737734645,127,182,0.6978021978021978,0.6275636879201577,0.7598630238601972,54,182,0.2967032967032967,0.2350941388148784,0.3667172962997568,0,182,0.0,0.0,0.020671367444102935,0,182,0.0,0.0,0.020671367444102935,1,182,0.005494505494505495,0.0009705495119654989,0.030462671037147296,80,182,0.43956043956043955,0.36943830445150183,0.5121813113933897,365 0.40; 363 0.26; 364 0.12,3,53 0.41; 56 0.18; 38 0.09; 52 0.07; 35 0.07,5,medical deduction 0.40; shelter deduction 0.26; unearned income 0.14,"wrong include/exclude decision 0.50; wrong amount, known item 0.37",112,7,93,119,0.9411764705882353,0.883542245816338,0.9712170539648437,0.058823529411764705,93,0.4386792452830189,212,21472.0
1,elderly_disabled_i >    0.500 & medical_deductions >   58.500 & shelter_expenses_by_hh_size <= 1050.000 & unc_rawben_rel_max >    0.488,all_2022_24,1201,277,394,6,394,0.015228426395939087,0.006997429802856087,0.03282143277963906,72,394,0.18274111675126903,0.1477061340397416,0.22390306922105363,69,394,0.1751269035532995,0.14078408767109035,0.21574373646796396,31,394,0.07868020304568528,0.055980646883457205,0.10951637504687887,208,394,0.5279187817258884,0.4785923685147739,0.5767060215982762,1,394,0.0025380710659898475,0.0004481609216457627,0.014235069791281191,7,394,0.017766497461928935,0.008632048770990533,0.03621394018541825,74,394,0.18781725888324874,0.15233435308588258,0.22932910292273997,271,394,0.6878172588832487,0.6404329289535977,0.7315744227160115,10,394,0.025380710659898477,0.013843443300851504,0.046083924777298196,2,394,0.005076142131979695,0.001393137646964972,0.018317219439875618,7,394,0.017766497461928935,0.008632048770990533,0.03621394018541825,7,394,0.017766497461928935,0.008632048770990533,0.03621394018541825,1,394,0.0025380710659898475,0.0004481609216457627,0.014235069791281191,0,394,0.0,8.673617379884035e-19,0.009656104339013316,0,394,0.0,8.673617379884035e-19,0.009656104339013316,22,394,0.05583756345177665,0.03715990804599652,0.08309297651911685,262,394,0.6649746192893401,0.61697301741308,0.7097901968913064,48,394,0.1218274111675127,0.09313101245689857,0.15782715782996937,84,394,0.2131979695431472,0.17562595635868553,0.2563087633890733,292,394,0.7411167512690355,0.6956832001933502,0.7818938053284454,80,394,0.20304568527918782,0.1662803567389025,0.24554585751320185,7,394,0.017766497461928935,0.008632048770990533,0.03621394018541825,0,394,0.0,8.673617379884035e-19,0.009656104339013316,15,394,0.03807106598984772,0.02320488514812994,0.061858114799587964,205,394,0.5203045685279187,0.4710159037089132,0.5692011072823957,365 0.53; 363 0.18; 331 0.12,3,53 0.54; 52 0.10; 38 0.09; 99 0.06,4,medical deduction 0.53; unearned income 0.18; shelter deduction 0.18,"wrong include/exclude decision 0.69; wrong amount, known item 0.19",264,13,223,277,0.9530685920577617,0.9213711288043793,0.9723711088128397,0.04693140794223827,223,0.446,500,45409.0
1,elderly_disabled_i >    0.500 & medical_deductions >   58.500 & shelter_expenses_by_hh_size <= 1050.000 & unc_rawben_rel_max >    0.488,train_2022_23,814,187,258,4,258,0.015503875968992248,0.006045144557868705,0.03917914371412475,45,258,0.1744186046511628,0.1329843143171249,0.22540640740165477,43,258,0.16666666666666666,0.12615208475524908,0.2169622255758824,14,258,0.05426356589147287,0.032595162162486764,0.08901118304774722,145,258,0.562015503875969,0.5010034917302626,0.6212077993709224,1,258,0.003875968992248062,0.0006845140651233483,0.021625157125397945,6,258,0.023255813953488372,0.010700782234490322,0.04979991742515124,32,258,0.12403100775193798,0.08924265939199384,0.16985138830707314,186,258,0.7209302325581395,0.663262249621643,0.7721154749263278,5,258,0.01937984496124031,0.008305499777604631,0.04455699418821288,1,258,0.003875968992248062,0.0006845140651233483,0.021625157125397945,4,258,0.015503875968992248,0.006045144557868705,0.03917914371412475,7,258,0.027131782945736434,0.013203352915083344,0.054935552438382274,1,258,0.003875968992248062,0.0006845140651233483,0.021625157125397945,0,258,0.0,0.0,0.01467146549669724,0,258,0.0,0.0,0.01467146549669724,22,258,0.08527131782945736,0.05698450468052039,0.12572748608030604,161,258,0.624031007751938,0.5635131101000036,0.6809094721023662,39,258,0.1511627906976744,0.11259175949064457,0.19996972806519073,58,258,0.2248062015503876,0.17811822298249824,0.27956917275599413,191,258,0.7403100775193798,0.6835581098860558,0.7900106431310355,48,258,0.18604651162790697,0.14329273102372458,0.23801260777652722,6,258,0.023255813953488372,0.010700782234490322,0.04979991742515124,0,258,0.0,0.0,0.01467146549669724,13,258,0.050387596899224806,0.029679787781956925,0.08428835173445301,138,258,0.5348837209302325,0.4739544200140395,0.594789431230377,365 0.56; 363 0.17; 331 0.12,3,53 0.59; 52 0.10; 38 0.09,3,medical deduction 0.56; unearned income 0.17; shelter deduction 0.17,"wrong include/exclude decision 0.72; wrong amount, known item 0.12",178,9,152,187,0.9518716577540107,0.9110750373515629,0.9744761213056691,0.0481283422459893,152,0.44837758112094395,339,28853.0
1,elderly_disabled_i >    0.500 & medical_deductions >   58.500 & shelter_expenses_by_hh_size <= 1050.000 & unc_rawben_rel_max >    0.488,test_2024,387,90,136,2,136,0.014705882352941176,0.004042106772879195,0.05203276651232348,27,136,0.19852941176470587,0.14018035078929258,0.2734419189787878,26,136,0.19117647058823528,0.1339352099342089,0.26538516397455636,17,136,0.125,0.07952734560350694,0.19107596557142237,63,136,0.4632352941176471,0.38159140797996516,0.5468991127234593,0,136,0.0,0.0,0.02747108156657246,1,136,0.007352941176470588,0.0012991225992175122,0.040473854826670055,42,136,0.3088235294117647,0.23732037486900903,0.3908303327887981,85,136,0.625,0.5412521912933481,0.7018800383150088,5,136,0.03676470588235294,0.015803853341031543,0.08317670752211648,1,136,0.007352941176470588,0.0012991225992175122,0.040473854826670055,3,136,0.022058823529411766,0.0075297889199087455,0.06284698022460905,0,136,0.0,0.0,0.02747108156657246,0,136,0.0,0.0,0.02747108156657246,0,136,0.0,0.0,0.02747108156657246,0,136,0.0,0.0,0.02747108156657246,0,136,0.0,0.0,0.02747108156657246,101,136,0.7426470588235294,0.6632160993617318,0.808746463995667,9,136,0.0661764705882353,0.03520277178641907,0.12098537251398939,26,136,0.19117647058823528,0.1339352099342089,0.26538516397455636,101,136,0.7426470588235294,0.6632160993617318,0.808746463995667,32,136,0.23529411764705882,0.17188509908899885,0.3132466499756571,1,136,0.007352941176470588,0.0012991225992175122,0.040473854826670055,0,136,0.0,0.0,0.02747108156657246,2,136,0.014705882352941176,0.004042106772879195,0.05203276651232348,67,136,0.49264705882352944,0.4099857553192898,0.5757123488213951,365 0.46; 363 0.19; 364 0.12,3,53 0.46; 56 0.14; 52 0.10; 38 0.09,4,medical deduction 0.46; unearned income 0.20; shelter deduction 0.19,"wrong include/exclude decision 0.62; wrong amount, known item 0.31",86,4,71,90,0.9555555555555556,0.8912298532290508,0.9825830399867512,0.044444444444444446,71,0.4409937888198758,161,16556.0
1,medical_deductions >  170.000 & rawben_rel_max <=    0.955 & total_deductions_by_hh_size <= 1660.000 & unc_rawben_rel_max <=    1.010,all_2022_24,1390,222,328,9,328,0.027439024390243903,0.014501450018758098,0.05131790475773767,49,328,0.14939024390243902,0.11488039275559753,0.19201783820760898,61,328,0.18597560975609756,0.1475897254628402,0.2316321683563796,27,328,0.08231707317073171,0.05718763146745175,0.11711721759306386,174,328,0.5304878048780488,0.4764364801256525,0.5838332389210251,1,328,0.003048780487804878,0.0005383736493467933,0.01706520588980683,7,328,0.021341463414634148,0.010375299488052662,0.04339011147910757,68,328,0.2073170731707317,0.16695672623945523,0.2544539709124389,197,328,0.600609756097561,0.546735205099674,0.6521548677543624,12,328,0.036585365853658534,0.021049895668565778,0.06285037482193331,0,328,0.0,0.0,0.01157660763448585,10,328,0.03048780487804878,0.016642915748313843,0.0552034109328497,10,328,0.03048780487804878,0.016642915748313843,0.0552034109328497,2,328,0.006097560975609756,0.0016737318701209834,0.021956819573700406,1,328,0.003048780487804878,0.0005383736493467933,0.01706520588980683,0,328,0.0,0.0,0.01157660763448585,28,328,0.08536585365853659,0.05972046762979326,0.12061135333539012,206,328,0.6280487804878049,0.5745420541880492,0.6785907658079972,38,328,0.11585365853658537,0.08557920454563907,0.15502233546622202,84,328,0.25609756097560976,0.2118738013297394,0.3059684462968391,229,328,0.698170731707317,0.6464318434577386,0.7453213303456664,81,328,0.24695121951219512,0.20338936876091632,0.29637196315165887,5,328,0.01524390243902439,0.006528305553588654,0.03518316160423605,0,328,0.0,0.0,0.01157660763448585,13,328,0.039634146341463415,0.0233061289795522,0.06662111341561465,173,328,0.5274390243902439,0.4734041809592559,0.580838566182754,365 0.53; 363 0.19; 364 0.08,3,53 0.46; 52 0.11; 99 0.09; 56 0.08; 38 0.06,5,medical deduction 0.53; shelter deduction 0.19; unearned income 0.15,"wrong include/exclude decision 0.60; wrong amount, known item 0.21",191,31,184,222,0.8603603603603603,0.8086106137319233,0.8998505378008324,0.13963963963963963,184,0.45320197044334976,406,39429.0
1,medical_deductions >  170.000 & rawben_rel_max <=    0.955 & total_deductions_by_hh_size <= 1660.000 & unc_rawben_rel_max <=    1.010,train_2022_23,923,155,222,6,222,0.02702702702702703,0.012444153780371062,0.05770058483288708,34,222,0.15315315315315314,0.11171408847922638,0.2063920531704962,36,222,0.16216216216216217,0.11949273548961543,0.21632493494842608,19,222,0.08558558558558559,0.055474129279163994,0.12979554645816693,122,222,0.5495495495495496,0.4838107424952816,0.6136026658404725,1,222,0.0045045045045045045,0.0007955782235107185,0.025070338418950188,4,222,0.018018018018018018,0.0070284906668760284,0.04540471915806321,23,222,0.1036036036036036,0.07003264765768454,0.15066008565628414,151,222,0.6801801801801802,0.6162079912713478,0.7380225844950301,5,222,0.02252252252252252,0.009657605310355994,0.05163136890874269,0,222,0.0,0.0,0.017010152248301463,8,222,0.036036036036036036,0.01837085780729679,0.06948540959428023,7,222,0.03153153153153153,0.015356007488822678,0.0636444955185949,2,222,0.009009009009009009,0.00247403017178004,0.03224765086484031,0,222,0.0,0.0,0.017010152248301463,0,222,0.0,0.0,0.017010152248301463,26,222,0.11711711711711711,0.08118853081069374,0.16607149568575327,129,222,0.581081081081081,0.5153387448539702,0.6440650142408996,34,222,0.15315315315315314,0.11171408847922638,0.2063920531704962,59,222,0.26576576576576577,0.21199945756248087,0.32750079394122783,156,222,0.7027027027027027,0.6395428315689375,0.7589665661682377,50,222,0.22522522522522523,0.17521740237511524,0.28458096958115847,4,222,0.018018018018018018,0.0070284906668760284,0.04540471915806321,0,222,0.0,0.0,0.017010152248301463,12,222,0.05405405405405406,0.031187927099151327,0.09209139787906347,116,222,0.5225225225225225,0.4569929897613457,0.5872858322094515,365 0.55; 363 0.16; 331 0.09,3,53 0.54; 99 0.12; 52 0.11,3,medical deduction 0.55; shelter deduction 0.16; unearned income 0.15,wrong include/exclude decision 0.68; other 0.12,136,19,131,155,0.8774193548387097,0.8164788974678148,0.9201039624379026,0.12258064516129032,131,0.458041958041958,286,26600.0
1,medical_deductions >  170.000 & rawben_rel_max <=    0.955 & total_deductions_by_hh_size <= 1660.000 & unc_rawben_rel_max <=    1.010,test_2024,467,67,106,3,106,0.02830188679245283,0.009671108644619023,0.07992700354602641,15,106,0.14150943396226415,0.0876695987836644,0.2204249664812261,25,106,0.2358490566037736,0.16515930334184276,0.32501563948491863,8,106,0.07547169811320754,0.03873637400565599,0.14190192696592488,52,106,0.49056603773584906,0.39740536170099516,0.5843866005428178,0,106,0.0,0.0,0.034973998922084165,3,106,0.02830188679245283,0.009671108644619023,0.07992700354602641,45,106,0.42452830188679247,0.3346948483840659,0.5196408495664374,46,106,0.4339622641509434,0.3435555639981549,0.5289881717085355,7,106,0.0660377358490566,0.0323537353402859,0.13007652787510787,0,106,0.0,0.0,0.034973998922084165,2,106,0.018867924528301886,0.005189500019088127,0.0662005744153702,3,106,0.02830188679245283,0.009671108644619023,0.07992700354602641,0,106,0.0,0.0,0.034973998922084165,1,106,0.009433962264150943,0.0016672287844913501,0.05151480789377989,0,106,0.0,0.0,0.034973998922084165,2,106,0.018867924528301886,0.005189500019088127,0.0662005744153702,77,106,0.7264150943396226,0.6347509773703678,0.8022419287781223,4,106,0.03773584905660377,0.014770608109942171,0.09303554183689035,25,106,0.2358490566037736,0.16515930334184276,0.32501563948491863,73,106,0.6886792452830188,0.595235830212175,0.7689249249115668,31,106,0.29245283018867924,0.21433210649260998,0.38509106287127387,1,106,0.009433962264150943,0.0016672287844913501,0.05151480789377989,0,106,0.0,0.0,0.034973998922084165,1,106,0.009433962264150943,0.0016672287844913501,0.05151480789377989,57,106,0.5377358490566038,0.44316673901352743,0.6296654120112208,365 0.49; 363 0.24; 346 0.08,3,53 0.30; 56 0.24; 52 0.11; 35 0.07; 57 0.07,5,medical deduction 0.49; shelter deduction 0.24; unearned income 0.14,"wrong include/exclude decision 0.43; wrong amount, known item 0.42",55,12,53,67,0.8208955223880597,0.7125228638737021,0.8944651205874056,0.1791044776119403,53,0.44166666666666665,120,12829.0
1,medical_deductions >=  117.0000 & rawben_rel_max >=    0.0996 & shelter_expenses_by_hh_size < 1530.0000 & unc_rawben_rel_max <    1.2500,all_2022_24,2663,498,716,29,716,0.040502793296089384,0.02834641145716737,0.05756359985643273,106,716,0.14804469273743018,0.12391075252438011,0.17593521358816466,144,716,0.2011173184357542,0.17338675465863268,0.23203799434170297,65,716,0.09078212290502793,0.07186465955561494,0.11406735659905021,348,716,0.4860335195530726,0.44959576971361986,0.5226203400527512,6,716,0.008379888268156424,0.0038460221766936035,0.018161041599559398,18,716,0.025139664804469275,0.01596007320707509,0.03938765884953292,131,716,0.1829608938547486,0.15635743698241034,0.21294825471420736,455,716,0.6354748603351955,0.5995843003000232,0.6699194349661799,34,716,0.04748603351955307,0.03417780538525629,0.0656241510451584,3,716,0.004189944134078212,0.0014259347024462897,0.012245962003717956,21,716,0.029329608938547486,0.01926199237377964,0.04442090675291713,15,716,0.02094972067039106,0.012736103200210649,0.03427646178630861,6,716,0.008379888268156424,0.0038460221766936035,0.018161041599559398,1,716,0.0013966480446927375,0.0002465788894973494,0.007868539769941061,1,716,0.0013966480446927375,0.0002465788894973494,0.007868539769941061,49,716,0.06843575418994413,0.0521503709422832,0.08932742083857526,454,715,0.634965034965035,0.5990413193073931,0.6694462028393497,75,715,0.1048951048951049,0.08450699799578079,0.12950621437256293,184,715,0.2573426573426573,0.2266544195746923,0.29062449138427265,506,716,0.7067039106145251,0.6723234760170671,0.7388780994406445,173,716,0.24162011173184358,0.21169721308658485,0.27430081759127545,8,716,0.0111731843575419,0.005672202487861469,0.02189163933511737,1,716,0.0013966480446927375,0.0002465788894973494,0.007868539769941061,28,716,0.03910614525139665,0.027192660127459436,0.055938962162777744,350,715,0.48951048951048953,0.4530226891370509,0.5261104049966219,365 0.49; 363 0.20; 364 0.09,3,53 0.49; 52 0.11; 99 0.07; 38 0.07; 56 0.06,5,medical deduction 0.49; shelter deduction 0.20; unearned income 0.15,"wrong include/exclude decision 0.64; wrong amount, known item 0.18",448,50,408,498,0.8995983935742972,0.8700674862895642,0.9230114453892763,0.10040160642570281,408,0.4503311258278146,906,77459.0
1,medical_deductions >=  117.0000 & rawben_rel_max >=    0.0996 & shelter_expenses_by_hh_size < 1530.0000 & unc_rawben_rel_max <    1.2500,train_2022_23,1652,326,457,16,457,0.0350109409190372,0.02166330150349862,0.056110927211964555,68,457,0.1487964989059081,0.11909926509171673,0.1843490347145507,83,457,0.18161925601750548,0.14897368659712018,0.21957290294687926,36,457,0.0787746170678337,0.057441052524854166,0.10713089584091835,236,457,0.5164113785557987,0.4706479706798393,0.5619011741890266,5,457,0.010940919037199124,0.00468204092308395,0.02535344198470909,13,457,0.028446389496717725,0.016698093978167954,0.04805647678974883,43,457,0.09409190371991247,0.07060546414636909,0.12434568609701169,318,457,0.6958424507658644,0.6521747304373524,0.7362450649977819,19,457,0.04157549234135667,0.02677518327038962,0.06401870339261996,1,457,0.002188183807439825,0.0003863627205001399,0.012289576257231035,14,457,0.030634573304157548,0.018334359981006944,0.0507600967694253,13,457,0.028446389496717725,0.016698093978167954,0.04805647678974883,4,457,0.0087527352297593,0.0034088271483492787,0.022286769776928297,0,457,0.0,0.0,0.008336052995215708,1,457,0.002188183807439825,0.0003863627205001399,0.012289576257231035,44,457,0.0962800875273523,0.07250425744987525,0.12678677877602101,274,457,0.5995623632385121,0.5539879138850078,0.643476898319446,63,457,0.13785557986870897,0.10925378958570935,0.17249508030798072,118,457,0.25820568927789933,0.2202123897443946,0.3002302091876462,326,457,0.7133479212253829,0.670244614756802,0.7528942685384561,100,457,0.2188183807439825,0.18334125861350692,0.2589833926332555,7,457,0.015317286652078774,0.007438975320648963,0.03127627955217502,0,457,0.0,0.0,0.008336052995215708,24,457,0.0525164113785558,0.03554149667485057,0.07695181990073635,232,457,0.5076586433260394,0.46194911748572476,0.5532404834530794,365 0.52; 363 0.18; 331 0.09,3,53 0.53; 52 0.14; 99 0.10,3,medical deduction 0.52; shelter deduction 0.18; unearned income 0.15,wrong include/exclude decision 0.70; other 0.10,291,35,269,326,0.8926380368098159,0.8543443268473723,0.9217857913669463,0.10736196319018405,269,0.45210084033613446,595,48467.0
1,medical_deductions >=  117.0000 & rawben_rel_max >=    0.0996 & shelter_expenses_by_hh_size < 1530.0000 & unc_rawben_rel_max <    1.2500,test_2024,1011,172,259,13,259,0.05019305019305019,0.02956428384097465,0.08397025559266141,38,259,0.14671814671814673,0.1087953712043507,0.19496780783580123,61,259,0.23552123552123552,0.18794258145522963,0.29083094602291687,29,259,0.11196911196911197,0.07909919242937878,0.1561816763524274,112,259,0.43243243243243246,0.37351871549907434,0.49332123677636464,1,259,0.003861003861003861,0.0006818698910721083,0.021542922531436352,5,259,0.019305019305019305,0.008273324839959947,0.04438804991959105,88,259,0.33976833976833976,0.2848027136039602,0.39941774464922347,137,259,0.528957528957529,0.46818667748410975,0.5888819143978452,15,259,0.05791505791505792,0.035407603743772054,0.09334522685838531,2,259,0.007722007722007722,0.0021201692749995716,0.027713768731769527,7,259,0.02702702702702703,0.013152139011308007,0.05472752691676426,2,259,0.007722007722007722,0.0021201692749995716,0.027713768731769527,2,259,0.007722007722007722,0.0021201692749995716,0.027713768731769527,1,259,0.003861003861003861,0.0006818698910721083,0.021542922531436352,0,259,0.0,0.0,0.014615646838247825,5,259,0.019305019305019305,0.008273324839959947,0.04438804991959105,180,258,0.6976744186046512,0.6390697813956349,0.7504787089893922,12,258,0.046511627906976744,0.026803604654567662,0.07952632916801822,66,258,0.2558139534883721,0.2064258848981672,0.31236715639091756,180,259,0.694980694980695,0.6363959912048844,0.7478658608002777,73,259,0.28185328185328185,0.23055725365856722,0.339526020830707,1,259,0.003861003861003861,0.0006818698910721083,0.021542922531436352,1,259,0.003861003861003861,0.0006818698910721083,0.021542922531436352,4,259,0.015444015444015444,0.006021741998008371,0.03903048717728198,118,258,0.4573643410852713,0.3976442981952295,0.518335439172706,365 0.43; 363 0.24; 364 0.11,3,53 0.42; 56 0.17; 52 0.07; 38 0.07; 35 0.06,5,medical deduction 0.43; shelter deduction 0.24; unearned income 0.15,"wrong include/exclude decision 0.53; wrong amount, known item 0.34",157,15,139,172,0.9127906976744186,0.8611060115674882,0.9464389607257573,0.0872093023255814,139,0.44694533762057875,311,28992.0
1,married <=   0.500 & rawben_rel_max >   0.746 & rawben_rel_max <=   0.991 & total_deductions_by_hh_size > 628.000,all_2022_24,4356,749,1039,94,1039,0.0904716073147257,0.07450448455902675,0.10945595583767395,102,1039,0.09817131857555342,0.08153169069543326,0.11777144412389115,451,1039,0.4340712223291627,0.4042309998801439,0.4643971791261404,171,1039,0.1645813282001925,0.14327751245557277,0.18835636175888124,185,1039,0.17805582290664101,0.1559923852698343,0.2024912041842112,10,1039,0.009624639076034648,0.005236154900773163,0.017625994058378443,26,1039,0.025024061597690085,0.01713334155271474,0.03641419625168431,222,1039,0.2136669874879692,0.18982123022644412,0.2396223209322361,558,1039,0.5370548604427334,0.5066544227654972,0.5671822941433795,56,1039,0.05389797882579403,0.041737424199533996,0.06934521768970402,2,1039,0.0019249278152069298,0.0005280323994781575,0.006991422137049728,75,1039,0.07218479307025986,0.05797464384580412,0.08954689729716525,36,1039,0.03464870067372473,0.025131106006965845,0.047594799825712866,13,1039,0.012512030798845043,0.007326441940380682,0.02128921742725482,6,1039,0.005774783445620789,0.002649206602116239,0.012541595145723505,1,1039,0.0009624639076034649,0.00016991435035417553,0.005431703383345745,70,1039,0.06737247353224254,0.05366897416427448,0.08426338296455506,651,1037,0.6277724204435873,0.5979293979290901,0.6566722628807777,122,1037,0.11764705882352941,0.09943364977869375,0.13868288976007953,263,1037,0.2536162005785921,0.22807772806249446,0.28097340901734547,568,1039,0.546679499518768,0.5162925142060808,0.5767225707310755,445,1039,0.42829643888354185,0.39852601219253664,0.4585951459967798,8,1039,0.007699711260827719,0.00390658693092486,0.015119888422570818,4,1039,0.0038498556304138597,0.001498097100988016,0.009857031041195802,14,1039,0.013474494706448507,0.008043146202156782,0.022490349968306688,356,1037,0.343297974927676,0.31502467865263456,0.37272800148620694,363 0.43; 365 0.18; 364 0.16,3,53 0.46; 56 0.11; 99 0.07; 35 0.05; 52 0.05; 64 0.05,6,shelter deduction 0.43; medical deduction 0.18; utility allowance 0.16,"wrong include/exclude decision 0.54; wrong amount, known item 0.21",723,26,621,749,0.965287049399199,0.9496228781309577,0.9762026873000706,0.03471295060080107,621,0.45328467153284674,1370,149551.0
1,married <=   0.500 & rawben_rel_max >   0.746 & rawben_rel_max <=   0.991 & total_deductions_by_hh_size > 628.000,train_2022_23,2540,458,634,46,634,0.07255520504731862,0.05483409912908451,0.09542515018924153,71,634,0.11198738170347003,0.0897396176318905,0.1389089998305014,259,634,0.4085173501577287,0.3709159909640424,0.4472206749417249,99,634,0.15615141955835962,0.12997516774249715,0.18646954204124852,129,634,0.20347003154574134,0.17396210108744486,0.23654985046917987,7,634,0.011041009463722398,0.005358275724007541,0.02261355928957577,23,634,0.03627760252365931,0.024293264871967563,0.0538477657538179,55,634,0.08675078864353312,0.06725443068007783,0.11122499117011192,393,634,0.6198738170347003,0.5814732244063441,0.6568304547516162,34,634,0.05362776025236593,0.03862730212962773,0.07400505047954671,1,634,0.0015772870662460567,0.00027847701487952996,0.008879909644127972,43,634,0.06782334384858044,0.050739783461677124,0.09011274167936101,28,634,0.04416403785488959,0.030729781967263243,0.0630891222873354,7,634,0.011041009463722398,0.005358275724007541,0.02261355928957577,6,634,0.00946372239747634,0.0043442630414858244,0.020491997246334853,1,634,0.0015772870662460567,0.00027847701487952996,0.008879909644127972,66,634,0.10410094637223975,0.08266528266515842,0.13030546116842034,382,634,0.6025236593059937,0.563922262479065,0.6398900946955064,95,634,0.1498422712933754,0.12417187867291384,0.17973053220778135,156,634,0.24605678233438485,0.21412509018530915,0.28104737896690674,350,634,0.5520504731861199,0.5131431499754969,0.59033081597467,266,634,0.4195583596214511,0.38174186603176813,0.45834382295433757,8,634,0.012618296529968454,0.006407378369558351,0.02470003136978759,0,634,0.0,0.0,0.006022811933244867,10,634,0.015772870662460567,0.00858957173893331,0.028788987451937906,235,634,0.37066246056782337,0.3339506508529812,0.4089322216344828,363 0.41; 365 0.20; 364 0.16,3,53 0.54; 99 0.10; 52 0.06; 35 0.05,4,shelter deduction 0.41; medical deduction 0.20; utility allowance 0.16,"wrong include/exclude decision 0.62; other 0.10; wrong amount, known item 0.09",443,15,380,458,0.9672489082969432,0.9466708052679524,0.9800538553083142,0.03275109170305677,380,0.45346062052505964,838,89588.0
1,married <=   0.500 & rawben_rel_max >   0.746 & rawben_rel_max <=   0.991 & total_deductions_by_hh_size > 628.000,test_2024,1816,291,405,48,405,0.11851851851851852,0.09056736738302965,0.15363870166669524,31,405,0.07654320987654321,0.05444526206430456,0.10659901523037388,192,405,0.4740740740740741,0.4259150001271104,0.5227203637888904,72,405,0.17777777777777778,0.14362145492920814,0.21798949659822942,56,405,0.1382716049382716,0.10803799564969155,0.17530303422593754,3,405,0.007407407407407408,0.0025222747650984045,0.021549639638915277,3,405,0.007407407407407408,0.0025222747650984045,0.021549639638915277,167,405,0.4123456790123457,0.3654455175819702,0.46089309375307985,165,405,0.4074074074074074,0.36064052959953496,0.455914341529039,22,405,0.05432098765432099,0.036142960997054364,0.08087448536848182,1,405,0.0024691358024691358,0.00043598493285569324,0.013852189264681933,32,405,0.07901234567901234,0.056521691195979426,0.10941445620193703,8,405,0.019753086419753086,0.01004231403313549,0.03848895088706833,6,405,0.014814814814814815,0.006806892467053025,0.03194063224667474,0,405,0.0,0.0,0.009396304094299602,0,405,0.0,0.0,0.009396304094299602,4,405,0.009876543209876543,0.003847247438580956,0.02511653706867075,269,403,0.6674937965260546,0.6201058638940902,0.7117186102993058,27,403,0.06699751861042183,0.04644965757748941,0.09572262765587906,107,403,0.2655086848635236,0.22475404488465062,0.3106916912445948,218,405,0.5382716049382716,0.48958557785721607,0.5862384087429734,179,405,0.4419753086419753,0.3943776431131911,0.4906634094607153,0,405,0.0,0.0,0.009396304094299602,4,405,0.009876543209876543,0.003847247438580956,0.02511653706867075,4,405,0.009876543209876543,0.003847247438580956,0.02511653706867075,121,403,0.3002481389578164,0.2575538251859671,0.34671476485005676,363 0.47; 364 0.18; 365 0.14,3,53 0.34; 56 0.28; 35 0.05; 64 0.05; 57 0.05,5,shelter deduction 0.47; utility allowance 0.18; medical deduction 0.14,"wrong amount, known item 0.41; wrong include/exclude decision 0.41",280,11,241,291,0.9621993127147767,0.9335902480633486,0.9787640465816406,0.037800687285223365,241,0.45300751879699247,532,59963.0
1,count_divisible_by_100 <=   0.50 & medical_deductions >  93.00 & total_deductions_by_hh_size > 554.00 & unc_rawben_rel_max <=   0.99,all_2022_24,2222,415,605,24,605,0.03966942148760331,0.026800292931562983,0.05834763388552704,83,605,0.1371900826446281,0.11205464581292943,0.1669039535994629,146,605,0.2413223140495868,0.20892687618068304,0.2769821024436423,44,605,0.07272727272727272,0.054619841537253314,0.09622661836299003,281,605,0.4644628099173554,0.425070077388615,0.5043039995469951,3,605,0.0049586776859504135,0.00168777029084492,0.014476696788934124,24,605,0.03966942148760331,0.026800292931562983,0.05834763388552704,126,605,0.20826446280991737,0.177797405131574,0.242413040409598,362,605,0.5983471074380166,0.5587807262579757,0.6366724096644055,29,605,0.047933884297520664,0.033579116556280784,0.06799344353159756,5,605,0.008264462809917356,0.0035350502956449596,0.019199270092449414,19,605,0.03140495867768595,0.020195687449871436,0.048527606096430254,18,605,0.02975206611570248,0.018900906766973306,0.04653746012517072,2,605,0.003305785123966942,0.0009070151371574284,0.011972525288463947,2,605,0.003305785123966942,0.0009070151371574284,0.011972525288463947,0,605,0.0,0.0,0.006309687117306045,42,605,0.06942148760330578,0.051766744508438364,0.09250986208348964,390,605,0.6446280991735537,0.6056856449221869,0.6817454373166089,65,605,0.10743801652892562,0.0851924345315384,0.13463748510601592,150,605,0.24793388429752067,0.21518703513504678,0.2838616501059091,423,605,0.6991735537190082,0.661465559546624,0.7343681022793748,157,605,0.25950413223140495,0.22616784714711147,0.2958753246729481,5,605,0.008264462809917356,0.0035350502956449596,0.019199270092449414,2,605,0.003305785123966942,0.0009070151371574284,0.011972525288463947,18,605,0.02975206611570248,0.018900906766973306,0.04653746012517072,305,605,0.5041322314049587,0.46439073663918057,0.5438215799962137,365 0.46; 363 0.24; 331 0.07,3,53 0.47; 52 0.11; 56 0.08; 99 0.07; 38 0.06,5,medical deduction 0.46; shelter deduction 0.24; unearned income 0.14,"wrong include/exclude decision 0.60; wrong amount, known item 0.21",372,43,341,415,0.8963855421686747,0.8633373923978408,0.9221624242392842,0.10361445783132531,341,0.45105820105820105,756,71914.0
1,count_divisible_by_100 <=   0.50 & medical_deductions >  93.00 & total_deductions_by_hh_size > 554.00 & unc_rawben_rel_max <=   0.99,train_2022_23,1386,272,383,12,383,0.031331592689295036,0.018012004512286538,0.05395957248460314,53,383,0.13838120104438642,0.10737536506408174,0.17656927791123422,81,383,0.21148825065274152,0.1735580417914136,0.25514869502282767,24,383,0.06266318537859007,0.042467378841114914,0.09154509551531416,194,383,0.5065274151436031,0.4566403996930168,0.5562847872568872,3,383,0.007832898172323759,0.002667348246358822,0.022773555730876305,16,383,0.04177545691906005,0.025875152081322784,0.06677672403541338,38,383,0.09921671018276762,0.07314059661293389,0.13325292466295782,266,383,0.6945169712793734,0.6466434129074317,0.7385271581997088,15,383,0.0391644908616188,0.023875320064512956,0.06360648127226158,2,383,0.005221932114882507,0.0014331821519347372,0.018837647045338773,12,383,0.031331592689295036,0.018012004512286538,0.05395957248460314,13,383,0.033942558746736295,0.01994148278191459,0.057200168994936726,2,383,0.005221932114882507,0.0014331821519347372,0.018837647045338773,1,383,0.0026109660574412533,0.0004610365404037328,0.014639717876908157,0,383,0.0,0.0,0.009930679637350275,34,383,0.08877284595300261,0.06422110974182223,0.12149211241422302,230,383,0.6005221932114883,0.5507046833876582,0.648343195640864,52,383,0.13577023498694518,0.1050606762552991,0.1737138919400553,101,383,0.26370757180156656,0.22208019774806542,0.3100280346654082,270,383,0.7049608355091384,0.6574321894783318,0.7484186807486551,94,383,0.2454308093994778,0.20499958851366779,0.29091812044007453,5,383,0.013054830287206266,0.00558870470858182,0.03019234882857654,0,383,0.0,0.0,0.009930679637350275,14,383,0.03655352480417755,0.02189673855194428,0.06041498800486865,199,383,0.5195822454308094,0.46959923089284195,0.5691763299568703,365 0.51; 363 0.21; 331 0.08,3,53 0.55; 52 0.13; 99 0.09,3,medical deduction 0.51; shelter deduction 0.21; unearned income 0.14,"wrong include/exclude decision 0.69; wrong amount, known item 0.10",245,27,227,272,0.9007352941176471,0.8594281047834295,0.9308805361177254,0.09926470588235294,227,0.45490981963927857,499,44298.0
1,count_divisible_by_100 <=   0.50 & medical_deductions >  93.00 & total_deductions_by_hh_size > 554.00 & unc_rawben_rel_max <=   0.99,test_2024,836,143,222,12,222,0.05405405405405406,0.031187927099151327,0.09209139787906347,30,222,0.13513513513513514,0.09632423721580859,0.18635884685727627,65,222,0.2927927927927928,0.2368646384083137,0.3557701994603517,20,222,0.09009009009009009,0.05907580777089225,0.1350496323605981,87,222,0.3918918918918919,0.33003533354619086,0.4574263209939823,0,222,0.0,0.0,0.017010152248301463,8,222,0.036036036036036036,0.01837085780729679,0.06948540959428023,88,222,0.3963963963963964,0.3343381655598533,0.4619792533744793,96,222,0.43243243243243246,0.3689582319492841,0.49820530213832415,14,222,0.06306306306306306,0.03793312026609851,0.10305773350043515,3,222,0.013513513513513514,0.0046061821625874855,0.038971263268192315,7,222,0.03153153153153153,0.015356007488822678,0.0636444955185949,5,222,0.02252252252252252,0.009657605310355994,0.05163136890874269,0,222,0.0,0.0,0.017010152248301463,1,222,0.0045045045045045045,0.0007955782235107185,0.025070338418950188,0,222,0.0,0.0,0.017010152248301463,8,222,0.036036036036036036,0.01837085780729679,0.06948540959428023,160,222,0.7207207207207207,0.6583322795956036,0.7756001757182093,13,222,0.05855855855855856,0.03453747531112644,0.09759761406124778,49,222,0.22072072072072071,0.1711724392603196,0.27977016830179463,153,222,0.6891891891891891,0.6255222495248723,0.7464198550298243,63,222,0.28378378378378377,0.2285477385550916,0.3463755705252549,0,222,0.0,0.0,0.017010152248301463,2,222,0.009009009009009009,0.00247403017178004,0.03224765086484031,4,222,0.018018018018018018,0.0070284906668760284,0.04540471915806321,106,222,0.4774774774774775,0.4127141677905484,0.5430070102386542,365 0.39; 363 0.29; 364 0.09,3,53 0.33; 56 0.22; 52 0.08; 38 0.06; 35 0.06,5,medical deduction 0.39; shelter deduction 0.29; unearned income 0.14,"wrong include/exclude decision 0.43; wrong amount, known item 0.40",127,16,114,143,0.8881118881118881,0.8259703656182174,0.9299462138796906,0.11188811188811189,114,0.44357976653696496,257,27616.0
1,total_deductions_by_hh_size > 628.00 & unc_rawben_rel_max >   0.75 & unc_rawben_rel_max <=   1.01,all_2022_24,4653,766,1056,96,1056,0.09090909090909091,0.07502067470098969,0.10976316469538805,103,1056,0.09753787878787878,0.08107493602777342,0.11691842448949634,450,1056,0.42613636363636365,0.3966304656835846,0.45617772754076136,184,1056,0.17424242424242425,0.1525557020765793,0.19829068855386967,183,1056,0.17329545454545456,0.15166100770638946,0.19729830847821778,13,1056,0.01231060606060606,0.007208273035360799,0.02094838735615431,27,1056,0.02556818181818182,0.01763049737018595,0.03694520526311322,220,1056,0.20833333333333334,0.18491727974187322,0.2338637909388776,573,1056,0.5426136363636364,0.5124655949157902,0.5724527551470872,58,1056,0.054924242424242424,0.0427262199296166,0.07034879052477583,3,1056,0.002840909090909091,0.0009666081115270652,0.008319307821570861,75,1056,0.07102272727272728,0.05703513094859024,0.08812014508511141,36,1056,0.03409090909090909,0.02472489313127744,0.04683447951459718,14,1056,0.013257575757575758,0.007913402481518707,0.022130332355838122,6,1056,0.005681818181818182,0.0026065169950202065,0.012340622275602875,1,1056,0.000946969696969697,0.00016717866660804397,0.005344588374806445,70,1056,0.06628787878787878,0.052799493820331014,0.08292040998416204,660,1054,0.6261859582542695,0.596568290020106,0.6548871263673758,127,1054,0.1204933586337761,0.102205557984363,0.14153755062471426,266,1054,0.2523719165085389,0.22707939809623717,0.2794629802711858,575,1056,0.5445075757575758,0.5143626050453576,0.5743298939092032,455,1056,0.4308712121212121,0.4013071170019902,0.46093644845156434,8,1056,0.007575757575757576,0.003843617391203877,0.014877670771102641,4,1056,0.003787878787878788,0.0014739643418207075,0.009699026037118936,14,1056,0.013257575757575758,0.007913402481518707,0.022130332355838122,360,1054,0.3415559772296015,0.31354729946077314,0.3707154483835166,363 0.43; 364 0.17; 365 0.17,3,53 0.47; 56 0.11; 99 0.07; 35 0.05; 52 0.05; 64 0.05,6,shelter deduction 0.43; utility allowance 0.17; medical deduction 0.17,"wrong include/exclude decision 0.54; wrong amount, known item 0.21",741,25,636,766,0.9673629242819843,0.9522641073998777,0.9777973493985079,0.03263707571801567,636,0.4536376604850214,1402,152166.0
1,total_deductions_by_hh_size > 628.00 & unc_rawben_rel_max >   0.75 & unc_rawben_rel_max <=   1.01,train_2022_23,2739,468,646,48,646,0.07430340557275542,0.05649886086198551,0.09714104153884572,72,646,0.11145510835913312,0.08944733750142576,0.13805671887169657,260,646,0.4024767801857585,0.3653437882106468,0.44076280761208914,107,646,0.16563467492260062,0.13896015670948864,0.19626245753989152,127,646,0.19659442724458204,0.16777882085255003,0.22899725504040602,8,646,0.01238390092879257,0.00628810945654098,0.024244869657138415,24,646,0.03715170278637771,0.025090814984121294,0.05468493344441883,56,646,0.08668730650154799,0.06735895774465685,0.11090232931360473,401,646,0.6207430340557275,0.5827167365715045,0.6573417638384416,35,646,0.05417956656346749,0.039211653445416994,0.07441849888708989,2,646,0.0030959752321981426,0.0008494212798558698,0.011217519340750753,43,646,0.06656346749226007,0.04979007252519199,0.08846146446474526,28,646,0.043343653250773995,0.03015574687494895,0.061930693882306355,8,646,0.01238390092879257,0.00628810945654098,0.024244869657138415,6,646,0.009287925696594427,0.004263436336401994,0.020114196612919813,1,646,0.0015479876160990713,0.0002733030772933019,0.008715964461134526,66,646,0.1021671826625387,0.08111396617054506,0.1279240517095045,387,646,0.5990712074303406,0.5607997494410278,0.6361713278184152,99,646,0.15325077399380804,0.12752797088529869,0.18307325870665112,159,646,0.24613003095975233,0.21447739249981573,0.28078422202286185,353,646,0.5464396284829721,0.5078868412266262,0.5844433512387377,275,646,0.42569659442724456,0.38811672365208083,0.46415496840333703,8,646,0.01238390092879257,0.00628810945654098,0.024244869657138415,0,646,0.0,0.0,0.005911594456249031,10,646,0.015479876160990712,0.008429612117383627,0.028258713160653363,238,646,0.3684210526315789,0.33210231597359996,0.4062954720412024,363 0.40; 365 0.20; 364 0.17,3,53 0.54; 99 0.10; 52 0.06; 35 0.05,4,shelter deduction 0.40; medical deduction 0.20; utility allowance 0.17,"wrong include/exclude decision 0.62; other 0.10; wrong amount, known item 0.09",453,15,388,468,0.967948717948718,0.9477954980322587,0.9804821273403239,0.03205128205128205,388,0.4532710280373832,856,91370.0
1,total_deductions_by_hh_size > 628.00 & unc_rawben_rel_max >   0.75 & unc_rawben_rel_max <=   1.01,test_2024,1914,298,410,48,410,0.11707317073170732,0.08944817499712149,0.15180741651422006,31,410,0.07560975609756097,0.053774864270112806,0.10532368937939945,190,410,0.4634146341463415,0.41570859136536914,0.5117999046388992,77,410,0.1878048780487805,0.15296248827551226,0.22844334429424387,56,410,0.13658536585365855,0.10670083048816771,0.1732168964875641,5,410,0.012195121951219513,0.005219892786927839,0.028226720603316158,3,410,0.007317073170731708,0.002491477471922762,0.021289602052223675,164,410,0.4,0.35371886574092826,0.4481376900040718,172,410,0.4195121951219512,0.3727081477982859,0.46781054341110434,23,410,0.05609756097560976,0.0376680722265056,0.08276834595861644,1,410,0.0024390243902439024,0.00043066643972597407,0.013684879218322902,32,410,0.07804878048780488,0.05582556811688944,0.10810575246567161,8,410,0.01951219512195122,0.009919445543758676,0.03802546864563166,6,410,0.014634146341463415,0.006723672930401903,0.03155570739289088,0,410,0.0,0.0,0.009282778725000097,0,410,0.0,0.0,0.009282778725000097,4,410,0.00975609756097561,0.0038002510203090003,0.024813595436886215,273,408,0.6691176470588235,0.6220685126667954,0.7130117706265872,28,408,0.06862745098039216,0.047904389075088524,0.09739807672729765,107,408,0.2622549019607843,0.22193261461086453,0.307012494382496,222,410,0.5414634146341464,0.4930693142320406,0.5890877236297887,180,410,0.43902439024390244,0.39177303720476797,0.48740778946901253,0,410,0.0,0.0,0.009282778725000097,4,410,0.00975609756097561,0.0038002510203090003,0.024813595436886215,4,410,0.00975609756097561,0.0038002510203090003,0.024813595436886215,122,408,0.29901960784313725,0.25663714633823503,0.3451515025015131,363 0.46; 364 0.19; 365 0.14,3,53 0.36; 56 0.27; 35 0.06; 64 0.05; 57 0.04,5,shelter deduction 0.46; utility allowance 0.19; medical deduction 0.14,"wrong include/exclude decision 0.42; wrong amount, known item 0.40",288,10,248,298,0.9664429530201343,0.9393404782339444,0.9816723973935372,0.03355704697986577,248,0.4542124542124542,546,60796.0
4+,HH_size_n >=   6.000 & months_since_cert_n >=  11.000 & rawben_rel_max <   0.887 & utilities < 388.000,all_2022_24,34,19,38,11,38,0.2894736842105263,0.17003106263656131,0.44757438266189764,6,38,0.15789473684210525,0.07443762223722684,0.3041712263727689,6,38,0.15789473684210525,0.07443762223722684,0.3041712263727689,3,38,0.07894736842105263,0.02721410139426493,0.2079967892026529,0,38,0.0,0.0,0.09181293258383999,0,38,0.0,0.0,0.09181293258383999,12,38,0.3157894736842105,0.1908442002366664,0.47456056439948513,10,38,0.2631578947368421,0.14971462389701296,0.42009150206375323,5,38,0.13157894736842105,0.05753782875731436,0.2732717005149887,3,38,0.07894736842105263,0.02721410139426493,0.2079967892026529,5,38,0.13157894736842105,0.05753782875731436,0.2732717005149887,1,38,0.02631578947368421,0.004660467553530057,0.13495178436800254,5,38,0.13157894736842105,0.05753782875731436,0.2732717005149887,1,38,0.02631578947368421,0.004660467553530057,0.13495178436800254,2,38,0.05263157894736842,0.014553902448536798,0.17285766881068843,1,38,0.02631578947368421,0.004660467553530057,0.13495178436800254,5,38,0.13157894736842105,0.05753782875731436,0.2732717005149887,30,38,0.7894736842105263,0.6365391162355784,0.8892533964790407,0,38,0.0,0.0,0.09181293258383999,8,38,0.21052631578947367,0.1107466035209593,0.36346088376442165,24,38,0.631578947368421,0.47283672824260115,0.7661598684458619,11,38,0.2894736842105263,0.17003106263656131,0.44757438266189764,0,38,0.0,0.0,0.09181293258383999,0,38,0.0,0.0,0.09181293258383999,3,38,0.07894736842105263,0.02721410139426493,0.2079967892026529,27,38,0.7105263157894737,0.5524256173381024,0.8299689373634387,311 0.24; 363 0.16; 150 0.13; 364 0.08; 350 0.08; 520 0.05; 372 0.05,7,52 0.13; 38 0.13; 99 0.13; 44 0.11; 12 0.08; 35 0.08; 98 0.08; 29 0.05,8,other element 0.32; earned income 0.29; unearned income 0.16,"wrong amount, known item 0.26; wrong include/exclude decision 0.13; household composition 0.13; other 0.13; method or computation 0.13",9,10,9,19,0.47368421052631576,0.27329505487448547,0.6829251748817489,0.5263157894736842,9,0.32142857142857145,28,7944.0
4+,HH_size_n >=   6.000 & months_since_cert_n >=  11.000 & rawben_rel_max <   0.887 & utilities < 388.000,train_2022_23,30,18,34,9,34,0.2647058823529412,0.14601027541553796,0.4311746216289845,6,34,0.17647058823529413,0.08348855603569685,0.33514067740052156,6,34,0.17647058823529413,0.08348855603569685,0.33514067740052156,3,34,0.08823529411764706,0.030465390304310128,0.22960817952360413,0,34,0.0,0.0,0.10151790621961015,0,34,0.0,0.0,0.10151790621961015,10,34,0.29411764705882354,0.16834452609931952,0.4616922588146376,10,34,0.29411764705882354,0.16834452609931952,0.4616922588146376,4,34,0.11764705882352941,0.04671370973436122,0.26621174796298774,2,34,0.058823529411764705,0.016282313063842452,0.1909393688946371,5,34,0.14705882352941177,0.06449346382626417,0.30128388174051957,1,34,0.029411764705882353,0.00521077192559663,0.1491590221634482,5,34,0.14705882352941177,0.06449346382626417,0.30128388174051957,1,34,0.029411764705882353,0.00521077192559663,0.1491590221634482,0,34,0.0,0.0,0.10151790621961015,1,34,0.029411764705882353,0.00521077192559663,0.1491590221634482,5,34,0.14705882352941177,0.06449346382626417,0.30128388174051957,26,34,0.7647058823529411,0.6000353719173557,0.8756316189075566,0,34,0.0,0.0,0.10151790621961015,8,34,0.23529411764705882,0.12436838109244344,0.3999646280826443,24,34,0.7058823529411765,0.5383077411853625,0.8316554739006805,7,34,0.20588235294117646,0.1034939602235132,0.3679871610821398,0,34,0.0,0.0,0.10151790621961015,0,34,0.0,0.0,0.10151790621961015,3,34,0.08823529411764706,0.030465390304310128,0.22960817952360413,23,34,0.6764705882352942,0.5084258404811939,0.8086854867354143,311 0.24; 363 0.18; 150 0.15; 364 0.09; 350 0.09; 520 0.06,6,38 0.15; 99 0.15; 52 0.12; 44 0.12; 12 0.09; 98 0.09; 35 0.06,7,other element 0.29; earned income 0.26; unearned income 0.18; shelter deduction 0.18,"wrong amount, known item 0.29; household composition 0.15; other 0.15; method or computation 0.15; wrong include/exclude decision 0.12",8,10,9,18,0.4444444444444444,0.24559231101389126,0.6628393057174837,0.5555555555555556,9,0.3333333333333333,27,3912.0
4+,HH_size_n >=   6.000 & months_since_cert_n >=  11.000 & rawben_rel_max <   0.887 & utilities < 388.000,test_2024,4,1,4,2,4,0.5,0.15003570882017148,0.8499642911798285,0,4,0.0,0.0,0.48990002040399916,0,4,0.0,0.0,0.48990002040399916,0,4,0.0,0.0,0.48990002040399916,0,4,0.0,0.0,0.48990002040399916,0,4,0.0,0.0,0.48990002040399916,2,4,0.5,0.15003570882017148,0.8499642911798285,0,4,0.0,0.0,0.48990002040399916,1,4,0.25,0.045586062644636216,0.6993639475573634,1,4,0.25,0.045586062644636216,0.6993639475573634,0,4,0.0,0.0,0.48990002040399916,0,4,0.0,0.0,0.48990002040399916,0,4,0.0,0.0,0.48990002040399916,0,4,0.0,0.0,0.48990002040399916,2,4,0.5,0.15003570882017148,0.8499642911798285,0,4,0.0,0.0,0.48990002040399916,0,4,0.0,0.0,0.48990002040399916,4,4,1.0,0.5100999795960008,1.0,0,4,0.0,0.0,0.48990002040399916,0,4,0.0,0.0,0.48990002040399916,0,4,0.0,0.0,0.48990002040399916,4,4,1.0,0.5100999795960008,1.0,0,4,0.0,0.0,0.48990002040399916,0,4,0.0,0.0,0.48990002040399916,0,4,0.0,0.0,0.48990002040399916,4,4,1.0,0.5100999795960008,1.0,371 0.25; 321 0.25; 311 0.25,3,29 0.50; 52 0.25,2,other element 0.50; earned income 0.50,limits and thresholds 0.50; wrong include/exclude decision 0.25,1,0,0,1,1.0,0.20654329147389294,1.0,0.0,0,0.0,1,4032.0
4+,months_since_cert_n >   4.5 & shelter_expenses_by_hh_size > 101.0 & total_deductions_by_hh_size <= 125.0,all_2022_24,1815,400,651,191,651,0.29339477726574503,0.259711698821242,0.32950193696487795,184,651,0.282642089093702,0.2494051460076015,0.3184292737971269,117,651,0.17972350230414746,0.15213409087735819,0.21107069024833697,40,651,0.06144393241167435,0.045444428762707365,0.08258897656768095,6,651,0.009216589861751152,0.004230639383905176,0.01996085975115283,17,651,0.026113671274961597,0.016366820419897177,0.041420589543061805,96,651,0.14746543778801843,0.122297478564107,0.17676965461741356,199,651,0.30568356374807987,0.2715190813676942,0.34212794411144465,165,651,0.2534562211981567,0.22155409092339456,0.288251028360414,63,651,0.0967741935483871,0.07637181833411363,0.12190758236370397,61,651,0.09370199692780339,0.07363843174784791,0.118532621526715,72,651,0.11059907834101383,0.08875292452691065,0.13701403957555325,33,651,0.05069124423963134,0.03631970673343264,0.07033448261556415,7,651,0.010752688172043012,0.005218096640825842,0.022027576205859527,0,651,0.0,0.0,0.0058664568652938365,7,651,0.010752688172043012,0.005218096640825842,0.022027576205859527,44,651,0.06758832565284179,0.050730722911992,0.08951937726490576,294,649,0.4530046224961479,0.415094941313044,0.491467385597496,59,649,0.09090909090909091,0.07113277389660244,0.11549994068531144,296,649,0.4560862865947612,0.4181370192146646,0.49455236822633175,407,650,0.6261538461538462,0.5883195061885158,0.6625057701475265,226,650,0.3476923076923077,0.3120719505465352,0.3851024109501943,1,650,0.0015384615384615385,0.00027162089232817595,0.008662653096968315,1,650,0.0015384615384615385,0.00027162089232817595,0.008662653096968315,15,650,0.023076923076923078,0.01403380621949206,0.03772429543693359,326,649,0.50231124807396,0.4639430393122857,0.5406522560855567,311 0.26; 363 0.18; 350 0.10; 150 0.08; 364 0.06; 331 0.05; 333 0.04,7,38 0.15; 52 0.13; 44 0.11; 35 0.10; 53 0.07; 99 0.07; 37 0.04; 39 0.04; 41 0.03; 13 0.02,10,earned income 0.29; unearned income 0.28; shelter deduction 0.18,"wrong amount, known item 0.31; wrong include/exclude decision 0.25; change in circumstances 0.11; unreported source of income 0.10",236,164,142,400,0.59,0.5411663599855963,0.6371213647064611,0.41,142,0.26199261992619927,542,145643.0
4+,months_since_cert_n >   4.5 & shelter_expenses_by_hh_size > 101.0 & total_deductions_by_hh_size <= 125.0,train_2022_23,1333,290,467,142,467,0.30406852248394006,0.2640848003732453,0.3472494572624438,134,467,0.28693790149892934,0.24778138851336562,0.32957116487189186,79,467,0.16916488222698073,0.13789330866165625,0.2058350280018841,28,467,0.059957173447537475,0.04180465172989712,0.08529032033714201,3,467,0.006423982869379015,0.0021870501386622634,0.01871509614577819,12,467,0.02569593147751606,0.014758965970295957,0.04437259759588001,69,467,0.14775160599571735,0.11844407483123381,0.18280713151926709,133,467,0.284796573875803,0.2457483682445348,0.32735647210941865,121,467,0.25910064239828695,0.22144130889842856,0.3006909750798776,41,467,0.08779443254817987,0.06537510851247255,0.11694013296151784,42,467,0.08993576017130621,0.0672241042312052,0.11933885027408916,54,467,0.11563169164882227,0.08971292521793989,0.14782258566300183,27,467,0.057815845824411134,0.040035242017370846,0.08281201701836433,5,467,0.010706638115631691,0.004581597860463832,0.024815974486584517,0,467,0.0,0.0,0.00815900719052862,6,467,0.01284796573875803,0.005901200817111617,0.027744084561240674,38,467,0.08137044967880086,0.059855218741250535,0.10971688363882805,203,467,0.4346895074946467,0.39044253901926096,0.48000221352596883,47,467,0.1006423982869379,0.0765307531471339,0.1312707665146802,217,467,0.46466809421841543,0.4199047342807286,0.5100080007027564,294,467,0.6295503211991434,0.5848592258527282,0.6721274125411606,159,467,0.3404710920770878,0.2989497573526976,0.3845956218151586,0,467,0.0,0.0,0.00815900719052862,0,467,0.0,0.0,0.00815900719052862,14,467,0.029978586723768737,0.017939950876237655,0.049687038752546216,226,467,0.48394004282655245,0.4389305779289365,0.529211574336284,311 0.27; 363 0.17; 350 0.09; 150 0.07; 364 0.06; 331 0.05; 333 0.04; 334 0.04,8,38 0.16; 52 0.13; 44 0.11; 35 0.09; 99 0.08; 53 0.07; 37 0.04; 39 0.04; 41 0.03,9,earned income 0.30; unearned income 0.29; shelter deduction 0.17,"wrong amount, known item 0.28; wrong include/exclude decision 0.26; change in circumstances 0.12; household composition 0.09; unreported source of income 0.09",169,121,100,290,0.5827586206896552,0.5252846682803486,0.6380686486087509,0.41724137931034483,100,0.2564102564102564,390,102868.0
4+,months_since_cert_n >   4.5 & shelter_expenses_by_hh_size > 101.0 & total_deductions_by_hh_size <= 125.0,test_2024,482,110,184,49,184,0.266304347826087,0.207690173023733,0.33447727018373546,50,184,0.2717391304347826,0.2126183477926601,0.34019636417742527,38,184,0.20652173913043478,0.15432249997187003,0.27072498684681123,12,184,0.06521739130434782,0.037696912280103655,0.11052158671053525,3,184,0.016304347826086956,0.0055600783671788424,0.046833001759906956,5,184,0.02717391304347826,0.011661546019694796,0.062026071632625024,27,184,0.14673913043478262,0.10284788663711725,0.20507964379277693,66,184,0.358695652173913,0.2929355185179927,0.43023549365396496,44,184,0.2391304347826087,0.18323228420523535,0.30569881518914804,22,184,0.11956521739130435,0.08029852019450992,0.17439266642229914,19,184,0.10326086956521739,0.06710751930987377,0.15564186101908423,18,184,0.09782608695652174,0.06277749948912326,0.14932461207721773,6,184,0.03260869565217391,0.015028677081613609,0.06930620933332324,2,184,0.010869565217391304,0.002985843055377687,0.03875996830909109,0,184,0.0,0.0,0.020451273839234757,1,184,0.005434782608695652,0.0009599929623922178,0.030138549639459552,6,184,0.03260869565217391,0.015028677081613609,0.06930620933332324,91,182,0.5,0.4281122968719564,0.5718877031280436,12,182,0.06593406593406594,0.03811559898191012,0.1116980057223111,79,182,0.4340659340659341,0.364155921357239,0.5067018413826426,113,183,0.6174863387978142,0.5453411312127496,0.6848003362120638,67,183,0.366120218579235,0.29974088263625764,0.43800488704244356,1,183,0.00546448087431694,0.0009652423746200223,0.030299743581398343,1,183,0.00546448087431694,0.0009652423746200223,0.030299743581398343,1,183,0.00546448087431694,0.0009652423746200223,0.030299743581398343,100,182,0.5494505494505495,0.476885778873708,0.6199708990713808,311 0.23; 363 0.21; 350 0.12; 150 0.10; 364 0.07; 331 0.06,6,38 0.13; 52 0.12; 35 0.12; 44 0.12; 56 0.07; 53 0.05; 37 0.04; 13 0.04; 99 0.03; 12 0.03,10,unearned income 0.27; earned income 0.27; shelter deduction 0.21; other element 0.15,"wrong amount, known item 0.36; wrong include/exclude decision 0.24; unreported source of income 0.12; household composition 0.10",67,43,42,110,0.6090909090909091,0.5156976365529584,0.6951216070275956,0.39090909090909093,42,0.27631578947368424,152,42775.0
4+,months_since_cert_n >   5.5 & months_since_cert_n <=  11.5 & shelter_expenses_by_hh_size > 103.0 & total_deductions_by_hh_size <= 141.0,all_2022_24,1455,319,519,166,519,0.3198458574181118,0.2811674331571606,0.36117166151319474,137,519,0.26396917148362237,0.2278807093692904,0.3035261258940093,95,519,0.18304431599229287,0.15214413557368103,0.21860218606560702,30,519,0.057803468208092484,0.04078630189870455,0.08131874865580373,2,519,0.0038535645472061657,0.0010574011442701387,0.013940640327563777,15,519,0.028901734104046242,0.01759153384243011,0.04713476184635975,74,519,0.14258188824662812,0.115122315709732,0.17529374911755027,153,519,0.2947976878612717,0.25719316773235446,0.33541767272104483,126,519,0.24277456647398843,0.20786362059673072,0.28146546109837534,59,519,0.11368015414258188,0.089162246472048,0.1438750634895159,43,519,0.08285163776493257,0.06208990919450879,0.10974339557695548,57,519,0.10982658959537572,0.08573883500666372,0.1396479743061377,33,519,0.06358381502890173,0.04563002542157607,0.0879507761060759,4,519,0.007707129094412331,0.0030010674156545278,0.019647474704941843,0,519,0.0,0.0,0.007347540823071461,4,519,0.007707129094412331,0.0030010674156545278,0.019647474704941843,40,519,0.07707129094412331,0.05710722187234068,0.10325033192597988,240,518,0.46332046332046334,0.4208052778057488,0.5063756905187392,45,518,0.08687258687258688,0.06555785951230964,0.11426988898455229,233,518,0.4498069498069498,0.40749161512222426,0.49286128890075903,318,518,0.6138996138996139,0.5712806893579411,0.654841566897597,189,518,0.36486486486486486,0.32454429889558645,0.4071750580893685,1,518,0.0019305019305019305,0.00034085354747328406,0.010853347911360202,0,518,0.0,0.0,0.00736162084433284,10,518,0.019305019305019305,0.010519143219334948,0.03516828377000435,246,518,0.4749034749034749,0.43224195740067073,0.517934494610821,311 0.28; 363 0.18; 350 0.09; 150 0.06; 364 0.06; 331 0.04; 520 0.03,7,38 0.15; 35 0.11; 52 0.11; 44 0.10; 53 0.08; 99 0.08; 37 0.05; 39 0.04; 7 0.03; 41 0.03,10,earned income 0.32; unearned income 0.26; shelter deduction 0.18,"wrong amount, known item 0.29; wrong include/exclude decision 0.24; unreported source of income 0.11; change in circumstances 0.11",203,116,110,319,0.6363636363636364,0.5822414968575265,0.6872405029838817,0.36363636363636365,110,0.2564102564102564,429,114415.0
4+,months_since_cert_n >   5.5 & months_since_cert_n <=  11.5 & shelter_expenses_by_hh_size > 103.0 & total_deductions_by_hh_size <= 141.0,train_2022_23,1040,233,369,118,369,0.31978319783197834,0.27426180484855806,0.36901834414769136,104,369,0.28184281842818426,0.2383678418291481,0.32981339116631164,63,369,0.17073170731707318,0.13577966952464687,0.21246902375421473,21,369,0.056910569105691054,0.03752072947105334,0.0854312158054394,1,369,0.0027100271002710027,0.00047853430437977754,0.015189245256699242,10,369,0.02710027100271003,0.014785500941482801,0.0491601531915324,52,369,0.14092140921409213,0.10910972076068114,0.1801326813747029,101,369,0.27371273712737126,0.23072625996092033,0.3213623481772273,91,369,0.24661246612466126,0.20539215739811092,0.29305436788232986,39,369,0.10569105691056911,0.07828315394150566,0.14122454047885946,31,369,0.08401084010840108,0.05981434913203835,0.11677967900216127,42,369,0.11382113821138211,0.08531768029289609,0.15028263898478106,24,369,0.06504065040650407,0.044092991505070275,0.09495157862873453,3,369,0.008130081300813009,0.0027686868484501376,0.023627509284170255,0,369,0.0,0.0,0.010303571275308333,3,369,0.008130081300813009,0.0027686868484501376,0.023627509284170255,35,369,0.0948509485094851,0.06899158897990505,0.1290592722973773,165,369,0.44715447154471544,0.39722704603384695,0.49817089239362466,33,369,0.08943089430894309,0.06438757392273371,0.12293487078300726,171,369,0.4634146341463415,0.41317298384857765,0.5144102042935181,228,369,0.6178861788617886,0.5673341417297825,0.6660089187012425,131,369,0.35501355013550134,0.30791182782125737,0.40510302889001093,0,369,0.0,0.0,0.010303571275308333,0,369,0.0,0.0,0.010303571275308333,10,369,0.02710027100271003,0.014785500941482801,0.0491601531915324,171,369,0.4634146341463415,0.41317298384857765,0.5144102042935181,311 0.28; 363 0.17; 350 0.08; 150 0.06; 364 0.06; 331 0.04; 520 0.04; 346 0.04,8,38 0.16; 52 0.11; 44 0.11; 35 0.11; 99 0.09; 53 0.08; 37 0.05; 39 0.04,8,earned income 0.32; unearned income 0.28; shelter deduction 0.17,"wrong amount, known item 0.27; wrong include/exclude decision 0.25; change in circumstances 0.11; unreported source of income 0.11; other 0.09",145,88,78,233,0.6223175965665236,0.5585574761695937,0.6821097039203905,0.3776824034334764,78,0.2508038585209003,311,78263.0
4+,months_since_cert_n >   5.5 & months_since_cert_n <=  11.5 & shelter_expenses_by_hh_size > 103.0 & total_deductions_by_hh_size <= 141.0,test_2024,415,86,150,48,150,0.32,0.25064412359702404,0.39834548649543466,33,150,0.22,0.16115929476762675,0.2928245431539757,32,150,0.21333333333333335,0.15536143670182534,0.28562201640838675,9,150,0.06,0.031883682005327776,0.11009092044290468,1,150,0.006666666666666667,0.0011777710231334546,0.036793752933975674,5,150,0.03333333333333333,0.014320220695575196,0.07565284250709559,22,150,0.14666666666666667,0.09889364963827856,0.21208595535802932,52,150,0.3466666666666667,0.27519387418426633,0.4257972751537541,35,150,0.23333333333333334,0.17282533850374257,0.3071592690406407,20,150,0.13333333333333333,0.08799732892586415,0.19698150644766288,12,150,0.08,0.0463531819392169,0.13462257494318683,15,150,0.1,0.06154083683597323,0.15843607448060176,9,150,0.06,0.031883682005327776,0.11009092044290468,1,150,0.006666666666666667,0.0011777710231334546,0.036793752933975674,0,150,0.0,0.0,0.02497113914571871,1,150,0.006666666666666667,0.0011777710231334546,0.036793752933975674,5,150,0.03333333333333333,0.014320220695575196,0.07565284250709559,75,149,0.5033557046979866,0.42400375273975244,0.5825389686135964,12,149,0.08053691275167785,0.046668384856479436,0.13549144597491725,62,149,0.4161073825503356,0.34004194796846454,0.4963900181978148,90,149,0.6040268456375839,0.5238333775445665,0.6789909844092472,58,149,0.38926174496644295,0.31469425398642914,0.4693959413530595,1,149,0.006711409395973154,0.0011856820977550406,0.037034278959967463,0,149,0.0,0.0,0.025134518351024853,0,149,0.0,0.0,0.025134518351024853,75,149,0.5033557046979866,0.42400375273975244,0.5825389686135964,311 0.28; 363 0.21; 350 0.11; 150 0.07; 364 0.06; 331 0.04,6,38 0.13; 35 0.13; 52 0.10; 44 0.09; 53 0.07; 56 0.07; 37 0.04; 99 0.03; 64 0.03; 54 0.03; 12 0.03,11,earned income 0.32; unearned income 0.22; shelter deduction 0.21,"wrong amount, known item 0.35; wrong include/exclude decision 0.23; unreported source of income 0.13; change in circumstances 0.10",58,28,32,86,0.6744186046511628,0.5697765718056292,0.7641444625481665,0.32558139534883723,32,0.2711864406779661,118,36152.0
4+,months_since_cert_n >   5.5 & shelter_expenses_by_hh_size > 100.0 & total_deductions_by_hh_size <= 125.0,all_2022_24,1386,301,500,147,500,0.294,0.2557578175953935,0.3353835252393387,147,500,0.294,0.2557578175953935,0.3353835252393387,90,500,0.18,0.14880438031986262,0.21607537553991554,29,500,0.058,0.040683464783922846,0.08205669799739573,3,500,0.006,0.002042559297638913,0.017490563810893606,14,500,0.028,0.01675081930862122,0.04644682058455155,70,500,0.14,0.11232220101564047,0.17316752432660995,155,500,0.31,0.27103822626974466,0.3518591287719986,123,500,0.246,0.2102803738317757,0.2855929323819232,49,500,0.098,0.07492354740061163,0.1272066458982347,42,500,0.084,0.06274379952220428,0.11159988309550732,57,500,0.114,0.08903649378821105,0.14484971171764635,26,500,0.052,0.03573001990962654,0.07510163829406287,6,500,0.012,0.0055109199671753584,0.025930707718986326,0,500,0.0,0.0,0.007624618530903363,5,500,0.01,0.004278690781520357,0.023193435378764938,37,500,0.074,0.05416087387750307,0.10033530111082659,205,499,0.41082164328657317,0.3684953648514465,0.45451052805797076,46,499,0.09218436873747494,0.0698234724071334,0.12077650977413402,248,499,0.4969939879759519,0.45331481495322634,0.5407190915493382,317,499,0.6352705410821643,0.5921512419778311,0.6763229654067607,168,499,0.3366733466933868,0.29659671947912924,0.3792455338268821,1,499,0.002004008016032064,0.00035383515489426087,0.0112633421033119,0,499,0.0,0.0,0.007639781593249245,13,499,0.026052104208416832,0.015286935044868898,0.044058990192820266,261,499,0.5230460921843687,0.4792131958360029,0.5665268543110016,311 0.27; 363 0.18; 350 0.09; 150 0.07; 364 0.06; 331 0.06; 333 0.04,7,38 0.16; 52 0.12; 44 0.12; 35 0.10; 99 0.07; 53 0.07; 37 0.05; 39 0.04; 41 0.03,9,unearned income 0.29; earned income 0.29; shelter deduction 0.18,"wrong amount, known item 0.31; wrong include/exclude decision 0.25; change in circumstances 0.11; unreported source of income 0.10",186,115,101,301,0.6179401993355482,0.5618883117306976,0.67101953286794,0.38205980066445183,101,0.2512437810945274,402,113785.0
4+,months_since_cert_n >   5.5 & shelter_expenses_by_hh_size > 100.0 & total_deductions_by_hh_size <= 125.0,train_2022_23,1036,226,373,113,373,0.30294906166219837,0.2585169667432667,0.3513987113559665,113,373,0.30294906166219837,0.2585169667432667,0.3513987113559665,61,373,0.16353887399463807,0.129468566453586,0.20446908798796187,21,373,0.05630026809651475,0.03711515122473636,0.08453171578782279,2,373,0.005361930294906166,0.001471637530210474,0.019337105453579,10,373,0.02680965147453083,0.014626248202153101,0.04864065226743413,53,373,0.14209115281501342,0.11029967954654953,0.1811798174092007,106,373,0.28418230563002683,0.2407910248097721,0.3319737654893882,94,373,0.2520107238605898,0.21062964496549685,0.29844790910496677,36,373,0.09651474530831099,0.07053062266659575,0.13072528963183414,32,373,0.08579088471849866,0.06142374361489345,0.11860308994063759,43,373,0.11528150134048257,0.08672101698651136,0.15168578311199157,22,373,0.058981233243967826,0.03926930548770487,0.08768483121057898,5,373,0.013404825737265416,0.0057388830235108965,0.03099166901745274,0,373,0.0,0.0,0.010194203612340039,4,373,0.010723860589812333,0.004177915498127625,0.027245366857111285,31,373,0.08310991957104558,0.05916604556463517,0.11555351830517113,151,373,0.40482573726541554,0.35622629781042614,0.4553656283463464,38,373,0.10187667560321716,0.07512582430580045,0.13674462736407889,184,373,0.4932975871313673,0.44288722804436864,0.5438445977413197,235,373,0.6300268096514745,0.5799370119841908,0.6774655677734581,126,373,0.3378016085790885,0.2916733741818009,0.38723680983185377,0,373,0.0,0.0,0.010194203612340039,0,373,0.0,0.0,0.010194203612340039,12,373,0.032171581769437,0.018497368157736765,0.055384071683299896,185,373,0.4959785522788204,0.4455379894928607,0.5465011059785522,311 0.28; 363 0.16; 350 0.09; 150 0.07; 364 0.06; 331 0.05; 333 0.05,7,38 0.16; 52 0.12; 44 0.12; 35 0.10; 99 0.08; 53 0.08; 37 0.05; 39 0.05,8,unearned income 0.30; earned income 0.30; shelter deduction 0.16,"wrong amount, known item 0.28; wrong include/exclude decision 0.25; change in circumstances 0.12; unreported source of income 0.10; household composition 0.09",140,86,73,226,0.6194690265486725,0.5546712586753324,0.6802731552166696,0.3805309734513274,73,0.24414715719063546,299,84108.0
4+,months_since_cert_n >   5.5 & shelter_expenses_by_hh_size > 100.0 & total_deductions_by_hh_size <= 125.0,test_2024,350,75,127,34,127,0.2677165354330709,0.19836232021253514,0.3507107574630665,34,127,0.2677165354330709,0.19836232021253514,0.3507107574630665,29,127,0.2283464566929134,0.1639546004005844,0.30869018535562776,8,127,0.06299212598425197,0.03226130175460205,0.11938465794017394,1,127,0.007874015748031496,0.001391276231238591,0.04325507477639201,4,127,0.031496062992125984,0.012314800861092427,0.07818852529817191,17,127,0.13385826771653545,0.08528178945456724,0.20393509569510995,49,127,0.3858267716535433,0.30570036651903987,0.47265758691473037,29,127,0.2283464566929134,0.1639546004005844,0.30869018535562776,13,127,0.10236220472440945,0.060800981516816066,0.16727327009734946,10,127,0.07874015748031496,0.0433298959009003,0.1388873805616315,14,127,0.11023622047244094,0.06680938916575475,0.17655052083228873,4,127,0.031496062992125984,0.012314800861092427,0.07818852529817191,1,127,0.007874015748031496,0.001391276231238591,0.04325507477639201,0,127,0.0,0.0,0.02936069262375269,1,127,0.007874015748031496,0.001391276231238591,0.04325507477639201,6,127,0.047244094488188976,0.021829492501269893,0.09924515042575026,54,126,0.42857142857142855,0.34553656104284475,0.5158329846189462,8,126,0.06349206349206349,0.03252015021503829,0.12029373994035106,64,126,0.5079365079365079,0.4217081082666577,0.5936952755486987,82,126,0.6507936507936508,0.5642112392113556,0.728453053280419,42,126,0.3333333333333333,0.2570292256450891,0.41949971423242316,1,126,0.007936507936507936,0.0014023289659406447,0.04358787448195278,0,126,0.0,0.0,0.029586819632536877,1,126,0.007936507936507936,0.0014023289659406447,0.04358787448195278,76,126,0.6031746031746031,0.5159134936356949,0.6843304959639404,311 0.24; 363 0.23; 350 0.11; 150 0.09; 331 0.07; 364 0.06,6,38 0.14; 44 0.12; 52 0.12; 35 0.10; 56 0.08; 53 0.06; 99 0.05; 37 0.04; 13 0.03; 64 0.03,10,unearned income 0.27; earned income 0.27; shelter deduction 0.23,"wrong amount, known item 0.39; wrong include/exclude decision 0.23; change in circumstances 0.11; unreported source of income 0.10",46,29,28,75,0.6133333333333333,0.5001726873212743,0.7154495222736602,0.38666666666666666,28,0.27184466019417475,103,29677.0
4+,count_divisible_by_100 <=   0.500 & months_since_cert_n >   5.500 & total_deductions_by_hh_size <= 123.000 & unc_rawben_rel_max <=   0.901,all_2022_24,1377,323,540,171,540,0.31666666666666665,0.2788438069589199,0.357079594266731,150,540,0.2777777777777778,0.24167008543109486,0.317024946357573,81,540,0.15,0.12236005271069966,0.18258462235645223,31,540,0.05740740740740741,0.04073454941116714,0.08033305556792972,2,540,0.003703703703703704,0.0010162561558953549,0.01340264817212957,15,540,0.027777777777777776,0.016904543233252446,0.045322399317666795,90,540,0.16666666666666666,0.13761059893956062,0.20043194874344117,171,540,0.31666666666666665,0.2788438069589199,0.357079594266731,126,540,0.23333333333333334,0.19961944252936437,0.2708145956170371,51,540,0.09444444444444444,0.07256375076770367,0.12205468224661521,58,540,0.10740740740740741,0.08400988939207543,0.13635133343457118,54,540,0.1,0.07745374213091771,0.12819731508868448,27,540,0.05,0.03458743728657325,0.0717700020854792,7,540,0.012962962962962963,0.006293062278605523,0.02651354905822491,2,540,0.003703703703703704,0.0010162561558953549,0.01340264817212957,5,540,0.009259259259259259,0.00396124471441759,0.021490283818890638,39,540,0.07222222222222222,0.053279210094112364,0.09720872609907329,231,539,0.42857142857142855,0.3874433032496693,0.47071053020745707,46,539,0.08534322820037106,0.06459167626843723,0.11196369458007552,262,539,0.48608534322820035,0.4441380298256624,0.528229600068583,335,539,0.62152133580705,0.5798515291113704,0.6614711698122198,184,539,0.34137291280148424,0.3025906345991006,0.38240034619529695,2,539,0.0037105751391465678,0.0010181426980677708,0.013427323530017916,1,539,0.0018552875695732839,0.0003275704928725953,0.01043357972111248,17,539,0.03153988868274583,0.01978349327493723,0.04992671316465769,275,539,0.5102040816326531,0.4680786063659827,0.5521851317115707,311 0.29; 363 0.15; 150 0.10; 350 0.09; 364 0.06; 331 0.06; 333 0.04,7,38 0.16; 44 0.13; 52 0.12; 35 0.09; 99 0.07; 53 0.07; 37 0.04; 41 0.03; 12 0.03; 13 0.03,10,earned income 0.32; unearned income 0.28; other element 0.17,"wrong amount, known item 0.32; wrong include/exclude decision 0.23; household composition 0.11; change in circumstances 0.10",187,136,109,323,0.5789473684210527,0.5244841258743052,0.6315547626882279,0.42105263157894735,109,0.2523148148148148,432,118041.0
4+,count_divisible_by_100 <=   0.500 & months_since_cert_n >   5.500 & total_deductions_by_hh_size <= 123.000 & unc_rawben_rel_max <=   0.901,train_2022_23,1009,233,385,123,385,0.3194805194805195,0.27488368559963644,0.3676442743717246,109,385,0.2831168831168831,0.2404291204226162,0.330090083283983,55,385,0.14285714285714285,0.11142563889275453,0.1813455049354778,23,385,0.05974025974025974,0.04013427502039607,0.08804542591695219,1,385,0.0025974025974025974,0.0004586407760462704,0.014564443173819174,10,385,0.025974025974025976,0.014168429696528779,0.04714599756639781,64,385,0.16623376623376623,0.1323803740652308,0.2066821130760627,123,385,0.3194805194805195,0.27488368559963644,0.3676442743717246,88,385,0.22857142857142856,0.18942927534565723,0.27307679396379936,30,385,0.07792207792207792,0.055124648354704986,0.10905943071502416,39,385,0.1012987012987013,0.07498993806672094,0.13548548431606938,40,385,0.1038961038961039,0.07722968771347757,0.1383892172596529,25,385,0.06493506493506493,0.044366694635033545,0.09409997148299498,6,385,0.015584415584415584,0.007161444143449687,0.033579052758116394,0,385,0.0,0.0,0.009879601359525316,3,385,0.007792207792207792,0.0026534737321090678,0.02265657539843663,31,385,0.08051948051948052,0.05730281743707523,0.11202474422299406,160,385,0.4155844155844156,0.36742663376305534,0.4654101820508904,36,385,0.09350649350649351,0.06830685545395909,0.12673811915781086,189,385,0.4909090909090909,0.4413089476227286,0.5406888633110808,242,385,0.6285714285714286,0.5792574850923846,0.6753449031294516,126,385,0.32727272727272727,0.2823095418471635,0.37564886589521784,1,385,0.0025974025974025974,0.0004586407760462704,0.014564443173819174,0,385,0.0,0.0,0.009879601359525316,16,385,0.04155844155844156,0.025739895715561446,0.06643542708940592,189,385,0.4909090909090909,0.4413089476227286,0.5406888633110808,311 0.30; 363 0.14; 150 0.09; 350 0.09; 364 0.06; 331 0.05; 333 0.05,7,38 0.18; 44 0.14; 52 0.11; 99 0.08; 35 0.08; 53 0.08; 37 0.04; 41 0.04; 13 0.03,9,earned income 0.32; unearned income 0.28; other element 0.17,"wrong amount, known item 0.32; wrong include/exclude decision 0.23; change in circumstances 0.10; household composition 0.10",133,100,77,233,0.5708154506437768,0.5066191420103829,0.6327144885680289,0.4291845493562232,77,0.24838709677419354,310,80198.0
4+,count_divisible_by_100 <=   0.500 & months_since_cert_n >   5.500 & total_deductions_by_hh_size <= 123.000 & unc_rawben_rel_max <=   0.901,test_2024,368,90,155,48,155,0.3096774193548387,0.24222892845733507,0.38633185159020905,41,155,0.2645161290322581,0.20138123218788223,0.33904142787094366,26,155,0.16774193548387098,0.11711824803411118,0.23443701204888973,8,155,0.05161290322580645,0.02638177876656707,0.09853260134544388,1,155,0.0064516129032258064,0.0011397480503407414,0.03563651207295189,5,155,0.03225806451612903,0.013855672768474356,0.0732852273483716,26,155,0.16774193548387098,0.11711824803411118,0.23443701204888973,48,155,0.3096774193548387,0.24222892845733507,0.38633185159020905,38,155,0.24516129032258063,0.18414115495091427,0.3185080251127466,21,155,0.13548387096774195,0.09035094342918003,0.19824851666187926,19,155,0.12258064516129032,0.07989603756209734,0.18352110253218523,14,155,0.09032258064516129,0.05456531372591347,0.14589602637642746,2,155,0.012903225806451613,0.003545617390420284,0.045821802731260686,1,155,0.0064516129032258064,0.0011397480503407414,0.03563651207295189,2,155,0.012903225806451613,0.003545617390420284,0.045821802731260686,2,155,0.012903225806451613,0.003545617390420284,0.045821802731260686,8,155,0.05161290322580645,0.02638177876656707,0.09853260134544388,71,154,0.461038961038961,0.3842148762020109,0.539759538654402,10,154,0.06493506493506493,0.035650162878397375,0.11539746968488124,73,154,0.474025974025974,0.39675717052246195,0.5525591060484799,93,154,0.6038961038961039,0.5250244217036347,0.6777104720125974,58,154,0.37662337662337664,0.30397481978292423,0.4552774939290502,1,154,0.006493506493506494,0.0011471549639692283,0.03586209988392892,1,154,0.006493506493506494,0.0011471549639692283,0.03586209988392892,1,154,0.006493506493506494,0.0011471549639692283,0.03586209988392892,86,154,0.5584415584415584,0.4795370706772326,0.6345013070381478,311 0.28; 363 0.17; 150 0.12; 350 0.11; 331 0.07; 364 0.05,6,35 0.14; 52 0.13; 38 0.12; 44 0.10; 56 0.05; 12 0.05; 99 0.05; 53 0.05; 13 0.04; 37 0.04,10,earned income 0.31; unearned income 0.26; other element 0.17; shelter deduction 0.17,"wrong amount, known item 0.31; wrong include/exclude decision 0.25; unreported source of income 0.14; household composition 0.12",54,36,32,90,0.6,0.4967011780834921,0.6951114082321718,0.4,32,0.26229508196721313,122,37843.0
4+,HH_size_n <=   9.5 & months_since_cert_n >   5.5 & shelter_expenses_by_hh_size > 102.0 & shelter_expenses_by_hh_size <= 212.0,all_2022_24,1425,301,482,169,482,0.3506224066390041,0.30935670636886664,0.3942503952049797,109,482,0.22614107883817428,0.19104469983022132,0.2655683197218302,80,482,0.16597510373443983,0.13542688702565536,0.20180565954919538,29,482,0.06016597510373444,0.04221459052017802,0.08507298633614717,2,482,0.004149377593360996,0.0011386236541207854,0.015001616292396764,27,482,0.056016597510373446,0.03878012060008401,0.08027432018884804,66,482,0.13692946058091288,0.1090968521984995,0.1705037419045991,146,482,0.3029045643153527,0.26357242581112955,0.3453536109876954,113,482,0.23443983402489627,0.198809567597927,0.27426972408891087,49,482,0.1016597510373444,0.07775328005167043,0.13186565747858636,40,482,0.08298755186721991,0.06153399181261104,0.11103583341437653,56,482,0.11618257261410789,0.09056182881838265,0.1478730849477502,28,482,0.058091286307053944,0.04049379745988583,0.08267721136274281,6,482,0.012448132780082987,0.005717161336656826,0.026889350744647045,0,482,0.0,0.0,0.00790710387912439,5,482,0.01037344398340249,0.004438761838140353,0.024051182209466934,39,482,0.08091286307053942,0.05975214177972195,0.10870111541356907,213,480,0.44375,0.3999244478583416,0.4884687783545346,42,480,0.0875,0.06538482635133043,0.11616549920976228,225,480,0.46875,0.4245317827811608,0.5134644540037705,306,481,0.6361746361746362,0.5922577266495928,0.6779336100673887,162,481,0.3367983367983368,0.29600241550554823,0.3801804862916573,0,481,0.0,0.0,0.007923412512457676,2,481,0.004158004158004158,0.0011409923956261269,0.015032537268495107,11,481,0.02286902286902287,0.012816631358794312,0.04048242548781292,249,480,0.51875,0.4740794716459186,0.5631227862831227,311 0.32; 363 0.17; 350 0.09; 150 0.08; 364 0.06; 323 0.04,6,38 0.15; 52 0.11; 35 0.10; 44 0.10; 53 0.08; 99 0.08; 39 0.05; 37 0.04; 41 0.03; 13 0.03,10,earned income 0.35; unearned income 0.23; shelter deduction 0.17; other element 0.14,"wrong amount, known item 0.30; wrong include/exclude decision 0.23; change in circumstances 0.12; unreported source of income 0.10",189,112,97,301,0.627906976744186,0.5720095909409565,0.6805806067223547,0.37209302325581395,97,0.24371859296482412,398,112974.0
4+,HH_size_n <=   9.5 & months_since_cert_n >   5.5 & shelter_expenses_by_hh_size > 102.0 & shelter_expenses_by_hh_size <= 212.0,train_2022_23,1062,225,358,125,358,0.34916201117318435,0.3016186407036058,0.3999082152466221,89,358,0.24860335195530725,0.2066591634548811,0.2958855964621654,51,358,0.1424581005586592,0.11004082456409972,0.18246727842903313,23,358,0.06424581005586592,0.04318814917877683,0.09455610134410389,2,358,0.00558659217877095,0.0015333522724492333,0.02013800889774236,20,358,0.055865921787709494,0.03645204838372019,0.08471036080306207,48,358,0.1340782122905028,0.10264010256966286,0.17328615908737158,94,358,0.26256983240223464,0.21968075323036923,0.310500408913508,89,358,0.24860335195530725,0.2066591634548811,0.2958855964621654,44,358,0.12290502793296089,0.09284226902367221,0.16097487085189766,29,358,0.08100558659217877,0.05699097688148824,0.11391695631358936,44,358,0.12290502793296089,0.09284226902367221,0.16097487085189766,20,358,0.055865921787709494,0.03645204838372019,0.08471036080306207,4,358,0.0111731843575419,0.0043533046298569866,0.028372617431066907,0,358,0.0,8.673617379884035e-19,0.010616800279459295,3,358,0.008379888268156424,0.0028538781647563845,0.02434476345080136,31,358,0.08659217877094973,0.06167273567459865,0.12028975841121127,156,358,0.43575418994413406,0.3853398541562805,0.48753269560029794,33,358,0.09217877094972067,0.06638909474945909,0.12662796022708311,169,358,0.4720670391061452,0.4209242718127807,0.5238029237335576,223,358,0.6229050279329609,0.5716448988139246,0.6715554407821859,125,358,0.34916201117318435,0.3016186407036058,0.3999082152466221,0,358,0.0,8.673617379884035e-19,0.010616800279459295,0,358,0.0,8.673617379884035e-19,0.010616800279459295,10,358,0.027932960893854747,0.015241879999820487,0.05064772473330029,180,358,0.5027932960893855,0.4512455064082797,0.5542817740370863,311 0.32; 363 0.14; 350 0.08; 150 0.07; 364 0.06; 333 0.04; 323 0.04,7,38 0.15; 35 0.12; 52 0.11; 53 0.10; 44 0.10; 99 0.09; 39 0.05; 41 0.04,8,earned income 0.35; unearned income 0.25; shelter deduction 0.14; other element 0.13,"wrong amount, known item 0.26; wrong include/exclude decision 0.25; unreported source of income 0.12; change in circumstances 0.12",147,78,69,225,0.6533333333333333,0.5890443909955809,0.7124742140132985,0.3466666666666667,69,0.23469387755102042,294,83111.0
4+,HH_size_n <=   9.5 & months_since_cert_n >   5.5 & shelter_expenses_by_hh_size > 102.0 & shelter_expenses_by_hh_size <= 212.0,test_2024,363,76,124,44,124,0.3548387096774194,0.2761450680421557,0.4422564538411749,20,124,0.16129032258064516,0.10690383789562934,0.23603304649880874,29,124,0.23387096774193547,0.16805670588601213,0.31567941756676066,6,124,0.04838709677419355,0.022362105662260094,0.1015537401969907,0,124,0.0,0.0,0.030049686487027695,7,124,0.056451612903225805,0.02761091938621925,0.11194928636840208,18,124,0.14516129032258066,0.09383581399995203,0.21781235060374507,52,124,0.41935483870967744,0.3362044785056739,0.5073519225406208,24,124,0.1935483870967742,0.13365449027053075,0.27185983370538946,5,124,0.04032258064516129,0.017344082793805525,0.09092740317007475,11,124,0.08870967741935484,0.05025570175545942,0.151881943580644,12,124,0.0967741935483871,0.056227651260841546,0.1615543539706324,8,124,0.06451612903225806,0.0330505136894899,0.12215405196050196,2,124,0.016129032258064516,0.00443427154444424,0.05690413473332449,0,124,0.0,0.0,0.030049686487027695,2,124,0.016129032258064516,0.00443427154444424,0.05690413473332449,8,124,0.06451612903225806,0.0330505136894899,0.12215405196050196,57,122,0.4672131147540984,0.3810360178132848,0.5553919996308673,9,122,0.07377049180327869,0.03929335962779893,0.13427086714617725,56,122,0.45901639344262296,0.3731922187986254,0.5473428030065647,83,123,0.6747967479674797,0.5878063534814894,0.7511991462914559,37,123,0.3008130081300813,0.22680566759840015,0.38688573963708106,0,123,0.0,0.0,0.03028659367273828,2,123,0.016260162601626018,0.004470414833255703,0.057351574167198396,1,123,0.008130081300813009,0.0014365665731900235,0.04461772476340617,69,122,0.5655737704918032,0.4769431254810574,0.6502008396306385,311 0.31; 363 0.23; 350 0.10; 150 0.10,4,38 0.15; 44 0.10; 56 0.09; 52 0.09; 99 0.06; 57 0.06; 53 0.04; 37 0.04; 35 0.04; 13 0.03; 64 0.03; 12 0.02,12,earned income 0.35; shelter deduction 0.23; unearned income 0.16,"wrong amount, known item 0.42; wrong include/exclude decision 0.19; change in circumstances 0.10; household composition 0.09",42,34,28,76,0.5526315789473685,0.4410031528161144,0.6591952400016647,0.4473684210526316,28,0.2692307692307692,104,29863.0
4+,expedited_i <=   0.5 & months_since_cert_n >   5.5 & shelter_expenses_by_hh_size > 103.0 & total_deductions_by_hh_size <= 150.0,all_2022_24,1790,402,651,215,651,0.3302611367127496,0.2952210088776001,0.3672927959875765,176,651,0.27035330261136714,0.23765574586679145,0.30574528424491815,116,651,0.1781874039938556,0.15070476619146703,0.20944584122260076,33,651,0.05069124423963134,0.03631970673343264,0.07033448261556415,4,651,0.006144393241167435,0.002391913809160118,0.015691237902643165,16,651,0.02457757296466974,0.01518391031165176,0.039549325939679865,91,651,0.13978494623655913,0.11525459020397834,0.16854167441940543,194,651,0.2980030721966206,0.2641359625266905,0.3342401943943116,142,651,0.21812596006144394,0.18810557944145162,0.2514535444749276,80,651,0.1228878648233487,0.09985698353821076,0.150343370257272,54,651,0.08294930875576037,0.064129988850133,0.10666184844303837,71,651,0.10906298003072197,0.08737112722938542,0.1353416631614511,37,651,0.05683563748079877,0.04151248350764439,0.07735840068786184,10,651,0.015360983102918587,0.008364707103121443,0.028043486878446017,0,651,0.0,0.0,0.0058664568652938365,5,651,0.007680491551459293,0.0032849313162083265,0.017852394107222322,58,651,0.0890937019969278,0.06955183850081395,0.11345669363886685,286,646,0.44272445820433437,0.40487115951802893,0.4812549364413557,59,646,0.0913312693498452,0.07146624335001937,0.11602806295477859,301,646,0.46594427244582043,0.4277908972718666,0.5045002949202,393,648,0.6064814814814815,0.5683447908777388,0.6433630841642961,235,648,0.3626543209876543,0.326547016434644,0.4003805070618619,2,648,0.0030864197530864196,0.0008467983434452377,0.01118311812705925,3,648,0.004629629629629629,0.0015756861273282224,0.013522460416249235,15,648,0.023148148148148147,0.01407727166064703,0.037839635759806034,304,646,0.47058823529411764,0.4323848336829491,0.5091393777556539,311 0.29; 363 0.18; 350 0.09; 150 0.07; 364 0.05; 331 0.04; 312 0.04,7,38 0.16; 35 0.12; 52 0.10; 44 0.10; 99 0.09; 53 0.07; 37 0.04; 39 0.04; 7 0.03; 41 0.03,10,earned income 0.33; unearned income 0.27; shelter deduction 0.18,"wrong amount, known item 0.30; wrong include/exclude decision 0.22; unreported source of income 0.12; change in circumstances 0.11; other 0.09",258,144,128,402,0.6417910447761194,0.593780527030749,0.687117241951041,0.3582089552238806,128,0.24150943396226415,530,142807.0
4+,expedited_i <=   0.5 & months_since_cert_n >   5.5 & shelter_expenses_by_hh_size > 103.0 & total_deductions_by_hh_size <= 150.0,train_2022_23,1317,288,452,152,452,0.336283185840708,0.2942706015285505,0.38105521340365417,129,452,0.2853982300884956,0.2457095048604117,0.3287040633615322,73,452,0.16150442477876106,0.1304543708068207,0.19825981412057514,23,452,0.05088495575221239,0.034143376637204126,0.07519635892005964,2,452,0.004424778761061947,0.0012142483626587297,0.015988218459149547,11,452,0.024336283185840708,0.013642151273940728,0.043047716434491325,62,452,0.13716814159292035,0.10849628199976732,0.17195552406619943,120,452,0.26548672566371684,0.22687618903472392,0.30804997830059627,100,452,0.22123893805309736,0.18541084200925162,0.26176554557801557,56,452,0.12389380530973451,0.09665289502324124,0.15747397711830968,38,452,0.084070796460177,0.06186168589075018,0.11329038447755323,50,452,0.11061946902654868,0.08492014423740302,0.14288179397973208,27,452,0.059734513274336286,0.041374335020089054,0.08551535648678527,7,452,0.015486725663716814,0.0075214813257424955,0.03161843043307899,0,452,0.0,0.0,0.008427488847002994,4,452,0.008849557522123894,0.0034465928038783615,0.0225308519927352,50,452,0.11061946902654868,0.08492014423740302,0.14288179397973208,199,450,0.44222222222222224,0.3970151323167229,0.4884074468386477,44,450,0.09777777777777778,0.07364486195606659,0.12872001601016658,207,450,0.46,0.41448307219905195,0.5061940979854356,278,450,0.6177777777777778,0.5720624611688775,0.661499204399021,160,450,0.35555555555555557,0.3127209420447141,0.4008355058437123,0,450,0.0,8.673617379884035e-19,0.008464627306090936,0,450,0.0,8.673617379884035e-19,0.008464627306090936,12,450,0.02666666666666667,0.015318880682340656,0.04602763316742544,200,450,0.4444444444444444,0.3991954213901593,0.49063398164385086,311 0.30; 363 0.16; 350 0.09; 150 0.06; 364 0.05; 331 0.04; 333 0.04; 346 0.04,8,38 0.16; 35 0.12; 99 0.11; 52 0.10; 44 0.10; 53 0.07; 37 0.05; 39 0.05,8,earned income 0.34; unearned income 0.29; shelter deduction 0.16,"wrong amount, known item 0.27; wrong include/exclude decision 0.22; unreported source of income 0.12; other 0.11; change in circumstances 0.11",183,105,90,288,0.6354166666666666,0.5783836219195262,0.6888846496360026,0.3645833333333333,90,0.23809523809523808,378,94358.0
4+,expedited_i <=   0.5 & months_since_cert_n >   5.5 & shelter_expenses_by_hh_size > 103.0 & total_deductions_by_hh_size <= 150.0,test_2024,473,114,199,63,199,0.3165829145728643,0.2559500368299028,0.3841632338206936,47,199,0.23618090452261306,0.18251275332923417,0.29984195103121264,43,199,0.21608040201005024,0.16456315488646261,0.27835190790144676,10,199,0.05025125628140704,0.027521096295421904,0.09001692351905403,2,199,0.010050251256281407,0.0027604243911927527,0.0358983122782084,5,199,0.02512562814070352,0.010778689404368037,0.05745977844443617,29,199,0.1457286432160804,0.10342022891496713,0.2014560883690614,74,199,0.37185929648241206,0.3077305957773632,0.440841689197711,42,199,0.21105527638190955,0.1601052146878319,0.27294993770694315,24,199,0.12060301507537688,0.08239838727222067,0.17317837804613612,16,199,0.08040201005025126,0.05009371350323165,0.1266037686700504,21,199,0.10552763819095477,0.0700626606555105,0.15593437348344327,10,199,0.05025125628140704,0.027521096295421904,0.09001692351905403,3,199,0.01507537688442211,0.005139909827913118,0.04337873723462238,0,199,0.0,0.0,0.018938915883132453,1,199,0.005025125628140704,0.0008875866694877336,0.02791123960677907,8,199,0.04020100502512563,0.02050862792939641,0.07730957109881083,87,196,0.44387755102040816,0.37606212289859997,0.5138506880476693,15,196,0.07653061224489796,0.046923968553332,0.12241815040488291,94,196,0.47959183673469385,0.4107168841439905,0.5492514107455619,115,198,0.5808080808080808,0.5111799257438431,0.6473602364427428,75,198,0.3787878787878788,0.31413315382379026,0.44805660289633087,2,198,0.010101010101010102,0.0027743880346107024,0.03607587870921218,3,198,0.015151515151515152,0.0051659353880439615,0.04359309149244053,3,198,0.015151515151515152,0.0051659353880439615,0.04359309149244053,104,196,0.5306122448979592,0.4608274044804224,0.599220153185249,311 0.27; 363 0.22; 350 0.10; 150 0.08; 331 0.05; 364 0.05,6,38 0.15; 35 0.12; 44 0.10; 52 0.10; 56 0.08; 53 0.06; 99 0.04; 54 0.04; 37 0.04; 41 0.03; 64 0.03,11,earned income 0.32; unearned income 0.24; shelter deduction 0.22,"wrong amount, known item 0.37; wrong include/exclude decision 0.21; unreported source of income 0.12; change in circumstances 0.11",75,39,38,114,0.6578947368421053,0.5669355094370843,0.7385593243058386,0.34210526315789475,38,0.25,152,48449.0
2-3,children_i > 0.500 & months_since_cert_n > 4.500 & months_since_cert_n <= 6.500 & rawben_rel_max <= 0.931,all_2022_24,1766,341,519,209,519,0.4026974951830443,0.36136684148732234,0.44545801713142563,95,519,0.18304431599229287,0.15214413557368103,0.21860218606560702,99,519,0.1907514450867052,0.15926912783865982,0.2267781950981531,30,519,0.057803468208092484,0.04078630189870455,0.08131874865580373,5,519,0.009633911368015413,0.00412179254008146,0.02235199990489614,27,519,0.05202312138728324,0.035996504305713106,0.0746327952756515,54,519,0.10404624277456648,0.0806229206008219,0.13328813773883585,164,519,0.3159922928709056,0.27747032129791066,0.35721827272368206,128,519,0.2466281310211946,0.2114944039934165,0.2854851783504521,59,519,0.11368015414258188,0.089162246472048,0.1438750634895159,30,519,0.057803468208092484,0.04078630189870455,0.08131874865580373,54,519,0.10404624277456648,0.0806229206008219,0.13328813773883585,24,519,0.046242774566473986,0.031269008479947305,0.06788454012827361,14,519,0.02697495183044316,0.016135051018914805,0.044765994345493845,1,519,0.0019267822736030828,0.0003401966404420571,0.010832594507010632,5,519,0.009633911368015413,0.00412179254008146,0.02235199990489614,40,519,0.07707129094412331,0.05710722187234068,0.10325033192597988,305,511,0.5968688845401174,0.5537676271452405,0.6385245264025692,31,511,0.060665362035225046,0.04306406865574414,0.08482303293045246,175,511,0.3424657534246575,0.30263351895274226,0.3846489384089007,283,518,0.5463320463320464,0.5032742416117013,0.5887076931363142,209,518,0.4034749034749035,0.36208653902877735,0.4462844302461905,1,518,0.0019305019305019305,0.00034085354747328406,0.010853347911360202,10,518,0.019305019305019305,0.010519143219334948,0.03516828377000435,15,518,0.02895752895752896,0.017625643203038457,0.04722468685880407,210,511,0.410958904109589,0.3691178831624093,0.4541287231724324,311 0.35; 363 0.19; 350 0.08; 364 0.06; 150 0.05; 312 0.05,6,38 0.16; 35 0.11; 53 0.10; 44 0.09; 52 0.09; 99 0.08; 37 0.05; 41 0.04; 56 0.03; 64 0.03,10,earned income 0.40; shelter deduction 0.19; unearned income 0.18,"wrong amount, known item 0.32; wrong include/exclude decision 0.25; unreported source of income 0.11; change in circumstances 0.10",221,120,111,341,0.6480938416422287,0.5960114754011473,0.6968766216265895,0.3519061583577713,111,0.24557522123893805,452,95815.0
2-3,children_i > 0.500 & months_since_cert_n > 4.500 & months_since_cert_n <= 6.500 & rawben_rel_max <= 0.931,train_2022_23,1156,214,329,128,329,0.3890577507598784,0.3379451230550652,0.44273133084973504,61,329,0.18541033434650456,0.1471320342164944,0.2309505131573915,62,329,0.1884498480243161,0.14987822102260615,0.23421319062786058,20,329,0.060790273556231005,0.03969324012417458,0.09202587190989808,4,329,0.0121580547112462,0.004737834320151896,0.030839449288627772,16,329,0.0486322188449848,0.03015328245617661,0.07753037247157278,38,329,0.11550151975683891,0.08531538616685812,0.15456328284566917,95,329,0.2887537993920973,0.2424441688035574,0.33993976397407616,89,329,0.270516717325228,0.22536736441393176,0.32096338270421687,37,329,0.11246200607902736,0.0826997424882367,0.15117006224770976,17,329,0.05167173252279635,0.03250810857128449,0.08118441063304571,38,329,0.11550151975683891,0.08531538616685812,0.15456328284566917,17,329,0.05167173252279635,0.03250810857128449,0.08118441063304571,3,329,0.00911854103343465,0.0031058218387631925,0.02646259749343566,0,329,0.0,0.0,0.011541826502456422,4,329,0.0121580547112462,0.004737834320151896,0.030839449288627772,29,329,0.08814589665653495,0.06207276280154626,0.12372612772175369,205,328,0.625,0.5714437939133395,0.675662054178039,16,328,0.04878048780487805,0.03024589060163344,0.07776226750753673,107,328,0.32621951219512196,0.27774774288878723,0.37871485854514997,192,328,0.5853658536585366,0.5313609489760711,0.6373942643546264,127,328,0.3871951219512195,0.33607444602243186,0.44092759350486066,0,328,0.0,0.0,0.01157660763448585,0,328,0.0,0.0,0.01157660763448585,9,328,0.027439024390243903,0.014501450018758098,0.05131790475773767,144,328,0.43902439024390244,0.38632983082519073,0.49313073108145383,311 0.33; 363 0.19; 350 0.08; 364 0.06; 150 0.05; 312 0.05,6,38 0.16; 53 0.12; 35 0.11; 44 0.11; 52 0.11; 99 0.09; 41 0.04,7,earned income 0.39; shelter deduction 0.19; unearned income 0.19,"wrong amount, known item 0.29; wrong include/exclude decision 0.27; change in circumstances 0.12; unreported source of income 0.11",133,81,71,214,0.6214953271028038,0.5549090909712047,0.6837964638906766,0.37850467289719625,71,0.24912280701754386,285,56779.0
2-3,children_i > 0.500 & months_since_cert_n > 4.500 & months_since_cert_n <= 6.500 & rawben_rel_max <= 0.931,test_2024,610,127,190,81,190,0.4263157894736842,0.3581406529355483,0.49741150924222977,34,190,0.17894736842105263,0.13097514823744372,0.23964498696573244,37,190,0.19473684210526315,0.14471179788888522,0.25686144541905276,10,190,0.05263157894736842,0.02883612554849993,0.09415914481658165,1,190,0.005263157894736842,0.0009296576420357184,0.02920628840876039,11,190,0.05789473684210526,0.03263129818720638,0.10068167487946249,16,190,0.08421052631578947,0.05249743885061464,0.1324040477239906,69,190,0.3631578947368421,0.29811439339814527,0.43362533636058553,39,190,0.20526315789473684,0.1539460081972569,0.2682626405138557,22,190,0.11578947368421053,0.0777199864233657,0.1690877163607632,13,190,0.06842105263157895,0.04041788620673421,0.1135304922631092,16,190,0.08421052631578947,0.05249743885061464,0.1324040477239906,7,190,0.03684210526315789,0.01795866325734832,0.07408349900297143,11,190,0.05789473684210526,0.03263129818720638,0.10068167487946249,1,190,0.005263157894736842,0.0009296576420357184,0.02920628840876039,1,190,0.005263157894736842,0.0009296576420357184,0.02920628840876039,11,190,0.05789473684210526,0.03263129818720638,0.10068167487946249,100,183,0.546448087431694,0.4741016476768128,0.6168845138632298,15,183,0.08196721311475409,0.05030011834019803,0.13082442779941972,68,183,0.37158469945355194,0.3048845646521985,0.4435654593253313,91,190,0.4789473684210526,0.40903713761151755,0.5496920515821332,82,190,0.43157894736842106,0.36319526218747067,0.5026746026918947,1,190,0.005263157894736842,0.0009296576420357184,0.02920628840876039,10,190,0.05263157894736842,0.02883612554849993,0.09415914481658165,6,190,0.031578947368421054,0.014551485760764173,0.06717297379796831,66,183,0.36065573770491804,0.29460655626861115,0.43243495911126156,311 0.38; 363 0.19; 350 0.09; 150 0.06; 364 0.05,5,38 0.16; 35 0.12; 56 0.08; 37 0.07; 53 0.06; 99 0.06; 44 0.06; 97 0.05; 57 0.05; 52 0.04,10,earned income 0.43; shelter deduction 0.19; unearned income 0.18,"wrong amount, known item 0.36; wrong include/exclude decision 0.21; unreported source of income 0.12; change in circumstances 0.08",88,39,40,127,0.6929133858267716,0.6080055153801491,0.7664931150248597,0.30708661417322836,40,0.23952095808383234,167,39036.0
4+,months_since_cert_n >   1.500 & percent_abawd <=   0.292 & shelter_expenses_by_hh_size > 101.000 & total_deductions_by_hh_size <=  97.300,all_2022_24,1778,360,562,131,562,0.23309608540925267,0.20002357939897347,0.2697927084101943,179,562,0.3185053380782918,0.28132952534467826,0.35814555036555584,103,562,0.18327402135231316,0.15347343457410342,0.21737522695944236,48,562,0.08540925266903915,0.06502363593666517,0.11142433112690882,6,562,0.010676156583629894,0.00490184125751751,0.02309468639262345,15,562,0.026690391459074734,0.01624012891750159,0.04356742146408929,80,562,0.1423487544483986,0.11588475345592217,0.17366907220836272,177,562,0.31494661921708184,0.2779096453151664,0.35449631423252326,157,562,0.2793594306049822,0.24385704614134052,0.3178577517809048,54,562,0.09608540925266904,0.07439038035523915,0.1232649351959681,51,562,0.09074733096085409,0.06969494838877145,0.11735669291861918,46,562,0.08185053380782918,0.061923813852768655,0.1074550370482609,24,562,0.042704626334519574,0.028862695471680813,0.06275587764136001,4,562,0.0071174377224199285,0.0027711675506311567,0.01815624393696537,2,562,0.0035587188612099642,0.0009764517338543451,0.012881843591197753,5,562,0.008896797153024912,0.0038059403863077053,0.02065602918256104,42,562,0.07473309608540925,0.05576179673314459,0.09947882184279609,306,562,0.5444839857651246,0.503145999079436,0.5852179529523693,52,562,0.09252669039145907,0.07125750407690004,0.1193286953117628,204,562,0.36298932384341637,0.32428727851293876,0.4035517492291007,355,562,0.6316725978647687,0.5910245879977118,0.670532710016432,194,562,0.34519572953736655,0.3070587019442118,0.38543474498510555,0,562,0.0,0.0,0.00678917916250767,1,562,0.0017793594306049821,0.00031416163381964464,0.010009575609960238,12,562,0.021352313167259787,0.012255707454233992,0.036948168683540256,274,562,0.4875444839857651,0.44644350715313313,0.5288145862779613,311 0.21; 363 0.18; 350 0.12; 364 0.09; 150 0.07; 331 0.06; 333 0.04,7,52 0.15; 38 0.14; 44 0.13; 35 0.10; 53 0.08; 99 0.07; 37 0.04; 12 0.03; 39 0.03,9,unearned income 0.32; earned income 0.23; shelter deduction 0.18; other element 0.14,"wrong amount, known item 0.31; wrong include/exclude decision 0.28; unreported source of income 0.10; household composition 0.09",191,169,140,360,0.5305555555555556,0.47895081017556074,0.5815150628856834,0.46944444444444444,140,0.28,500,115618.0
4+,months_since_cert_n >   1.500 & percent_abawd <=   0.292 & shelter_expenses_by_hh_size > 101.000 & total_deductions_by_hh_size <=  97.300,train_2022_23,1224,249,387,90,387,0.23255813953488372,0.1932208093395958,0.2771528663387353,121,387,0.31266149870801035,0.268506176258992,0.3604995385881482,70,387,0.18087855297157623,0.14572520281914392,0.22230522178253614,33,387,0.08527131782945736,0.06136049924367312,0.11733491086620262,2,387,0.00516795865633075,0.001418356911620752,0.018645014029445912,10,387,0.025839793281653745,0.014094898658703964,0.0469057727130231,61,387,0.15762273901808785,0.12470569802644563,0.19727026359074148,108,387,0.27906976744186046,0.23671917553150457,0.32576342611581244,108,387,0.27906976744186046,0.23671917553150457,0.32576342611581244,34,387,0.08785529715762273,0.0635500129129289,0.12026255975077936,37,387,0.09560723514211886,0.0701595539627935,0.12900450636241242,38,387,0.09819121447028424,0.07237558506647634,0.13190563781256215,21,387,0.05426356589147287,0.03576216633858012,0.08152729312530499,3,387,0.007751937984496124,0.002639742810937937,0.022540790683961275,2,387,0.00516795865633075,0.001418356911620752,0.018645014029445912,4,387,0.0103359173126615,0.004026507515209901,0.026271188533521863,32,387,0.082687338501292,0.059178271381209485,0.11439997617483372,190,387,0.4909560723514212,0.44148222330576037,0.5406077077558258,39,387,0.10077519379844961,0.07459767251743672,0.13480071291543433,158,387,0.4082687338501292,0.36043263124016006,0.45790809809878447,248,387,0.6408268733850129,0.5918585880615803,0.6870267711222935,130,387,0.3359173126614987,0.29067676626189276,0.38438341156974043,0,387,0.0,0.0,0.009829045833401561,0,387,0.0,0.0,0.009829045833401561,9,387,0.023255813953488372,0.012282104732076103,0.04360140408581841,185,387,0.4780361757105943,0.4287286663084702,0.5277754519839533,311 0.21; 363 0.18; 350 0.11; 364 0.09; 150 0.08; 331 0.05; 333 0.04,7,52 0.16; 44 0.14; 38 0.13; 35 0.09; 53 0.09; 99 0.08; 12 0.04; 37 0.04,8,unearned income 0.31; earned income 0.23; shelter deduction 0.18; other element 0.16,"wrong amount, known item 0.28; wrong include/exclude decision 0.28; change in circumstances 0.10; household composition 0.10",124,125,95,249,0.4979919678714859,0.43639159834540947,0.55965335628231,0.5020080321285141,95,0.2761627906976744,344,81154.0
4+,months_since_cert_n >   1.500 & percent_abawd <=   0.292 & shelter_expenses_by_hh_size > 101.000 & total_deductions_by_hh_size <=  97.300,test_2024,554,111,175,41,175,0.2342857142857143,0.1776549126994319,0.30233184653331935,58,175,0.3314285714285714,0.2659638845649973,0.40413524226008135,33,175,0.18857142857142858,0.1375416963754857,0.25298041928440557,15,175,0.08571428571428572,0.05263048266283355,0.13659618495812265,4,175,0.022857142857142857,0.008923616207532813,0.057289166500740875,5,175,0.02857142857142857,0.012264270311919512,0.06513159284296167,19,175,0.10857142857142857,0.07061513886953752,0.1633438505378487,69,175,0.3942857142857143,0.3248960801469059,0.46821693159085537,49,175,0.28,0.21875,0.35070140280561124,20,175,0.11428571428571428,0.07521076428246133,0.16993130557153235,14,175,0.08,0.04824980953712749,0.12979377763722122,8,175,0.045714285714285714,0.023343158944225943,0.08760194555047776,3,175,0.017142857142857144,0.00584685383108248,0.049182848430583716,1,175,0.005714285714285714,0.0010093989597420756,0.031654142408709104,0,175,0.0,0.0,0.021480460921843688,1,175,0.005714285714285714,0.0010093989597420756,0.031654142408709104,10,175,0.05714285714285714,0.03133131347979523,0.10197995190812348,116,175,0.6628571428571428,0.5899857132879214,0.7287320794403924,13,175,0.07428571428571429,0.04392358426143724,0.12293692246630394,46,175,0.26285714285714284,0.2032357622095416,0.33266639925624714,107,175,0.6114285714285714,0.5375568150610428,0.6805132536478036,64,175,0.3657142857142857,0.2979511863838482,0.4392464231208755,0,175,0.0,0.0,0.021480460921843688,1,175,0.005714285714285714,0.0010093989597420756,0.031654142408709104,3,175,0.017142857142857144,0.00584685383108248,0.049182848430583716,89,175,0.5085714285714286,0.4351167775562642,0.5816578431136471,311 0.19; 363 0.19; 350 0.15; 364 0.09; 331 0.07; 150 0.07,6,38 0.17; 52 0.14; 35 0.11; 44 0.10; 99 0.06; 53 0.06; 57 0.05; 37 0.04; 13 0.04,9,unearned income 0.33; earned income 0.23; shelter deduction 0.19,"wrong amount, known item 0.39; wrong include/exclude decision 0.28; unreported source of income 0.11",67,44,45,111,0.6036036036036037,0.5106070530904347,0.689668805135156,0.3963963963963964,45,0.28846153846153844,156,34464.0
4+,months_since_cert_n >=   5 & shelter_expenses_by_hh_size >= 106 & shelter_expenses_by_hh_size < 169,all_2022_24,1063,220,345,117,345,0.3391304347826087,0.2911902419756074,0.3906137630513159,76,345,0.22028985507246376,0.179769564839528,0.26697073218926665,56,345,0.16231884057971013,0.1271632900360047,0.20491178357906867,21,345,0.06086956521739131,0.040153429226483746,0.09125750341457742,1,345,0.002898550724637681,0.0005118355816843678,0.01623387364565549,16,345,0.0463768115942029,0.028745082048238633,0.07399954473939219,58,345,0.1681159420289855,0.13235656752219643,0.21118502843424908,94,345,0.27246376811594203,0.22818011855991788,0.321758879541226,86,345,0.2492753623188406,0.20655610872402452,0.29751680001163083,34,345,0.09855072463768116,0.07138252270912834,0.13456080515085164,37,345,0.1072463768115942,0.07881351068038892,0.14432960069164924,37,345,0.1072463768115942,0.07881351068038892,0.14432960069164924,22,345,0.06376811594202898,0.042484924187699225,0.09465926962404797,5,345,0.014492753623188406,0.006205814546269752,0.03347293936381436,0,345,0.0,0.0,0.011012448056653792,2,345,0.005797101449275362,0.001591183229382601,0.02088778716864332,28,345,0.08115942028985507,0.05674600698296074,0.11479775385290282,147,341,0.4310850439882698,0.37957726426383714,0.4841282747430576,38,341,0.11143695014662756,0.08227196171538813,0.14925926885540147,156,341,0.4574780058651026,0.4053672204930456,0.5105361971920597,211,344,0.6133720930232558,0.5609277917671839,0.6633122071288654,119,344,0.34593023255813954,0.2976141712327208,0.3976494200111098,0,344,0.0,0.0,0.011044107432808497,3,344,0.00872093023255814,0.0029701948036427537,0.025323143313477223,11,344,0.03197674418604651,0.017947221963115344,0.05634406464550192,168,341,0.49266862170087977,0.4399823620265047,0.545518227229548,311 0.30; 363 0.16; 350 0.09; 150 0.08; 364 0.06; 323 0.03; 312 0.03,7,38 0.14; 52 0.13; 44 0.10; 35 0.10; 99 0.08; 53 0.07; 37 0.04; 39 0.03; 75 0.03; 41 0.03,10,earned income 0.34; unearned income 0.22; other element 0.17; shelter deduction 0.16,"wrong amount, known item 0.27; wrong include/exclude decision 0.25; household composition 0.11; change in circumstances 0.11; unreported source of income 0.10",124,96,81,220,0.5636363636363636,0.49756556026570203,0.6275228951420505,0.43636363636363634,81,0.2691029900332226,301,79964.0
4+,months_since_cert_n >=   5 & shelter_expenses_by_hh_size >= 106 & shelter_expenses_by_hh_size < 169,train_2022_23,798,165,257,86,257,0.3346303501945525,0.27975008144729807,0.3943816521412091,60,257,0.23346303501945526,0.18590014726607965,0.28887688216480867,38,257,0.14785992217898833,0.10965777985761363,0.1964344999014432,18,257,0.07003891050583658,0.04475851189667563,0.10798399543344347,0,257,0.0,0.0,0.014727712144075176,11,257,0.042801556420233464,0.024064902619207594,0.07500518436078332,44,257,0.17120622568093385,0.1300786996844389,0.22201851180329926,67,257,0.2607003891050584,0.21083018587549177,0.31761926390552475,69,257,0.26848249027237353,0.21800210667126504,0.32578232035264515,25,257,0.09727626459143969,0.06675924792131732,0.13965567975892998,27,257,0.10505836575875487,0.07321132997548663,0.14853857494765443,28,257,0.10894941634241245,0.07646046317208816,0.1529569303724998,16,257,0.0622568093385214,0.03868076863282238,0.09872676145440296,1,257,0.0038910505836575876,0.0006871788263164199,0.021708021939205638,0,257,0.0,0.0,0.014727712144075176,1,257,0.0038910505836575876,0.0006871788263164199,0.021708021939205638,23,257,0.08949416342412451,0.060374099034924855,0.13070585140242869,101,257,0.39299610894941633,0.3352780036980046,0.45386605921220596,29,257,0.11284046692607004,0.07972405764035045,0.1573608245256844,127,257,0.49416342412451364,0.4335745640745734,0.5549242029932563,155,257,0.603112840466926,0.5422002397075995,0.6609882087607429,92,257,0.35797665369649806,0.30185118817941425,0.4182854771377743,0,257,0.0,0.0,0.014727712144075176,0,257,0.0,0.0,0.014727712144075176,10,257,0.038910505836575876,0.02127018289511732,0.07013241546342669,125,257,0.48638132295719844,0.4259251826668691,0.5472386071580667,311 0.30; 363 0.15; 150 0.08; 350 0.07; 364 0.07; 520 0.04; 331 0.04,7,38 0.16; 52 0.14; 35 0.10; 99 0.09; 44 0.09; 53 0.08; 39 0.04; 41 0.04; 7 0.04,9,earned income 0.33; unearned income 0.23; other element 0.17; shelter deduction 0.15,"wrong include/exclude decision 0.27; wrong amount, known item 0.26; change in circumstances 0.11; household composition 0.11; unreported source of income 0.10",96,69,58,165,0.5818181818181818,0.5055299515621888,0.6543832451855321,0.41818181818181815,58,0.2600896860986547,223,58465.0
4+,months_since_cert_n >=   5 & shelter_expenses_by_hh_size >= 106 & shelter_expenses_by_hh_size < 169,test_2024,265,55,88,31,88,0.3522727272727273,0.2605618066297556,0.45634208006211396,16,88,0.18181818181818182,0.11513001885470898,0.2751245063277792,18,88,0.20454545454545456,0.133486198004829,0.30032157537891,3,88,0.03409090909090909,0.011660785880160493,0.09549762599419709,1,88,0.011363636363636364,0.00200873360043052,0.06159643007267622,5,88,0.056818181818181816,0.024510666532829656,0.1262009935427788,14,88,0.1590909090909091,0.09719813761632919,0.2495031393649081,27,88,0.3068181818181818,0.22023391113033136,0.4095634791590365,17,88,0.19318181818181818,0.12425855430009695,0.28777259498301655,9,88,0.10227272727272728,0.05474388075144594,0.18307427572666424,10,88,0.11363636363636363,0.0629073263742009,0.19668745420453468,9,88,0.10227272727272728,0.05474388075144594,0.18307427572666424,6,88,0.06818181818181818,0.031620497305043585,0.14086778687119028,4,88,0.045454545454545456,0.017815960935119883,0.11111907503986312,0,88,0.0,3.469446951953614e-18,0.04182853957248131,1,88,0.011363636363636364,0.00200873360043052,0.06159643007267622,5,88,0.056818181818181816,0.024510666532829656,0.1262009935427788,46,84,0.5476190476190477,0.44142846686988807,0.6496445554794317,9,84,0.10714285714285714,0.05739956319523237,0.1912480024228802,29,84,0.34523809523809523,0.2523486284686916,0.45166404889601935,56,87,0.6436781609195402,0.5389300856293024,0.7362742260516895,27,87,0.3103448275862069,0.22289014167438978,0.4138401669067009,0,87,0.0,0.0,0.04228899535014795,3,87,0.034482758620689655,0.011795606761416902,0.09654242339216913,1,87,0.011494252873563218,0.0020318554244781045,0.062273484860149206,43,84,0.5119047619047619,0.40684997372055176,0.6159182818667781,311 0.30; 363 0.20; 350 0.14; 150 0.10; 323 0.05,5,44 0.14; 35 0.10; 52 0.09; 38 0.08; 99 0.06; 56 0.06; 53 0.05; 40 0.05; 97 0.05; 37 0.05; 6 0.03; 64 0.03,12,earned income 0.35; shelter deduction 0.20; unearned income 0.18; other element 0.16,"wrong amount, known item 0.31; wrong include/exclude decision 0.19; household composition 0.11; unreported source of income 0.10; change in circumstances 0.10",28,27,23,55,0.509090909090909,0.38076038407484447,0.636234395128984,0.4909090909090909,23,0.2948717948717949,78,21499.0
4+,months_since_cert_n >=   6 & shelter_expenses_by_hh_size >=  71 & total_deductions_by_hh_size < 122,all_2022_24,1633,360,594,182,594,0.3063973063973064,0.2706664711086432,0.3446162392280078,173,594,0.29124579124579125,0.2561424453414249,0.32903195536939883,100,594,0.16835016835016836,0.14041127525855823,0.200551280709444,28,594,0.04713804713804714,0.03281177459367174,0.06728430436771202,4,594,0.006734006734006734,0.0026217063623069333,0.017185546930203993,14,594,0.02356902356902357,0.014090436364161293,0.03917049429037997,93,594,0.15656565656565657,0.12955925757804906,0.18798572423653195,172,594,0.2895622895622896,0.25453162811258334,0.3272974048620374,142,594,0.23905723905723905,0.20650362840566439,0.27496437248286526,58,594,0.09764309764309764,0.07629420039666517,0.1241629106508096,57,594,0.09595959595959595,0.07480327278337988,0.12230847052789186,70,594,0.11784511784511785,0.09433849326522328,0.1462630306166879,27,594,0.045454545454545456,0.03142437516972117,0.06532633605545955,9,594,0.015151515151515152,0.007991263080268768,0.02854282889325733,2,594,0.003367003367003367,0.0009238205618563962,0.01219269725824846,8,594,0.013468013468013467,0.006839823522771512,0.026348900714551555,49,594,0.08249158249158249,0.06295855250860496,0.1073902489130425,247,593,0.41652613827993257,0.37750869136831283,0.45661815233695174,58,593,0.09780775716694773,0.0764241783692197,0.12436879584705478,288,593,0.4856661045531197,0.4456606943654906,0.525856036371777,372,593,0.627318718381113,0.5876988139279249,0.6652996365822272,203,593,0.342327150084317,0.3052611860699245,0.3814228520400196,1,593,0.0016863406408094434,0.0002977349203468066,0.00948978659289892,0,593,0.0,0.0,0.006436548658806624,17,593,0.02866779089376054,0.017974364022778022,0.04542872316149331,299,593,0.5042158516020236,0.4640760808809351,0.5443013512551628,311 0.28; 363 0.17; 350 0.10; 150 0.09; 331 0.05; 364 0.05; 333 0.04,7,38 0.14; 52 0.11; 44 0.11; 35 0.10; 99 0.08; 53 0.07; 37 0.05; 39 0.05; 7 0.03; 41 0.03,10,earned income 0.31; unearned income 0.29; shelter deduction 0.17,"wrong amount, known item 0.29; wrong include/exclude decision 0.24; change in circumstances 0.12; unreported source of income 0.10; household composition 0.10",221,139,118,360,0.6138888888888889,0.5626453562684242,0.6627274433234862,0.3861111111111111,118,0.24686192468619247,478,136968.0
4+,months_since_cert_n >=   6 & shelter_expenses_by_hh_size >=  71 & total_deductions_by_hh_size < 122,train_2022_23,1219,263,428,134,428,0.3130841121495327,0.27097556156512004,0.35851821578287046,132,428,0.308411214953271,0.2665227308718563,0.35370839090983397,65,428,0.15186915887850466,0.12097460013634675,0.18895756017428567,21,428,0.04906542056074766,0.032312607852659596,0.07384112999936762,3,428,0.007009345794392523,0.002386572228604493,0.02040326552672061,9,428,0.02102803738317757,0.01110145094288842,0.03947635351133739,64,428,0.14953271028037382,0.11887128474835129,0.186429547779131,118,428,0.2757009345794392,0.23550155245017526,0.31989098036741337,98,428,0.22897196261682243,0.19168007919391825,0.27108589796066807,40,428,0.09345794392523364,0.06938391085037422,0.12476505488150523,38,428,0.08878504672897196,0.06536776953758502,0.11951854062799419,54,428,0.1261682242990654,0.09800051611510836,0.16098703858087277,22,428,0.0514018691588785,0.034186761438252694,0.07659830419692464,8,428,0.018691588785046728,0.009500963775694234,0.036445512895381456,2,428,0.004672897196261682,0.001282386865518595,0.01687612310665639,6,428,0.014018691588785047,0.0064402209582110626,0.030243600146564388,42,428,0.09813084112149532,0.07342023108067337,0.12999139021750633,171,428,0.39953271028037385,0.3542207116542877,0.4466321936702573,45,428,0.10514018691588785,0.07950985454802892,0.13779575009960113,212,428,0.4953271028037383,0.4482117948828829,0.5425255495508169,267,428,0.6238317757009346,0.5770271740616381,0.6684331984453183,146,428,0.3411214953271028,0.29779774932603936,0.38727196141975256,0,428,0.0,0.0,0.008895854405874745,0,428,0.0,0.0,0.008895854405874745,15,428,0.035046728971962614,0.02135168118277147,0.05701408997035503,206,428,0.48130841121495327,0.43434844080729273,0.5286009369275063,311 0.29; 363 0.15; 350 0.10; 150 0.07; 364 0.05; 333 0.05; 331 0.05,7,38 0.15; 44 0.11; 52 0.11; 99 0.10; 35 0.09; 53 0.07; 39 0.06; 37 0.04; 7 0.03,9,earned income 0.31; unearned income 0.31; shelter deduction 0.15,"wrong amount, known item 0.28; wrong include/exclude decision 0.23; change in circumstances 0.13; other 0.10; unreported source of income 0.09",163,100,78,263,0.6197718631178707,0.5597758757194,0.6763192458808303,0.38022813688212925,78,0.2287390029325513,341,96737.0
4+,months_since_cert_n >=   6 & shelter_expenses_by_hh_size >=  71 & total_deductions_by_hh_size < 122,test_2024,414,97,166,48,166,0.2891566265060241,0.22557426005414632,0.3622770084218924,41,166,0.2469879518072289,0.18759938384936403,0.31782213832188255,35,166,0.21084337349397592,0.15568874922619358,0.2790787046838026,7,166,0.04216867469879518,0.020573982157732394,0.0844744865330948,1,166,0.006024096385542169,0.0010641662329914856,0.03333023419658525,5,166,0.030120481927710843,0.012932695782301017,0.06856441682144268,29,166,0.1746987951807229,0.12447817004176812,0.23963521560697756,54,166,0.3253012048192771,0.25868370394790463,0.39982163278938465,44,166,0.26506024096385544,0.2037826797957934,0.3369658765060784,18,166,0.10843373493975904,0.06969712284719078,0.16488380432259564,19,166,0.1144578313253012,0.0745098548587058,0.17184675035462232,16,166,0.0963855421686747,0.060201111371260656,0.15082845971144226,5,166,0.030120481927710843,0.012932695782301017,0.06856441682144268,1,166,0.006024096385542169,0.0010641662329914856,0.03333023419658525,0,166,0.0,1.734723475976807e-18,0.022618722386034983,2,166,0.012048192771084338,0.003310221981407086,0.042859856491711396,7,166,0.04216867469879518,0.020573982157732394,0.0844744865330948,76,165,0.46060606060606063,0.38631151790521195,0.5366932392162558,13,165,0.07878787878787878,0.046619396082262975,0.13012377621650698,76,165,0.46060606060606063,0.38631151790521195,0.5366932392162558,105,165,0.6363636363636364,0.5606337926195314,0.7058882019600036,57,165,0.34545454545454546,0.27715788875892966,0.4207838507175974,1,165,0.006060606060606061,0.001070620565756266,0.03352748795726175,0,165,0.0,0.0,0.02275268654170536,2,165,0.012121212121212121,0.0033303221439865346,0.043113208360344143,93,165,0.5636363636363636,0.48736781941319124,0.6370091113905918,311 0.24; 363 0.21; 150 0.11; 350 0.10; 331 0.07; 364 0.04,6,38 0.12; 52 0.12; 35 0.11; 44 0.10; 56 0.07; 53 0.06; 37 0.05; 12 0.04; 99 0.04; 13 0.03; 33 0.03,11,earned income 0.29; unearned income 0.25; shelter deduction 0.21; other element 0.17,"wrong amount, known item 0.33; wrong include/exclude decision 0.27; household composition 0.11; unreported source of income 0.11",58,39,40,97,0.5979381443298969,0.4984347077450554,0.6899795974623194,0.4020618556701031,40,0.291970802919708,137,40231.0
4+,months_since_cert_n >=   5.000 & rawben_rel_max <   0.901 & total_deductions_by_hh_size < 126.000,all_2022_24,2024,489,795,259,795,0.32578616352201256,0.29411259225472286,0.35913531070876825,210,795,0.2641509433962264,0.23469053020222616,0.29587973554257235,120,795,0.1509433962264151,0.12773963380559406,0.17750435949670768,50,795,0.06289308176100629,0.048029058100261236,0.08196116774676526,6,795,0.007547169811320755,0.0034633454713491503,0.016367369403790053,19,795,0.02389937106918239,0.015352572621035595,0.03702527049579758,131,795,0.16477987421383647,0.14061512051970296,0.19216875052557061,243,795,0.30566037735849055,0.2746341942540983,0.3385557047196156,186,795,0.2339622641509434,0.2058559520843561,0.2646273076757766,79,795,0.09937106918238994,0.08046268388139755,0.12213267419710011,87,795,0.10943396226415095,0.08958200577790204,0.13304235429548422,81,795,0.1018867924528302,0.08273679023100002,0.1248658183462198,41,795,0.05157232704402516,0.038241082194711784,0.06921651640806503,9,795,0.011320754716981131,0.0059670643083042695,0.021374526314918155,3,795,0.0037735849056603774,0.0012841483062286758,0.0110356908208273,9,795,0.011320754716981131,0.0059670643083042695,0.021374526314918155,57,795,0.07169811320754717,0.055749057165741064,0.09176654542681294,386,793,0.48675914249684743,0.4521182625953142,0.5215276916319752,68,793,0.08575031525851198,0.06820403995021102,0.10729081373212684,339,793,0.4274905422446406,0.3934884986741337,0.4621917268562603,485,794,0.610831234256927,0.576461400260046,0.6441337654971669,283,794,0.35642317380352645,0.3238734367677098,0.39035555304680986,2,794,0.0025188916876574307,0.0006910284881226983,0.009137488851660035,2,794,0.0025188916876574307,0.0006910284881226983,0.009137488851660035,22,794,0.027707808564231738,0.018367773931150463,0.04159600835345341,384,793,0.4842370744010088,0.4496134101597753,0.519012725825093,311 0.29; 363 0.15; 350 0.10; 150 0.09; 364 0.06; 331 0.04; 333 0.03,7,38 0.15; 52 0.13; 44 0.12; 35 0.10; 99 0.07; 53 0.06; 37 0.04; 13 0.03; 41 0.03; 12 0.03,10,earned income 0.33; unearned income 0.26; other element 0.16,"wrong amount, known item 0.31; wrong include/exclude decision 0.23; household composition 0.11; change in circumstances 0.10",271,218,168,489,0.5541922290388548,0.5098837565445344,0.5976558667340199,0.4458077709611452,168,0.2557077625570776,657,167248.0
4+,months_since_cert_n >=   5.000 & rawben_rel_max <   0.901 & total_deductions_by_hh_size < 126.000,train_2022_23,1453,346,554,185,554,0.33393501805054154,0.2959247128363268,0.3742325504441456,149,554,0.26895306859205775,0.2337128760227279,0.30737549028053807,80,554,0.1444043321299639,0.11758131127333843,0.1761250024902819,36,554,0.06498194945848375,0.047304158834565964,0.08865128084580207,3,554,0.005415162454873646,0.0018432839576096385,0.015799000160319175,13,554,0.023465703971119134,0.013763735947893228,0.03973101955259292,88,554,0.1588447653429603,0.13076961674390608,0.1916186741257601,168,554,0.30324909747292417,0.26643484007612495,0.34277322185399994,129,554,0.2328519855595668,0.19956990850768205,0.2698135150304692,44,554,0.07942238267148015,0.05969362038397327,0.10494379640244064,54,554,0.09747292418772563,0.07547587654123339,0.12501401162773787,60,554,0.10830324909747292,0.08507126659738276,0.13693010440112288,36,554,0.06498194945848375,0.047304158834565964,0.08865128084580207,7,554,0.01263537906137184,0.006133691087395371,0.025849581583556373,0,554,0.0,0.0,0.006886542703161613,7,554,0.01263537906137184,0.006133691087395371,0.025849581583556373,49,554,0.08844765342960288,0.06754877457933736,0.11501487789835521,258,554,0.4657039711191336,0.42454460430304697,0.507335700070094,50,554,0.09025270758122744,0.06912874731939764,0.11702015229655069,246,554,0.44404332129963897,0.4031949286647321,0.48566241004934,346,554,0.6245487364620939,0.5834971881616462,0.6638848643779995,188,554,0.33935018050541516,0.30114837062458,0.3797646340706595,1,554,0.0018050541516245488,0.0003186992763450471,0.010153090565072298,0,554,0.0,0.0,0.006886542703161613,19,554,0.03429602888086643,0.022063999280195954,0.052942239049824605,256,554,0.4620938628158845,0.4209808948950294,0.5037289152016002,311 0.30; 363 0.14; 350 0.10; 150 0.08; 364 0.06; 331 0.04; 333 0.04,7,38 0.17; 44 0.13; 52 0.13; 99 0.09; 35 0.08; 53 0.07; 37 0.03; 41 0.03; 40 0.03,9,earned income 0.33; unearned income 0.27; other element 0.16,"wrong amount, known item 0.30; wrong include/exclude decision 0.23; change in circumstances 0.11; household composition 0.10; other 0.09",185,161,114,346,0.5346820809248555,0.48203098803668815,0.5865714880553489,0.4653179190751445,114,0.24782608695652175,460,111845.0
4+,months_since_cert_n >=   5.000 & rawben_rel_max <   0.901 & total_deductions_by_hh_size < 126.000,test_2024,571,143,241,74,241,0.3070539419087137,0.2522229718935026,0.3679396148564614,61,241,0.25311203319502074,0.2023856511376571,0.3115858308327269,40,241,0.16597510373443983,0.124318109273545,0.21811389574520998,14,241,0.058091286307053944,0.03491530288168464,0.09513449257791047,3,241,0.012448132780082987,0.004242276777351603,0.03595350694567585,6,241,0.024896265560165973,0.011458855968927175,0.05324256731861872,43,241,0.17842323651452283,0.1352458938097535,0.23169175077351994,75,241,0.3112033195020747,0.2560962242762891,0.3722349089951811,57,241,0.23651452282157676,0.18726002462201288,0.2940372712623466,35,241,0.14522821576763487,0.10631191860033437,0.19527735381088987,33,241,0.13692946058091288,0.09918982118185307,0.18606235818635888,21,241,0.08713692946058091,0.057697946774360916,0.12953167433577722,5,241,0.02074688796680498,0.008893474231198583,0.04763940253484117,2,241,0.008298755186721992,0.002278728252552608,0.0297485089489687,3,241,0.012448132780082987,0.004242276777351603,0.03595350694567585,2,241,0.008298755186721992,0.002278728252552608,0.0297485089489687,8,241,0.03319502074688797,0.016914385845114507,0.06412413048544369,128,239,0.5355648535564853,0.47227147723276497,0.5977330030539734,18,239,0.07531380753138076,0.04816731882457605,0.11589682833966598,93,239,0.3891213389121339,0.3295285396838941,0.4522221982456864,139,240,0.5791666666666667,0.515940093237471,0.6398987792108727,95,240,0.3958333333333333,0.33607109972456106,0.45887775231709205,1,240,0.004166666666666667,0.0007358790897501466,0.023220656628519416,2,240,0.008333333333333333,0.002288235363161974,0.029870346273441456,3,240,0.0125,0.004259990188158945,0.036100637366778356,128,239,0.5355648535564853,0.47227147723276497,0.5977330030539734,311 0.27; 363 0.17; 150 0.12; 350 0.12; 331 0.06; 364 0.06,6,35 0.15; 38 0.13; 52 0.13; 44 0.10; 56 0.05; 12 0.05; 53 0.05; 13 0.04; 37 0.04; 99 0.03,10,earned income 0.31; unearned income 0.25; other element 0.18; shelter deduction 0.17,"wrong amount, known item 0.31; wrong include/exclude decision 0.24; unreported source of income 0.15; household composition 0.14",86,57,54,143,0.6013986013986014,0.5195092918707351,0.6779824270971866,0.3986013986013986,54,0.27411167512690354,197,55403.0
4+,months_since_cert_n >=   6.0 & total_deductions_by_hh_size >=  24.8 & total_deductions_by_hh_size < 115.0,all_2022_24,1374,321,535,197,535,0.36822429906542054,0.3284277446719437,0.4098998083603389,131,535,0.24485981308411214,0.21032562146727202,0.2830319812122538,80,535,0.14953271028037382,0.12181702149084152,0.1822456195524632,28,535,0.052336448598130844,0.03645489057723357,0.07460112291541436,3,535,0.005607476635514018,0.0019088080407768234,0.016355557590978405,14,535,0.026168224299065422,0.0156505697261461,0.04344212096440192,82,535,0.15327102803738318,0.1252249105445833,0.18626106232759287,169,535,0.31588785046728973,0.2779270696715076,0.35647383775657515,124,535,0.23177570093457944,0.19800770233336173,0.26936823894511414,50,535,0.09345794392523364,0.0716090883944979,0.12110357521573559,47,535,0.08785046728971962,0.06670709840773795,0.11487056745918842,67,535,0.1252336448598131,0.09983126374854294,0.1559797204070976,27,535,0.05046728971962617,0.0349128285946938,0.07243151898351842,5,535,0.009345794392523364,0.003998325343761353,0.021689372116865294,4,535,0.007476635514018692,0.0029112005439528906,0.019064831002238047,5,535,0.009345794392523364,0.003998325343761353,0.021689372116865294,37,535,0.0691588785046729,0.05058807851247783,0.09387292821009145,224,535,0.41869158878504675,0.37761138955510226,0.46093114316694445,46,535,0.08598130841121496,0.06507930056756733,0.11278669938492333,265,535,0.4953271028037383,0.45314445610733306,0.5375763791065777,332,535,0.6205607476635514,0.5787200575729886,0.6606823939081145,189,535,0.3532710280373832,0.31394453162816854,0.3946896940886285,2,535,0.003738317757009346,0.0010257594329802326,0.013526940284339291,0,535,0.0,0.0,0.007129367888448107,12,535,0.022429906542056073,0.012876410108223822,0.03879294875345277,270,535,0.5046728971962616,0.4624236208934223,0.546855543892667,311 0.33; 363 0.15; 350 0.09; 150 0.07; 364 0.05; 331 0.04; 346 0.03,7,38 0.17; 44 0.11; 52 0.10; 35 0.09; 53 0.07; 99 0.07; 37 0.05; 39 0.04; 41 0.03; 7 0.03,10,earned income 0.37; unearned income 0.24; other element 0.15,"wrong amount, known item 0.32; wrong include/exclude decision 0.23; change in circumstances 0.13; unreported source of income 0.09",214,107,98,321,0.6666666666666666,0.6133936003477023,0.7159977091397525,0.3333333333333333,98,0.23389021479713604,419,125362.0
4+,months_since_cert_n >=   6.0 & total_deductions_by_hh_size >=  24.8 & total_deductions_by_hh_size < 115.0,train_2022_23,1032,239,390,150,390,0.38461538461538464,0.33767895578969187,0.4338027769678431,97,390,0.24871794871794872,0.2084063179172713,0.2939316778658049,52,390,0.13333333333333333,0.10314685615023127,0.17067287239037993,20,390,0.05128205128205128,0.03343913333782178,0.07787871627481435,2,390,0.005128205128205128,0.0014074377123325967,0.01850310500331755,8,390,0.020512820512820513,0.010429887767639168,0.03994975724700631,61,390,0.1564102564102564,0.12373035206633884,0.19579302992276534,114,390,0.2923076923076923,0.24936811797382674,0.3392990009897362,83,390,0.2128205128205128,0.17510080827609098,0.2561426154759961,35,390,0.08974358974358974,0.06523514408886857,0.12225546127125589,37,390,0.09487179487179487,0.06961359095133929,0.12803338184178362,56,390,0.14358974358974358,0.11225856343458265,0.18187389997202544,24,390,0.06153846153846154,0.04169871427580171,0.08993187020283133,5,390,0.01282051282051282,0.005488172431104317,0.02965692143404349,2,390,0.005128205128205128,0.0014074377123325967,0.01850310500331755,5,390,0.01282051282051282,0.005488172431104317,0.02965692143404349,29,390,0.07435897435897436,0.0522692885226298,0.10475221453849934,167,390,0.4282051282051282,0.38003052327696785,0.4777803326610538,32,390,0.08205128205128205,0.05871829704166056,0.11353775716896622,191,390,0.4897435897435897,0.44047230739753374,0.5392149577364692,249,390,0.6384615384615384,0.5896413410279784,0.6845805796629796,130,390,0.3333333333333333,0.28837322242295516,0.3815448360045953,1,390,0.002564102564102564,0.00045275890150057747,0.014379600097650349,0,390,0.0,0.0,0.009754175282651703,10,390,0.02564102564102564,0.01398602212045336,0.04654999032719055,192,390,0.49230769230769234,0.44300689754259004,0.5417585513079123,311 0.36; 363 0.13; 350 0.09; 150 0.07; 364 0.05; 520 0.03; 331 0.03,7,38 0.18; 44 0.11; 52 0.09; 35 0.09; 99 0.07; 53 0.07; 39 0.06; 37 0.04; 7 0.04,9,earned income 0.38; unearned income 0.25; other element 0.16,"wrong amount, known item 0.29; wrong include/exclude decision 0.21; change in circumstances 0.14; household composition 0.09; unreported source of income 0.09",159,80,70,239,0.6652719665271967,0.6032472527859444,0.7220676850171338,0.33472803347280333,70,0.22653721682847897,309,87930.0
4+,months_since_cert_n >=   6.0 & total_deductions_by_hh_size >=  24.8 & total_deductions_by_hh_size < 115.0,test_2024,342,82,145,47,145,0.32413793103448274,0.25334524860650937,0.4040086094546777,34,145,0.23448275862068965,0.17292616659621482,0.309745344594205,28,145,0.19310344827586207,0.1371158160661615,0.26493307349159656,8,145,0.05517241379310345,0.028218435934205734,0.1050883815146795,1,145,0.006896551724137931,0.001218418511928561,0.03802867369885121,6,145,0.041379310344827586,0.01910002030012347,0.08733258993787449,21,145,0.14482758620689656,0.09671747603267106,0.2112716882869815,55,145,0.3793103448275862,0.30441090723778697,0.46043977966694927,41,145,0.2827586206896552,0.21579934714746768,0.3609318892810576,15,145,0.10344827586206896,0.06369780166344452,0.16366874102354617,10,145,0.06896551724137931,0.03788854361530439,0.12229248104446813,11,145,0.07586206896551724,0.04288528955313971,0.13073283871207647,3,145,0.020689655172413793,0.007060784343230236,0.05906051507843681,0,145,0.0,0.0,0.02580998860533614,2,145,0.013793103448275862,0.003790673072295709,0.048893522743927706,0,145,0.0,0.0,0.02580998860533614,8,145,0.05517241379310345,0.028218435934205734,0.1050883815146795,57,145,0.3931034482758621,0.31734377558655397,0.47438111852906956,14,145,0.09655172413793103,0.05838671440720313,0.15554272467434394,74,145,0.5103448275862069,0.4297671411640899,0.5903885142440755,83,145,0.5724137931034483,0.49104228459906046,0.6500473032580978,59,145,0.4068965517241379,0.330340421565979,0.4882586797605317,1,145,0.006896551724137931,0.001218418511928561,0.03802867369885121,0,145,0.0,0.0,0.02580998860533614,2,145,0.013793103448275862,0.003790673072295709,0.048893522743927706,78,145,0.5379310344827586,0.456850092834123,0.617053976995817,311 0.26; 363 0.19; 350 0.08; 150 0.08; 331 0.07; 364 0.06; 323 0.03,7,38 0.13; 44 0.11; 52 0.11; 35 0.10; 56 0.08; 53 0.07; 37 0.07; 99 0.06; 13 0.03,9,earned income 0.32; unearned income 0.23; shelter deduction 0.19,"wrong amount, known item 0.38; wrong include/exclude decision 0.28; unreported source of income 0.10",55,27,28,82,0.6707317073170732,0.5633818520351263,0.7628003253707004,0.32926829268292684,28,0.2545454545454545,110,37432.0
2-3,medical_deductions > 366.000 & months_since_cert_n <=  13.500 & rawben_rel_max >   0.301,all_2022_24,62,31,59,0,59,0.0,0.0,0.061131479784092065,12,59,0.2033898305084746,0.12036154854418066,0.32268254963282317,12,59,0.2033898305084746,0.12036154854418066,0.32268254963282317,1,59,0.01694915254237288,0.002998156692981528,0.08995937462385317,29,59,0.4915254237288136,0.3684362544481631,0.6156507197854656,2,59,0.03389830508474576,0.009345713033501513,0.11543786981607584,3,59,0.05084745762711865,0.017442401159453308,0.1391672332228667,7,59,0.11864406779661017,0.058675082779140006,0.22523875773415053,36,59,0.6101694915254238,0.4826610956186712,0.724208239344156,5,59,0.0847457627118644,0.036741491306199775,0.1835202461416055,1,59,0.01694915254237288,0.002998156692981528,0.08995937462385317,0,59,0.0,0.0,0.061131479784092065,3,59,0.05084745762711865,0.017442401159453308,0.1391672332228667,0,59,0.0,0.0,0.061131479784092065,1,59,0.01694915254237288,0.002998156692981528,0.08995937462385317,0,59,0.0,0.0,0.061131479784092065,6,59,0.1016949152542373,0.047447326513182495,0.2046404624673654,39,59,0.6610169491525424,0.5337223255448901,0.7686251640161651,12,59,0.2033898305084746,0.12036154854418066,0.32268254963282317,8,59,0.13559322033898305,0.07034090749685569,0.24539898454917758,40,59,0.6779661016949152,0.5510476493903221,0.7831258917034755,19,59,0.3220338983050847,0.21687410829652445,0.44895235060967775,0,59,0.0,0.0,0.061131479784092065,0,59,0.0,0.0,0.061131479784092065,0,59,0.0,0.0,0.061131479784092065,27,59,0.4576271186440678,0.3370110214024243,0.583423849765719,365 0.49; 363 0.20; 331 0.10,3,53 0.47; 99 0.10; 52 0.10; 35 0.08,4,medical deduction 0.49; shelter deduction 0.20; unearned income 0.20,"wrong include/exclude decision 0.61; wrong amount, known item 0.12; other 0.10",30,1,28,31,0.967741935483871,0.8380554282383037,0.9942829259130554,0.03225806451612903,28,0.4745762711864407,59,10048.0
2-3,medical_deductions > 366.000 & months_since_cert_n <=  13.500 & rawben_rel_max >   0.301,train_2022_23,46,26,54,0,54,0.0,6.938893903907228e-18,0.06641586678100189,12,54,0.2222222222222222,0.13195287989578958,0.34938926831587813,11,54,0.2037037037037037,0.1177393408658538,0.32902561722659174,1,54,0.018518518518518517,0.0032764033153519848,0.09771665358487208,25,54,0.46296296296296297,0.33689688992410527,0.5939487298374504,2,54,0.037037037037037035,0.010216153585413057,0.12535409343403314,3,54,0.05555555555555555,0.019072922503838907,0.15107451463482943,5,54,0.09259259259259259,0.040200542070567336,0.1991012753065453,33,54,0.6111111111111112,0.47788056581508337,0.7295825749002496,5,54,0.09259259259259259,0.040200542070567336,0.1991012753065453,1,54,0.018518518518518517,0.0032764033153519848,0.09771665358487208,0,54,0.0,6.938893903907228e-18,0.06641586678100189,3,54,0.05555555555555555,0.019072922503838907,0.15107451463482943,0,54,0.0,6.938893903907228e-18,0.06641586678100189,1,54,0.018518518518518517,0.0032764033153519848,0.09771665358487208,0,54,0.0,6.938893903907228e-18,0.06641586678100189,6,54,0.1111111111111111,0.05192951817556753,0.2219494893207673,35,54,0.6481481481481481,0.5148458381779774,0.7617716827757998,11,54,0.2037037037037037,0.1177393408658538,0.32902561722659174,8,54,0.14814814814814814,0.07702971308229412,0.266003674652485,36,54,0.6666666666666666,0.5336071462745029,0.7775875647984964,18,54,0.3333333333333333,0.22241243520150356,0.466392853725497,0,54,0.0,6.938893903907228e-18,0.06641586678100189,0,54,0.0,6.938893903907228e-18,0.06641586678100189,0,54,0.0,6.938893903907228e-18,0.06641586678100189,24,54,0.4444444444444444,0.3200225687559781,0.5762458608863554,365 0.46; 363 0.20; 331 0.11,3,53 0.48; 99 0.11; 35 0.09; 52 0.09,4,medical deduction 0.46; unearned income 0.22; shelter deduction 0.20,wrong include/exclude decision 0.61; other 0.11; unreported source of income 0.09,26,0,23,26,1.0,0.8712669561953784,1.0,0.0,23,0.46938775510204084,49,9106.0
2-3,medical_deductions > 366.000 & months_since_cert_n <=  13.500 & rawben_rel_max >   0.301,test_2024,16,5,5,0,5,0.0,0.0,0.43449149475208104,0,5,0.0,0.0,0.43449149475208104,1,5,0.2,0.03622316096978745,0.6244717358814613,0,5,0.0,0.0,0.43449149475208104,4,5,0.8,0.3755282641185388,0.9637768390302125,0,5,0.0,0.0,0.43449149475208104,0,5,0.0,0.0,0.43449149475208104,2,5,0.4,0.1176182311592533,0.769280067791163,3,5,0.6,0.23071993220883708,0.8823817688407467,0,5,0.0,0.0,0.43449149475208104,0,5,0.0,0.0,0.43449149475208104,0,5,0.0,0.0,0.43449149475208104,0,5,0.0,0.0,0.43449149475208104,0,5,0.0,0.0,0.43449149475208104,0,5,0.0,0.0,0.43449149475208104,0,5,0.0,0.0,0.43449149475208104,0,5,0.0,0.0,0.43449149475208104,4,5,0.8,0.3755282641185388,0.9637768390302125,1,5,0.2,0.03622316096978745,0.6244717358814613,0,5,0.0,0.0,0.43449149475208104,4,5,0.8,0.3755282641185388,0.9637768390302125,1,5,0.2,0.03622316096978745,0.6244717358814613,0,5,0.0,0.0,0.43449149475208104,0,5,0.0,0.0,0.43449149475208104,0,5,0.0,0.0,0.43449149475208104,3,5,0.6,0.23071993220883708,0.8823817688407467,365 0.80,1,53 0.40; 56 0.40,2,medical deduction 0.80,"wrong include/exclude decision 0.60; wrong amount, known item 0.40",4,1,5,5,0.8,0.3755282641185388,0.9637768390302125,0.2,5,0.5,10,942.0
4+,shelter_expenses_by_hh_size < 341.00 & total_deductions_by_hh_size >= 323.00 & unc_rawben_rel_max <   1.02 & utilities >= 368.00,all_2022_24,84,40,62,15,62,0.24193548387096775,0.15245763680948543,0.3615274425324505,8,62,0.12903225806451613,0.06685798258498754,0.23449556896904517,10,62,0.16129032258064516,0.09003972354068436,0.2720656930956064,0,62,0.0,0.0,0.05834609122500061,0,62,0.0,0.0,0.05834609122500061,23,62,0.3709677419354839,0.26156988879274196,0.49542265087822607,6,62,0.0967741935483871,0.0451112577973332,0.1954904286744415,20,62,0.3225806451612903,0.2195432864054263,0.44632145564215464,24,62,0.3870967741935484,0.2758446342699068,0.5115238379421901,1,62,0.016129032258064516,0.0028527936922403963,0.08586923007388922,5,62,0.08064516129032258,0.034937831855833754,0.17528792207481192,2,62,0.03225806451612903,0.008891184997076397,0.11020677131018222,4,62,0.06451612903225806,0.025372494807644003,0.15447732658187266,0,62,0.0,0.0,0.05834609122500061,0,62,0.0,0.0,0.05834609122500061,0,62,0.0,0.0,0.05834609122500061,6,62,0.0967741935483871,0.0451112577973332,0.1954904286744415,44,62,0.7096774193548387,0.5871211868886292,0.8077659361460481,6,62,0.0967741935483871,0.0451112577973332,0.1954904286744415,12,62,0.1935483870967742,0.11433696420146605,0.3085203175170827,40,62,0.6451612903225806,0.5208089986340214,0.7525743942361396,21,62,0.3387096774193548,0.2334153463018197,0.46282532828689016,0,62,0.0,0.0,0.05834609122500061,0,62,0.0,0.0,0.05834609122500061,1,62,0.016129032258064516,0.0028527936922403963,0.08586923007388922,35,62,0.5645161290322581,0.4409276740746583,0.6805760560898577,323 0.27; 311 0.24; 363 0.16; 350 0.13,4,53 0.23; 38 0.15; 52 0.13; 99 0.10; 44 0.10; 56 0.06,6,dep care or child support deduction 0.37; earned income 0.24; shelter deduction 0.16,"wrong include/exclude decision 0.39; wrong amount, known item 0.32; other 0.10",31,9,26,40,0.775,0.6249660359590695,0.8768404674532148,0.225,26,0.3939393939393939,66,13058.0
4+,shelter_expenses_by_hh_size < 341.00 & total_deductions_by_hh_size >= 323.00 & unc_rawben_rel_max <   1.02 & utilities >= 368.00,train_2022_23,62,29,47,13,47,0.2765957446808511,0.16936405991152936,0.41758835700689967,6,47,0.1276595744680851,0.059845227802024795,0.25174213372869025,7,47,0.14893617021276595,0.07406626087497505,0.2768589657111277,0,47,0.0,6.938893903907228e-18,0.0755601711983887,0,47,0.0,6.938893903907228e-18,0.0755601711983887,17,47,0.3617021276595745,0.2396602228576844,0.5046436542822955,4,47,0.0851063829787234,0.033593579469713086,0.19931805195022648,14,47,0.2978723404255319,0.18651084151016262,0.439779440463654,19,47,0.40425531914893614,0.27639828961388174,0.5465813176368735,1,47,0.02127659574468085,0.003765671010464995,0.11113236524331144,4,47,0.0851063829787234,0.033593579469713086,0.19931805195022648,2,47,0.0425531914893617,0.01174802937056972,0.1424878719385944,3,47,0.06382978723404255,0.0219449870207728,0.17162877934377904,0,47,0.0,6.938893903907228e-18,0.0755601711983887,0,47,0.0,6.938893903907228e-18,0.0755601711983887,0,47,0.0,6.938893903907228e-18,0.0755601711983887,4,47,0.0851063829787234,0.033593579469713086,0.19931805195022648,33,47,0.7021276595744681,0.5602205595363459,0.8134891584898374,4,47,0.0851063829787234,0.033593579469713086,0.19931805195022648,10,47,0.2127659574468085,0.11989580124247315,0.34904302050979275,29,47,0.6170212765957447,0.47426308443976317,0.7420951733648692,17,47,0.3617021276595745,0.2396602228576844,0.5046436542822955,0,47,0.0,6.938893903907228e-18,0.0755601711983887,0,47,0.0,6.938893903907228e-18,0.0755601711983887,1,47,0.02127659574468085,0.003765671010464995,0.11113236524331144,27,47,0.574468085106383,0.43281668771211546,0.7048658399817417,311 0.28; 323 0.26; 363 0.15; 350 0.13,4,53 0.21; 52 0.17; 38 0.17; 44 0.13; 99 0.09,5,dep care or child support deduction 0.36; earned income 0.28; shelter deduction 0.15,"wrong include/exclude decision 0.40; wrong amount, known item 0.30; other 0.09",20,9,18,29,0.6896551724137931,0.5076952952728147,0.8272457551023193,0.3103448275862069,18,0.3829787234042553,47,10299.0
4+,shelter_expenses_by_hh_size < 341.00 & total_deductions_by_hh_size >= 323.00 & unc_rawben_rel_max <   1.02 & utilities >= 368.00,test_2024,22,11,15,2,15,0.13333333333333333,0.0373604698913593,0.3788249920651624,2,15,0.13333333333333333,0.0373604698913593,0.3788249920651624,3,15,0.2,0.07047420643610414,0.4518593533465045,0,15,0.0,0.0,0.20388926630434784,0,15,0.0,0.0,0.20388926630434784,6,15,0.4,0.19824228082594664,0.642535572434923,2,15,0.13333333333333333,0.0373604698913593,0.3788249920651624,6,15,0.4,0.19824228082594664,0.642535572434923,5,15,0.3333333333333333,0.15176100694691236,0.5828687484878701,0,15,0.0,0.0,0.20388926630434784,1,15,0.06666666666666667,0.011866588606194856,0.2981707755242399,0,15,0.0,0.0,0.20388926630434784,1,15,0.06666666666666667,0.011866588606194856,0.2981707755242399,0,15,0.0,0.0,0.20388926630434784,0,15,0.0,0.0,0.20388926630434784,0,15,0.0,0.0,0.20388926630434784,2,15,0.13333333333333333,0.0373604698913593,0.3788249920651624,11,15,0.7333333333333333,0.4804911034231324,0.8910272389681718,2,15,0.13333333333333333,0.0373604698913593,0.3788249920651624,2,15,0.13333333333333333,0.0373604698913593,0.3788249920651624,11,15,0.7333333333333333,0.4804911034231324,0.8910272389681718,4,15,0.26666666666666666,0.1089727610318281,0.5195088965768675,0,15,0.0,0.0,0.20388926630434784,0,15,0.0,0.0,0.20388926630434784,0,15,0.0,0.0,0.20388926630434784,8,15,0.5333333333333333,0.3011663015105079,0.7519077474025355,323 0.33; 363 0.20; 350 0.13; 311 0.13,4,56 0.27; 53 0.27; 99 0.13; 38 0.07; 43 0.07,5,dep care or child support deduction 0.40; shelter deduction 0.20; unearned income 0.13; earned income 0.13,"wrong amount, known item 0.40; wrong include/exclude decision 0.33; other 0.13",11,0,8,11,1.0,0.7411599827511859,1.0,0.0,8,0.42105263157894735,19,2759.0
2-3,elderly_disabled_i >=   1 & shelter_expenses_by_hh_size < 640 & total_deductions_by_hh_size >= 493,all_2022_24,123,49,83,7,83,0.08433734939759036,0.04145280918254788,0.16399711343518372,28,83,0.3373493975903614,0.2448415401300969,0.44424756002466764,18,83,0.21686746987951808,0.14181449316941397,0.3169702367296206,0,83,0.0,3.469446951953614e-18,0.04423686343872062,18,83,0.21686746987951808,0.14181449316941397,0.3169702367296206,8,83,0.0963855421686747,0.04965214649257531,0.17882821315072928,4,83,0.04819277108433735,0.01889830967407153,0.11746030186694112,18,83,0.21686746987951808,0.14181449316941397,0.3169702367296206,40,83,0.4819277108433735,0.3776300414382687,0.5878243030233717,8,83,0.0963855421686747,0.04965214649257531,0.17882821315072928,2,83,0.024096385542168676,0.006633027079790216,0.08366471041007639,2,83,0.024096385542168676,0.006633027079790216,0.08366471041007639,4,83,0.04819277108433735,0.01889830967407153,0.11746030186694112,0,83,0.0,3.469446951953614e-18,0.04423686343872062,1,83,0.012048192771084338,0.0021299225877048286,0.0651373778765888,0,83,0.0,3.469446951953614e-18,0.04423686343872062,8,83,0.0963855421686747,0.04965214649257531,0.17882821315072928,52,83,0.6265060240963856,0.5190148638142846,0.722804724954232,12,83,0.14457831325301204,0.08468215781561281,0.23591994992998375,19,83,0.2289156626506024,0.15173247416801833,0.33008269275658925,53,83,0.6385542168674698,0.5311948002881205,0.7336552255059688,28,83,0.3373493975903614,0.2448415401300969,0.44424756002466764,0,83,0.0,3.469446951953614e-18,0.04423686343872062,1,83,0.012048192771084338,0.0021299225877048286,0.0651373778765888,1,83,0.012048192771084338,0.0021299225877048286,0.0651373778765888,34,83,0.40963855421686746,0.3101274465766225,0.5171442757315801,365 0.22; 363 0.22; 331 0.16; 333 0.08; 311 0.08,5,53 0.31; 38 0.14; 35 0.10; 99 0.10; 37 0.08; 52 0.07,6,unearned income 0.34; medical deduction 0.22; shelter deduction 0.22,"wrong include/exclude decision 0.48; wrong amount, known item 0.22; unreported source of income 0.10",48,1,26,49,0.9795918367346939,0.8930623153224584,0.9963884204614692,0.02040816326530612,26,0.3466666666666667,75,19815.0
2-3,elderly_disabled_i >=   1 & shelter_expenses_by_hh_size < 640 & total_deductions_by_hh_size >= 493,train_2022_23,92,40,66,5,66,0.07575757575757576,0.03279155406460817,0.16539405451251493,23,66,0.3484848484848485,0.24475707338560404,0.4688806439633685,13,66,0.19696969696969696,0.11888527965041439,0.30839015504753065,0,66,0.0,0.0,0.05500446725160935,16,66,0.24242424242424243,0.15509054458269061,0.35809357491056265,5,66,0.07575757575757576,0.03279155406460817,0.16539405451251493,4,66,0.06060606060606061,0.023818229304678556,0.14573115100734177,13,66,0.19696969696969696,0.11888527965041439,0.30839015504753065,32,66,0.48484848484848486,0.36846762017425483,0.6028961515606425,7,66,0.10606060606060606,0.05233280771918242,0.20312525738814619,2,66,0.030303030303030304,0.008349735075946503,0.10392718870586834,1,66,0.015151515151515152,0.0026795715344567483,0.08096112398225534,4,66,0.06060606060606061,0.023818229304678556,0.14573115100734177,0,66,0.0,0.0,0.05500446725160935,1,66,0.015151515151515152,0.0026795715344567483,0.08096112398225534,0,66,0.0,0.0,0.05500446725160935,6,66,0.09090909090909091,0.042332398591397716,0.18448943825082814,44,66,0.6666666666666666,0.5465611809612104,0.7684373299549198,11,66,0.16666666666666666,0.09569485409199655,0.274308124075743,11,66,0.16666666666666666,0.09569485409199655,0.274308124075743,44,66,0.6666666666666666,0.5465611809612104,0.7684373299549198,21,66,0.3181818181818182,0.21848849400185993,0.43787676681690707,0,66,0.0,0.0,0.05500446725160935,0,66,0.0,0.0,0.05500446725160935,1,66,0.015151515151515152,0.0026795715344567483,0.08096112398225534,28,66,0.42424242424242425,0.31242322955377905,0.5443956291207072,365 0.24; 363 0.20; 331 0.17; 333 0.09; 311 0.08,5,53 0.35; 38 0.15; 35 0.11; 37 0.09; 99 0.09,5,unearned income 0.35; medical deduction 0.24; shelter deduction 0.20,"wrong include/exclude decision 0.48; wrong amount, known item 0.20; unreported source of income 0.11",39,1,21,40,0.975,0.8711834051199223,0.9955732825922052,0.025,21,0.3442622950819672,61,15022.0
2-3,elderly_disabled_i >=   1 & shelter_expenses_by_hh_size < 640 & total_deductions_by_hh_size >= 493,test_2024,31,9,17,2,17,0.11764705882352941,0.03287908001292092,0.3433684249770991,5,17,0.29411764705882354,0.13279793865556402,0.5313353332621391,5,17,0.29411764705882354,0.13279793865556402,0.5313353332621391,0,17,0.0,0.0,0.18432366037156456,2,17,0.11764705882352941,0.03287908001292092,0.3433684249770991,3,17,0.17647058823529413,0.0619101371254899,0.41029929017375777,0,17,0.0,0.0,0.18432366037156456,5,17,0.29411764705882354,0.13279793865556402,0.5313353332621391,8,17,0.47058823529411764,0.26164801196088106,0.6903710268845051,1,17,0.058823529411764705,0.01046013064516424,0.269825452035628,0,17,0.0,0.0,0.18432366037156456,1,17,0.058823529411764705,0.01046013064516424,0.269825452035628,0,17,0.0,0.0,0.18432366037156456,0,17,0.0,0.0,0.18432366037156456,0,17,0.0,0.0,0.18432366037156456,0,17,0.0,0.0,0.18432366037156456,2,17,0.11764705882352941,0.03287908001292092,0.3433684249770991,8,17,0.47058823529411764,0.26164801196088106,0.6903710268845051,1,17,0.058823529411764705,0.01046013064516424,0.269825452035628,8,17,0.47058823529411764,0.26164801196088106,0.6903710268845051,9,17,0.5294117647058824,0.30962897311549487,0.738351988039119,7,17,0.4117647058823529,0.21610786039131383,0.6399492561448447,0,17,0.0,0.0,0.18432366037156456,1,17,0.058823529411764705,0.01046013064516424,0.269825452035628,0,17,0.0,0.0,0.18432366037156456,6,17,0.35294117647058826,0.17309486143904904,0.5870003327878818,363 0.29; 323 0.12; 365 0.12; 331 0.12; 311 0.12,5,53 0.18; 52 0.18; 99 0.12; 56 0.12; 38 0.12; 33 0.06,6,unearned income 0.29; shelter deduction 0.29; dep care or child support deduction 0.18,"wrong include/exclude decision 0.47; wrong amount, known item 0.29",9,0,5,9,1.0,0.7008472464490407,1.0,0.0,5,0.35714285714285715,14,4793.0
4+,HH_size_n >   4.500 & married <=   0.500 & total_deductions_by_hh_size > 223.000 & unc_rawben_rel_max <=   0.983,all_2022_24,313,106,184,58,184,0.31521739130434784,0.25244721029469674,0.3855456517763248,31,184,0.16847826086956522,0.12130409849943397,0.2292125069809282,37,184,0.20108695652173914,0.14955561169766166,0.26484460635840257,8,184,0.043478260869565216,0.022192907887939255,0.0834365160522316,1,184,0.005434782608695652,0.0009599929623922178,0.030138549639459552,32,184,0.17391304347826086,0.12596826327742597,0.23519561096555322,17,184,0.09239130434782608,0.058484842075454145,0.14297000072826982,62,184,0.33695652173913043,0.2726132234184681,0.4079687137030215,57,184,0.30978260869565216,0.2474310377931745,0.37991455551523007,15,184,0.08152173913043478,0.050023256845549355,0.1301370484329406,10,184,0.05434782608695652,0.029784934492586235,0.09713902697281865,10,184,0.05434782608695652,0.029784934492586235,0.09713902697281865,11,184,0.059782608695652176,0.03370581202175433,0.10386541820626757,3,184,0.016304347826086956,0.0055600783671788424,0.046833001759906956,0,184,0.0,0.0,0.020451273839234757,2,184,0.010869565217391304,0.002985843055377687,0.03875996830909109,14,184,0.07608695652173914,0.045861281283567285,0.12365175523230565,122,182,0.6703296703296703,0.5991292051472673,0.7344882411080381,6,182,0.03296703296703297,0.015194772981161508,0.07004771309300058,54,182,0.2967032967032967,0.2350941388148784,0.3667172962997568,103,184,0.5597826086956522,0.487558420152931,0.6295615362358562,76,184,0.41304347826086957,0.3443850693545549,0.4852586304435729,1,184,0.005434782608695652,0.0009599929623922178,0.030138549639459552,2,184,0.010869565217391304,0.002985843055377687,0.03875996830909109,2,184,0.010869565217391304,0.002985843055377687,0.03875996830909109,80,182,0.43956043956043955,0.36943830445150183,0.5121813113933897,311 0.29; 363 0.20; 323 0.14; 350 0.09; 150 0.05,5,38 0.16; 53 0.12; 52 0.12; 35 0.08; 56 0.08; 99 0.08; 44 0.07; 37 0.04,8,earned income 0.32; shelter deduction 0.20; dep care or child support deduction 0.17; unearned income 0.17,"wrong amount, known item 0.34; wrong include/exclude decision 0.31; unreported source of income 0.08; other 0.08",82,24,48,106,0.7735849056603774,0.6851667228942294,0.8428663720351962,0.22641509433962265,48,0.3116883116883117,154,43040.0
4+,HH_size_n >   4.500 & married <=   0.500 & total_deductions_by_hh_size > 223.000 & unc_rawben_rel_max <=   0.983,train_2022_23,149,56,100,25,100,0.25,0.1754509400372426,0.3430464637007583,18,100,0.18,0.11700131654251038,0.26667536024213084,20,100,0.2,0.1333659225590988,0.28883096192650237,7,100,0.07,0.034318824364064096,0.13749671006529757,1,100,0.01,0.0017673865655472645,0.0544875247609346,18,100,0.18,0.11700131654251038,0.26667536024213084,11,100,0.11,0.06254131955225126,0.18631463027903022,24,100,0.24,0.16691211265459965,0.3323251872329213,36,100,0.36,0.2727107459049014,0.45764780018837914,7,100,0.07,0.034318824364064096,0.13749671006529757,6,100,0.06,0.02778574526665662,0.12476968531222507,7,100,0.07,0.034318824364064096,0.13749671006529757,8,100,0.08,0.04109296948581091,0.14998266879403072,1,100,0.01,0.0017673865655472645,0.0544875247609346,0,100,0.0,0.0,0.03699480747600191,1,100,0.01,0.0017673865655472645,0.0544875247609346,10,100,0.1,0.05522854161313613,0.1743673043676654,69,100,0.69,0.5937376052204429,0.7722043679386762,4,100,0.04,0.015663050551848016,0.09837217232607373,27,100,0.27,0.1926946091766482,0.3643230022623127,55,100,0.55,0.45244427031643447,0.6438562489359654,42,100,0.42,0.327982249185113,0.5179369200110473,1,100,0.01,0.0017673865655472645,0.0544875247609346,0,100,0.0,0.0,0.03699480747600191,2,100,0.02,0.005501852234968185,0.07001316294199365,46,100,0.46,0.36560643853331865,0.5573531460647615,311 0.21; 363 0.20; 323 0.13; 350 0.08; 364 0.07; 150 0.06,6,52 0.18; 38 0.16; 53 0.15; 99 0.10; 44 0.07; 35 0.07; 98 0.05,7,earned income 0.25; shelter deduction 0.20; unearned income 0.18; dep care or child support deduction 0.18,"wrong include/exclude decision 0.36; wrong amount, known item 0.24; other 0.10; method or computation 0.08",40,16,27,56,0.7142857142857143,0.5852450091364125,0.8158137860829666,0.2857142857142857,27,0.3253012048192771,83,22654.0
4+,HH_size_n >   4.500 & married <=   0.500 & total_deductions_by_hh_size > 223.000 & unc_rawben_rel_max <=   0.983,test_2024,164,50,84,33,84,0.39285714285714285,0.2953018006281275,0.49978389908590315,13,84,0.15476190476190477,0.09273222805420128,0.24698835991323098,17,84,0.20238095238095238,0.1303734963013758,0.30042011401537616,1,84,0.011904761904761904,0.002104528901587875,0.06439699201788535,0,84,0.0,0.0,0.043733265332143306,14,84,0.16666666666666666,0.10195649348099849,0.2605323500737637,6,84,0.07142857142857142,0.033145358330644366,0.14719744052547845,38,84,0.4523809523809524,0.3503554445205683,0.5585715331301119,21,84,0.25,0.16972188801500593,0.35214474465106566,8,84,0.09523809523809523,0.049051123189484375,0.17682818684129828,4,84,0.047619047619047616,0.018671444654442905,0.11613484302702007,3,84,0.03571428571428571,0.01221944777306612,0.09981858432106694,3,84,0.03571428571428571,0.01221944777306612,0.09981858432106694,2,84,0.023809523809523808,0.006553765293517748,0.0827160112132854,0,84,0.0,0.0,0.043733265332143306,1,84,0.011904761904761904,0.002104528901587875,0.06439699201788535,4,84,0.047619047619047616,0.018671444654442905,0.11613484302702007,53,82,0.6463414634146342,0.5384388502355858,0.7411458732551227,2,82,0.024390243902439025,0.00671422956512354,0.08463541909007394,27,82,0.32926829268292684,0.2371996746292997,0.43661814796487375,48,84,0.5714285714285714,0.4647675967027547,0.6718419368212247,34,84,0.40476190476190477,0.3061943608400985,0.511659594461262,0,84,0.0,0.0,0.043733265332143306,2,84,0.023809523809523808,0.006553765293517748,0.0827160112132854,0,84,0.0,0.0,0.043733265332143306,34,82,0.4146341463414634,0.3141639024666607,0.522745008830426,311 0.39; 363 0.20; 323 0.15,3,56 0.18; 38 0.15; 35 0.10; 53 0.10; 37 0.07; 44 0.06; 52 0.05; 99 0.05,8,earned income 0.39; shelter deduction 0.20; dep care or child support deduction 0.17,"wrong amount, known item 0.45; wrong include/exclude decision 0.25; unreported source of income 0.10",42,8,21,50,0.84,0.7148551903823401,0.9166267863791231,0.16,21,0.29577464788732394,71,20386.0
1,cat_elig >=   1 & rawben_rel_max <   1 & total_deductions_by_hh_size >= 450 & utilities < 277,all_2022_24,898,283,455,57,455,0.12527472527472527,0.09796051340136833,0.158863628088854,26,455,0.05714285714285714,0.03929068135124243,0.08241057677356578,177,455,0.389010989010989,0.3453215726272102,0.4345588915678409,130,455,0.2857142857142857,0.24613362553458093,0.32888311226774547,46,455,0.1010989010989011,0.07665342369155172,0.13222388821739461,8,455,0.017582417582417582,0.008935507495294441,0.034307302223789436,11,455,0.024175824175824177,0.013551853687503619,0.04276736409920098,76,455,0.16703296703296702,0.13557676915951566,0.20406462342563786,251,455,0.5516483516483517,0.5057082371317951,0.5967236260645672,26,455,0.05714285714285714,0.03929068135124243,0.08241057677356578,2,455,0.004395604395604396,0.0012062368208025443,0.015883756763039898,57,455,0.12527472527472527,0.09796051340136833,0.158863628088854,9,455,0.01978021978021978,0.010440527850113221,0.037161084558177564,2,455,0.004395604395604396,0.0012062368208025443,0.015883756763039898,4,455,0.008791208791208791,0.00342383365797444,0.02238376530428181,0,455,0.0,0.0,0.008372388205428627,28,455,0.06153846153846154,0.042916073405256216,0.0875027900979658,280,455,0.6153846153846154,0.569892582820245,0.6589445583631177,60,455,0.13186813186813187,0.1038381930632713,0.16606235649457174,115,455,0.25274725274725274,0.21499844079366487,0.294636256670558,207,455,0.45494505494505494,0.4097564537654816,0.5008880911057766,231,455,0.5076923076923077,0.4618828963279768,0.5533729130842474,5,455,0.01098901098901099,0.004702660352192332,0.025463741299270832,1,455,0.002197802197802198,0.0003880614797145592,0.012343129414920974,11,455,0.024175824175824177,0.013551853687503619,0.04276736409920098,125,455,0.27472527472527475,0.2357241203483606,0.31749860400793134,363 0.39; 364 0.29; 311 0.12,3,53 0.46; 64 0.09; 52 0.07; 99 0.06; 56 0.06,5,shelter deduction 0.39; utility allowance 0.29; earned income 0.13,"wrong include/exclude decision 0.55; wrong amount, known item 0.17; change in circumstances 0.13",256,27,221,283,0.9045936395759717,0.8647481380394716,0.9336018920816823,0.09540636042402827,221,0.4384920634920635,504,69970.0
1,cat_elig >=   1 & rawben_rel_max <   1 & total_deductions_by_hh_size >= 450 & utilities < 277,train_2022_23,525,176,276,31,276,0.11231884057971014,0.08026400614723578,0.15501766748527634,21,276,0.07608695652173914,0.05030101986804928,0.11351165130021165,100,276,0.36231884057971014,0.3078591936548095,0.4205585969810359,79,276,0.286231884057971,0.23612647615433324,0.34220640930658464,30,276,0.10869565217391304,0.07720529291943724,0.15092948046664972,4,276,0.014492753623188406,0.00564990989816315,0.036665457080870704,11,276,0.03985507246376811,0.022397540718760964,0.06994612798524873,26,276,0.09420289855072464,0.06509787196115208,0.13444930043923445,166,276,0.6014492753623188,0.5426754612770938,0.6574377456228097,13,276,0.04710144927536232,0.027729740423924478,0.07890772877293545,2,276,0.007246376811594203,0.0019894307873807495,0.02603213569880286,34,276,0.12318840579710146,0.0895084502931641,0.16721392407862337,7,276,0.025362318840579712,0.012338530973343337,0.05141753674496588,1,276,0.0036231884057971015,0.000639851831292353,0.02023481440846614,4,276,0.014492753623188406,0.00564990989816315,0.036665457080870704,0,276,0.0,0.0,0.013727765993333372,23,276,0.08333333333333333,0.05616910476806376,0.12193736689304739,163,276,0.5905797101449275,0.5317093869212514,0.6469631192393767,40,276,0.14492753623188406,0.10826933758503025,0.19133443826530794,73,276,0.2644927536231884,0.21594735341055926,0.31950413057180793,119,276,0.4311594202898551,0.3740718848762402,0.49013701044168256,143,276,0.5181159420289855,0.4593224125299207,0.5764120887022048,5,276,0.018115942028985508,0.007762135604811371,0.041700131620647604,0,276,0.0,0.0,0.013727765993333372,9,276,0.03260869565217391,0.01724844323858547,0.06080142497257397,79,276,0.286231884057971,0.23612647615433324,0.34220640930658464,363 0.36; 364 0.29; 311 0.11,3,53 0.51; 64 0.09; 52 0.08; 99 0.08,4,shelter deduction 0.36; utility allowance 0.29; earned income 0.11,"wrong include/exclude decision 0.60; change in circumstances 0.12; wrong amount, known item 0.09",161,15,135,176,0.9147727272727273,0.8641529607993942,0.9476725567671754,0.08522727272727272,135,0.4340836012861736,311,40653.0
1,cat_elig >=   1 & rawben_rel_max <   1 & total_deductions_by_hh_size >= 450 & utilities < 277,test_2024,373,107,179,26,179,0.1452513966480447,0.10109008857130748,0.2043196212540277,5,179,0.027932960893854747,0.011988873582240142,0.06371381114596174,77,179,0.4301675977653631,0.3598550990960377,0.5034145288223353,51,179,0.2849162011173184,0.2238525591933015,0.35501789479528745,16,179,0.0893854748603352,0.05576821955377322,0.14025719260626038,4,179,0.0223463687150838,0.008723433291780467,0.056040821669891286,0,179,0.0,1.734723475976807e-18,0.021010535895551116,50,179,0.27932960893854747,0.2187662168116925,0.3491658074103663,85,179,0.4748603351955307,0.4030032151048605,0.5477738509457538,13,179,0.07262569832402235,0.04293060088228604,0.12027952197815711,0,179,0.0,1.734723475976807e-18,0.021010535895551116,23,179,0.12849162011173185,0.08716759536133528,0.1854268251644094,2,179,0.0111731843575419,0.003069392848568487,0.039818002580042935,1,179,0.00558659217877095,0.000986826956009823,0.03096213870607146,0,179,0.0,1.734723475976807e-18,0.021010535895551116,0,179,0.0,1.734723475976807e-18,0.021010535895551116,5,179,0.027932960893854747,0.011988873582240142,0.06371381114596174,117,179,0.6536312849162011,0.5813588550156684,0.7194479635639109,20,179,0.11173184357541899,0.07350208123910207,0.16627704998705214,42,179,0.2346368715083799,0.17853403109140611,0.30189055499841155,88,179,0.49162011173184356,0.4193310856640395,0.5642612696861654,88,179,0.49162011173184356,0.4193310856640395,0.5642612696861654,0,179,0.0,1.734723475976807e-18,0.021010535895551116,1,179,0.00558659217877095,0.000986826956009823,0.03096213870607146,2,179,0.0111731843575419,0.003069392848568487,0.039818002580042935,46,179,0.2569832402234637,0.19854482129055392,0.32563348386538427,363 0.43; 364 0.28; 311 0.13,3,53 0.40; 56 0.16; 64 0.11; 35 0.07; 52 0.06,5,shelter deduction 0.43; utility allowance 0.28; earned income 0.15,"wrong include/exclude decision 0.47; wrong amount, known item 0.28",95,12,86,107,0.8878504672897196,0.8141445024220535,0.9346718264652956,0.11214953271028037,86,0.44559585492227977,193,29317.0
2-3,total_deductions_by_hh_size > 519 & utilities <= 560,all_2022_24,667,222,384,107,384,0.2786458333333333,0.23616454170946824,0.32551218404661364,68,384,0.17708333333333334,0.14215514019581393,0.21840855384835256,82,384,0.21354166666666666,0.1754947686372541,0.25726334704708714,17,384,0.044270833333333336,0.027821340079809787,0.06974838941800583,29,384,0.07552083333333333,0.053094057671069006,0.1063566046611821,41,384,0.10677083333333333,0.07968474107232401,0.14164685409436262,40,384,0.10416666666666667,0.07743332256171084,0.13874152820210617,105,384,0.2734375,0.23126459878724542,0.3200986381630973,142,384,0.3697916666666667,0.32301893751479777,0.41914384234172114,42,384,0.109375,0.08194169879761032,0.14454664077194593,19,384,0.049479166666666664,0.03190167385022209,0.07598154445333276,18,384,0.046875,0.029853226140107818,0.07287324776057741,17,384,0.044270833333333336,0.027821340079809787,0.06974838941800583,3,384,0.0078125,0.0026603928996866994,0.022714914957954156,8,384,0.020833333333333332,0.010593425248499969,0.040565604623489016,0,384,0.0,0.0,0.009905074649031977,30,384,0.078125,0.05526965555924049,0.10933775117588027,232,384,0.6041666666666666,0.5544537182800495,0.6518160578347354,39,384,0.1015625,0.07518762245203806,0.1358304839089093,112,384,0.2916666666666667,0.248446461046997,0.3390139867234332,203,384,0.5286458333333334,0.47868089830955174,0.5780432901220142,168,384,0.4375,0.38874336252688935,0.4874947718042397,0,384,0.0,0.0,0.009905074649031977,3,384,0.0078125,0.0026603928996866994,0.022714914957954156,10,384,0.026041666666666668,0.014205483675808785,0.04726703500191945,133,384,0.3463541666666667,0.3004971920204254,0.39525488821026683,311 0.25; 363 0.21; 323 0.09; 365 0.08; 331 0.06; 150 0.05; 364 0.04,7,53 0.17; 38 0.13; 52 0.13; 35 0.11; 99 0.08; 37 0.06; 56 0.06; 44 0.05,8,earned income 0.28; shelter deduction 0.21; unearned income 0.18; dep care or child support deduction 0.11,"wrong include/exclude decision 0.37; wrong amount, known item 0.27; unreported source of income 0.11",191,31,108,222,0.8603603603603603,0.8086106137319233,0.8998505378008324,0.13963963963963963,108,0.32727272727272727,330,79667.0
2-3,total_deductions_by_hh_size > 519 & utilities <= 560,train_2022_23,390,131,243,64,243,0.26337448559670784,0.21198516608547002,0.3221290188817316,50,243,0.205761316872428,0.15970130822695106,0.26097980873226484,50,243,0.205761316872428,0.15970130822695106,0.26097980873226484,13,243,0.053497942386831275,0.03152740364763877,0.08936631929047213,23,243,0.09465020576131687,0.06389904796402614,0.13801829497978885,20,243,0.0823045267489712,0.05390899483561768,0.12370126210648608,23,243,0.09465020576131687,0.06389904796402614,0.13801829497978885,52,243,0.2139917695473251,0.16708631257508197,0.26979952838527477,102,243,0.41975308641975306,0.35942198306594936,0.48258195792292763,30,243,0.12345679012345678,0.08786218601856932,0.17077169092923844,7,243,0.02880658436213992,0.014022394065538148,0.058257156869150326,13,243,0.053497942386831275,0.03152740364763877,0.08936631929047213,10,243,0.0411522633744856,0.022503942096203454,0.07408269484019622,1,243,0.00411522633744856,0.0007267895363180701,0.022938589394947972,6,243,0.024691358024691357,0.011364141956409772,0.0528130469777083,0,243,0.0,0.0,0.015563016930695634,22,243,0.09053497942386832,0.06054758449763152,0.13326739644561303,138,243,0.5679012345679012,0.5050373958837684,0.6286515771256433,25,243,0.102880658436214,0.07066045010133101,0.14746161684362474,80,243,0.3292181069958848,0.2731912329372644,0.39056074403906366,128,243,0.5267489711934157,0.4640446994980085,0.5886206535056993,107,243,0.4403292181069959,0.379320787053516,0.503194963938213,0,243,0.0,0.0,0.015563016930695634,0,243,0.0,0.0,0.015563016930695634,8,243,0.03292181069958848,0.016774396733680193,0.06360751620157869,76,243,0.31275720164609055,0.25776091382326516,0.37358161515078137,311 0.23; 363 0.21; 365 0.09; 323 0.07; 331 0.07; 364 0.05; 342 0.03,7,53 0.21; 52 0.14; 38 0.14; 35 0.12; 99 0.09; 37 0.06,6,earned income 0.26; shelter deduction 0.21; unearned income 0.21; other element 0.09,"wrong include/exclude decision 0.42; wrong amount, known item 0.21; unreported source of income 0.12",115,16,55,131,0.8778625954198473,0.8107897236522251,0.9234050648996758,0.12213740458015267,55,0.2956989247311828,186,50485.0
2-3,total_deductions_by_hh_size > 519 & utilities <= 560,test_2024,277,91,141,43,141,0.3049645390070922,0.23498054732370266,0.3852942908443374,18,141,0.1276595744680851,0.08229767647714942,0.19277246911638168,32,141,0.22695035460992907,0.165594249242115,0.3027905241931411,4,141,0.028368794326241134,0.011086016785375557,0.07066950096643054,6,141,0.0425531914893617,0.01964589254224454,0.08972600061552229,21,141,0.14893617021276595,0.09952282862708753,0.21697188007538468,17,141,0.12056737588652482,0.07665405308915482,0.18460790480139597,53,141,0.375886524822695,0.30022921515622175,0.4581275000416219,40,141,0.28368794326241137,0.21578694878755036,0.3630633262715487,12,141,0.0851063829787234,0.04935325776791658,0.14286776160773243,12,141,0.0851063829787234,0.04935325776791658,0.14286776160773243,5,141,0.03546099290780142,0.015239951514497675,0.08032375394028879,7,141,0.04964539007092199,0.02425322142003656,0.09892685944071064,2,141,0.014184397163120567,0.003898449814560761,0.05024069253128463,2,141,0.014184397163120567,0.003898449814560761,0.05024069253128463,0,141,0.0,0.0,0.026522766939884673,8,141,0.05673758865248227,0.02902676376760057,0.10796150479612696,94,141,0.6666666666666666,0.585346994293644,0.7391454167263944,14,141,0.09929078014184398,0.06006952557748608,0.15976786920412364,32,141,0.22695035460992907,0.165594249242115,0.3027905241931411,75,141,0.5319148936170213,0.4498010044596747,0.612335840203737,61,141,0.4326241134751773,0.3537049455862771,0.5151172712354095,0,141,0.0,0.0,0.026522766939884673,3,141,0.02127659574468085,0.007261812344253545,0.0606855177045722,2,141,0.014184397163120567,0.003898449814560761,0.05024069253128463,57,141,0.40425531914893614,0.3268322106052197,0.4867572554045454,311 0.28; 363 0.23; 323 0.13; 150 0.08; 365 0.04,5,56 0.16; 38 0.12; 52 0.11; 53 0.10; 35 0.09; 99 0.06; 37 0.05; 57 0.05; 44 0.04,9,earned income 0.30; shelter deduction 0.23; dep care or child support deduction 0.15; unearned income 0.13,"wrong amount, known item 0.38; wrong include/exclude decision 0.28; unreported source of income 0.09; household composition 0.09",76,15,53,91,0.8351648351648352,0.7456910843906761,0.8974865929154849,0.16483516483516483,53,0.3680555555555556,144,29182.0
2-3,elderly_disabled_i >=   1.000 & HH_size_n >=   3.000 & total_deductions_by_hh_size >= 290.000 & unc_rawben_rel_max <   0.976,all_2022_24,195,66,96,20,96,0.20833333333333334,0.13910723657424498,0.30000431612523104,25,96,0.2604166666666667,0.18305777843717663,0.35621242556596444,30,96,0.3125,0.22850817977225668,0.41092067553454936,3,96,0.03125,0.010683876777878007,0.08788826148913696,6,96,0.0625,0.028956279687604516,0.12971104936160943,2,96,0.020833333333333332,0.005731849710137293,0.07280855829614466,10,96,0.10416666666666667,0.0575709119553797,0.1812233381367663,22,96,0.22916666666666666,0.15648804837983807,0.32268696484110393,36,96,0.375,0.2847245670539583,0.4748946698172457,10,96,0.10416666666666667,0.0575709119553797,0.1812233381367663,6,96,0.0625,0.028956279687604516,0.12971104936160943,5,96,0.052083333333333336,0.022449269421270103,0.11618632936721088,6,96,0.0625,0.028956279687604516,0.12971104936160943,1,96,0.010416666666666666,0.001841122818436635,0.056667554927112326,0,96,0.0,0.0,0.03847694748481595,0,96,0.0,0.0,0.03847694748481595,10,96,0.10416666666666667,0.0575709119553797,0.1812233381367663,63,96,0.65625,0.5568784424044507,0.7435975115065444,11,96,0.11458333333333333,0.06519804888543013,0.19362793146744883,22,96,0.22916666666666666,0.15648804837983807,0.32268696484110393,50,96,0.5208333333333334,0.42203591721406514,0.618027543307401,39,96,0.40625,0.3134514434260545,0.5062629842273485,0,96,0.0,0.0,0.03847694748481595,0,96,0.0,0.0,0.03847694748481595,7,96,0.07291666666666667,0.0357671262379895,0.14293193307195748,27,96,0.28125,0.2010728263750154,0.3782608381495917,363 0.31; 311 0.19; 333 0.08; 365 0.06; 350 0.06; 150 0.04,6,53 0.15; 52 0.11; 35 0.10; 99 0.10; 38 0.09; 37 0.08; 44 0.05; 75 0.03; 56 0.03,9,shelter deduction 0.31; unearned income 0.26; earned income 0.21,"wrong include/exclude decision 0.38; wrong amount, known item 0.23; unreported source of income 0.10; other 0.10",42,24,37,66,0.6363636363636364,0.5157941737921341,0.7419318805937907,0.36363636363636365,37,0.3592233009708738,103,17006.0
2-3,elderly_disabled_i >=   1.000 & HH_size_n >=   3.000 & total_deductions_by_hh_size >= 290.000 & unc_rawben_rel_max <   0.976,train_2022_23,120,45,64,12,64,0.1875,0.11064534880922097,0.29974591554775176,18,64,0.28125,0.18593226105484584,0.40134162399503504,19,64,0.296875,0.19904999589075245,0.4177043259412798,3,64,0.046875,0.016068725432185196,0.12899860788542522,4,64,0.0625,0.024570803674792932,0.14997696642496888,2,64,0.03125,0.00861195771251659,0.10697493882294247,6,64,0.09375,0.04367765783128784,0.1898309858327767,11,64,0.171875,0.0987764126731623,0.2821344149016591,25,64,0.390625,0.28055388546896454,0.5130830570559759,7,64,0.109375,0.054000447526830544,0.20898863291938535,4,64,0.0625,0.024570803674792932,0.14997696642496888,4,64,0.0625,0.024570803674792932,0.14997696642496888,4,64,0.0625,0.024570803674792932,0.14997696642496888,1,64,0.015625,0.0027634707504014047,0.08334298900290629,0,64,0.0,0.0,0.056626022971156334,0,64,0.0,0.0,0.056626022971156334,8,64,0.125,0.064721653926208,0.22774786330215924,44,64,0.6875,0.5660743364084737,0.7876909049773426,5,64,0.078125,0.03383067809543547,0.1701975287864777,15,64,0.234375,0.1474976721963502,0.35133490250707655,37,64,0.578125,0.4560981205252726,0.6913040633854843,25,64,0.390625,0.28055388546896454,0.5130830570559759,0,64,0.0,0.0,0.056626022971156334,0,64,0.0,0.0,0.056626022971156334,2,64,0.03125,0.00861195771251659,0.10697493882294247,21,64,0.328125,0.2257039576708776,0.45001123772545737,363 0.30; 311 0.17; 350 0.08; 333 0.08; 365 0.06; 331 0.06,6,53 0.17; 99 0.12; 35 0.11; 37 0.11; 52 0.11; 38 0.09; 44 0.05,7,shelter deduction 0.30; unearned income 0.28; earned income 0.19,"wrong include/exclude decision 0.39; wrong amount, known item 0.17; other 0.12; unreported source of income 0.11",30,15,26,45,0.6666666666666666,0.520702168092554,0.7864130779272324,0.3333333333333333,26,0.36619718309859156,71,11597.0
2-3,elderly_disabled_i >=   1.000 & HH_size_n >=   3.000 & total_deductions_by_hh_size >= 290.000 & unc_rawben_rel_max <   0.976,test_2024,75,21,32,8,32,0.25,0.1325224398262155,0.42106891770246624,7,32,0.21875,0.11023696931531854,0.3875533079044484,11,32,0.34375,0.20410233354328552,0.5168922649121406,0,32,0.0,0.0,0.1071827150573635,2,32,0.0625,0.017310203195157234,0.2014746724800358,0,32,0.0,0.0,0.1071827150573635,4,32,0.125,0.04970053844474301,0.2806864978482796,11,32,0.34375,0.20410233354328552,0.5168922649121406,11,32,0.34375,0.20410233354328552,0.5168922649121406,3,32,0.09375,0.032400962626319516,0.24218499335778831,2,32,0.0625,0.017310203195157234,0.2014746724800358,1,32,0.03125,0.005537717362550945,0.15744607800372734,2,32,0.0625,0.017310203195157234,0.2014746724800358,0,32,0.0,0.0,0.1071827150573635,0,32,0.0,0.0,0.1071827150573635,0,32,0.0,0.0,0.1071827150573635,2,32,0.0625,0.017310203195157234,0.2014746724800358,19,32,0.59375,0.4225972657298823,0.744805975196862,6,32,0.1875,0.08889423936162782,0.3530949575492244,7,32,0.21875,0.11023696931531854,0.3875533079044484,13,32,0.40625,0.255194024803138,0.5774027342701177,14,32,0.4375,0.2816508596944317,0.6067469796877387,0,32,0.0,0.0,0.1071827150573635,0,32,0.0,0.0,0.1071827150573635,5,32,0.15625,0.06864319106627216,0.31754492553566527,6,32,0.1875,0.08889423936162782,0.3530949575492244,363 0.34; 311 0.22; 333 0.09; 365 0.06; 350 0.03,5,52 0.12; 38 0.09; 35 0.09; 56 0.09; 53 0.09; 57 0.09; 44 0.06; 99 0.06; 33 0.03,9,shelter deduction 0.34; earned income 0.25; unearned income 0.22,"wrong amount, known item 0.34; wrong include/exclude decision 0.34; unreported source of income 0.09",12,9,11,21,0.5714285714285714,0.3654621629703244,0.7553030051347894,0.42857142857142855,11,0.34375,32,5409.0
4+,months_since_cert_n >=   4 & total_deductions_by_hh_size >= 217 & total_deductions_by_hh_size < 261,all_2022_24,628,195,327,135,327,0.41284403669724773,0.36079269510079903,0.4669194184907204,47,327,0.1437308868501529,0.1098390677913303,0.18589641408277502,58,327,0.17737003058103976,0.1397849161384207,0.22244764470036138,20,327,0.06116207951070336,0.03993815083525717,0.09257722812555066,2,327,0.0061162079510703364,0.0016788552207663687,0.02202312179784314,23,327,0.07033639143730887,0.04732254609814379,0.10332839985303044,42,327,0.12844036697247707,0.0964442136650889,0.16906532322507248,105,327,0.3211009174311927,0.2728236083886871,0.37353283529916853,82,327,0.25076452599388377,0.20686130401291541,0.3004557927487978,32,327,0.09785932721712538,0.07017284116563216,0.13488480575664122,24,327,0.07339449541284404,0.049813587913763974,0.10688254703419905,22,327,0.0672782874617737,0.04484570014193929,0.09976005681244612,32,327,0.09785932721712538,0.07017284116563216,0.13488480575664122,3,327,0.009174311926605505,0.0031248470238078967,0.02662231899159041,0,327,0.0,0.0,0.011611599025031918,1,327,0.0030581039755351682,0.0005400206747298974,0.01711676734709082,26,327,0.07951070336391437,0.05483521595031184,0.11395129699122875,181,326,0.5552147239263804,0.5009376393530081,0.6082056585208806,22,326,0.06748466257668712,0.044984572206067684,0.10005959444847196,123,326,0.3773006134969325,0.32639995845020175,0.4310593796078237,184,327,0.5626911314984709,0.5085048482186945,0.6154215262154759,127,327,0.38837920489296635,0.3371404707980105,0.4422101308191985,1,327,0.0030581039755351682,0.0005400206747298974,0.01711676734709082,1,327,0.0030581039755351682,0.0005400206747298974,0.01711676734709082,14,327,0.04281345565749235,0.025671495426190714,0.07057274955388435,134,326,0.4110429447852761,0.35896960632851327,0.46518841376355524,311 0.35; 363 0.18; 312 0.06; 364 0.06; 350 0.06; 150 0.06,6,38 0.19; 53 0.11; 35 0.10; 52 0.10; 99 0.08; 44 0.07; 54 0.03; 37 0.03; 56 0.03; 39 0.02; 12 0.02,11,earned income 0.41; shelter deduction 0.18; unearned income 0.14; other element 0.13,"wrong amount, known item 0.32; wrong include/exclude decision 0.25; method or computation 0.10; unreported source of income 0.10",142,53,63,195,0.7282051282051282,0.661802035068919,0.78579042043335,0.2717948717948718,63,0.2441860465116279,258,76197.0
4+,months_since_cert_n >=   4 & total_deductions_by_hh_size >= 217 & total_deductions_by_hh_size < 261,train_2022_23,376,125,213,86,213,0.40375586854460094,0.34013221332399923,0.4707896762027336,32,213,0.15023474178403756,0.10847170517738562,0.20439077139537537,42,213,0.19718309859154928,0.14931926399828718,0.2557764371955797,12,213,0.056338028169014086,0.03251770188535267,0.09587832544519648,2,213,0.009389671361502348,0.002578720677814561,0.03358408203162865,15,213,0.07042253521126761,0.04313778930137429,0.1129282054155066,24,213,0.11267605633802817,0.07689583427393042,0.16218006260194578,62,213,0.29107981220657275,0.23420492289093048,0.35535722754514815,57,213,0.2676056338028169,0.21265339281947598,0.33079214530604967,18,213,0.08450704225352113,0.05412139665927451,0.12961456544393815,13,213,0.06103286384976526,0.03601098951310903,0.1016083602795507,17,213,0.07981220657276995,0.05042523581880395,0.12408740382229813,23,213,0.107981220657277,0.07303742371724503,0.1568151506965206,2,213,0.009389671361502348,0.002578720677814561,0.03358408203162865,0,213,0.0,0.0,0.017716157785222023,0,213,0.0,0.0,0.017716157785222023,21,213,0.09859154929577464,0.06539131111585818,0.14601461837368623,124,213,0.5821596244131455,0.5150415220698465,0.6463666210170886,18,213,0.08450704225352113,0.05412139665927451,0.12961456544393815,71,213,0.3333333333333333,0.2734716780320935,0.3991003745629804,118,213,0.5539906103286385,0.48686528976259585,0.6192029185516761,81,213,0.38028169014084506,0.31775264631954214,0.4470526308966377,1,213,0.004694835680751174,0.0008292137381074073,0.026110266509225207,0,213,0.0,0.0,0.017716157785222023,13,213,0.06103286384976526,0.03601098951310903,0.1016083602795507,83,213,0.38967136150234744,0.3266858995007285,0.45656602263967266,311 0.34; 363 0.20; 312 0.06; 364 0.06; 350 0.05; 150 0.05,6,38 0.20; 53 0.13; 52 0.11; 99 0.10; 35 0.08; 44 0.08; 39 0.03; 12 0.03,8,earned income 0.40; shelter deduction 0.20; unearned income 0.15,"wrong amount, known item 0.29; wrong include/exclude decision 0.27; method or computation 0.11; other 0.10",89,36,41,125,0.712,0.6272314795312537,0.7841263427870038,0.288,41,0.2469879518072289,166,44854.0
4+,months_since_cert_n >=   4 & total_deductions_by_hh_size >= 217 & total_deductions_by_hh_size < 261,test_2024,252,70,114,49,114,0.4298245614035088,0.34269963895219036,0.5215248793842885,15,114,0.13157894736842105,0.08138578986699035,0.20579293139952332,16,114,0.14035087719298245,0.08827331019950806,0.21587734627494576,8,114,0.07017543859649122,0.03598491232451978,0.13239026248641286,0,114,0.0,0.0,0.03259969314741144,8,114,0.07017543859649122,0.03598491232451978,0.13239026248641286,18,114,0.15789473684210525,0.10227178824604191,0.23582273864429223,43,114,0.37719298245614036,0.29359339010807,0.4687995169807679,25,114,0.21929824561403508,0.15318272840957875,0.3037153449363364,14,114,0.12280701754385964,0.0745805246720894,0.19562626138648417,11,114,0.09649122807017543,0.0547355846007207,0.16455539583403236,5,114,0.043859649122807015,0.01887723116129667,0.0985821380258155,9,114,0.07894736842105263,0.04208813714490404,0.14325897287396874,1,114,0.008771929824561403,0.0015501030386822767,0.04802152531666931,0,114,0.0,0.0,0.03259969314741144,1,114,0.008771929824561403,0.0015501030386822767,0.04802152531666931,5,114,0.043859649122807015,0.01887723116129667,0.0985821380258155,57,113,0.504424778761062,0.4136203069022564,0.5949382886664452,4,113,0.035398230088495575,0.0138499544653361,0.08749751082100028,52,113,0.46017699115044247,0.37110242693962714,0.551870212942059,66,114,0.5789473684210527,0.4871920773140631,0.6655553395573982,46,114,0.40350877192982454,0.3180186035027245,0.49529010920993377,0,114,0.0,0.0,0.03259969314741144,1,114,0.008771929824561403,0.0015501030386822767,0.04802152531666931,1,114,0.008771929824561403,0.0015501030386822767,0.04802152531666931,51,113,0.45132743362831856,0.36268169477968215,0.5431737539646008,311 0.37; 363 0.14; 150 0.07; 350 0.07; 364 0.07; 312 0.06,6,38 0.18; 35 0.12; 52 0.08; 56 0.08; 44 0.06; 53 0.06; 99 0.04; 37 0.04; 54 0.04; 45 0.03; 7 0.03,11,earned income 0.43; other element 0.16; shelter deduction 0.14; unearned income 0.13,"wrong amount, known item 0.38; wrong include/exclude decision 0.22; unreported source of income 0.12; household composition 0.10",53,17,22,70,0.7571428571428571,0.6450473904731996,0.8424826738807688,0.24285714285714285,22,0.2391304347826087,92,31343.0
4+,months_since_cert_n >=  3.000 & rawben_rel_max >=  0.794 & total_deductions_by_hh_size >= 27.000 & unc_rawben_rel_max <  0.821,all_2022_24,257,86,127,45,127,0.3543307086614173,0.27653790300368086,0.44067741689457773,25,127,0.1968503937007874,0.137040400556687,0.27446175166401354,25,127,0.1968503937007874,0.137040400556687,0.27446175166401354,8,127,0.06299212598425197,0.03226130175460205,0.11938465794017394,1,127,0.007874015748031496,0.001391276231238591,0.04325507477639201,8,127,0.06299212598425197,0.03226130175460205,0.11938465794017394,15,127,0.11811023622047244,0.07289639770279097,0.18574917067913035,38,127,0.2992125984251969,0.22642346171260533,0.383792249498508,34,127,0.2677165354330709,0.19836232021253514,0.3507107574630665,15,127,0.11811023622047244,0.07289639770279097,0.18574917067913035,10,127,0.07874015748031496,0.0433298959009003,0.1388873805616315,13,127,0.10236220472440945,0.060800981516816066,0.16727327009734946,7,127,0.05511811023622047,0.026952431461022795,0.10940786984987524,0,127,0.0,0.0,0.02936069262375269,0,127,0.0,0.0,0.02936069262375269,2,127,0.015748031496062992,0.00432926528219783,0.05560274410931068,8,127,0.06299212598425197,0.03226130175460205,0.11938465794017394,61,127,0.48031496062992124,0.39528258938537786,0.5665032646549273,16,127,0.12598425196850394,0.07905567165747274,0.19487555510832655,50,127,0.3937007874015748,0.31304739392858366,0.48059621788906454,71,127,0.5590551181102362,0.4722284228757405,0.6424140150033437,52,127,0.4094488188976378,0.32780741642427286,0.49640751216113116,0,127,0.0,0.0,0.02936069262375269,0,127,0.0,0.0,0.02936069262375269,4,127,0.031496062992125984,0.012314800861092427,0.07818852529817191,57,127,0.44881889763779526,0.3650835857973957,0.5355596347073979,311 0.26; 363 0.20; 312 0.09; 350 0.07; 364 0.06; 323 0.04; 334 0.04,7,53 0.14; 38 0.14; 35 0.12; 44 0.09; 52 0.07; 99 0.06; 37 0.06; 39 0.04; 41 0.03,9,earned income 0.35; shelter deduction 0.20; unearned income 0.20; other element 0.12,"wrong amount, known item 0.30; wrong include/exclude decision 0.27; unreported source of income 0.12; change in circumstances 0.10",65,21,29,86,0.7558139534883721,0.6553692879036903,0.8343815624818771,0.2441860465116279,29,0.25217391304347825,115,27303.0
4+,months_since_cert_n >=  3.000 & rawben_rel_max >=  0.794 & total_deductions_by_hh_size >= 27.000 & unc_rawben_rel_max <  0.821,train_2022_23,183,65,88,32,88,0.36363636363636365,0.27079145605030686,0.4678890547421881,19,88,0.2159090909090909,0.14280713983318927,0.31277725765117514,17,88,0.19318181818181818,0.12425855430009695,0.28777259498301655,5,88,0.056818181818181816,0.024510666532829656,0.1262009935427788,1,88,0.011363636363636364,0.00200873360043052,0.06159643007267622,7,88,0.07954545454545454,0.03906436024832495,0.15520054802853434,7,88,0.07954545454545454,0.03906436024832495,0.15520054802853434,24,88,0.2727272727272727,0.19065350395100786,0.3738140140364836,29,88,0.32954545454545453,0.240276916679746,0.4330737218108727,11,88,0.125,0.07125200897954588,0.21011939569981514,6,88,0.06818181818181818,0.031620497305043585,0.14086778687119028,9,88,0.10227272727272728,0.05474388075144594,0.18307427572666424,2,88,0.022727272727272728,0.00625479714413793,0.07912699062959425,0,88,0.0,3.469446951953614e-18,0.04182853957248131,0,88,0.0,3.469446951953614e-18,0.04182853957248131,2,88,0.022727272727272728,0.00625479714413793,0.07912699062959425,5,88,0.056818181818181816,0.024510666532829656,0.1262009935427788,42,88,0.4772727272727273,0.37606451443681693,0.5803822373619323,14,88,0.1590909090909091,0.09719813761632919,0.2495031393649081,32,88,0.36363636363636365,0.27079145605030686,0.4678890547421881,47,88,0.5340909090909091,0.43063280602477044,0.6346970662771058,38,88,0.4318181818181818,0.3333250852294768,0.5360151701667708,0,88,0.0,3.469446951953614e-18,0.04182853957248131,0,88,0.0,3.469446951953614e-18,0.04182853957248131,3,88,0.03409090909090909,0.011660785880160493,0.09549762599419709,37,88,0.42045454545454547,0.32276925999189043,0.5247943713037317,311 0.28; 363 0.19; 350 0.09; 312 0.08; 323 0.06; 364 0.06,6,53 0.20; 38 0.15; 35 0.12; 44 0.11; 52 0.07; 37 0.06; 99 0.06,7,earned income 0.36; unearned income 0.22; shelter deduction 0.19,"wrong include/exclude decision 0.33; wrong amount, known item 0.27; unreported source of income 0.12; change in circumstances 0.10",52,13,24,65,0.8,0.6872963771070257,0.8792215422905478,0.2,24,0.2696629213483146,89,15486.0
4+,months_since_cert_n >=  3.000 & rawben_rel_max >=  0.794 & total_deductions_by_hh_size >= 27.000 & unc_rawben_rel_max <  0.821,test_2024,74,21,39,13,39,0.3333333333333333,0.20632766106915157,0.4902289567975947,6,39,0.15384615384615385,0.07247373845051469,0.2972976986573431,8,39,0.20512820512820512,0.10779590197911117,0.3553427296312862,3,39,0.07692307692307693,0.026506914073495688,0.2032137312805527,0,39,0.0,0.0,0.08966985360023902,1,39,0.02564102564102564,0.00454058606523737,0.13181286478627147,8,39,0.20512820512820512,0.10779590197911117,0.3553427296312862,14,39,0.358974358974359,0.22741884696491105,0.515821368153105,5,39,0.1282051282051282,0.05602734948028318,0.26706049037630475,4,39,0.10256410256410256,0.04061265558286986,0.2357915870224483,4,39,0.10256410256410256,0.04061265558286986,0.2357915870224483,4,39,0.10256410256410256,0.04061265558286986,0.2357915870224483,5,39,0.1282051282051282,0.05602734948028318,0.26706049037630475,0,39,0.0,0.0,0.08966985360023902,0,39,0.0,0.0,0.08966985360023902,0,39,0.0,0.0,0.08966985360023902,3,39,0.07692307692307693,0.026506914073495688,0.2032137312805527,19,39,0.48717948717948717,0.3386492878313309,0.6380089135430342,2,39,0.05128205128205128,0.014177657646399527,0.1688593904563791,18,39,0.46153846153846156,0.3156664723404835,0.6143081317826119,24,39,0.6153846153846154,0.45898781310078474,0.7510883745299295,14,39,0.358974358974359,0.22741884696491105,0.515821368153105,0,39,0.0,0.0,0.08966985360023902,0,39,0.0,0.0,0.08966985360023902,1,39,0.02564102564102564,0.00454058606523737,0.13181286478627147,20,39,0.5128205128205128,0.3619910864569657,0.661350712168669,363 0.21; 311 0.21; 312 0.13; 364 0.08; 334 0.05; 150 0.05; 520 0.05,7,38 0.13; 35 0.10; 52 0.08; 57 0.08; 99 0.08; 37 0.05; 7 0.05; 40 0.05; 98 0.05; 44 0.05; 56 0.05,11,earned income 0.33; shelter deduction 0.21; other element 0.21; unearned income 0.15,"wrong amount, known item 0.36; wrong include/exclude decision 0.13; method or computation 0.13; household composition 0.10; change in circumstances 0.10",13,8,5,21,0.6190476190476191,0.40878295815501514,0.7924923220201749,0.38095238095238093,5,0.19230769230769232,26,11817.0
2-3,HH_size_n >   2.500 & rawben_rel_max >   0.581 & total_deductions_by_hh_size > 338.000 & utilities >  29.500,all_2022_24,648,190,295,95,295,0.3220338983050847,0.27129491173797504,0.37734838290373474,61,295,0.20677966101694914,0.16447619049616358,0.2566218092468441,51,295,0.17288135593220338,0.13400677755214022,0.22016613545595506,8,295,0.02711864406779661,0.013804008397806804,0.0525910316501651,6,295,0.020338983050847456,0.009353942425891507,0.04365608027509791,41,295,0.13898305084745763,0.10412897266648778,0.18311885360669505,33,295,0.11186440677966102,0.08077000463832346,0.1529377522469295,88,295,0.2983050847457627,0.24896026791503448,0.3528354660122367,82,295,0.27796610169491526,0.2299464627765314,0.33169421910979224,37,295,0.12542372881355932,0.09238019524417321,0.1680975963350447,16,295,0.05423728813559322,0.03365711099957879,0.08627799843632306,18,295,0.061016949152542375,0.03894083002450338,0.09437929675838094,23,295,0.07796610169491526,0.052511836543671475,0.11427083360666906,4,295,0.013559322033898305,0.005285166317945109,0.03433983903606183,0,295,0.0,0.0,0.012854970660041976,0,295,0.0,0.0,0.012854970660041976,27,295,0.09152542372881356,0.06366375596534962,0.12988894887895588,192,293,0.6552901023890785,0.5991754306332401,0.7073853748603295,30,293,0.10238907849829351,0.07266529793661623,0.14240428799743077,71,293,0.24232081911262798,0.19679647266949885,0.29451471821479774,155,295,0.5254237288135594,0.468479414986899,0.5817144000642855,131,295,0.4440677966101695,0.3884481488681254,0.5011254580192691,0,295,0.0,0.0,0.012854970660041976,2,295,0.006779661016949152,0.0018611618041704959,0.024378826202853962,7,295,0.023728813559322035,0.011540625442310486,0.04816190593217018,93,293,0.3174061433447099,0.2667644747068866,0.3727739188336415,311 0.28; 363 0.17; 323 0.12; 350 0.08; 150 0.04; 312 0.04; 342 0.04,7,38 0.17; 53 0.15; 35 0.13; 99 0.09; 52 0.07; 44 0.05; 37 0.04; 56 0.04; 75 0.03,9,earned income 0.32; unearned income 0.21; shelter deduction 0.17; dep care or child support deduction 0.14,"wrong amount, known item 0.30; wrong include/exclude decision 0.28; unreported source of income 0.13; other 0.09",143,47,75,190,0.7526315789473684,0.6866759195419675,0.8085738101342218,0.24736842105263157,75,0.2830188679245283,265,61449.0
2-3,HH_size_n >   2.500 & rawben_rel_max >   0.581 & total_deductions_by_hh_size > 338.000 & utilities >  29.500,train_2022_23,341,114,184,51,184,0.27717391304347827,0.2175581791008219,0.3459038016318806,40,184,0.21739130434782608,0.1639018988589298,0.2824401254849855,26,184,0.14130434782608695,0.09828818248958197,0.19899207917769512,6,184,0.03260869565217391,0.015028677081613609,0.06930620933332324,5,184,0.02717391304347826,0.011661546019694796,0.062026071632625024,31,184,0.16847826086956522,0.12130409849943397,0.2292125069809282,25,184,0.1358695652173913,0.09375218533785816,0.19288080756680193,42,184,0.22826086956521738,0.1735394525786798,0.2940971092904695,55,184,0.29891304347826086,0.23743007062936294,0.3686209851538076,22,184,0.11956521739130435,0.08029852019450992,0.17439266642229914,10,184,0.05434782608695652,0.029784934492586235,0.09713902697281865,12,184,0.06521739130434782,0.037696912280103655,0.11052158671053525,17,184,0.09239130434782608,0.058484842075454145,0.14297000072826982,2,184,0.010869565217391304,0.002985843055377687,0.03875996830909109,0,184,0.0,0.0,0.020451273839234757,0,184,0.0,0.0,0.020451273839234757,24,184,0.13043478260869565,0.08924104420325069,0.1867446799387924,112,184,0.6086956521739131,0.5366433710756495,0.6763020041766907,19,184,0.10326086956521739,0.06710751930987377,0.15564186101908423,53,184,0.28804347826086957,0.22747199048194464,0.35728452777599184,102,184,0.5543478260869565,0.48214733476573146,0.6243253528604387,79,184,0.42934782608695654,0.35999148862541225,0.5015940174605666,0,184,0.0,0.0,0.020451273839234757,0,184,0.0,0.0,0.020451273839234757,3,184,0.016304347826086956,0.0055600783671788424,0.046833001759906956,57,184,0.30978260869565216,0.2474310377931745,0.37991455551523007,311 0.24; 323 0.14; 363 0.14; 350 0.09; 520 0.05; 331 0.04; 150 0.04; 312 0.04,8,53 0.17; 38 0.17; 99 0.13; 35 0.12; 52 0.08; 75 0.04; 44 0.04,7,earned income 0.28; unearned income 0.22; dep care or child support deduction 0.17; shelter deduction 0.14,"wrong include/exclude decision 0.30; wrong amount, known item 0.23; other 0.13; unreported source of income 0.12",85,29,50,114,0.7456140350877193,0.6585664892117132,0.816647696610611,0.2543859649122807,50,0.3048780487804878,164,36785.0
2-3,HH_size_n >   2.500 & rawben_rel_max >   0.581 & total_deductions_by_hh_size > 338.000 & utilities >  29.500,test_2024,307,76,111,44,111,0.3963963963963964,0.31033119486484406,0.48939294690956525,21,111,0.1891891891891892,0.12720241592903933,0.27197000939418847,25,111,0.22522522522522523,0.15746423838098933,0.31136935502070484,2,111,0.018018018018018018,0.004955074866777286,0.06332680208373542,1,111,0.009009009009009009,0.0015920445055909102,0.04927454042530521,10,111,0.09009009009009009,0.04967123560166823,0.15793297750577717,8,111,0.07207207207207207,0.03696964141610903,0.1358039876521032,46,111,0.4144144144144144,0.327133075352556,0.5074216504610864,27,111,0.24324324324324326,0.17289320485810217,0.33077097258282523,15,111,0.13513513513513514,0.08363365730969172,0.2110470158958366,6,111,0.05405405405405406,0.02500597339497708,0.11293707163400198,6,111,0.05405405405405406,0.02500597339497708,0.11293707163400198,6,111,0.05405405405405406,0.02500597339497708,0.11293707163400198,2,111,0.018018018018018018,0.004955074866777286,0.06332680208373542,0,111,0.0,0.0,0.03345129291127953,0,111,0.0,0.0,0.03345129291127953,3,111,0.02702702702702703,0.00923347121399111,0.07646369775613819,80,109,0.7339449541284404,0.6440583804292319,0.8079025985005246,11,109,0.10091743119266056,0.057289138093107164,0.1717186037326025,18,109,0.1651376146788991,0.1070860342222884,0.24598942730962886,53,111,0.4774774774774775,0.3868721294381169,0.5695896405128417,52,111,0.46846846846846846,0.3782506952330096,0.5607957826983323,0,111,0.0,0.0,0.03345129291127953,2,111,0.018018018018018018,0.004955074866777286,0.06332680208373542,4,111,0.036036036036036036,0.014101074357880557,0.08901138663186531,36,109,0.3302752293577982,0.24908361228527495,0.4230231284911763,311 0.34; 363 0.23; 323 0.08; 350 0.05; 312 0.05; 333 0.05,6,38 0.18; 35 0.14; 56 0.11; 53 0.10; 44 0.06; 52 0.06; 57 0.05; 37 0.05,8,earned income 0.40; shelter deduction 0.23; unearned income 0.19,"wrong amount, known item 0.41; wrong include/exclude decision 0.24; unreported source of income 0.14",58,18,25,76,0.7631578947368421,0.6563840337948657,0.8446079302940304,0.23684210526315788,25,0.24752475247524752,101,24664.0
4+,homeless <=  0.5 & utilities > 30.5 & utilities <= 35.5,all_2022_24,54,25,30,11,30,0.36666666666666664,0.21873702204017678,0.5448675356639506,7,30,0.23333333333333334,0.11792239210501232,0.40928672330324267,1,30,0.03333333333333333,0.0059084379948573795,0.16670751396958874,6,30,0.2,0.09504978102401235,0.37306047381027446,0,30,0.0,0.0,0.113517091390478,1,30,0.03333333333333333,0.0059084379948573795,0.16670751396958874,4,30,0.13333333333333333,0.05309569424218104,0.2968168394441695,8,30,0.26666666666666666,0.14182495553910618,0.4444830204431169,9,30,0.3,0.16664562643958933,0.4787612101166018,3,30,0.1,0.03459925995971615,0.25621441315266624,2,30,0.06666666666666667,0.01847663532769335,0.21323817721072091,2,30,0.06666666666666667,0.01847663532769335,0.21323817721072091,2,30,0.06666666666666667,0.01847663532769335,0.21323817721072091,2,30,0.06666666666666667,0.01847663532769335,0.21323817721072091,0,30,0.0,0.0,0.113517091390478,2,30,0.06666666666666667,0.01847663532769335,0.21323817721072091,0,30,0.0,0.0,0.113517091390478,15,28,0.5357142857142857,0.3581239514210167,0.7046869626034041,0,28,0.0,0.0,0.12064720365810762,13,28,0.4642857142857143,0.29531303739659587,0.6418760485789833,21,30,0.7,0.5212387898833981,0.8333543735604105,7,30,0.23333333333333334,0.11792239210501232,0.40928672330324267,0,30,0.0,0.0,0.113517091390478,2,30,0.06666666666666667,0.01847663532769335,0.21323817721072091,0,30,0.0,0.0,0.113517091390478,19,28,0.6785714285714286,0.4933850455563118,0.8206695245657927,311 0.33; 364 0.20; 350 0.13; 150 0.07; 342 0.03,5,52 0.27; 44 0.17; 35 0.10; 38 0.10; 41 0.07; 111 0.07,6,earned income 0.37; unearned income 0.23; utility allowance 0.20,"wrong include/exclude decision 0.30; wrong amount, known item 0.27; unreported source of income 0.10; change in circumstances 0.07; household composition 0.07",9,16,10,25,0.36,0.20247656431735636,0.5548184539895337,0.64,10,0.2857142857142857,35,3961.0
4+,homeless <=  0.5 & utilities > 30.5 & utilities <= 35.5,train_2022_23,30,14,18,8,18,0.4444444444444444,0.24559231101389126,0.6628393057174837,4,18,0.2222222222222222,0.09000781913382,0.4521502645230549,0,18,0.0,0.0,0.1758845505823749,2,18,0.1111111111111111,0.031018868453582787,0.3280024486660421,0,18,0.0,0.0,0.1758845505823749,1,18,0.05555555555555555,0.009874935830924525,0.2575779980200754,3,18,0.16666666666666666,0.05836470400465757,0.39222499638359243,6,18,0.3333333333333333,0.1627855436366286,0.5625093065574964,4,18,0.2222222222222222,0.09000781913382,0.4521502645230549,2,18,0.1111111111111111,0.031018868453582787,0.3280024486660421,1,18,0.05555555555555555,0.009874935830924525,0.2575779980200754,2,18,0.1111111111111111,0.031018868453582787,0.3280024486660421,2,18,0.1111111111111111,0.031018868453582787,0.3280024486660421,0,18,0.0,0.0,0.1758845505823749,0,18,0.0,0.0,0.1758845505823749,1,18,0.05555555555555555,0.009874935830924525,0.2575779980200754,0,18,0.0,0.0,0.1758845505823749,10,18,0.5555555555555556,0.3371606942825164,0.7544076889861088,0,18,0.0,0.0,0.1758845505823749,8,18,0.4444444444444444,0.24559231101389126,0.6628393057174837,12,18,0.6666666666666666,0.4374906934425036,0.8372144563633714,6,18,0.3333333333333333,0.1627855436366286,0.5625093065574964,0,18,0.0,0.0,0.1758845505823749,0,18,0.0,0.0,0.1758845505823749,0,18,0.0,0.0,0.1758845505823749,11,18,0.6111111111111112,0.3861866858065617,0.7969500807306884,311 0.44; 350 0.11; 364 0.11; 342 0.06; 150 0.06,5,44 0.22; 52 0.17; 35 0.11; 38 0.11; 41 0.11; 12 0.06,6,earned income 0.44; unearned income 0.22; other element 0.17,"wrong amount, known item 0.33; wrong include/exclude decision 0.22; unreported source of income 0.11; change in circumstances 0.11",5,9,4,14,0.35714285714285715,0.16344490737202735,0.6123599531785959,0.6428571428571429,4,0.2222222222222222,18,2594.0
4+,homeless <=  0.5 & utilities > 30.5 & utilities <= 35.5,test_2024,24,11,12,3,12,0.25,0.08894003962896138,0.53231033912066,3,12,0.25,0.08894003962896138,0.53231033912066,1,12,0.08333333333333333,0.014864709450773478,0.35388592179859524,4,12,0.3333333333333333,0.13811783989736134,0.609382412602386,0,12,0.0,0.0,0.2425007574992425,0,12,0.0,0.0,0.2425007574992425,1,12,0.08333333333333333,0.014864709450773478,0.35388592179859524,2,12,0.16666666666666666,0.04696414761482223,0.44803635738467273,5,12,0.4166666666666667,0.19325746190524656,0.6804926643446272,1,12,0.08333333333333333,0.014864709450773478,0.35388592179859524,1,12,0.08333333333333333,0.014864709450773478,0.35388592179859524,0,12,0.0,0.0,0.2425007574992425,0,12,0.0,0.0,0.2425007574992425,2,12,0.16666666666666666,0.04696414761482223,0.44803635738467273,0,12,0.0,0.0,0.2425007574992425,1,12,0.08333333333333333,0.014864709450773478,0.35388592179859524,0,12,0.0,0.0,0.2425007574992425,5,10,0.5,0.23658959361548731,0.7634104063845126,0,10,0.0,0.0,0.2775401687666166,5,10,0.5,0.23658959361548731,0.7634104063845126,9,12,0.75,0.46768966087934005,0.9110599603710386,1,12,0.08333333333333333,0.014864709450773478,0.35388592179859524,0,12,0.0,0.0,0.2425007574992425,2,12,0.16666666666666666,0.04696414761482223,0.44803635738467273,0,12,0.0,0.0,0.2425007574992425,8,10,0.8,0.49015684672072335,0.9433190520193067,364 0.33; 350 0.17; 311 0.17; 150 0.08,4,52 0.42; 97 0.17; 35 0.08; 7 0.08,4,utility allowance 0.33; unearned income 0.25; earned income 0.25,"wrong include/exclude decision 0.42; reporting system or process 0.17; wrong amount, known item 0.17",4,7,6,11,0.36363636363636365,0.15166223614131383,0.6462032231083628,0.6363636363636364,6,0.35294117647058826,17,1367.0
4+,rawben_rel_max >=   0.477 & rawben_rel_max <   0.718 & shelter_expenses_by_hh_size < 454.000 & total_deductions_by_hh_size >= 268.000,all_2022_24,282,98,161,53,161,0.32919254658385094,0.2613252647592849,0.4050210944121864,20,161,0.12422360248447205,0.08187258391533551,0.1840894062619013,32,161,0.19875776397515527,0.1444540357995828,0.26710227037555745,6,161,0.037267080745341616,0.01718955087265239,0.07891240397369707,0,161,0.0,0.0,0.023304796847397745,43,161,0.2670807453416149,0.20474940589671475,0.340268356609837,7,161,0.043478260869565216,0.021217725855230428,0.08701708865761099,55,161,0.3416149068322981,0.2728132581070264,0.41779882039742877,54,161,0.33540372670807456,0.26706245784716465,0.4114167609907986,18,161,0.11180124223602485,0.0718986431703967,0.1697976276738562,5,161,0.031055900621118012,0.013336510550724313,0.0706325846291332,8,161,0.049689440993788817,0.025390243011169274,0.0949774311681641,9,161,0.055900621118012424,0.02968466687954458,0.10281586696628076,0,161,0.0,0.0,0.023304796847397745,0,161,0.0,0.0,0.023304796847397745,2,161,0.012422360248447204,0.0034132245933606656,0.04415729158702098,10,161,0.062111801242236024,0.03408404331441131,0.11054935019790596,117,161,0.7267080745341615,0.6531874029593924,0.7896619748675641,13,161,0.08074534161490683,0.04779273231393138,0.13323924019786174,31,161,0.19254658385093168,0.13909331146580753,0.26033013504284075,84,161,0.5217391304347826,0.4449734572634109,0.5974915515693109,73,161,0.453416149068323,0.37849647970232697,0.5305070727989835,0,161,0.0,0.0,0.023304796847397745,0,161,0.0,0.0,0.023304796847397745,4,161,0.024844720496894408,0.009702928100705496,0.06213330741266006,62,161,0.38509316770186336,0.3134362412774934,0.46210585489240547,311 0.29; 323 0.20; 363 0.20; 350 0.08,4,53 0.17; 52 0.12; 35 0.11; 38 0.11; 44 0.09; 56 0.09; 99 0.06,7,earned income 0.33; dep care or child support deduction 0.27; shelter deduction 0.20,"wrong amount, known item 0.34; wrong include/exclude decision 0.34; unreported source of income 0.11",69,29,46,98,0.7040816326530612,0.6073973002077417,0.7853695062839081,0.29591836734693877,46,0.3194444444444444,144,36342.0
4+,rawben_rel_max >=   0.477 & rawben_rel_max <   0.718 & shelter_expenses_by_hh_size < 454.000 & total_deductions_by_hh_size >= 268.000,train_2022_23,155,55,91,28,91,0.3076923076923077,0.22226672658950442,0.40869690118564916,15,91,0.16483516483516483,0.10251340708451503,0.254308915609324,15,91,0.16483516483516483,0.10251340708451503,0.254308915609324,4,91,0.04395604395604396,0.017224087727905874,0.10763251528174392,0,91,0.0,0.0,0.04050543221539915,27,91,0.2967032967032967,0.212633552714673,0.39724228236191794,2,91,0.02197802197802198,0.006047879307120856,0.07663313830540361,22,91,0.24175824175824176,0.16541685277480106,0.33902001880897653,36,91,0.3956043956043956,0.3013302288475036,0.49833574051615126,10,91,0.10989010989010989,0.06079407536219415,0.19058928383883156,2,91,0.02197802197802198,0.006047879307120856,0.07663313830540361,5,91,0.054945054945054944,0.023694750290056278,0.12224964541815614,6,91,0.06593406593406594,0.030565869950639868,0.13646631845613524,0,91,0.0,0.0,0.04050543221539915,0,91,0.0,0.0,0.04050543221539915,2,91,0.02197802197802198,0.006047879307120856,0.07663313830540361,8,91,0.08791208791208792,0.0452196666692631,0.16398810713463732,67,91,0.7362637362637363,0.6374922768443272,0.81589526617477,7,91,0.07692307692307693,0.03775902099480837,0.15036096011052938,17,91,0.18681318681318682,0.12003656211187944,0.27896134597908484,45,91,0.4945054945054945,0.3941040748457469,0.5953520288049717,43,91,0.4725274725274725,0.3731563037535908,0.5741242145000025,0,91,0.0,0.0,0.04050543221539915,0,91,0.0,0.0,0.04050543221539915,3,91,0.03296703296703297,0.01127420246334579,0.09249460784774133,39,91,0.42857142857142855,0.3318249800682115,0.5311043673911313,311 0.24; 323 0.21; 363 0.16; 350 0.10; 366 0.09,5,53 0.22; 52 0.15; 38 0.13; 35 0.11; 44 0.10; 99 0.09,6,earned income 0.31; dep care or child support deduction 0.30; unearned income 0.16,"wrong include/exclude decision 0.40; wrong amount, known item 0.24; unreported source of income 0.11; other 0.09",37,18,26,55,0.6727272727272727,0.5410297617609947,0.7818710431117484,0.32727272727272727,26,0.32098765432098764,81,17820.0
4+,rawben_rel_max >=   0.477 & rawben_rel_max <   0.718 & shelter_expenses_by_hh_size < 454.000 & total_deductions_by_hh_size >= 268.000,test_2024,127,43,70,25,70,0.35714285714285715,0.2550317346898087,0.4741182295579866,5,70,0.07142857142857142,0.030893761510293508,0.1565561312330923,17,70,0.24285714285714285,0.1575173261192311,0.3549526095268004,2,70,0.02857142857142857,0.007870446893806289,0.09832443512391814,0,70,0.0,0.0,0.05202487486728348,16,70,0.22857142857142856,0.1458794018862768,0.33950553018453417,5,70,0.07142857142857142,0.030893761510293508,0.1565561312330923,33,70,0.4714285714285714,0.35904683190771935,0.5867831609418397,18,70,0.2571428571428571,0.1692914195140977,0.37026351970715426,8,70,0.11428571428571428,0.05906058386702606,0.20964431960202118,3,70,0.04285714285714286,0.014681274851143573,0.11859861074180134,3,70,0.04285714285714286,0.014681274851143573,0.11859861074180134,3,70,0.04285714285714286,0.014681274851143573,0.11859861074180134,0,70,0.0,0.0,0.05202487486728348,0,70,0.0,0.0,0.05202487486728348,0,70,0.0,0.0,0.05202487486728348,2,70,0.02857142857142857,0.007870446893806289,0.09832443512391814,50,70,0.7142857142857143,0.5994958195463383,0.8067792340819687,6,70,0.08571428571428572,0.03987612654032836,0.17465876977827793,14,70,0.2,0.12304627802949916,0.30816864689087087,39,70,0.5571428571428572,0.44083343136188763,0.6675065829389943,30,70,0.42857142857142855,0.31935124886212546,0.5452237332617722,0,70,0.0,0.0,0.05202487486728348,0,70,0.0,0.0,0.05202487486728348,1,70,0.014285714285714285,0.0025261814032348645,0.07658369703926908,23,70,0.32857142857142857,0.22998711826717816,0.4449928388301762,311 0.36; 363 0.24; 323 0.20,3,56 0.20; 35 0.11; 53 0.10; 44 0.09; 38 0.09; 57 0.09; 52 0.09,7,earned income 0.36; shelter deduction 0.24; dep care or child support deduction 0.23,"wrong amount, known item 0.47; wrong include/exclude decision 0.26; unreported source of income 0.11",32,11,20,43,0.7441860465116279,0.5976131013174515,0.8507063412293445,0.2558139534883721,20,0.31746031746031744,63,18522.0
4+,months_since_cert_n >   5.50 & months_since_cert_n <=  17.50 & shelter_expenses_by_hh_size > 254.00 & unc_rawben_rel_max <=   0.99,all_2022_24,1451,451,691,296,691,0.4283646888567294,0.3919643972342705,0.4655570867989249,123,691,0.17800289435600578,0.1512853617494682,0.20828090486439024,127,691,0.1837916063675832,0.15668788485035134,0.2143917971951681,31,691,0.04486251808972504,0.03178277140872986,0.06297494027692627,1,691,0.001447178002894356,0.0002555015740814551,0.008151594374117384,34,691,0.049204052098408106,0.0354217761438934,0.06797099711550844,79,691,0.11432706222865413,0.09270293703487083,0.14021575983071694,239,691,0.3458755426917511,0.3113499811109707,0.38210533302105587,132,691,0.191027496382055,0.16345590854430572,0.22201554279078992,78,691,0.11287988422575977,0.09139353201946425,0.13864681098820827,48,691,0.0694645441389291,0.05279126806648685,0.09089845920372841,73,691,0.10564399421128799,0.08486502514226861,0.13078354857582772,49,691,0.07091172214182344,0.05405179184124438,0.09251628928688611,8,691,0.011577424023154847,0.005877816579827031,0.022677756373778505,2,691,0.002894356005788712,0.0007940793647506971,0.010491370441363383,1,691,0.001447178002894356,0.0002555015740814551,0.008151594374117384,61,691,0.08827785817655572,0.06933714933289337,0.11177117809022005,331,686,0.48250728862973763,0.4453151713295037,0.5198942332642466,39,686,0.056851311953352766,0.04186387605391711,0.07677437365442172,315,686,0.45918367346938777,0.4222225621106894,0.4965993819413944,355,689,0.5152394775036284,0.47794080368739583,0.5523691546061016,306,689,0.444121915820029,0.4074322990450866,0.48143118721208966,1,689,0.001451378809869376,0.000256243366289763,0.008175121032152826,5,689,0.00725689404934688,0.003103533075060245,0.01687448210185754,22,689,0.03193033381712627,0.02117922848762916,0.0478720524978082,260,686,0.37900874635568516,0.34347290660774393,0.41589214183236184,311 0.36; 363 0.18; 350 0.07; 312 0.06; 150 0.06; 364 0.04,6,38 0.18; 35 0.11; 44 0.10; 99 0.09; 53 0.08; 52 0.07; 41 0.04; 56 0.04; 37 0.03; 39 0.03,10,earned income 0.43; shelter deduction 0.18; unearned income 0.18,"wrong amount, known item 0.35; wrong include/exclude decision 0.19; unreported source of income 0.11; change in circumstances 0.11",309,142,134,451,0.6851441241685144,0.6408669993389488,0.726293788064842,0.3148558758314856,134,0.22905982905982905,585,156822.0
4+,months_since_cert_n >   5.50 & months_since_cert_n <=  17.50 & shelter_expenses_by_hh_size > 254.00 & unc_rawben_rel_max <=   0.99,train_2022_23,915,279,427,174,427,0.40749414519906324,0.3619131081490106,0.4547248395329217,89,427,0.20843091334894615,0.17258761584586974,0.24947376355667633,83,427,0.19437939110070257,0.15963827409223597,0.23457064166705927,18,427,0.04215456674473068,0.026828381019280215,0.0656455119381315,1,427,0.00234192037470726,0.00041351550344839554,0.013145063798086089,17,427,0.03981264637002342,0.025003128466800008,0.0628286872167366,45,427,0.1053864168618267,0.07969832543954532,0.13811165391249497,129,427,0.30210772833723654,0.260478033675902,0.3472664366816494,84,427,0.19672131147540983,0.1617915167797002,0.2370594762534702,43,427,0.10070257611241218,0.07562433016162524,0.13290149464266476,29,427,0.06791569086651054,0.047700014426365955,0.09583672854367223,50,427,0.117096018735363,0.0899571963077678,0.15106316941364814,37,427,0.08665105386416862,0.06351766806787536,0.11715569309316386,4,427,0.00936768149882904,0.003648709121240868,0.023836102001919008,2,427,0.00468384074941452,0.001285392315689882,0.016915264259719738,1,427,0.00234192037470726,0.00041351550344839554,0.013145063798086089,48,427,0.11241217798594848,0.0858415591548441,0.1458946520188216,211,425,0.4964705882352941,0.44917979013118425,0.5438246198887392,27,425,0.06352941176470588,0.044024936998350736,0.09085376879884803,187,425,0.44,0.3935527927780875,0.487522177560611,222,425,0.5223529411764706,0.47487600870477403,0.5694293945023775,184,425,0.4329411764705882,0.3866420134049112,0.4804417769736341,0,425,0.0,0.0,0.008958086155820702,0,425,0.0,0.0,0.008958086155820702,19,425,0.04470588235294118,0.028804204645843674,0.06876468792428013,164,425,0.38588235294117645,0.34081876436457226,0.43299049294628555,311 0.34; 363 0.19; 350 0.08; 312 0.06; 150 0.05; 364 0.04,6,38 0.19; 99 0.11; 44 0.10; 35 0.10; 53 0.09; 52 0.08; 39 0.04; 64 0.03; 41 0.03,9,earned income 0.41; unearned income 0.21; shelter deduction 0.19,"wrong amount, known item 0.30; wrong include/exclude decision 0.20; change in circumstances 0.12; other 0.11; unreported source of income 0.10",183,96,82,279,0.6559139784946236,0.5983900709271397,0.7092025887099149,0.34408602150537637,82,0.22714681440443213,361,90048.0
4+,months_since_cert_n >   5.50 & months_since_cert_n <=  17.50 & shelter_expenses_by_hh_size > 254.00 & unc_rawben_rel_max <=   0.99,test_2024,536,172,264,122,264,0.4621212121212121,0.4029533834310811,0.5223756169930501,34,264,0.12878787878787878,0.0936444294017018,0.1745797747547847,44,264,0.16666666666666666,0.12655981205077807,0.21633539168157714,13,264,0.04924242424242424,0.028999993062839992,0.08241511198432219,0,264,0.0,0.0,0.014342805598532862,17,264,0.06439393939393939,0.040589276008001815,0.10069422886950787,34,264,0.12878787878787878,0.0936444294017018,0.1745797747547847,110,264,0.4166666666666667,0.3588066113993228,0.47691718953376605,48,264,0.18181818181818182,0.13996556400372306,0.23279803955897965,35,264,0.13257575757575757,0.09689218822261415,0.17879911589145925,19,264,0.07196969696969698,0.04655499254736545,0.10966271224531798,23,264,0.08712121212121213,0.05875358758707899,0.12733251703595194,12,264,0.045454545454545456,0.02618999327720104,0.0777580118123743,4,264,0.015151515151515152,0.0059073955581480445,0.03830380987073231,0,264,0.0,0.0,0.014342805598532862,0,264,0.0,0.0,0.014342805598532862,13,264,0.04924242424242424,0.028999993062839992,0.08241511198432219,120,261,0.45977011494252873,0.40032714064161523,0.5203801802626535,12,261,0.04597701149425287,0.02649324618465097,0.07863223259209709,128,261,0.4904214559386973,0.4303523643955095,0.550768426295983,133,264,0.5037878787878788,0.443854517251893,0.5636125827056938,122,264,0.4621212121212121,0.4029533834310811,0.5223756169930501,1,264,0.003787878787878788,0.0006689496360342308,0.0211409559200855,5,264,0.01893939393939394,0.008116118452440698,0.043562186934026526,3,264,0.011363636363636364,0.003871976570054633,0.03287212890123884,96,261,0.367816091954023,0.3116253654096938,0.42784154613290365,311 0.39; 363 0.17; 150 0.08; 312 0.08; 323 0.06,5,38 0.16; 35 0.13; 56 0.09; 44 0.08; 41 0.06; 52 0.06; 53 0.06; 99 0.05; 54 0.04; 37 0.03,10,earned income 0.46; shelter deduction 0.17; other element 0.13,"wrong amount, known item 0.42; wrong include/exclude decision 0.18; unreported source of income 0.13; change in circumstances 0.09",126,46,52,172,0.7325581395348837,0.6618573914874668,0.793097522480559,0.26744186046511625,52,0.23214285714285715,224,66774.0
4+,cat_elig > 0.5 & HH_size_n > 5.5 & married <= 0.5 & rawben_rel_max <= 0.9,all_2022_24,882,287,465,159,465,0.3419354838709677,0.3002723638446945,0.3861889058037325,108,465,0.23225806451612904,0.19616499577288649,0.27273878750914304,75,465,0.16129032258064516,0.13065716597588517,0.19747412612788712,27,465,0.05806451612903226,0.04020875728499926,0.08316254765039896,1,465,0.002150537634408602,0.0003797138523370649,0.0120799313668585,30,465,0.06451612903225806,0.0455619630994929,0.09060684103392871,65,465,0.13978494623655913,0.1112090729500037,0.17426388849369062,147,465,0.3161290322580645,0.2755202932898095,0.35975097956652397,120,465,0.25806451612903225,0.22038864683396528,0.29970513324015774,53,465,0.11397849462365592,0.08820230031883683,0.14608066433276404,50,465,0.10752688172043011,0.08251757261025493,0.13896789284332256,22,465,0.047311827956989246,0.03144859927451832,0.07059354033084092,27,465,0.05806451612903226,0.04020875728499926,0.08316254765039896,6,465,0.012903225806451613,0.005926638515926752,0.027862172033307785,2,465,0.004301075268817204,0.0011802787795997735,0.015545199505603586,3,465,0.0064516129032258064,0.002196467005417582,0.018794844345793572,35,465,0.07526881720430108,0.05461542026098287,0.10288254920247772,320,465,0.6881720430107527,0.64466952521167,0.7285908680640122,25,465,0.053763440860215055,0.036678258152002374,0.07816138065138024,120,465,0.25806451612903225,0.22038864683396528,0.29970513324015774,277,465,0.5956989247311828,0.5504847660028218,0.639344805434525,175,465,0.3763440860215054,0.33349171125546617,0.42122288744908554,1,465,0.002150537634408602,0.0003797138523370649,0.0120799313668585,2,465,0.004301075268817204,0.0011802787795997735,0.015545199505603586,10,465,0.021505376344086023,0.011722298946194339,0.03912984386707138,202,465,0.4344086021505376,0.39007411456817326,0.4798179769185889,311 0.32; 363 0.16; 350 0.12; 150 0.10; 364 0.06,5,38 0.15; 52 0.13; 44 0.13; 35 0.11; 53 0.09; 99 0.08; 13 0.04; 7 0.03,8,earned income 0.34; unearned income 0.23; shelter deduction 0.16; other element 0.14,"wrong amount, known item 0.32; wrong include/exclude decision 0.26; unreported source of income 0.11; household composition 0.11",180,107,98,287,0.627177700348432,0.5698981765716953,0.6810975544378988,0.37282229965156793,98,0.2545454545454545,385,110730.0
4+,cat_elig > 0.5 & HH_size_n > 5.5 & married <= 0.5 & rawben_rel_max <= 0.9,train_2022_23,581,182,295,98,295,0.33220338983050846,0.2809145996965205,0.38780622096566303,66,295,0.22372881355932203,0.17989683558037944,0.27466370753008446,49,295,0.16610169491525423,0.12797944410028783,0.21280845156082495,20,295,0.06779661016949153,0.04431284388757295,0.10239230024229384,1,295,0.003389830508474576,0.0005986237528442448,0.01894885558068897,17,295,0.0576271186440678,0.03628709096855358,0.0903405271408395,44,295,0.14915254237288136,0.1130213793722185,0.19430397292143808,82,295,0.27796610169491526,0.2299464627765314,0.33169421910979224,81,295,0.2745762711864407,0.226789733578737,0.3281584396340955,27,295,0.09152542372881356,0.06366375596534962,0.12988894887895588,32,295,0.10847457627118644,0.0778915034666155,0.1491237447451462,16,295,0.05423728813559322,0.03365711099957879,0.08627799843632306,21,295,0.0711864406779661,0.04702824637977539,0.10636940642358265,6,295,0.020338983050847456,0.009353942425891507,0.04365608027509791,0,295,0.0,0.0,0.012854970660041976,3,295,0.010169491525423728,0.0034643938938835397,0.029468102786632158,27,295,0.09152542372881356,0.06366375596534962,0.12988894887895588,205,295,0.6949152542372882,0.6401445752183261,0.7446746735074203,20,295,0.06779661016949153,0.04431284388757295,0.10239230024229384,70,295,0.23728813559322035,0.19231314740579689,0.289017430398632,183,295,0.6203389830508474,0.5637468034648566,0.6738372544440824,103,295,0.34915254237288135,0.2970085178822449,0.40517484614739485,1,295,0.003389830508474576,0.0005986237528442448,0.01894885558068897,0,295,0.0,0.0,0.012854970660041976,8,295,0.02711864406779661,0.013804008397806804,0.0525910316501651,130,295,0.4406779661016949,0.38514591150298183,0.49773518671092143,311 0.31; 363 0.17; 350 0.11; 150 0.11; 364 0.07,5,38 0.15; 52 0.15; 44 0.13; 53 0.10; 35 0.09; 99 0.09; 13 0.04; 7 0.04,8,earned income 0.33; unearned income 0.22; shelter deduction 0.17; other element 0.15,"wrong amount, known item 0.28; wrong include/exclude decision 0.27; household composition 0.11; unreported source of income 0.09",117,65,63,182,0.6428571428571429,0.5709497740511371,0.7088584066791193,0.35714285714285715,63,0.2571428571428571,245,65952.0
4+,cat_elig > 0.5 & HH_size_n > 5.5 & married <= 0.5 & rawben_rel_max <= 0.9,test_2024,301,105,170,61,170,0.3588235294117647,0.29057196076196506,0.4333146118420606,42,170,0.24705882352941178,0.188290158327222,0.317006617588324,26,170,0.15294117647058825,0.10655823875556346,0.21466291889599975,7,170,0.041176470588235294,0.020086447354314238,0.08254491360876938,0,170,0.0,0.0,0.022098277972591136,13,170,0.07647058823529412,0.04523134860197735,0.12642836921009987,21,170,0.12352941176470589,0.0822323360010466,0.18146519094302196,65,170,0.38235294117647056,0.3126653266721371,0.45724015049788425,39,170,0.22941176470588234,0.17260330023616693,0.29817929725488235,26,170,0.15294117647058825,0.10655823875556346,0.21466291889599975,18,170,0.10588235294117647,0.0680306976225958,0.161152650896976,6,170,0.03529411764705882,0.016273926504342204,0.0748527083172425,6,170,0.03529411764705882,0.016273926504342204,0.0748527083172425,0,170,0.0,0.0,0.022098277972591136,2,170,0.011764705882352941,0.003232190436117468,0.04187553981947152,0,170,0.0,0.0,0.022098277972591136,8,170,0.047058823529411764,0.02403524037275199,0.09010084673183055,115,170,0.6764705882352942,0.6029174969722577,0.7422242872727101,5,170,0.029411764705882353,0.012626835083268551,0.06699507359681722,50,170,0.29411764705882354,0.23078079126148976,0.3665537937860477,94,170,0.5529411764705883,0.4778523808093565,0.625690154464134,72,170,0.4235294117647059,0.3517468367838664,0.49869172337664736,0,170,0.0,0.0,0.022098277972591136,2,170,0.011764705882352941,0.003232190436117468,0.04187553981947152,2,170,0.011764705882352941,0.003232190436117468,0.04187553981947152,72,170,0.4235294117647059,0.3517468367838664,0.49869172337664736,311 0.33; 363 0.15; 350 0.13; 150 0.10; 323 0.06,5,35 0.15; 38 0.15; 44 0.13; 52 0.10; 53 0.08; 56 0.06; 99 0.05; 13 0.04,8,earned income 0.36; unearned income 0.25; shelter deduction 0.15,"wrong amount, known item 0.38; wrong include/exclude decision 0.23; unreported source of income 0.15",63,42,35,105,0.6,0.5043654380846405,0.6885754962639907,0.4,35,0.25,140,44778.0
4+,shelter_expenses_by_hh_size <= 494.000 & total_deductions_by_hh_size > 235.000 & unc_rawben_rel_max <=   0.997 & utilities > 373.000,all_2022_24,1267,380,608,239,608,0.3930921052631579,0.355054488572922,0.43247221768569144,76,608,0.125,0.10104327829568313,0.15366578365760677,115,608,0.18914473684210525,0.1600035137018821,0.2221895244962398,20,608,0.03289473684210526,0.021393401368677796,0.050261745976648196,1,608,0.001644736842105263,0.0002903879928563332,0.009257181181910469,102,608,0.16776315789473684,0.14016784509958616,0.1995305343502584,55,608,0.09046052631578948,0.07015810806482183,0.11590573591048163,229,608,0.37664473684210525,0.3390168256383663,0.4158216815831107,159,608,0.26151315789473684,0.22815629551406374,0.2978648184474583,63,608,0.10361842105263158,0.08183016343110047,0.13038423977391211,32,608,0.05263157894736842,0.03752519713372539,0.0733557890561643,29,608,0.047697368421052634,0.033412415193097296,0.06766211128565147,44,608,0.07236842105263158,0.05434811470571893,0.09575871032873445,6,608,0.009868421052631578,0.004530351385710981,0.021361317307624028,2,608,0.003289473684210526,0.0009025374303150216,0.01191385164816542,3,608,0.004934210526315789,0.001679435576639978,0.014405773405554104,41,608,0.06743421052631579,0.05009458016531684,0.09020578515799563,410,604,0.6788079470198676,0.6405399232451241,0.7148158141706764,43,604,0.07119205298013245,0.053280529644440515,0.09452376673803808,151,604,0.25,0.21711976257976162,0.2860402712185174,351,608,0.5773026315789473,0.5376713484916172,0.615963186982924,234,608,0.3848684210526316,0.34702988101537224,0.424152725724673,1,608,0.001644736842105263,0.0002903879928563332,0.009257181181910469,9,608,0.014802631578947368,0.007806804615924824,0.02789132378855111,13,608,0.02138157894736842,0.012537236425797313,0.036236171593533185,254,604,0.4205298013245033,0.3817847056324484,0.4602794110716403,311 0.34; 363 0.19; 323 0.13; 350 0.07; 312 0.05,5,38 0.17; 53 0.14; 35 0.10; 44 0.09; 52 0.09; 56 0.08; 99 0.07; 98 0.03,8,earned income 0.39; shelter deduction 0.19; dep care or child support deduction 0.17,"wrong amount, known item 0.38; wrong include/exclude decision 0.26; unreported source of income 0.10; method or computation 0.07",270,110,157,380,0.7105263157894737,0.662999791599725,0.753838820994637,0.2894736842105263,157,0.29236499068901306,537,122641.0
4+,shelter_expenses_by_hh_size <= 494.000 & total_deductions_by_hh_size > 235.000 & unc_rawben_rel_max <=   0.997 & utilities > 373.000,train_2022_23,689,213,332,134,332,0.4036144578313253,0.35223242316174547,0.4572015480913692,44,332,0.13253012048192772,0.10022690914774873,0.17324010625475056,63,332,0.1897590361445783,0.15122093448711738,0.23539466048384516,10,332,0.030120481927710843,0.016441409018282744,0.05454920084065076,1,332,0.0030120481927710845,0.0005318848031911176,0.016862029470680853,56,332,0.1686746987951807,0.13223601233897908,0.2126932638436022,24,332,0.07228915662650602,0.04905589746397321,0.10530734997172267,98,332,0.29518072289156627,0.24868400748256383,0.34636318143030476,103,332,0.3102409638554217,0.2628888260965033,0.3619343048080661,39,332,0.11746987951807229,0.08713232346248301,0.15655874994831545,17,332,0.05120481927710843,0.03221211723351933,0.08046481141379536,17,332,0.05120481927710843,0.03221211723351933,0.08046481141379536,29,332,0.08734939759036145,0.06150540744609897,0.12263378198129779,0,332,0.0,8.673617379884035e-19,0.011438725875531797,0,332,0.0,8.673617379884035e-19,0.011438725875531797,1,332,0.0030120481927710845,0.0005318848031911176,0.016862029470680853,28,332,0.08433734939759036,0.058992876105824515,0.11919112492323206,229,332,0.6897590361445783,0.638065695191934,0.7371111739034967,25,332,0.07530120481927711,0.051522013958565066,0.108796421875471,78,332,0.23493975903614459,0.1925269701839037,0.2834164507621614,186,332,0.5602409638554217,0.5064609670174167,0.6126428009493867,135,332,0.4066265060240964,0.3551484813231148,0.4602406783283401,0,332,0.0,8.673617379884035e-19,0.011438725875531797,0,332,0.0,8.673617379884035e-19,0.011438725875531797,11,332,0.03313253012048193,0.018599388040609666,0.05834641021666401,143,332,0.4307228915662651,0.3785491994011365,0.4844814674370397,311 0.33; 363 0.19; 323 0.11; 350 0.07; 312 0.07,5,53 0.18; 38 0.18; 35 0.12; 52 0.11; 44 0.10; 99 0.08,6,earned income 0.40; shelter deduction 0.19; dep care or child support deduction 0.17,"wrong include/exclude decision 0.31; wrong amount, known item 0.30; unreported source of income 0.12; method or computation 0.09",143,70,87,213,0.6713615023474179,0.6057315047271892,0.7309197651398476,0.3286384976525822,87,0.29,300,64248.0
4+,shelter_expenses_by_hh_size <= 494.000 & total_deductions_by_hh_size > 235.000 & unc_rawben_rel_max <=   0.997 & utilities > 373.000,test_2024,578,167,276,105,276,0.3804347826086957,0.32516933079649474,0.43898296107147633,32,276,0.11594202898550725,0.08333440428649531,0.15909416959244194,52,276,0.18840579710144928,0.14666811109917938,0.23869846770826025,10,276,0.036231884057971016,0.019797199316774615,0.06539956914080997,0,276,0.0,0.0,0.013727765993333372,46,276,0.16666666666666666,0.12733845186766307,0.21514672546122582,31,276,0.11231884057971014,0.08026400614723578,0.15501766748527634,131,276,0.4746376811594203,0.41647745339806397,0.5334942448769602,56,276,0.2028985507246377,0.15968188843592626,0.25427229135721385,24,276,0.08695652173913043,0.05912940380983839,0.12612396809769788,15,276,0.05434782608695652,0.03320844662248317,0.08772282306722701,12,276,0.043478260869565216,0.025043370225845595,0.07444719872458921,15,276,0.05434782608695652,0.03320844662248317,0.08772282306722701,6,276,0.021739130434782608,0.010000287232642392,0.0466088802392417,2,276,0.007246376811594203,0.0019894307873807495,0.02603213569880286,2,276,0.007246376811594203,0.0019894307873807495,0.02603213569880286,13,276,0.04710144927536232,0.027729740423924478,0.07890772877293545,181,272,0.6654411764705882,0.6074071419447898,0.7188670676015584,18,272,0.0661764705882353,0.042265934008624065,0.10217058318095139,73,272,0.26838235294117646,0.21921545503895024,0.3240006515961621,165,276,0.5978260869565217,0.5390168934256163,0.6539494132278618,99,276,0.358695652173913,0.30440731071049,0.4168635796789303,1,276,0.0036231884057971015,0.000639851831292353,0.02023481440846614,9,276,0.03260869565217391,0.01724844323858547,0.06080142497257397,2,276,0.007246376811594203,0.0019894307873807495,0.02603213569880286,111,272,0.40808823529411764,0.3513536552023535,0.46738289504967523,311 0.35; 363 0.19; 323 0.14; 350 0.08,4,56 0.18; 38 0.16; 53 0.09; 35 0.09; 44 0.08; 52 0.05; 99 0.05; 57 0.04; 37 0.03,9,earned income 0.38; shelter deduction 0.19; dep care or child support deduction 0.17; unearned income 0.12,"wrong amount, known item 0.47; wrong include/exclude decision 0.20; unreported source of income 0.09",127,40,70,167,0.7604790419161677,0.6903551432453461,0.8188885070131389,0.23952095808383234,70,0.29535864978902954,237,58393.0
4+,HH_size_n >=   5.000 & rawben_rel_max <   0.837 & shelter_expenses_by_hh_size < 268.000 & total_deductions_by_hh_size >= 176.000,all_2022_24,227,80,128,47,128,0.3671875,0.28868321179915,0.45343156836128495,19,128,0.1484375,0.09713386823483508,0.22022878513102215,23,128,0.1796875,0.12282372833083033,0.2552178002913951,4,128,0.03125,0.012218067575115642,0.07759880357936064,1,128,0.0078125,0.0013803963628788857,0.04292731834932121,29,128,0.2265625,0.1626314704520524,0.3064283710547254,5,128,0.0390625,0.0167983630559502,0.08818822691261814,49,128,0.3828125,0.3031848964440972,0.46926932134452193,41,128,0.3203125,0.24572896282451612,0.40536750445136643,12,128,0.09375,0.05444326547008603,0.15673135619712675,3,128,0.0234375,0.008002271440112167,0.06664488090027204,6,128,0.046875,0.021657548893279907,0.09849875988938049,5,128,0.0390625,0.0167983630559502,0.08818822691261814,2,128,0.015625,0.004295359707748747,0.055182073818543405,0,128,0.0,0.0,0.02913799589810803,1,128,0.0078125,0.0013803963628788857,0.04292731834932121,9,128,0.0703125,0.037429343438009605,0.12823612178692698,90,127,0.7086614173228346,0.6244366123001341,0.7806333348726304,5,127,0.03937007874015748,0.01693154776967802,0.08885743677346422,32,127,0.25196850393700787,0.18450499480603022,0.3339967661018156,70,128,0.546875,0.46052480149159786,0.6304935113929545,54,128,0.421875,0.3398196990498745,0.5084831128092049,2,128,0.015625,0.004295359707748747,0.055182073818543405,1,128,0.0078125,0.0013803963628788857,0.04292731834932121,1,128,0.0078125,0.0013803963628788857,0.04292731834932121,48,127,0.3779527559055118,0.29837563538262496,0.4646966596672674,311 0.30; 363 0.18; 323 0.13; 366 0.09; 350 0.08,5,38 0.23; 52 0.16; 53 0.14; 35 0.09; 44 0.09; 99 0.07,6,earned income 0.37; dep care or child support deduction 0.23; shelter deduction 0.18,"wrong amount, known item 0.38; wrong include/exclude decision 0.32; unreported source of income 0.09",60,20,31,80,0.75,0.6451511899886556,0.8319389418790569,0.25,31,0.27927927927927926,111,33668.0
4+,HH_size_n >=   5.000 & rawben_rel_max <   0.837 & shelter_expenses_by_hh_size < 268.000 & total_deductions_by_hh_size >= 176.000,train_2022_23,147,52,80,25,80,0.3125,0.22150258327847644,0.4206798178207392,15,80,0.1875,0.11705207812728378,0.2865852570380757,11,80,0.1375,0.07854633679551142,0.22967297199630554,4,80,0.05,0.01961323712729557,0.121624525510822,1,80,0.0125,0.002209918618306224,0.06746432423965451,22,80,0.275,0.18917622847735993,0.38144265284169887,2,80,0.025,0.006882748898125228,0.08664600055322111,27,80,0.3375,0.24345459812221978,0.44643681616376707,32,80,0.4,0.29961659273441493,0.5095473545185001,7,80,0.0875,0.04303145464743989,0.1697698277708346,1,80,0.0125,0.002209918618306224,0.06746432423965451,4,80,0.05,0.01961323712729557,0.121624525510822,2,80,0.025,0.006882748898125228,0.08664600055322111,1,80,0.0125,0.002209918618306224,0.06746432423965451,0,80,0.0,0.0,0.0458197362645751,1,80,0.0125,0.002209918618306224,0.06746432423965451,5,80,0.0625,0.026988977697985535,0.1381032915335177,58,80,0.725,0.618557347158301,0.8108237715226401,4,80,0.05,0.01961323712729557,0.121624525510822,18,80,0.225,0.1473309016978239,0.3278699532476924,45,80,0.5625,0.4534093786865696,0.6658631542803586,32,80,0.4,0.29961659273441493,0.5095473545185001,2,80,0.025,0.006882748898125228,0.08664600055322111,0,80,0.0,0.0,0.0458197362645751,1,80,0.0125,0.002209918618306224,0.06746432423965451,35,80,0.4375,0.3341368457196415,0.5465906213134304,311 0.25; 323 0.17; 363 0.14; 366 0.10; 350 0.07; 312 0.06,6,38 0.25; 52 0.21; 53 0.17; 44 0.09; 35 0.09,5,earned income 0.31; dep care or child support deduction 0.28; unearned income 0.19,"wrong include/exclude decision 0.40; wrong amount, known item 0.34; unreported source of income 0.09",38,14,21,52,0.7307692307692307,0.59747521247539,0.8323118996417412,0.2692307692307692,21,0.2876712328767123,73,18277.0
4+,HH_size_n >=   5.000 & rawben_rel_max <   0.837 & shelter_expenses_by_hh_size < 268.000 & total_deductions_by_hh_size >= 176.000,test_2024,80,28,48,22,48,0.4583333333333333,0.3257502185455351,0.5970916690505266,4,48,0.08333333333333333,0.03288322434995555,0.19553565161066291,12,48,0.25,0.1492048880971003,0.3878464374792707,0,48,0.0,0.0,0.0741026511527422,0,48,0.0,0.0,0.0741026511527422,7,48,0.14583333333333334,0.07248157413793963,0.27167447042858606,3,48,0.0625,0.021482843131227225,0.1683569766274222,22,48,0.4583333333333333,0.3257502185455351,0.5970916690505266,9,48,0.1875,0.10191276348200173,0.31940139348846214,5,48,0.10416666666666667,0.045321050901178245,0.2216768812614093,2,48,0.041666666666666664,0.011501652078965613,0.13975911147771472,2,48,0.041666666666666664,0.011501652078965613,0.13975911147771472,3,48,0.0625,0.021482843131227225,0.1683569766274222,1,48,0.020833333333333332,0.003687015979399688,0.10899469137531158,0,48,0.0,0.0,0.0741026511527422,0,48,0.0,0.0,0.0741026511527422,4,48,0.08333333333333333,0.03288322434995555,0.19553565161066291,32,47,0.6808510638297872,0.5383238911447854,0.7960479618260101,1,47,0.02127659574468085,0.003765671010464995,0.11113236524331144,14,47,0.2978723404255319,0.18651084151016262,0.439779440463654,25,48,0.5208333333333334,0.3832899563598438,0.6552890998421255,22,48,0.4583333333333333,0.3257502185455351,0.5970916690505266,0,48,0.0,0.0,0.0741026511527422,1,48,0.020833333333333332,0.003687015979399688,0.10899469137531158,0,48,0.0,0.0,0.0741026511527422,13,47,0.2765957446808511,0.16936405991152936,0.41758835700689967,311 0.40; 363 0.25; 366 0.08; 350 0.08,4,38 0.19; 56 0.12; 35 0.10; 52 0.08; 53 0.08; 44 0.08; 99 0.08,7,earned income 0.46; shelter deduction 0.25; dep care or child support deduction 0.15,"wrong amount, known item 0.46; wrong include/exclude decision 0.19; unreported source of income 0.10; other 0.08",22,6,10,28,0.7857142857142857,0.6046105292072612,0.8978767829881058,0.21428571428571427,10,0.2631578947368421,38,15391.0
4+,months_since_cert_n >=   5.000 & rawben_rel_max <   0.613 & utilities < 303.000,all_2022_24,289,90,131,51,131,0.3893129770992366,0.3101054456646504,0.4748273940524694,22,131,0.16793893129770993,0.11359861574882878,0.241199903402531,16,131,0.12213740458015267,0.07659493510032422,0.18921027634777488,17,131,0.1297709923664122,0.08262458385262628,0.19801284554601623,1,131,0.007633587786259542,0.0013487543306202332,0.04197318785932708,5,131,0.03816793893129771,0.016411091437379455,0.08623972255474167,19,131,0.1450381679389313,0.09485952711844414,0.21544233818128528,35,131,0.26717557251908397,0.19882814181053723,0.3487892106978875,34,131,0.2595419847328244,0.19208184087548613,0.340703293682395,9,131,0.06870229007633588,0.03656213057709769,0.12541755521719722,14,131,0.10687022900763359,0.06473410776143446,0.1714066677855777,21,131,0.16030534351145037,0.10730467219468999,0.2326616290061263,7,131,0.05343511450381679,0.02612180457645892,0.10619344531674911,3,131,0.022900763358778626,0.007818301484185438,0.06516807660684877,0,131,0.0,0.0,0.02848972423940386,1,131,0.007633587786259542,0.0013487543306202332,0.04197318785932708,7,131,0.05343511450381679,0.02612180457645892,0.10619344531674911,50,130,0.38461538461538464,0.3054379513321147,0.4704164915316885,10,130,0.07692307692307693,0.04231697987575295,0.13581597729152536,70,130,0.5384615384615384,0.452892181678906,0.6218230040331596,73,131,0.5572519083969466,0.47176553459047255,0.6394761000386033,54,131,0.4122137404580153,0.33159355753630504,0.49783593603244525,0,131,0.0,0.0,0.02848972423940386,1,131,0.007633587786259542,0.0013487543306202332,0.04197318785932708,3,131,0.022900763358778626,0.007818301484185438,0.06516807660684877,43,130,0.33076923076923076,0.25576905887220586,0.4154841239947055,311 0.37; 364 0.13; 363 0.12; 150 0.09; 350 0.07,5,52 0.13; 38 0.13; 44 0.11; 53 0.09; 13 0.08; 35 0.07; 41 0.06; 40 0.05; 99 0.05,9,earned income 0.39; unearned income 0.17; other element 0.15; utility allowance 0.13,"wrong amount, known item 0.27; wrong include/exclude decision 0.26; change in circumstances 0.16; household composition 0.11",45,45,32,90,0.5,0.39883544540986604,0.601164554590134,0.5,32,0.26229508196721313,122,28020.0
4+,months_since_cert_n >=   5.000 & rawben_rel_max <   0.613 & utilities < 303.000,train_2022_23,207,70,102,40,102,0.39215686274509803,0.3029736690082715,0.4891685510639875,17,102,0.16666666666666666,0.1067412826635907,0.2507892157415732,13,102,0.12745098039215685,0.07601761416527755,0.20592823699343513,12,102,0.11764705882352941,0.068593790294468,0.19445589905263183,1,102,0.00980392156862745,0.0017326897927338984,0.05345921962662484,4,102,0.0392156862745098,0.015353823095438889,0.09652657175875834,15,102,0.14705882352941177,0.09119034130498939,0.2285478334769489,24,102,0.23529411764705882,0.1635198113173856,0.3262838197690682,27,102,0.2647058823529412,0.188762815237447,0.3577293012838453,6,102,0.058823529411764705,0.027235268139653053,0.12243745033776982,10,102,0.09803921568627451,0.05412743684309119,0.171129928880783,18,102,0.17647058823529413,0.11464223172099423,0.26178442849578254,7,102,0.06862745098039216,0.033637792813023634,0.13493108747601207,2,102,0.0196078431372549,0.005393639125345434,0.06869443210562613,0,102,0.0,0.0,0.03629574760774591,1,102,0.00980392156862745,0.0017326897927338984,0.05345921962662484,7,102,0.06862745098039216,0.033637792813023634,0.13493108747601207,38,102,0.37254901960784315,0.28494828732820177,0.4694016091208316,8,102,0.0784313725490196,0.04027620360068292,0.1471888384999656,56,102,0.5490196078431373,0.4524253919116267,0.6420554171464375,59,102,0.5784313725490197,0.48146361785272707,0.6697056766401756,40,102,0.39215686274509803,0.3029736690082715,0.4891685510639875,0,102,0.0,0.0,0.03629574760774591,0,102,0.0,0.0,0.03629574760774591,3,102,0.029411764705882353,0.010052266068000588,0.0829319669745838,36,102,0.35294117647058826,0.26707854330326647,0.4494790295225413,311 0.37; 363 0.13; 364 0.12; 150 0.09; 350 0.07,5,52 0.14; 38 0.12; 53 0.10; 44 0.10; 13 0.08; 40 0.07; 41 0.07; 99 0.07; 35 0.06,9,earned income 0.39; unearned income 0.17; other element 0.15; shelter deduction 0.13,"wrong include/exclude decision 0.26; wrong amount, known item 0.24; change in circumstances 0.18; household composition 0.10",31,39,25,70,0.44285714285714284,0.3324934170610057,0.5591665686381124,0.5571428571428572,25,0.2631578947368421,95,21785.0
4+,months_since_cert_n >=   5.000 & rawben_rel_max <   0.613 & utilities < 303.000,test_2024,82,20,29,11,29,0.3793103448275862,0.22687795730867344,0.5599777379071503,5,29,0.1724137931034483,0.07597745271479928,0.34548800572815114,3,29,0.10344827586206896,0.035814240381301043,0.26385447247069155,5,29,0.1724137931034483,0.07597745271479928,0.34548800572815114,0,29,0.0,0.0,0.11697359446555587,1,29,0.034482758620689655,0.006113056614032261,0.1717589106470025,4,29,0.13793103448275862,0.05497350852047822,0.30559357712699325,11,29,0.3793103448275862,0.22687795730867344,0.5599777379071503,7,29,0.2413793103448276,0.12218268185062131,0.4210795221832869,3,29,0.10344827586206896,0.035814240381301043,0.26385447247069155,4,29,0.13793103448275862,0.05497350852047822,0.30559357712699325,3,29,0.10344827586206896,0.035814240381301043,0.26385447247069155,0,29,0.0,0.0,0.11697359446555587,1,29,0.034482758620689655,0.006113056614032261,0.1717589106470025,0,29,0.0,0.0,0.11697359446555587,0,29,0.0,0.0,0.11697359446555587,0,29,0.0,0.0,0.11697359446555587,12,28,0.42857142857142855,0.2650829618073122,0.609295210143846,2,28,0.07142857142857142,0.019811647447770794,0.2264573842591786,14,28,0.5,0.3263284683244634,0.6736715316755366,14,29,0.4827586206896552,0.3138581933079522,0.6556926202943085,14,29,0.4827586206896552,0.3138581933079522,0.6556926202943085,0,29,0.0,0.0,0.11697359446555587,1,29,0.034482758620689655,0.006113056614032261,0.1717589106470025,0,29,0.0,0.0,0.11697359446555587,7,28,0.25,0.12676334942200781,0.433560252407046,311 0.38; 364 0.17; 363 0.10; 150 0.10,4,38 0.17; 44 0.14; 35 0.10; 52 0.10; 53 0.07; 64 0.07; 13 0.07; 37 0.07,8,earned income 0.38; unearned income 0.17; utility allowance 0.17; other element 0.14,"wrong amount, known item 0.38; wrong include/exclude decision 0.24; household composition 0.14",14,6,7,20,0.7,0.4810232237710206,0.854524726031006,0.3,7,0.25925925925925924,27,6235.0
2-3,medical_deductions > 128.000 & rawben_rel_max >   0.156 & shelter_expenses_by_hh_size > 249.000 & utilities > 434.000,all_2022_24,428,131,205,11,205,0.05365853658536585,0.03022264833885143,0.0935151510267922,55,205,0.2682926829268293,0.21231137284770663,0.3327984137082286,65,205,0.3170731707317073,0.2572360784686547,0.3836400688123468,1,205,0.004878048780487805,0.0008615928370303422,0.02710984580354701,59,205,0.28780487804878047,0.23018030381570434,0.35323602703025736,3,205,0.014634146341463415,0.004989101745671687,0.04213560903991893,11,205,0.05365853658536585,0.03022264833885143,0.0935151510267922,53,205,0.25853658536585367,0.2034305633653757,0.32252595104554627,99,205,0.48292682926829267,0.4154659850650685,0.5510157886811583,16,205,0.07804878048780488,0.04860992484636982,0.12301105488180696,7,205,0.03414634146341464,0.016636899864866765,0.06879435521075036,4,205,0.01951219512195122,0.007613308587699281,0.049088038270397955,8,205,0.03902439024390244,0.019904392827067848,0.0751034983210559,2,205,0.00975609756097561,0.002679507763058954,0.03486856695002503,0,205,0.0,0.0,0.018394802568070728,0,205,0.0,0.0,0.018394802568070728,16,205,0.07804878048780488,0.04860992484636982,0.12301105488180696,139,205,0.6780487804878049,0.6113205785694362,0.7382266380770557,19,205,0.09268292682926829,0.06013785786229498,0.1402130300834017,45,205,0.21951219512195122,0.16829672337436583,0.28104670245650315,128,205,0.624390243902439,0.5563806168227615,0.6878236030261574,71,205,0.3463414634146341,0.2845740877124733,0.41376187600356795,1,205,0.004878048780487805,0.0008615928370303422,0.02710984580354701,0,205,0.0,0.0,0.018394802568070728,5,205,0.024390243902439025,0.01046187675897248,0.05581610617163138,100,205,0.4878048780487805,0.4202352872534569,0.5558231225652766,363 0.32; 365 0.29; 331 0.14; 346 0.06,4,53 0.33; 38 0.13; 56 0.10; 52 0.09; 35 0.08; 99 0.08,6,shelter deduction 0.32; medical deduction 0.29; unearned income 0.27,"wrong include/exclude decision 0.48; wrong amount, known item 0.26; unreported source of income 0.08",117,14,88,131,0.8931297709923665,0.8285933322144223,0.9352658922385655,0.10687022900763359,88,0.4018264840182648,219,31500.0
2-3,medical_deductions > 128.000 & rawben_rel_max >   0.156 & shelter_expenses_by_hh_size > 249.000 & utilities > 434.000,train_2022_23,261,86,140,7,140,0.05,0.024427961911698888,0.09960847817239363,33,140,0.2357142857142857,0.17305032975689183,0.3124948810861467,45,140,0.32142857142857145,0.24972612784490655,0.40266928488687626,1,140,0.007142857142857143,0.001261971964112183,0.03934936717560818,43,140,0.30714285714285716,0.23672914242518334,0.3878579033251421,3,140,0.02142857142857143,0.007313870780766552,0.06110583534041121,8,140,0.05714285714285714,0.02923613475481686,0.10870448882000434,21,140,0.15,0.10024980413951363,0.21844520481478058,79,140,0.5642857142857143,0.48151720505769724,0.6436204463588611,9,140,0.06428571428571428,0.034185972138626834,0.11765883492692303,4,140,0.02857142857142857,0.011165596206339352,0.07115829340556709,3,140,0.02142857142857143,0.007313870780766552,0.06110583534041121,7,140,0.05,0.024427961911698888,0.09960847817239363,1,140,0.007142857142857143,0.001261971964112183,0.03934936717560818,0,140,0.0,0.0,0.02670715564899167,0,140,0.0,0.0,0.02670715564899167,16,140,0.11428571428571428,0.07158199283635171,0.17759209866429904,97,140,0.6928571428571428,0.612142096674858,0.7632708575748167,14,140,0.1,0.06050550128408537,0.160860223235108,29,140,0.20714285714285716,0.14827529229642786,0.2816531845836959,82,140,0.5857142857142857,0.5028905528191262,0.6639596490696181,52,140,0.37142857142857144,0.29582378771850953,0.4539009094483742,1,140,0.007142857142857143,0.001261971964112183,0.03934936717560818,0,140,0.0,0.0,0.02670715564899167,5,140,0.03571428571428571,0.015349489267215272,0.08087858383541985,68,140,0.4857142857142857,0.4044166634892561,0.5677749695292866,363 0.32; 365 0.31; 331 0.12,3,53 0.41; 38 0.13; 99 0.11; 52 0.11,4,shelter deduction 0.32; medical deduction 0.31; unearned income 0.24,"wrong include/exclude decision 0.56; wrong amount, known item 0.15; other 0.11",77,9,62,86,0.8953488372093024,0.812927940593436,0.9439597372751682,0.10465116279069768,62,0.4189189189189189,148,20202.0
2-3,medical_deductions > 128.000 & rawben_rel_max >   0.156 & shelter_expenses_by_hh_size > 249.000 & utilities > 434.000,test_2024,167,45,65,4,65,0.06153846153846154,0.024188663436562223,0.14782360821313795,22,65,0.3384615384615385,0.23533338768646592,0.4596185018686867,20,65,0.3076923076923077,0.20886876704271462,0.4279787205229433,0,65,0.0,0.0,0.055803467670710726,16,65,0.24615384615384617,0.1575785436701859,0.36306013991648256,0,65,0.0,0.0,0.055803467670710726,3,65,0.046153846153846156,0.01581955358590327,0.12714051706904955,32,65,0.49230769230769234,0.37463636042469284,0.6108375390779336,20,65,0.3076923076923077,0.20886876704271462,0.4279787205229433,7,65,0.1076923076923077,0.05315354431925605,0.20601533031468616,3,65,0.046153846153846156,0.01581955358590327,0.12714051706904955,1,65,0.015384615384615385,0.002720874527486622,0.08213479413797146,1,65,0.015384615384615385,0.002720874527486622,0.08213479413797146,1,65,0.015384615384615385,0.002720874527486622,0.08213479413797146,0,65,0.0,0.0,0.055803467670710726,0,65,0.0,0.0,0.055803467670710726,0,65,0.0,0.0,0.055803467670710726,42,65,0.6461538461538462,0.5247488020503202,0.7512471073997797,5,65,0.07692307692307693,0.03330301045885137,0.16776146218559615,16,65,0.24615384615384617,0.1575785436701859,0.36306013991648256,46,65,0.7076923076923077,0.5880373289917318,0.8041673844373576,19,65,0.2923076923076923,0.19583261556264242,0.4119626710082681,0,65,0.0,0.0,0.055803467670710726,0,65,0.0,0.0,0.055803467670710726,0,65,0.0,0.0,0.055803467670710726,32,65,0.49230769230769234,0.37463636042469284,0.6108375390779336,363 0.31; 365 0.25; 331 0.18; 346 0.06,4,56 0.32; 53 0.15; 38 0.12; 37 0.11; 35 0.11,5,unearned income 0.34; shelter deduction 0.31; medical deduction 0.25,"wrong amount, known item 0.49; wrong include/exclude decision 0.31",40,5,26,45,0.8888888888888888,0.7650062450910905,0.9515959956217445,0.1111111111111111,26,0.36619718309859156,71,11298.0
2-3,shelter_expenses_by_hh_size < 622 & total_deductions_by_hh_size >= 466 & utilities < 612,all_2022_24,406,126,214,70,214,0.32710280373831774,0.2677752292921296,0.39252840417365464,34,214,0.1588785046728972,0.1159774784915624,0.21381077131930934,34,214,0.1588785046728972,0.1159774784915624,0.21381077131930934,7,214,0.03271028037383177,0.015933286695002696,0.06596842537468463,12,214,0.056074766355140186,0.032364375030253044,0.09544225143594992,35,214,0.16355140186915887,0.12001048856275102,0.21895874412742383,22,214,0.102803738317757,0.0688739647255747,0.1507424905336595,63,214,0.29439252336448596,0.23738544628785818,0.35865130702280423,68,214,0.3177570093457944,0.25905686404975564,0.38288480365742233,22,214,0.102803738317757,0.0688739647255747,0.1507424905336595,13,214,0.06074766355140187,0.03584108510915189,0.10114652423635419,18,214,0.08411214953271028,0.05386529638353678,0.12902722735848493,9,214,0.04205607476635514,0.0222808279430659,0.07798284988522769,0,214,0.0,0.0,0.017634831914565444,2,214,0.009345794392523364,0.002566652909129337,0.03343014476404236,0,214,0.0,0.0,0.017634831914565444,19,214,0.08878504672897196,0.0575752785097237,0.13449822811160111,128,214,0.5981308411214953,0.531270563509734,0.6615300769556315,29,214,0.13551401869158877,0.0960370416706241,0.18784629374373202,57,214,0.26635514018691586,0.21162816233838233,0.3293226936964613,106,214,0.4953271028037383,0.42901425499715257,0.5618047621235441,98,214,0.45794392523364486,0.3925186135182973,0.5248525405679746,0,214,0.0,0.0,0.017634831914565444,1,214,0.004672897196261682,0.000825336666477253,0.025990478127391317,9,214,0.04205607476635514,0.0222808279430659,0.07798284988522769,70,214,0.32710280373831774,0.2677752292921296,0.39252840417365464,311 0.30; 363 0.16; 323 0.15; 150 0.06; 365 0.06; 331 0.05,6,53 0.16; 38 0.14; 35 0.10; 52 0.10; 99 0.09; 44 0.06; 41 0.06; 56 0.06,8,earned income 0.33; dep care or child support deduction 0.16; shelter deduction 0.16; unearned income 0.16,"wrong include/exclude decision 0.32; wrong amount, known item 0.29; unreported source of income 0.10; other 0.09",104,22,57,126,0.8253968253968254,0.7497644529716708,0.881774283457948,0.1746031746031746,57,0.3114754098360656,183,44746.0
2-3,shelter_expenses_by_hh_size < 622 & total_deductions_by_hh_size >= 466 & utilities < 612,train_2022_23,248,82,137,44,137,0.32116788321167883,0.2487767776546171,0.4033146498781574,25,137,0.18248175182481752,0.12676767353162915,0.2555171059653377,20,137,0.145985401459854,0.09653277294312373,0.2147502570707358,4,137,0.029197080291970802,0.011411340550450556,0.07266609111746575,10,137,0.072992700729927,0.04012818886554231,0.1291513421821027,18,137,0.13138686131386862,0.08474946760988773,0.198132862610729,16,137,0.11678832116788321,0.07317839887053718,0.18130323155683659,30,137,0.21897810218978103,0.15791420021002814,0.29537232877004604,47,137,0.34306569343065696,0.26882511598985337,0.42586736123278557,18,137,0.13138686131386862,0.08474946760988773,0.198132862610729,9,137,0.06569343065693431,0.03494294222088862,0.12013623893013495,11,137,0.08029197080291971,0.04542299711733818,0.1380568838269283,6,137,0.043795620437956206,0.020223886822615784,0.09225424463854343,0,137,0.0,0.0,0.027276032081430486,1,137,0.0072992700729927005,0.0012896313769595533,0.040186750601092384,0,137,0.0,0.0,0.027276032081430486,15,137,0.10948905109489052,0.06748228691188912,0.17279899361886317,78,137,0.5693430656934306,0.4856505024920497,0.6492528215258541,22,137,0.16058394160583941,0.10850322023708403,0.23118050957001846,37,137,0.27007299270072993,0.20274861096279786,0.34994036729362643,63,137,0.45985401459854014,0.37863107916464633,0.5432669964039357,67,137,0.48905109489051096,0.4067917131500425,0.5719077620050255,0,137,0.0,0.0,0.027276032081430486,0,137,0.0,0.0,0.027276032081430486,7,137,0.051094890510948905,0.024967626448697156,0.10171085490908352,42,137,0.30656934306569344,0.2355151585395569,0.3881755691999747,311 0.30; 363 0.15; 323 0.12; 365 0.07; 150 0.07; 331 0.06,6,53 0.21; 38 0.15; 35 0.13; 99 0.11; 52 0.08; 41 0.07,6,earned income 0.32; unearned income 0.18; shelter deduction 0.15; dep care or child support deduction 0.13,"wrong include/exclude decision 0.34; wrong amount, known item 0.22; unreported source of income 0.13; other 0.11",73,9,34,82,0.8902439024390244,0.8043857417083992,0.94117352093349,0.10975609756097561,34,0.29310344827586204,116,27025.0
2-3,shelter_expenses_by_hh_size < 622 & total_deductions_by_hh_size >= 466 & utilities < 612,test_2024,158,44,77,26,77,0.33766233766233766,0.24199766918027013,0.4487556063610354,9,77,0.11688311688311688,0.06272491064586315,0.2074528196316177,14,77,0.18181818181818182,0.11151152010047759,0.28236489996048114,3,77,0.03896103896103896,0.013337708283515264,0.10840159425379228,2,77,0.025974025974025976,0.0071520098481384214,0.08984755473247355,17,77,0.22077922077922077,0.14266286171984086,0.3254327722112046,6,77,0.07792207792207792,0.036200461908799254,0.15975805449859498,33,77,0.42857142857142855,0.32403475215621097,0.5398966890819635,21,77,0.2727272727272727,0.1858435554011884,0.3812110303566392,4,77,0.05194805194805195,0.02038438860493938,0.12609465188906374,4,77,0.05194805194805195,0.02038438860493938,0.12609465188906374,7,77,0.09090909090909091,0.04473514189357164,0.17596311247051816,3,77,0.03896103896103896,0.013337708283515264,0.10840159425379228,0,77,0.0,3.469446951953614e-18,0.047520088667220836,1,77,0.012987012987012988,0.0022961581721549496,0.06996366845176145,0,77,0.0,3.469446951953614e-18,0.047520088667220836,4,77,0.05194805194805195,0.02038438860493938,0.12609465188906374,50,77,0.6493506493506493,0.5379921537263109,0.746514832775688,7,77,0.09090909090909091,0.04473514189357164,0.17596311247051816,20,77,0.2597402597402597,0.17489066479540777,0.3674241830057244,43,77,0.5584415584415584,0.44738036790961955,0.6639484528955104,31,77,0.4025974025974026,0.30021845862969854,0.5142335066950848,0,77,0.0,3.469446951953614e-18,0.047520088667220836,1,77,0.012987012987012988,0.0022961581721549496,0.06996366845176145,2,77,0.025974025974025976,0.0071520098481384214,0.08984755473247355,28,77,0.36363636363636365,0.26505270593089814,0.47518004552379856,311 0.30; 323 0.21; 363 0.18; 150 0.04; 364 0.04,5,56 0.16; 52 0.14; 38 0.10; 44 0.08; 57 0.08; 53 0.06; 99 0.05; 35 0.05; 41 0.04,9,earned income 0.34; dep care or child support deduction 0.22; shelter deduction 0.18; unearned income 0.12,"wrong amount, known item 0.43; wrong include/exclude decision 0.27; change in circumstances 0.09",31,13,23,44,0.7045454545454546,0.5577952061434273,0.818446391127567,0.29545454545454547,23,0.34328358208955223,67,17721.0
2-3,elderly_disabled_i >   0.50 & shelter_expenses_by_hh_size <= 676.00 & unc_rawben_rel_max >   1.59,all_2022_24,80,41,64,4,64,0.0625,0.024570803674792932,0.14997696642496888,39,64,0.609375,0.486916942944024,0.7194461145310355,12,64,0.1875,0.11064534880922097,0.29974591554775176,1,64,0.015625,0.0027634707504014047,0.08334298900290629,7,64,0.109375,0.054000447526830544,0.20898863291938535,0,64,0.0,0.0,0.056626022971156334,1,64,0.015625,0.0027634707504014047,0.08334298900290629,17,64,0.265625,0.17296238569537764,0.38483106257235195,27,64,0.421875,0.3086959366145158,0.5439018794747275,9,64,0.140625,0.07578487006414436,0.24616508394637426,0,64,0.0,0.0,0.056626022971156334,1,64,0.015625,0.0027634707504014047,0.08334298900290629,3,64,0.046875,0.016068725432185196,0.12899860788542522,0,64,0.0,0.0,0.056626022971156334,0,64,0.0,0.0,0.056626022971156334,0,64,0.0,0.0,0.056626022971156334,7,64,0.109375,0.054000447526830544,0.20898863291938535,37,64,0.578125,0.4560981205252726,0.6913040633854843,4,64,0.0625,0.024570803674792932,0.14997696642496888,23,64,0.359375,0.2528823053221461,0.48179376363849163,41,64,0.640625,0.5182062363615084,0.7471176946778538,19,64,0.296875,0.19904999589075245,0.4177043259412798,0,64,0.0,0.0,0.056626022971156334,1,64,0.015625,0.0027634707504014047,0.08334298900290629,3,64,0.046875,0.016068725432185196,0.12899860788542522,31,64,0.484375,0.36633348565783896,0.6041860775600096,331 0.27; 363 0.19; 333 0.11; 365 0.11; 342 0.08,5,37 0.25; 38 0.20; 35 0.14; 99 0.11; 53 0.11,5,unearned income 0.61; shelter deduction 0.19,"wrong include/exclude decision 0.42; wrong amount, known item 0.27; unreported source of income 0.14",41,0,3,41,1.0,0.9143295511310926,1.0,0.0,3,0.06818181818181818,44,19553.0
2-3,elderly_disabled_i >   0.50 & shelter_expenses_by_hh_size <= 676.00 & unc_rawben_rel_max >   1.59,train_2022_23,60,32,44,3,44,0.06818181818181818,0.023458970172840127,0.1822532133661719,28,44,0.6363636363636364,0.48866107278891047,0.7621666587250857,7,44,0.1590909090909091,0.07926576557718398,0.29366490563782555,1,44,0.022727272727272728,0.004023148385637013,0.11807979131537633,4,44,0.09090909090909091,0.035921611478836546,0.21159519397917487,0,44,0.0,6.938893903907228e-18,0.08029831778201396,1,44,0.022727272727272728,0.004023148385637013,0.11807979131537633,11,44,0.25,0.14574066080685744,0.39440849808414946,18,44,0.4090909090909091,0.2768764387900683,0.5559050735339343,7,44,0.1590909090909091,0.07926576557718398,0.29366490563782555,0,44,0.0,6.938893903907228e-18,0.08029831778201396,1,44,0.022727272727272728,0.004023148385637013,0.11807979131537633,3,44,0.06818181818181818,0.023458970172840127,0.1822532133661719,0,44,0.0,6.938893903907228e-18,0.08029831778201396,0,44,0.0,6.938893903907228e-18,0.08029831778201396,0,44,0.0,6.938893903907228e-18,0.08029831778201396,4,44,0.09090909090909091,0.035921611478836546,0.21159519397917487,29,44,0.6590909090909091,0.5113886797193951,0.7812436737136005,4,44,0.09090909090909091,0.035921611478836546,0.21159519397917487,11,44,0.25,0.14574066080685744,0.39440849808414946,29,44,0.6590909090909091,0.5113886797193951,0.7812436737136005,13,44,0.29545454545454547,0.18155360887243294,0.4422047938565727,0,44,0.0,6.938893903907228e-18,0.08029831778201396,0,44,0.0,6.938893903907228e-18,0.08029831778201396,2,44,0.045454545454545456,0.012554846366981079,0.15135271525303162,21,44,0.4772727272727273,0.3375475794427176,0.620647798638283,331 0.27; 363 0.16; 333 0.14; 342 0.09; 365 0.09,5,37 0.25; 38 0.25; 35 0.16; 53 0.14,4,unearned income 0.64; shelter deduction 0.16,"wrong include/exclude decision 0.41; wrong amount, known item 0.25; unreported source of income 0.16",32,0,3,32,1.0,0.8928172849426366,1.0,0.0,3,0.08571428571428572,35,11548.0
2-3,elderly_disabled_i >   0.50 & shelter_expenses_by_hh_size <= 676.00 & unc_rawben_rel_max >   1.59,test_2024,20,9,20,1,20,0.05,0.008881219432873136,0.23613589351256675,11,20,0.55,0.3420820083075997,0.7418049791429071,5,20,0.25,0.11186005278940309,0.4687050099580636,0,20,0.0,0.0,0.16113012549493322,3,20,0.15,0.05236779195949584,0.36042329588695743,0,20,0.0,0.0,0.16113012549493322,0,20,0.0,0.0,0.16113012549493322,6,20,0.3,0.14547527396899385,0.5189767762289793,9,20,0.45,0.25819502085709295,0.6579179916924003,2,20,0.1,0.027865893984153206,0.30103820641179335,0,20,0.0,0.0,0.16113012549493322,0,20,0.0,0.0,0.16113012549493322,0,20,0.0,0.0,0.16113012549493322,0,20,0.0,0.0,0.16113012549493322,0,20,0.0,0.0,0.16113012549493322,0,20,0.0,0.0,0.16113012549493322,3,20,0.15,0.05236779195949584,0.36042329588695743,8,20,0.4,0.21880396741419272,0.613422057684794,0,20,0.0,0.0,0.16113012549493322,12,20,0.6,0.3865779423152061,0.7811960325858074,12,20,0.6,0.3865779423152061,0.7811960325858074,6,20,0.3,0.14547527396899385,0.5189767762289793,0,20,0.0,0.0,0.16113012549493322,1,20,0.05,0.008881219432873136,0.23613589351256675,1,20,0.05,0.008881219432873136,0.23613589351256675,10,20,0.5,0.2992949144298199,0.7007050855701801,363 0.25; 331 0.25; 365 0.15; 346 0.15,4,37 0.25; 99 0.15; 57 0.10; 35 0.10; 38 0.10; 52 0.10,6,unearned income 0.55; shelter deduction 0.25,"wrong include/exclude decision 0.45; wrong amount, known item 0.30",9,0,0,9,1.0,0.7008472464490407,1.0,0.0,0,0.0,9,8005.0
1,rawben_rel_max <=   0.994 & total_deductions_by_hh_size > 534.000 & unc_rawben_rel_max >   0.987 & utilities <= 466.000,all_2022_24,257,129,186,3,186,0.016129032258064516,0.005500129644394957,0.0463409842105241,12,186,0.06451612903225806,0.03728732537679359,0.10936967709263358,123,186,0.6612903225806451,0.5906233578270158,0.7254296042213445,35,186,0.1881720430107527,0.13852583163190002,0.25043844174127006,12,186,0.06451612903225806,0.03728732537679359,0.10936967709263358,0,186,0.0,0.0,0.02023581765008302,1,186,0.005376344086021506,0.0009496635866061438,0.029821252798422224,40,186,0.21505376344086022,0.16209026292148496,0.27954950412641183,105,186,0.5645161290322581,0.4926667714953314,0.6337544133240127,2,186,0.010752688172043012,0.0029536830046733957,0.038352332115300314,0,186,0.0,0.0,0.02023581765008302,18,186,0.0967741935483871,0.062092570930009666,0.14777502394908956,5,186,0.026881720430107527,0.011535565724066332,0.06137574560074341,3,186,0.016129032258064516,0.005500129644394957,0.0463409842105241,0,186,0.0,0.0,0.02023581765008302,0,186,0.0,0.0,0.02023581765008302,13,186,0.06989247311827956,0.04129682156306809,0.1158952796413044,120,186,0.6451612903225806,0.5740976414684602,0.710350024375064,21,186,0.11290322580645161,0.07504071649889243,0.1664321745850428,45,186,0.24193548387096775,0.1860137466172952,0.30830151410532836,87,186,0.46774193548387094,0.39741355505347903,0.539375852536849,96,186,0.5161290322580645,0.44471258776651124,0.5868927084383249,1,186,0.005376344086021506,0.0009496635866061438,0.029821252798422224,0,186,0.0,0.0,0.02023581765008302,2,186,0.010752688172043012,0.0029536830046733957,0.038352332115300314,50,186,0.26881720430107525,0.21025514771656045,0.3367356066807898,363 0.66; 364 0.19,2,53 0.53; 56 0.16; 64 0.09,3,shelter deduction 0.66; utility allowance 0.19,"wrong include/exclude decision 0.56; wrong amount, known item 0.22",129,0,128,129,1.0,0.9710813480114663,0.9999999999999999,0.0,128,0.4980544747081712,257,29590.0
1,rawben_rel_max <=   0.994 & total_deductions_by_hh_size > 534.000 & unc_rawben_rel_max >   0.987 & utilities <= 466.000,train_2022_23,164,77,106,1,106,0.009433962264150943,0.0016672287844913501,0.05151480789377989,8,106,0.07547169811320754,0.03873637400565599,0.14190192696592488,72,106,0.6792452830188679,0.5854599372180149,0.7604927801495398,18,106,0.16981132075471697,0.110198735828486,0.25251994270496575,6,106,0.05660377358490566,0.026197262538493485,0.11802496292071323,0,106,0.0,0.0,0.034973998922084165,1,106,0.009433962264150943,0.0016672287844913501,0.05151480789377989,3,106,0.02830188679245283,0.009671108644619023,0.07992700354602641,78,106,0.7358490566037735,0.6447384301544464,0.8104625137502307,1,106,0.009433962264150943,0.0016672287844913501,0.05151480789377989,0,106,0.0,0.0,0.034973998922084165,7,106,0.0660377358490566,0.0323537353402859,0.13007652787510787,4,106,0.03773584905660377,0.014770608109942171,0.09303554183689035,2,106,0.018867924528301886,0.005189500019088127,0.0662005744153702,0,106,0.0,0.0,0.034973998922084165,0,106,0.0,0.0,0.034973998922084165,11,106,0.10377358490566038,0.05893898061424893,0.17632343362589323,73,106,0.6886792452830188,0.595235830212175,0.7689249249115668,14,106,0.1320754716981132,0.08033131841647077,0.20955520909223263,19,106,0.1792452830188679,0.11786105495852324,0.26306566133111564,49,106,0.46226415094339623,0.37033458798877916,0.5568332609864725,56,106,0.5283018867924528,0.4339500438390183,0.620674069429543,1,106,0.009433962264150943,0.0016672287844913501,0.05151480789377989,0,106,0.0,0.0,0.034973998922084165,0,106,0.0,0.0,0.034973998922084165,32,106,0.3018867924528302,0.22268303619470348,0.39494817092536755,363 0.68; 364 0.17,2,53 0.68; 99 0.10,2,shelter deduction 0.68; utility allowance 0.17,wrong include/exclude decision 0.74; other 0.10,77,0,76,77,1.0,0.9524799113327793,1.0,0.0,76,0.49673202614379086,153,16192.0
1,rawben_rel_max <=   0.994 & total_deductions_by_hh_size > 534.000 & unc_rawben_rel_max >   0.987 & utilities <= 466.000,test_2024,93,52,80,2,80,0.025,0.006882748898125228,0.08664600055322111,4,80,0.05,0.01961323712729557,0.121624525510822,51,80,0.6375,0.5281059097698362,0.7342936627574055,17,80,0.2125,0.13712274217035494,0.3142236061817758,6,80,0.075,0.03482477485108787,0.15412200097380097,0,80,0.0,0.0,0.0458197362645751,0,80,0.0,0.0,0.0458197362645751,37,80,0.4625,0.3574781238878701,0.5709583563319731,27,80,0.3375,0.24345459812221978,0.44643681616376707,1,80,0.0125,0.002209918618306224,0.06746432423965451,0,80,0.0,0.0,0.0458197362645751,11,80,0.1375,0.07854633679551142,0.22967297199630554,1,80,0.0125,0.002209918618306224,0.06746432423965451,1,80,0.0125,0.002209918618306224,0.06746432423965451,0,80,0.0,0.0,0.0458197362645751,0,80,0.0,0.0,0.0458197362645751,2,80,0.025,0.006882748898125228,0.08664600055322111,47,80,0.5875,0.4780384112688303,0.6889431348848691,7,80,0.0875,0.04303145464743989,0.1697698277708346,26,80,0.325,0.2324401249422747,0.43359678275032654,38,80,0.475,0.3692454986165162,0.5830454881967124,40,80,0.5,0.392972274311075,0.607027725688925,0,80,0.0,0.0,0.0458197362645751,0,80,0.0,0.0,0.0458197362645751,2,80,0.025,0.006882748898125228,0.08664600055322111,18,80,0.225,0.1473309016978239,0.3278699532476924,363 0.64; 364 0.21,2,56 0.38; 53 0.33; 64 0.14,3,shelter deduction 0.64; utility allowance 0.21,"wrong amount, known item 0.46; wrong include/exclude decision 0.34",52,0,52,52,1.0,0.9312054095871178,1.0,0.0,52,0.5,104,13398.0
1,rawben_rel_max >   0.998 & shelter_expenses_by_hh_size <= 942.000 & unc_rawben_rel_max >   1.930 & utilities <= 680.000,all_2022_24,242,107,164,18,164,0.10975609756097561,0.07056134422160837,0.16681484856969012,96,164,0.5853658536585366,0.5088527058857039,0.6579712519411994,25,164,0.1524390243902439,0.10543523002808428,0.21535294167666588,6,164,0.036585365853658534,0.016873104917696027,0.07751112402197088,5,164,0.03048780487804878,0.013091251114609858,0.06937698083742111,4,164,0.024390243902439025,0.00952468414578959,0.061027550818605406,10,164,0.06097560975609756,0.033454199348097076,0.1085940175421137,39,164,0.23780487804878048,0.17911762598154607,0.30849450355010755,71,164,0.4329268292682927,0.3594856958150511,0.5094383373209533,18,164,0.10975609756097561,0.07056134422160837,0.16681484856969012,1,164,0.006097560975609756,0.0010771536693771344,0.03372709033210999,9,164,0.054878048780487805,0.02913661404064767,0.10099560586192714,4,164,0.024390243902439025,0.00952468414578959,0.061027550818605406,4,164,0.024390243902439025,0.00952468414578959,0.061027550818605406,4,164,0.024390243902439025,0.00952468414578959,0.061027550818605406,0,164,0.0,0.0,0.022888247013851153,14,164,0.08536585365853659,0.05153006658636118,0.13818213825439346,67,164,0.40853658536585363,0.3362326347636318,0.4850274104218287,16,164,0.0975609756097561,0.06094644196394342,0.15259775685208313,81,164,0.49390243902439024,0.41840318712886326,0.5696808158835007,115,164,0.7012195121951219,0.6272126244070566,0.7660152761849301,42,164,0.25609756097560976,0.19541060375812164,0.32794951673643985,2,164,0.012195121951219513,0.0033506679012033427,0.043369573087919736,0,164,0.0,0.0,0.022888247013851153,5,164,0.03048780487804878,0.013091251114609858,0.06937698083742111,85,164,0.5182926829268293,0.4422791667168089,0.593468824246099,331 0.44; 363 0.15; 311 0.10; 333 0.10,4,37 0.26; 38 0.20; 35 0.11; 53 0.09; 99 0.09; 52 0.07,6,unearned income 0.59; shelter deduction 0.15; earned income 0.11,"wrong include/exclude decision 0.43; wrong amount, known item 0.24; unreported source of income 0.11",107,0,1,107,1.0,0.9653415324210404,1.0,0.0,1,0.009259259259259259,108,26533.0
1,rawben_rel_max >   0.998 & shelter_expenses_by_hh_size <= 942.000 & unc_rawben_rel_max >   1.930 & utilities <= 680.000,train_2022_23,191,82,122,13,122,0.10655737704918032,0.06333639360136176,0.1737998157284624,75,122,0.6147540983606558,0.5261504993162165,0.6963514396292514,17,122,0.13934426229508196,0.08885390678425231,0.2118542851014198,4,122,0.03278688524590164,0.012822391019358004,0.08127685755980818,4,122,0.03278688524590164,0.012822391019358004,0.08127685755980818,1,122,0.00819672131147541,0.0014483536709422769,0.04497190799133792,8,122,0.06557377049180328,0.03359846614270725,0.12407276499230693,29,122,0.23770491803278687,0.17090769515915238,0.3205164443940637,49,122,0.4016393442622951,0.3189362104743908,0.49034784185806524,14,122,0.11475409836065574,0.06959852436764669,0.18343068060113943,1,122,0.00819672131147541,0.0014483536709422769,0.04497190799133792,7,122,0.05737704918032787,0.028068085045679897,0.11371015045037228,4,122,0.03278688524590164,0.012822391019358004,0.08127685755980818,3,122,0.02459016393442623,0.008397468237782701,0.0698087847024215,2,122,0.01639344262295082,0.0045071521687355225,0.05780610513250667,0,122,0.0,0.0,0.0305272660233182,13,122,0.10655737704918032,0.06333639360136176,0.1737998157284624,41,122,0.3360655737704918,0.2583871775955705,0.4237529096251895,14,122,0.11475409836065574,0.06959852436764669,0.18343068060113943,67,122,0.5491803278688525,0.46072938030349786,0.6346285935302741,82,122,0.6721311475409836,0.5846880613871898,0.7490648470310121,33,122,0.27049180327868855,0.1995691795923129,0.3554269425167512,2,122,0.01639344262295082,0.0045071521687355225,0.05780610513250667,0,122,0.0,0.0,0.0305272660233182,5,122,0.040983606557377046,0.017630459445038327,0.09236178477308984,65,122,0.5327868852459017,0.4446080003691328,0.6189639821867152,331 0.47; 363 0.14; 311 0.11; 333 0.09,4,37 0.25; 38 0.21; 53 0.11; 35 0.11; 99 0.11,5,unearned income 0.61; shelter deduction 0.14,"wrong include/exclude decision 0.40; wrong amount, known item 0.24; unreported source of income 0.11",82,0,1,82,1.0,0.9552478052599207,1.0,0.0,1,0.012048192771084338,83,19036.0
1,rawben_rel_max >   0.998 & shelter_expenses_by_hh_size <= 942.000 & unc_rawben_rel_max >   1.930 & utilities <= 680.000,test_2024,51,25,42,5,42,0.11904761904761904,0.05193726765019084,0.2500068180710754,21,42,0.5,0.3552574591652803,0.6447425408347197,8,42,0.19047619047619047,0.09981889609856436,0.33301067354996444,2,42,0.047619047619047616,0.013157248639206365,0.1579013531547973,1,42,0.023809523809523808,0.00421529549910029,0.12321481165248252,3,42,0.07142857142857142,0.024589963551172864,0.19009713288525165,2,42,0.047619047619047616,0.013157248639206365,0.1579013531547973,10,42,0.23809523809523808,0.13480820811018188,0.38527835082318873,22,42,0.5238095238095238,0.3772221394020704,0.6664063552403504,4,42,0.09523809523809523,0.0376616388283121,0.2206539522505333,0,42,0.0,0.0,0.08380161250916197,2,42,0.047619047619047616,0.013157248639206365,0.1579013531547973,0,42,0.0,0.0,0.08380161250916197,1,42,0.023809523809523808,0.00421529549910029,0.12321481165248252,2,42,0.047619047619047616,0.013157248639206365,0.1579013531547973,0,42,0.0,0.0,0.08380161250916197,1,42,0.023809523809523808,0.00421529549910029,0.12321481165248252,26,42,0.6190476190476191,0.46813768219996377,0.7500047910121407,2,42,0.047619047619047616,0.013157248639206365,0.1579013531547973,14,42,0.3333333333333333,0.2101228076197232,0.4844777298833308,33,42,0.7857142857142857,0.6405986210195627,0.8829433146894876,9,42,0.21428571428571427,0.11705668531051237,0.3594013789804373,0,42,0.0,0.0,0.08380161250916197,0,42,0.0,0.0,0.08380161250916197,0,42,0.0,0.0,0.08380161250916197,20,42,0.47619047619047616,0.3335936447596496,0.6227778605979295,331 0.36; 363 0.19; 333 0.12; 311 0.10,4,37 0.29; 52 0.19; 38 0.14; 35 0.10; 57 0.07,5,unearned income 0.50; shelter deduction 0.19; earned income 0.12,"wrong include/exclude decision 0.52; wrong amount, known item 0.24",25,0,0,25,1.0,0.8668035060468213,1.0,0.0,0,0.0,25,7497.0
4+,count_divisible_by_100 >   1.5 & HH_size_n <=   4.5 & months_since_cert_n <=  10.5 & utilities <= 588.0,all_2022_24,49,21,31,14,31,0.45161290322580644,0.29161482836586106,0.6222812039633085,5,31,0.16129032258064516,0.07092519905439934,0.3263470272497887,6,31,0.1935483870967742,0.09186883586347633,0.36280603555459856,2,31,0.06451612903225806,0.017874407775063147,0.20718988318746434,0,31,0.0,0.0,0.11025900073475385,2,31,0.06451612903225806,0.017874407775063147,0.20718988318746434,2,31,0.06451612903225806,0.017874407775063147,0.20718988318746434,8,31,0.25806451612903225,0.1370154373686976,0.432464724277151,8,31,0.25806451612903225,0.1370154373686976,0.432464724277151,6,31,0.1935483870967742,0.09186883586347633,0.36280603555459856,2,31,0.06451612903225806,0.017874407775063147,0.20718988318746434,1,31,0.03225806451612903,0.00571707408694444,0.16194457176169622,2,31,0.06451612903225806,0.017874407775063147,0.20718988318746434,0,31,0.0,0.0,0.11025900073475385,0,31,0.0,0.0,0.11025900073475385,0,31,0.0,0.0,0.11025900073475385,4,31,0.12903225806451613,0.05134201164644764,0.28852756954385356,20,31,0.6451612903225806,0.469476380428149,0.7888355225843418,3,31,0.0967741935483871,0.03346403609464399,0.2490028999817704,8,31,0.25806451612903225,0.1370154373686976,0.432464724277151,14,31,0.45161290322580644,0.29161482836586106,0.6222812039633085,17,31,0.5483870967741935,0.37771879603669134,0.7083851716341388,0,31,0.0,0.0,0.11025900073475385,0,31,0.0,0.0,0.11025900073475385,0,31,0.0,0.0,0.11025900073475385,9,31,0.2903225806451613,0.1609562071843287,0.4659265995754067,311 0.39; 363 0.19; 364 0.06; 312 0.06; 323 0.06,5,35 0.19; 53 0.16; 38 0.13; 99 0.13; 44 0.10; 52 0.06,6,earned income 0.45; shelter deduction 0.19; unearned income 0.16,"wrong include/exclude decision 0.26; wrong amount, known item 0.26; unreported source of income 0.19; other 0.13",14,7,6,21,0.6666666666666666,0.45373075657210293,0.8280546356731631,0.3333333333333333,6,0.2222222222222222,27,6400.0
4+,count_divisible_by_100 >   1.5 & HH_size_n <=   4.5 & months_since_cert_n <=  10.5 & utilities <= 588.0,train_2022_23,33,17,27,13,27,0.48148148148148145,0.3074295064970908,0.6601467541378958,4,27,0.14814814814814814,0.059158318596448906,0.32479063346829484,5,27,0.18518518518518517,0.0818058657428532,0.36699056505191746,2,27,0.07407407407407407,0.020554221697383523,0.2336997729073062,0,27,0.0,6.938893903907228e-18,0.12455903714463581,2,27,0.07407407407407407,0.020554221697383523,0.2336997729073062,1,27,0.037037037037037035,0.006567976533097597,0.1828385393415652,8,27,0.2962962962962963,0.15852853317647564,0.4848103338083759,7,27,0.25925925925925924,0.13170208422866778,0.4467893040261568,5,27,0.18518518518518517,0.0818058657428532,0.36699056505191746,1,27,0.037037037037037035,0.006567976533097597,0.1828385393415652,1,27,0.037037037037037035,0.006567976533097597,0.1828385393415652,2,27,0.07407407407407407,0.020554221697383523,0.2336997729073062,0,27,0.0,6.938893903907228e-18,0.12455903714463581,0,27,0.0,6.938893903907228e-18,0.12455903714463581,0,27,0.0,6.938893903907228e-18,0.12455903714463581,3,27,0.1111111111111111,0.03851964789498724,0.2805818254397295,18,27,0.6666666666666666,0.47824419872105484,0.8135694555640665,2,27,0.07407407407407407,0.020554221697383523,0.2336997729073062,7,27,0.25925925925925924,0.13170208422866778,0.4467893040261568,12,27,0.4444444444444444,0.2758559767007283,0.6268728052042312,15,27,0.5555555555555556,0.37312719479576884,0.7241440232992717,0,27,0.0,6.938893903907228e-18,0.12455903714463581,0,27,0.0,6.938893903907228e-18,0.12455903714463581,0,27,0.0,6.938893903907228e-18,0.12455903714463581,7,27,0.25925925925925924,0.13170208422866778,0.4467893040261568,311 0.41; 363 0.19; 364 0.07; 312 0.07; 323 0.07,5,53 0.19; 35 0.19; 38 0.15; 99 0.11; 44 0.11; 52 0.07,6,earned income 0.48; shelter deduction 0.19; unearned income 0.15,"wrong amount, known item 0.30; wrong include/exclude decision 0.26; unreported source of income 0.19; other 0.11",11,6,4,17,0.6470588235294118,0.4129996672121182,0.826905138560951,0.35294117647058826,4,0.19047619047619047,21,5212.0
4+,count_divisible_by_100 >   1.5 & HH_size_n <=   4.5 & months_since_cert_n <=  10.5 & utilities <= 588.0,test_2024,16,4,4,1,4,0.25,0.045586062644636216,0.6993639475573634,1,4,0.25,0.045586062644636216,0.6993639475573634,1,4,0.25,0.045586062644636216,0.6993639475573634,0,4,0.0,0.0,0.48990002040399916,0,4,0.0,0.0,0.48990002040399916,0,4,0.0,0.0,0.48990002040399916,1,4,0.25,0.045586062644636216,0.6993639475573634,0,4,0.0,0.0,0.48990002040399916,1,4,0.25,0.045586062644636216,0.6993639475573634,1,4,0.25,0.045586062644636216,0.6993639475573634,1,4,0.25,0.045586062644636216,0.6993639475573634,0,4,0.0,0.0,0.48990002040399916,0,4,0.0,0.0,0.48990002040399916,0,4,0.0,0.0,0.48990002040399916,0,4,0.0,0.0,0.48990002040399916,0,4,0.0,0.0,0.48990002040399916,1,4,0.25,0.045586062644636216,0.6993639475573634,2,4,0.5,0.15003570882017148,0.8499642911798285,1,4,0.25,0.045586062644636216,0.6993639475573634,1,4,0.25,0.045586062644636216,0.6993639475573634,2,4,0.5,0.15003570882017148,0.8499642911798285,2,4,0.5,0.15003570882017148,0.8499642911798285,0,4,0.0,0.0,0.48990002040399916,0,4,0.0,0.0,0.48990002040399916,0,4,0.0,0.0,0.48990002040399916,2,4,0.5,0.15003570882017148,0.8499642911798285,150 0.25; 336 0.25; 311 0.25,3,7 0.25; 35 0.25; 33 0.25,3,other element 0.25; unearned income 0.25; earned income 0.25,household composition 0.25; unreported source of income 0.25; wrong include/exclude decision 0.25,3,1,2,4,0.75,0.3006360524426366,0.9544139373553637,0.25,2,0.3333333333333333,6,1188.0
4+,expedited_i >   0.500 & months_since_cert_n >   5.500 & unc_rawben_rel_max <=   0.912 & utilities <= 356.000,all_2022_24,46,18,30,9,30,0.3,0.16664562643958933,0.4787612101166018,6,30,0.2,0.09504978102401235,0.37306047381027446,5,30,0.16666666666666666,0.07336434240351683,0.33564705185680177,4,30,0.13333333333333333,0.05309569424218104,0.2968168394441695,0,30,0.0,0.0,0.113517091390478,1,30,0.03333333333333333,0.0059084379948573795,0.16670751396958874,5,30,0.16666666666666666,0.07336434240351683,0.33564705185680177,7,30,0.23333333333333334,0.11792239210501232,0.40928672330324267,8,30,0.26666666666666666,0.14182495553910618,0.4444830204431169,1,30,0.03333333333333333,0.0059084379948573795,0.16670751396958874,3,30,0.1,0.03459925995971615,0.25621441315266624,5,30,0.16666666666666666,0.07336434240351683,0.33564705185680177,2,30,0.06666666666666667,0.01847663532769335,0.21323817721072091,0,30,0.0,0.0,0.113517091390478,0,30,0.0,0.0,0.113517091390478,1,30,0.03333333333333333,0.0059084379948573795,0.16670751396958874,3,30,0.1,0.03459925995971615,0.25621441315266624,9,30,0.3,0.16664562643958933,0.4787612101166018,3,30,0.1,0.03459925995971615,0.25621441315266624,18,30,0.6,0.42320052498273836,0.7540960567391659,19,30,0.6333333333333333,0.45513246433604937,0.7812629779598231,10,30,0.3333333333333333,0.19230295526846194,0.5122027418616973,1,30,0.03333333333333333,0.0059084379948573795,0.16670751396958874,0,30,0.0,0.0,0.113517091390478,0,30,0.0,0.0,0.113517091390478,15,30,0.5,0.33153851227173764,0.6684614877282624,311 0.30; 363 0.17; 364 0.13; 150 0.10; 334 0.07,5,44 0.13; 53 0.13; 64 0.10; 38 0.10; 52 0.10; 99 0.10; 39 0.07; 6 0.03,8,earned income 0.30; unearned income 0.20; shelter deduction 0.17; other element 0.17,"wrong include/exclude decision 0.27; wrong amount, known item 0.23; change in circumstances 0.17; household composition 0.10",10,8,7,18,0.5555555555555556,0.3371606942825164,0.7544076889861088,0.4444444444444444,7,0.28,25,6714.0
4+,expedited_i >   0.500 & months_since_cert_n >   5.500 & unc_rawben_rel_max <=   0.912 & utilities <= 356.000,train_2022_23,33,17,29,9,29,0.3103448275862069,0.17275424489768068,0.49230470472718546,5,29,0.1724137931034483,0.07597745271479928,0.34548800572815114,5,29,0.1724137931034483,0.07597745271479928,0.34548800572815114,4,29,0.13793103448275862,0.05497350852047822,0.30559357712699325,0,29,0.0,0.0,0.11697359446555587,1,29,0.034482758620689655,0.006113056614032261,0.1717589106470025,5,29,0.1724137931034483,0.07597745271479928,0.34548800572815114,7,29,0.2413793103448276,0.12218268185062131,0.4210795221832869,8,29,0.27586206896551724,0.1469858133850274,0.4571747634443597,1,29,0.034482758620689655,0.006113056614032261,0.1717589106470025,3,29,0.10344827586206896,0.035814240381301043,0.26385447247069155,5,29,0.1724137931034483,0.07597745271479928,0.34548800572815114,2,29,0.06896551724137931,0.019120864097994433,0.21964947595851925,0,29,0.0,0.0,0.11697359446555587,0,29,0.0,0.0,0.11697359446555587,0,29,0.0,0.0,0.11697359446555587,3,29,0.10344827586206896,0.035814240381301043,0.26385447247069155,9,29,0.3103448275862069,0.17275424489768068,0.49230470472718546,3,29,0.10344827586206896,0.035814240381301043,0.26385447247069155,17,29,0.5862068965517241,0.40737528478515245,0.7448706472035449,18,29,0.6206896551724138,0.4400222620928496,0.7731220426913266,10,29,0.3448275862068966,0.19940508749190483,0.5265522349284402,1,29,0.034482758620689655,0.006113056614032261,0.1717589106470025,0,29,0.0,0.0,0.11697359446555587,0,29,0.0,0.0,0.11697359446555587,14,29,0.4827586206896552,0.3138581933079522,0.6556926202943085,311 0.31; 363 0.17; 364 0.14; 150 0.10; 334 0.07,5,44 0.14; 53 0.14; 64 0.10; 38 0.10; 52 0.10; 99 0.10; 39 0.07,7,earned income 0.31; shelter deduction 0.17; unearned income 0.17; other element 0.17,"wrong include/exclude decision 0.28; wrong amount, known item 0.24; change in circumstances 0.17; household composition 0.10",10,7,7,17,0.5882352941176471,0.36005074385515545,0.7838921396086862,0.4117647058823529,7,0.2916666666666667,24,6645.0
4+,expedited_i >   0.500 & months_since_cert_n >   5.500 & unc_rawben_rel_max <=   0.912 & utilities <= 356.000,test_2024,13,1,1,0,1,0.0,0.0,0.7934567085261071,1,1,1.0,0.20654329147389294,1.0,0,1,0.0,0.0,0.7934567085261071,0,1,0.0,0.0,0.7934567085261071,0,1,0.0,0.0,0.7934567085261071,0,1,0.0,0.0,0.7934567085261071,0,1,0.0,0.0,0.7934567085261071,0,1,0.0,0.0,0.7934567085261071,0,1,0.0,0.0,0.7934567085261071,0,1,0.0,0.0,0.7934567085261071,0,1,0.0,0.0,0.7934567085261071,0,1,0.0,0.0,0.7934567085261071,0,1,0.0,0.0,0.7934567085261071,0,1,0.0,0.0,0.7934567085261071,0,1,0.0,0.0,0.7934567085261071,1,1,1.0,0.20654329147389294,1.0,0,1,0.0,0.0,0.7934567085261071,0,1,0.0,0.0,0.7934567085261071,0,1,0.0,0.0,0.7934567085261071,1,1,1.0,0.20654329147389294,1.0,1,1,1.0,0.20654329147389294,1.0,0,1,0.0,0.0,0.7934567085261071,0,1,0.0,0.0,0.7934567085261071,0,1,0.0,0.0,0.7934567085261071,0,1,0.0,0.0,0.7934567085261071,1,1,1.0,0.20654329147389294,1.0,350 1.00,1,111 1.00,1,unearned income 1.00,child support handling 1.00,0,1,0,1,0.0,0.0,0.7934567085261071,1.0,0,0.0,1,69.0
4+,HH_size_n >=   5 & shelter_expenses_by_hh_size < 293 & total_deductions_by_hh_size >= 212,all_2022_24,176,72,117,36,117,0.3076923076923077,0.2312874201915981,0.39632426320220016,20,117,0.17094017094017094,0.11346914397542025,0.24933306983174552,16,117,0.13675213675213677,0.08596023421342294,0.21063961219708474,4,117,0.03418803418803419,0.013373625444339232,0.08461911877619409,1,117,0.008547008547008548,0.0015103146975802076,0.04683065397545954,33,117,0.28205128205128205,0.2084473173817141,0.3695125904645905,7,117,0.05982905982905983,0.029280101993339018,0.1183644177746879,41,117,0.3504273504273504,0.26998261263996287,0.44038202999965786,41,117,0.3504273504273504,0.26998261263996287,0.44038202999965786,10,117,0.08547008547008547,0.04708697489506693,0.15020932042045354,5,117,0.042735042735042736,0.018389559879770763,0.0961537761899271,5,117,0.042735042735042736,0.018389559879770763,0.0961537761899271,6,117,0.05128205128205128,0.023712055277476288,0.10738187264138609,1,117,0.008547008547008548,0.0015103146975802076,0.04683065397545954,0,117,0.0,0.0,0.03179037682387522,1,117,0.008547008547008548,0.0015103146975802076,0.04683065397545954,7,117,0.05982905982905983,0.029280101993339018,0.1183644177746879,87,117,0.7435897435897436,0.6576075278949651,0.8140843398062239,6,117,0.05128205128205128,0.023712055277476288,0.10738187264138609,24,117,0.20512820512820512,0.14189847337772168,0.28710610782610213,66,117,0.5641025641025641,0.473627646052293,0.6505017928164409,48,117,0.41025641025641024,0.3253614764570401,0.5008573091267323,1,117,0.008547008547008548,0.0015103146975802076,0.04683065397545954,0,117,0.0,0.0,0.03179037682387522,2,117,0.017094017094017096,0.004700284108284717,0.06019127641391957,52,117,0.4444444444444444,0.35759570763975296,0.5348254453406776,311 0.28; 323 0.18; 363 0.14; 366 0.10; 350 0.08,5,38 0.21; 52 0.17; 53 0.15; 35 0.09; 44 0.07; 99 0.06,6,earned income 0.31; dep care or child support deduction 0.28; unearned income 0.17,"wrong include/exclude decision 0.35; wrong amount, known item 0.35; unreported source of income 0.09",60,12,32,72,0.8333333333333334,0.730890790978952,0.9020072491467838,0.16666666666666666,32,0.3076923076923077,104,27862.0
4+,HH_size_n >=   5 & shelter_expenses_by_hh_size < 293 & total_deductions_by_hh_size >= 212,train_2022_23,115,49,86,25,86,0.29069767441860467,0.2053243782930262,0.3939703804824186,17,86,0.19767441860465115,0.12724247137709888,0.2939610690763213,7,86,0.08139534883720931,0.0399859229859802,0.15860359456490936,4,86,0.046511627906976744,0.01823367317295907,0.11357163750717128,1,86,0.011627906976744186,0.002055515742405551,0.0629655880669656,27,86,0.313953488372093,0.22561154650050072,0.4182060168554501,5,86,0.05813953488372093,0.02508656569078512,0.12898014727959828,27,86,0.313953488372093,0.22561154650050072,0.4182060168554501,34,86,0.3953488372093023,0.29862264637556246,0.5010247330121598,7,86,0.08139534883720931,0.0399859229859802,0.15860359456490936,4,86,0.046511627906976744,0.01823367317295907,0.11357163750717128,3,86,0.03488372093023256,0.011933581807332512,0.09761032658254476,4,86,0.046511627906976744,0.01823367317295907,0.11357163750717128,1,86,0.011627906976744186,0.002055515742405551,0.0629655880669656,0,86,0.0,0.0,0.042759701519118086,1,86,0.011627906976744186,0.002055515742405551,0.0629655880669656,5,86,0.05813953488372093,0.02508656569078512,0.12898014727959828,65,86,0.7558139534883721,0.6553692879036903,0.8343815624818771,3,86,0.03488372093023256,0.011933581807332512,0.09761032658254476,18,86,0.20930232558139536,0.13669707033094278,0.3067678724127305,51,86,0.5930232558139535,0.4873808000551023,0.6907104182669221,32,86,0.37209302325581395,0.27746093282766765,0.4776636419795485,1,86,0.011627906976744186,0.002055515742405551,0.0629655880669656,0,86,0.0,0.0,0.042759701519118086,2,86,0.023255813953488372,0.006400792019477797,0.08088171408014642,42,86,0.4883720930232558,0.38550397038221695,0.59223462732753,311 0.26; 323 0.20; 366 0.12; 350 0.08; 363 0.08; 150 0.05,6,38 0.23; 52 0.22; 53 0.15; 44 0.08; 35 0.08,5,dep care or child support deduction 0.31; earned income 0.29; unearned income 0.20,"wrong include/exclude decision 0.40; wrong amount, known item 0.31; unreported source of income 0.08",39,10,21,49,0.7959183673469388,0.6636272988905616,0.885182729571862,0.20408163265306123,21,0.3,70,20102.0
4+,HH_size_n >=   5 & shelter_expenses_by_hh_size < 293 & total_deductions_by_hh_size >= 212,test_2024,61,23,31,11,31,0.3548387096774194,0.21116447741565816,0.530523619571851,3,31,0.0967741935483871,0.03346403609464399,0.2490028999817704,9,31,0.2903225806451613,0.1609562071843287,0.4659265995754067,0,31,0.0,0.0,0.11025900073475385,0,31,0.0,0.0,0.11025900073475385,6,31,0.1935483870967742,0.09186883586347633,0.36280603555459856,2,31,0.06451612903225806,0.017874407775063147,0.20718988318746434,14,31,0.45161290322580644,0.29161482836586106,0.6222812039633085,7,31,0.22580645161290322,0.11394991594498799,0.3981276005869738,3,31,0.0967741935483871,0.03346403609464399,0.2490028999817704,1,31,0.03225806451612903,0.00571707408694444,0.16194457176169622,2,31,0.06451612903225806,0.017874407775063147,0.20718988318746434,2,31,0.06451612903225806,0.017874407775063147,0.20718988318746434,0,31,0.0,0.0,0.11025900073475385,0,31,0.0,0.0,0.11025900073475385,0,31,0.0,0.0,0.11025900073475385,2,31,0.06451612903225806,0.017874407775063147,0.20718988318746434,22,31,0.7096774193548387,0.5340734004245933,0.8390437928156713,3,31,0.0967741935483871,0.03346403609464399,0.2490028999817704,6,31,0.1935483870967742,0.09186883586347633,0.36280603555459856,15,31,0.4838709677419355,0.3196998603127883,0.6515988171302683,16,31,0.5161290322580645,0.34840118286973176,0.6803001396872117,0,31,0.0,0.0,0.11025900073475385,0,31,0.0,0.0,0.11025900073475385,0,31,0.0,0.0,0.11025900073475385,10,31,0.3225806451612903,0.18569230747313034,0.49859314440049185,311 0.35; 363 0.29; 323 0.13,3,56 0.23; 53 0.16; 38 0.16; 35 0.10; 99 0.06; 52 0.03; 43 0.03,7,earned income 0.35; shelter deduction 0.29; dep care or child support deduction 0.19,"wrong amount, known item 0.45; wrong include/exclude decision 0.23; unreported source of income 0.10",21,2,11,23,0.9130434782608695,0.7320359570190598,0.9758205045927666,0.08695652173913043,11,0.3235294117647059,34,7760.0
1,rawben_rel_max >=    0.236 & shelter_expenses_by_hh_size < 1680.000 & total_deductions_by_hh_size >= 1280.000 & unc_rawben_rel_max >=    2.490,all_2022_24,134,57,84,14,84,0.16666666666666666,0.10195649348099849,0.2605323500737637,47,84,0.5595238095238095,0.4530690997323842,0.6607721782042654,11,84,0.13095238095238096,0.07472144544944861,0.21946263134332386,5,84,0.05952380952380952,0.025690182263433017,0.13188436100535988,5,84,0.05952380952380952,0.025690182263433017,0.13188436100535988,1,84,0.011904761904761904,0.002104528901587875,0.06439699201788535,1,84,0.011904761904761904,0.002104528901587875,0.06439699201788535,19,84,0.2261904761904762,0.14985904898307534,0.32647107250833646,23,84,0.27380952380952384,0.18992693848374492,0.3774762053569865,27,84,0.32142857142857145,0.23125977350162447,0.42721639268842665,1,84,0.011904761904761904,0.002104528901587875,0.06439699201788535,4,84,0.047619047619047616,0.018671444654442905,0.11613484302702007,1,84,0.011904761904761904,0.002104528901587875,0.06439699201788535,1,84,0.011904761904761904,0.002104528901587875,0.06439699201788535,0,84,0.0,0.0,0.043733265332143306,0,84,0.0,0.0,0.043733265332143306,8,84,0.09523809523809523,0.049051123189484375,0.17682818684129828,44,84,0.5238095238095238,0.41831918439941584,0.6272173267752441,6,84,0.07142857142857142,0.033145358330644366,0.14719744052547845,34,84,0.40476190476190477,0.3061943608400985,0.511659594461262,47,84,0.5595238095238095,0.4530690997323842,0.6607721782042654,35,84,0.4166666666666667,0.3171466976499569,0.5234755132387336,0,84,0.0,0.0,0.043733265332143306,0,84,0.0,0.0,0.043733265332143306,2,84,0.023809523809523808,0.006553765293517748,0.0827160112132854,41,84,0.4880952380952381,0.3840817181332218,0.5931500262794481,331 0.31; 311 0.15; 363 0.13; 346 0.11; 364 0.06,5,35 0.32; 38 0.18; 37 0.12; 99 0.10; 53 0.08,5,unearned income 0.56; earned income 0.17; shelter deduction 0.13,"unreported source of income 0.32; wrong include/exclude decision 0.27; wrong amount, known item 0.23",57,0,2,57,1.0,0.936858991216536,0.9999999999999999,0.0,2,0.03389830508474576,59,16796.0
1,rawben_rel_max >=    0.236 & shelter_expenses_by_hh_size < 1680.000 & total_deductions_by_hh_size >= 1280.000 & unc_rawben_rel_max >=    2.490,train_2022_23,75,33,49,6,49,0.12244897959183673,0.057347477598098245,0.2424466240188096,26,49,0.5306122448979592,0.39380627019919845,0.6629671810210522,6,49,0.12244897959183673,0.057347477598098245,0.2424466240188096,4,49,0.08163265306122448,0.032202296241712225,0.19189387041486136,5,49,0.10204081632653061,0.044378892487039884,0.21756624164970087,1,49,0.02040816326530612,0.003611579538530696,0.10693768467754147,1,49,0.02040816326530612,0.003611579538530696,0.10693768467754147,6,49,0.12244897959183673,0.057347477598098245,0.2424466240188096,17,49,0.3469387755102041,0.2292420960931444,0.4868906478056021,15,49,0.30612244897959184,0.1951532349314748,0.4452815740069374,1,49,0.02040816326530612,0.003611579538530696,0.10693768467754147,3,49,0.061224489795918366,0.021039764955529186,0.16520743422087725,1,49,0.02040816326530612,0.003611579538530696,0.10693768467754147,1,49,0.02040816326530612,0.003611579538530696,0.10693768467754147,0,49,0.0,0.0,0.07270029673590504,0,49,0.0,0.0,0.07270029673590504,5,49,0.10204081632653061,0.044378892487039884,0.21756624164970087,25,49,0.5102040816326531,0.37467331533409215,0.6442511684059913,2,49,0.04081632653061224,0.011265396927928273,0.13713283476831106,22,49,0.4489795918367347,0.3185262492963633,0.5868513320032188,27,49,0.5510204081632653,0.41314866799678107,0.6814737507036366,22,49,0.4489795918367347,0.3185262492963633,0.5868513320032188,0,49,0.0,0.0,0.07270029673590504,0,49,0.0,0.0,0.07270029673590504,0,49,0.0,0.0,0.07270029673590504,23,49,0.46938775510204084,0.33703281897894777,0.6061937298008014,331 0.33; 346 0.12; 311 0.12; 363 0.12; 365 0.10,5,35 0.31; 37 0.14; 53 0.12; 38 0.10; 99 0.10,5,unearned income 0.53; earned income 0.12; shelter deduction 0.12,"wrong include/exclude decision 0.35; unreported source of income 0.31; wrong amount, known item 0.12",33,0,2,33,1.0,0.8957265699643882,1.0,0.0,2,0.05714285714285714,35,9988.0
1,rawben_rel_max >=    0.236 & shelter_expenses_by_hh_size < 1680.000 & total_deductions_by_hh_size >= 1280.000 & unc_rawben_rel_max >=    2.490,test_2024,59,24,35,8,35,0.22857142857142856,0.12065736746179101,0.39017637780102,21,35,0.6,0.43572419581519467,0.7444949506669274,5,35,0.14285714285714285,0.06260138804853496,0.2937588030867426,1,35,0.02857142857142857,0.005061361365853362,0.1453340909327131,0,35,0.0,0.0,0.09890426758938868,0,35,0.0,0.0,0.09890426758938868,0,35,0.0,0.0,0.09890426758938868,13,35,0.37142857142857144,0.23165607368891059,0.5366335951197893,6,35,0.17142857142857143,0.08102529944856719,0.3268260763958882,12,35,0.34285714285714286,0.20831495282688925,0.5084835312726328,0,35,0.0,0.0,0.09890426758938868,1,35,0.02857142857142857,0.005061361365853362,0.1453340909327131,0,35,0.0,0.0,0.09890426758938868,0,35,0.0,0.0,0.09890426758938868,0,35,0.0,0.0,0.09890426758938868,0,35,0.0,0.0,0.09890426758938868,3,35,0.08571428571428572,0.029581831005296905,0.22379599071162518,19,35,0.5428571428571428,0.38189451340137515,0.6953422636623914,4,35,0.11428571428571428,0.0453510585448975,0.2595179478812023,12,35,0.34285714285714286,0.20831495282688925,0.5084835312726328,20,35,0.5714285714285714,0.4085712925897337,0.7201566691832108,13,35,0.37142857142857144,0.23165607368891059,0.5366335951197893,0,35,0.0,0.0,0.09890426758938868,0,35,0.0,0.0,0.09890426758938868,2,35,0.05714285714285714,0.015812829614043955,0.1860738073937003,18,35,0.5142857142857142,0.35568539626711626,0.6700601960874726,331 0.29; 311 0.20; 363 0.14; 346 0.09; 334 0.06,5,35 0.34; 38 0.29; 37 0.09; 99 0.09,4,unearned income 0.60; earned income 0.23,"wrong amount, known item 0.37; unreported source of income 0.34; wrong include/exclude decision 0.17",24,0,0,24,1.0,0.8620194241710247,1.0,0.0,0,0.0,24,6808.0
4+,expedited_i > 0.500 & months_since_cert_n > 4.500 & rawben_rel_max <= 0.921 & unc_rawben_rel_max > 0.766,all_2022_24,75,31,47,14,47,0.2978723404255319,0.18651084151016262,0.439779440463654,12,47,0.2553191489361702,0.15253006046383732,0.3950844913992039,8,47,0.1702127659574468,0.0888625809126393,0.3014005107288512,5,47,0.10638297872340426,0.046304099555199416,0.22594539692012788,0,47,0.0,6.938893903907228e-18,0.0755601711983887,2,47,0.0425531914893617,0.01174802937056972,0.1424878719385944,6,47,0.1276595744680851,0.059845227802024795,0.25174213372869025,14,47,0.2978723404255319,0.18651084151016262,0.439779440463654,13,47,0.2765957446808511,0.16936405991152936,0.41758835700689967,2,47,0.0425531914893617,0.01174802937056972,0.1424878719385944,3,47,0.06382978723404255,0.0219449870207728,0.17162877934377904,5,47,0.10638297872340426,0.046304099555199416,0.22594539692012788,2,47,0.0425531914893617,0.01174802937056972,0.1424878719385944,0,47,0.0,6.938893903907228e-18,0.0755601711983887,0,47,0.0,6.938893903907228e-18,0.0755601711983887,3,47,0.06382978723404255,0.0219449870207728,0.17162877934377904,5,47,0.10638297872340426,0.046304099555199416,0.22594539692012788,16,47,0.3404255319148936,0.22167260713762188,0.4832934049469702,4,47,0.0851063829787234,0.033593579469713086,0.19931805195022648,27,47,0.574468085106383,0.43281668771211546,0.7048658399817417,31,47,0.6595744680851063,0.5167065950530297,0.7783273928623781,16,47,0.3404255319148936,0.22167260713762188,0.4832934049469702,0,47,0.0,6.938893903907228e-18,0.0755601711983887,0,47,0.0,6.938893903907228e-18,0.0755601711983887,0,47,0.0,6.938893903907228e-18,0.0755601711983887,24,47,0.5106382978723404,0.37242217589372884,0.6472467566339649,311 0.30; 363 0.17; 350 0.13; 364 0.11; 150 0.09,5,38 0.23; 53 0.15; 52 0.11; 99 0.11; 39 0.06; 44 0.04; 111 0.04; 13 0.04,8,earned income 0.30; unearned income 0.26; shelter deduction 0.17; other element 0.13,"wrong amount, known item 0.30; wrong include/exclude decision 0.28; other 0.11; change in circumstances 0.11",19,12,11,31,0.6129032258064516,0.4382380114113197,0.7626712464872843,0.3870967741935484,11,0.2619047619047619,42,12629.0
4+,expedited_i > 0.500 & months_since_cert_n > 4.500 & rawben_rel_max <= 0.921 & unc_rawben_rel_max > 0.766,train_2022_23,52,24,36,10,36,0.2777777777777778,0.15848170025813796,0.43992800216345146,9,36,0.25,0.13750323839225387,0.41070767683203424,7,36,0.19444444444444445,0.09752972019453349,0.350283620635152,4,36,0.1111111111111111,0.04406568908741834,0.2531512901503632,0,36,0.0,0.0,0.09642183044857634,2,36,0.05555555555555555,0.015369663767066846,0.18144974107611211,4,36,0.1111111111111111,0.04406568908741834,0.2531512901503632,11,36,0.3055555555555556,0.18004270282805354,0.46856578679083716,12,36,0.3333333333333333,0.20214424774586046,0.49666302907033155,0,36,0.0,0.0,0.09642183044857634,2,36,0.05555555555555555,0.015369663767066846,0.18144974107611211,4,36,0.1111111111111111,0.04406568908741834,0.2531512901503632,1,36,0.027777777777777776,0.004920280295569679,0.141700337350308,0,36,0.0,0.0,0.09642183044857634,0,36,0.0,0.0,0.09642183044857634,1,36,0.027777777777777776,0.004920280295569679,0.141700337350308,5,36,0.1388888888888889,0.060817253631150966,0.2865985128039319,15,36,0.4166666666666667,0.2714033350508729,0.5780003033572231,4,36,0.1111111111111111,0.04406568908741834,0.2531512901503632,17,36,0.4722222222222222,0.31985792907209337,0.6299432837306054,24,36,0.6666666666666666,0.5033369709296683,0.7978557522541395,12,36,0.3333333333333333,0.20214424774586046,0.49666302907033155,0,36,0.0,0.0,0.09642183044857634,0,36,0.0,0.0,0.09642183044857634,0,36,0.0,0.0,0.09642183044857634,19,36,0.5277777777777778,0.3700567162693947,0.6801420709279067,311 0.28; 363 0.19; 364 0.11; 350 0.11; 150 0.08,5,38 0.25; 53 0.19; 99 0.14; 52 0.11; 44 0.06,5,earned income 0.28; unearned income 0.25; shelter deduction 0.19; utility allowance 0.11,"wrong include/exclude decision 0.33; wrong amount, known item 0.31; other 0.14",14,10,10,24,0.5833333333333334,0.3883433764938864,0.7553265275346177,0.4166666666666667,10,0.29411764705882354,34,8068.0
4+,expedited_i > 0.500 & months_since_cert_n > 4.500 & rawben_rel_max <= 0.921 & unc_rawben_rel_max > 0.766,test_2024,23,7,11,4,11,0.36363636363636365,0.15166223614131383,0.6462032231083628,3,11,0.2727272727272727,0.09745880573921467,0.5656502930102463,1,11,0.09090909090909091,0.01623175226282597,0.3773646254862038,1,11,0.09090909090909091,0.01623175226282597,0.3773646254862038,0,11,0.0,2.7755575615628914e-17,0.2588400172488141,0,11,0.0,2.7755575615628914e-17,0.2588400172488141,2,11,0.18181818181818182,0.05136660067100063,0.4769861375782448,3,11,0.2727272727272727,0.09745880573921467,0.5656502930102463,1,11,0.09090909090909091,0.01623175226282597,0.3773646254862038,2,11,0.18181818181818182,0.05136660067100063,0.4769861375782448,1,11,0.09090909090909091,0.01623175226282597,0.3773646254862038,1,11,0.09090909090909091,0.01623175226282597,0.3773646254862038,1,11,0.09090909090909091,0.01623175226282597,0.3773646254862038,0,11,0.0,2.7755575615628914e-17,0.2588400172488141,0,11,0.0,2.7755575615628914e-17,0.2588400172488141,2,11,0.18181818181818182,0.05136660067100063,0.4769861375782448,0,11,0.0,2.7755575615628914e-17,0.2588400172488141,1,11,0.09090909090909091,0.01623175226282597,0.3773646254862038,0,11,0.0,2.7755575615628914e-17,0.2588400172488141,10,11,0.9090909090909091,0.6226353745137962,0.9837682477371741,7,11,0.6363636363636364,0.35379677689163724,0.8483377638586862,4,11,0.36363636363636365,0.15166223614131383,0.6462032231083628,0,11,0.0,2.7755575615628914e-17,0.2588400172488141,0,11,0.0,2.7755575615628914e-17,0.2588400172488141,0,11,0.0,2.7755575615628914e-17,0.2588400172488141,5,11,0.45454545454545453,0.21270957543988045,0.7199122443100118,311 0.36; 350 0.18; 150 0.09; 520 0.09; 346 0.09,5,35 0.18; 38 0.18; 13 0.09; 75 0.09; 39 0.09; 111 0.09; 52 0.09,7,earned income 0.36; unearned income 0.27; other element 0.18,"wrong amount, known item 0.27; child support handling 0.18; unreported source of income 0.18; household composition 0.09; method or computation 0.09",5,2,1,7,0.7142857142857143,0.35892909014821267,0.9177828342909844,0.2857142857142857,1,0.125,8,4561.0
2-3,HH_size_n >   2.5 & medical_deductions > 131.0 & months_since_cert_n <=   7.5 & shelter_expenses_by_hh_size > 298.0,all_2022_24,63,23,41,2,41,0.04878048780487805,0.013480662282573552,0.16139266962351367,14,41,0.34146341463414637,0.2155861736664346,0.4945044564627312,12,41,0.2926829268292683,0.1760901763305888,0.44479757076139725,1,41,0.024390243902439025,0.00431842027071648,0.12595347011678087,7,41,0.17073170731707318,0.08525143995273898,0.31262909954629764,3,41,0.07317073170731707,0.025197373252564145,0.19427740017211292,2,41,0.04878048780487805,0.013480662282573552,0.16139266962351367,15,41,0.36585365853658536,0.23589630416936816,0.5187957674783876,14,41,0.34146341463414637,0.2155861736664346,0.4945044564627312,4,41,0.0975609756097561,0.0385964597529614,0.22547975519030555,1,41,0.024390243902439025,0.00431842027071648,0.12595347011678087,1,41,0.024390243902439025,0.00431842027071648,0.12595347011678087,1,41,0.024390243902439025,0.00431842027071648,0.12595347011678087,0,41,0.0,0.0,0.08567044886890744,0,41,0.0,0.0,0.08567044886890744,0,41,0.0,0.0,0.08567044886890744,5,41,0.12195121951219512,0.053232579973408245,0.25544507648844866,30,41,0.7317073170731707,0.5806617472399707,0.8430519471866331,5,41,0.12195121951219512,0.053232579973408245,0.25544507648844866,6,41,0.14634146341463414,0.0688415452945541,0.2844375526858926,25,41,0.6097560975609756,0.45726583898692563,0.7434406478467289,14,41,0.34146341463414637,0.2155861736664346,0.4945044564627312,0,41,0.0,0.0,0.08567044886890744,0,41,0.0,0.0,0.08567044886890744,2,41,0.04878048780487805,0.013480662282573552,0.16139266962351367,20,41,0.4878048780487805,0.3425418723993569,0.6351574068413481,363 0.29; 365 0.17; 331 0.15; 350 0.07; 311 0.05; 346 0.05,6,53 0.24; 38 0.17; 99 0.12; 35 0.10; 44 0.10; 52 0.07,6,unearned income 0.34; shelter deduction 0.29; medical deduction 0.17,"wrong amount, known item 0.37; wrong include/exclude decision 0.34; other 0.12",18,5,15,23,0.782608695652174,0.5809611981726508,0.9033616439828094,0.21739130434782608,15,0.39473684210526316,38,7110.0
2-3,HH_size_n >   2.5 & medical_deductions > 131.0 & months_since_cert_n <=   7.5 & shelter_expenses_by_hh_size > 298.0,train_2022_23,34,17,30,1,30,0.03333333333333333,0.0059084379948573795,0.16670751396958874,10,30,0.3333333333333333,0.19230295526846194,0.5122027418616973,9,30,0.3,0.16664562643958933,0.4787612101166018,1,30,0.03333333333333333,0.0059084379948573795,0.16670751396958874,5,30,0.16666666666666666,0.07336434240351683,0.33564705185680177,3,30,0.1,0.03459925995971615,0.25621441315266624,1,30,0.03333333333333333,0.0059084379948573795,0.16670751396958874,8,30,0.26666666666666666,0.14182495553910618,0.4444830204431169,13,30,0.43333333333333335,0.2737723743061511,0.6080299045459127,2,30,0.06666666666666667,0.01847663532769335,0.21323817721072091,0,30,0.0,0.0,0.113517091390478,1,30,0.03333333333333333,0.0059084379948573795,0.16670751396958874,1,30,0.03333333333333333,0.0059084379948573795,0.16670751396958874,0,30,0.0,0.0,0.113517091390478,0,30,0.0,0.0,0.113517091390478,0,30,0.0,0.0,0.113517091390478,5,30,0.16666666666666666,0.07336434240351683,0.33564705185680177,23,30,0.7666666666666667,0.5907132766967574,0.8820776078949878,2,30,0.06666666666666667,0.01847663532769335,0.21323817721072091,5,30,0.16666666666666666,0.07336434240351683,0.33564705185680177,19,30,0.6333333333333333,0.45513246433604937,0.7812629779598231,9,30,0.3,0.16664562643958933,0.4787612101166018,0,30,0.0,0.0,0.113517091390478,0,30,0.0,0.0,0.113517091390478,2,30,0.06666666666666667,0.01847663532769335,0.21323817721072091,17,30,0.5666666666666667,0.3919700954540873,0.7262276256938489,363 0.30; 331 0.20; 365 0.17; 323 0.07; 332 0.07,5,53 0.30; 38 0.17; 99 0.17; 52 0.10; 44 0.10,5,unearned income 0.33; shelter deduction 0.30; medical deduction 0.17,"wrong include/exclude decision 0.43; wrong amount, known item 0.27; other 0.17",14,3,12,17,0.8235294117647058,0.5897007098262422,0.9380898628745101,0.17647058823529413,12,0.41379310344827586,29,4944.0
2-3,HH_size_n >   2.5 & medical_deductions > 131.0 & months_since_cert_n <=   7.5 & shelter_expenses_by_hh_size > 298.0,test_2024,29,6,11,1,11,0.09090909090909091,0.01623175226282597,0.3773646254862038,4,11,0.36363636363636365,0.15166223614131383,0.6462032231083628,3,11,0.2727272727272727,0.09745880573921467,0.5656502930102463,0,11,0.0,2.7755575615628914e-17,0.2588400172488141,2,11,0.18181818181818182,0.05136660067100063,0.4769861375782448,0,11,0.0,2.7755575615628914e-17,0.2588400172488141,1,11,0.09090909090909091,0.01623175226282597,0.3773646254862038,7,11,0.6363636363636364,0.35379677689163724,0.8483377638586862,1,11,0.09090909090909091,0.01623175226282597,0.3773646254862038,2,11,0.18181818181818182,0.05136660067100063,0.4769861375782448,1,11,0.09090909090909091,0.01623175226282597,0.3773646254862038,0,11,0.0,2.7755575615628914e-17,0.2588400172488141,0,11,0.0,2.7755575615628914e-17,0.2588400172488141,0,11,0.0,2.7755575615628914e-17,0.2588400172488141,0,11,0.0,2.7755575615628914e-17,0.2588400172488141,0,11,0.0,2.7755575615628914e-17,0.2588400172488141,0,11,0.0,2.7755575615628914e-17,0.2588400172488141,7,11,0.6363636363636364,0.35379677689163724,0.8483377638586862,3,11,0.2727272727272727,0.09745880573921467,0.5656502930102463,1,11,0.09090909090909091,0.01623175226282597,0.3773646254862038,6,11,0.5454545454545454,0.28008775568998817,0.7872904245601196,5,11,0.45454545454545453,0.21270957543988045,0.7199122443100118,0,11,0.0,2.7755575615628914e-17,0.2588400172488141,0,11,0.0,2.7755575615628914e-17,0.2588400172488141,0,11,0.0,2.7755575615628914e-17,0.2588400172488141,3,11,0.2727272727272727,0.09745880573921467,0.5656502930102463,350 0.27; 363 0.27; 365 0.18; 311 0.09,4,56 0.27; 35 0.18; 38 0.18; 53 0.09; 13 0.09,5,unearned income 0.36; shelter deduction 0.27; medical deduction 0.18,"wrong amount, known item 0.64; unreported source of income 0.18",4,2,3,6,0.6666666666666666,0.29998832134152864,0.9032306674407831,0.3333333333333333,3,0.3333333333333333,9,2166.0
2-3,months_since_cert_n >=   6.000 & rawben_rel_max <   0.876 & total_deductions_by_hh_size >= 353.000 & utilities < 462.000,all_2022_24,289,107,186,65,186,0.34946236559139787,0.28461415198171075,0.42040308343981975,15,186,0.08064516129032258,0.049478579975367684,0.1287837186988955,47,186,0.25268817204301075,0.19567407181583418,0.31971138637668006,11,186,0.05913978494623656,0.03333986224682891,0.10278204148765291,12,186,0.06451612903225806,0.03728732537679359,0.10936967709263358,12,186,0.06451612903225806,0.03728732537679359,0.10936967709263358,24,186,0.12903225806451613,0.08826370499966515,0.18481448228910616,34,186,0.1827956989247312,0.13386065761289875,0.24456851702532603,68,186,0.3655913978494624,0.29974904266352825,0.43687348896283823,20,186,0.10752688172043011,0.07069163824258172,0.1602461541064082,7,186,0.03763440860215054,0.018347373622032766,0.07563413517266768,18,186,0.0967741935483871,0.062092570930009666,0.14777502394908956,7,186,0.03763440860215054,0.018347373622032766,0.07563413517266768,1,186,0.005376344086021506,0.0009496635866061438,0.029821252798422224,9,186,0.04838709677419355,0.025662221990541502,0.08938948427404961,0,186,0.0,0.0,0.02023581765008302,22,186,0.11827956989247312,0.07942019606742386,0.17258779375145678,74,186,0.3978494623655914,0.3302597463238288,0.46957337771220975,36,186,0.1935483870967742,0.1432075561532153,0.25629181595490014,76,186,0.40860215053763443,0.340499292356194,0.48040402914973523,71,186,0.3817204301075269,0.3149649230198793,0.4532629048113232,103,186,0.553763440860215,0.48195317571615626,0.6233978116332971,1,186,0.005376344086021506,0.0009496635866061438,0.029821252798422224,1,186,0.005376344086021506,0.0009496635866061438,0.029821252798422224,10,186,0.053763440860215055,0.029461801750117818,0.09612500324941867,60,186,0.3225806451612903,0.25957606173923214,0.39276568000757156,311 0.32; 363 0.25; 365 0.06; 323 0.06; 364 0.06,5,53 0.21; 38 0.13; 99 0.12; 35 0.11; 52 0.11; 29 0.05; 64 0.04,7,earned income 0.35; shelter deduction 0.25; other element 0.13; unearned income 0.08,"wrong include/exclude decision 0.37; wrong amount, known item 0.18; other 0.12; unreported source of income 0.11",95,12,46,107,0.8878504672897196,0.8141445024220535,0.9346718264652956,0.11214953271028037,46,0.3006535947712418,153,36536.0
2-3,months_since_cert_n >=   6.000 & rawben_rel_max <   0.876 & total_deductions_by_hh_size >= 353.000 & utilities < 462.000,train_2022_23,214,81,153,52,153,0.33986928104575165,0.26955735281367826,0.4180255333593779,13,153,0.08496732026143791,0.0503260360334627,0.13993981180282566,37,153,0.24183006535947713,0.1808421255981854,0.3154649765991908,10,153,0.06535947712418301,0.03588572265786769,0.11612496838328468,9,153,0.058823529411764705,0.0312522751489112,0.10800669696052916,9,153,0.058823529411764705,0.0312522751489112,0.10800669696052916,23,153,0.1503267973856209,0.1023063933961076,0.2154766437573007,24,153,0.1568627450980392,0.10773416494874159,0.22280059113637868,52,153,0.33986928104575165,0.26955735281367826,0.4180255333593779,18,153,0.11764705882352941,0.0757259238487767,0.1782985186460716,6,153,0.0392156862745098,0.018094494157286263,0.0829093211570181,15,153,0.09803921568627451,0.060315406546710054,0.15545387915300227,7,153,0.0457516339869281,0.022335930569900464,0.0914196036761159,0,153,0.0,0.0,0.0244935017240324,9,153,0.058823529411764705,0.0312522751489112,0.10800669696052916,0,153,0.0,0.0,0.0244935017240324,22,153,0.1437908496732026,0.09691313422047654,0.20811818400121973,57,153,0.37254901960784315,0.29993927935552445,0.45140220147609167,32,153,0.20915032679738563,0.15222635033160012,0.2803221572072161,64,153,0.41830065359477125,0.3430755238885709,0.4975279894650293,57,153,0.37254901960784315,0.29993927935552445,0.45140220147609167,87,153,0.5686274509803921,0.4894168962605358,0.6444761525224401,0,153,0.0,0.0,0.0244935017240324,0,153,0.0,0.0,0.0244935017240324,9,153,0.058823529411764705,0.0312522751489112,0.10800669696052916,45,153,0.29411764705882354,0.22767206626908798,0.37064878738198426,311 0.31; 363 0.24; 364 0.07; 365 0.06; 323 0.05; 150 0.04,6,53 0.20; 99 0.14; 35 0.12; 38 0.12; 52 0.10; 29 0.06; 64 0.05,7,earned income 0.34; shelter deduction 0.24; other element 0.15; unearned income 0.08,"wrong include/exclude decision 0.34; wrong amount, known item 0.16; other 0.14; unreported source of income 0.12",72,9,33,81,0.8888888888888888,0.8021271435356178,0.9404331099249487,0.1111111111111111,33,0.2894736842105263,114,30466.0
2-3,months_since_cert_n >=   6.000 & rawben_rel_max <   0.876 & total_deductions_by_hh_size >= 353.000 & utilities < 462.000,test_2024,75,26,33,13,33,0.3939393939393939,0.24682882231508207,0.5631685719348962,2,33,0.06060606060606061,0.016780530429070947,0.19606581717798194,10,33,0.30303030303030304,0.17375347814547223,0.4733845397473445,1,33,0.030303030303030304,0.005369272089651725,0.15319061673168066,3,33,0.09090909090909091,0.03140337104926305,0.23572943534351032,3,33,0.09090909090909091,0.03140337104926305,0.23572943534351032,1,33,0.030303030303030304,0.005369272089651725,0.15319061673168066,10,33,0.30303030303030304,0.17375347814547223,0.4733845397473445,16,33,0.48484848484848486,0.32503781646924224,0.6478189541378976,2,33,0.06060606060606061,0.016780530429070947,0.19606581717798194,1,33,0.030303030303030304,0.005369272089651725,0.15319061673168066,3,33,0.09090909090909091,0.03140337104926305,0.23572943534351032,0,33,0.0,0.0,0.10427343003561192,1,33,0.030303030303030304,0.005369272089651725,0.15319061673168066,0,33,0.0,0.0,0.10427343003561192,0,33,0.0,0.0,0.10427343003561192,0,33,0.0,0.0,0.10427343003561192,17,33,0.5151515151515151,0.3521810458621024,0.6749621835307578,4,33,0.12121212121212122,0.04816083267584231,0.2732584325026516,12,33,0.36363636363636365,0.22186966167959873,0.5338412737846591,14,33,0.42424242424242425,0.272353589950299,0.5919302630853998,16,33,0.48484848484848486,0.32503781646924224,0.6478189541378976,1,33,0.030303030303030304,0.005369272089651725,0.15319061673168066,1,33,0.030303030303030304,0.005369272089651725,0.15319061673168066,1,33,0.030303030303030304,0.005369272089651725,0.15319061673168066,15,33,0.45454545454545453,0.298426891258915,0.6201434205625044,311 0.39; 363 0.30; 323 0.09,3,53 0.24; 38 0.21; 52 0.12; 56 0.09; 37 0.09,5,earned income 0.39; shelter deduction 0.30; dep care or child support deduction 0.09,"wrong include/exclude decision 0.48; wrong amount, known item 0.30",23,3,13,26,0.8846153846153846,0.7102370691310166,0.959968281788505,0.11538461538461539,13,0.3333333333333333,39,6070.0
4+,months_since_cert_n >   4.5 & total_deductions_by_hh_size > 215.0 & utilities <= 442.0,all_2022_24,309,109,175,61,175,0.3485714285714286,0.2819089816681336,0.4217393864967677,26,175,0.14857142857142858,0.10344941553276561,0.2087911370008731,32,175,0.18285714285714286,0.1326079045186423,0.24673113069464148,13,175,0.07428571428571429,0.04392358426143724,0.12293692246630394,2,175,0.011428571428571429,0.0031396763424969137,0.04070694547256177,23,175,0.13142857142857142,0.08919802923089393,0.1894932819629223,18,175,0.10285714285714286,0.06605651863716205,0.15671939032361665,56,175,0.32,0.2553894942243186,0.3923434717075451,47,175,0.26857142857142857,0.20839392924037384,0.33869131267202235,13,175,0.07428571428571429,0.04392358426143724,0.12293692246630394,10,175,0.05714285714285714,0.03133131347979523,0.10197995190812348,19,175,0.10857142857142857,0.07061513886953752,0.1633438505378487,9,175,0.05142857142857143,0.027289263717046597,0.0948389212242646,0,175,0.0,0.0,0.021480460921843688,0,175,0.0,0.0,0.021480460921843688,1,175,0.005714285714285714,0.0010093989597420756,0.031654142408709104,20,175,0.11428571428571428,0.07521076428246133,0.16993130557153235,84,175,0.48,0.40720592718746584,0.5536532912494079,20,175,0.11428571428571428,0.07521076428246133,0.16993130557153235,71,175,0.4057142857142857,0.335744724282434,0.47973444834854223,74,175,0.4228571428571429,0.35209162466010924,0.4969367893106895,86,175,0.49142857142857144,0.41834215688635296,0.5648832224437359,0,175,0.0,0.0,0.021480460921843688,0,175,0.0,0.0,0.021480460921843688,15,175,0.08571428571428572,0.05263048266283355,0.13659618495812265,51,175,0.2914285714285714,0.22915742509840473,0.36266013860042146,311 0.31; 363 0.18; 323 0.11; 364 0.07; 150 0.06; 350 0.05,6,38 0.22; 53 0.17; 99 0.11; 35 0.07; 52 0.06; 64 0.03; 44 0.03; 37 0.03; 56 0.03,9,earned income 0.35; shelter deduction 0.18; unearned income 0.15; dep care or child support deduction 0.13,"wrong amount, known item 0.32; wrong include/exclude decision 0.27; other 0.11; change in circumstances 0.11",90,19,46,109,0.8256880733944955,0.7437283944421205,0.8854721840679327,0.1743119266055046,46,0.2967741935483871,155,43382.0
4+,months_since_cert_n >   4.5 & total_deductions_by_hh_size > 215.0 & utilities <= 442.0,train_2022_23,220,83,135,47,135,0.34814814814814815,0.2729969034656345,0.4317025526051686,24,135,0.17777777777777778,0.12247545696005419,0.25091119372677173,22,135,0.16296296296296298,0.11015006965726473,0.2344267718657371,10,135,0.07407407407407407,0.040730101413589175,0.13098788512646797,2,135,0.014814814814814815,0.004072118099076125,0.05240663178568465,18,135,0.13333333333333333,0.08603101384370165,0.20092620935165195,12,135,0.08888888888888889,0.05157885461025679,0.14894894109362447,36,135,0.26666666666666666,0.19928173359132412,0.34696377207844636,39,135,0.28888888888888886,0.2191112732741432,0.37034894614136343,9,135,0.06666666666666667,0.03546649508631035,0.12184658687183476,7,135,0.05185185185185185,0.025340849260581777,0.10316242353373925,17,135,0.1259259259259259,0.08012806456700865,0.19242425404643287,8,135,0.05925925925925926,0.030329997338257482,0.1125781800379756,0,135,0.0,1.734723475976807e-18,0.027668940720936668,0,135,0.0,1.734723475976807e-18,0.027668940720936668,0,135,0.0,1.734723475976807e-18,0.027668940720936668,19,135,0.14074074074074075,0.09198786092943734,0.20937426684782834,62,135,0.45925925925925926,0.3774854825392432,0.5432875422602407,17,135,0.1259259259259259,0.08012806456700865,0.19242425404643287,56,135,0.4148148148148148,0.33518393096474086,0.4991596663432707,57,135,0.4222222222222222,0.3421885685173696,0.506559933372554,64,135,0.4740740740740741,0.39173028297786244,0.5578525509854456,0,135,0.0,1.734723475976807e-18,0.027668940720936668,0,135,0.0,1.734723475976807e-18,0.027668940720936668,14,135,0.1037037037037037,0.06278392452983501,0.16655368033787032,43,135,0.31851851851851853,0.2458793853519376,0.4012004523912173,311 0.32; 363 0.16; 323 0.12; 364 0.07; 350 0.06; 150 0.05,6,38 0.23; 53 0.19; 99 0.14; 35 0.07; 52 0.06; 39 0.04; 64 0.04,7,earned income 0.35; unearned income 0.18; shelter deduction 0.16; dep care or child support deduction 0.13,"wrong include/exclude decision 0.29; wrong amount, known item 0.27; other 0.14; change in circumstances 0.13",69,14,35,83,0.8313253012048193,0.7365568909919545,0.8967801272113028,0.1686746987951807,35,0.2966101694915254,118,33102.0
4+,months_since_cert_n >   4.5 & total_deductions_by_hh_size > 215.0 & utilities <= 442.0,test_2024,89,26,40,14,40,0.35,0.2213433317104915,0.5049440300646263,2,40,0.05,0.013820377146101098,0.165041708179252,10,40,0.25,0.14186967895549518,0.40194259066970106,3,40,0.075,0.025835556771858226,0.19864530159097524,0,40,0.0,0.0,0.08762453925039232,5,40,0.125,0.05459419773541284,0.26112420670238146,6,40,0.15,0.07061091708507435,0.2907262603902003,20,40,0.5,0.35199278797099753,0.6480072120290025,8,40,0.2,0.10499864973166874,0.34757607381856676,4,40,0.1,0.03957888759557486,0.23052074380473897,3,40,0.075,0.025835556771858226,0.19864530159097524,2,40,0.05,0.013820377146101098,0.165041708179252,1,40,0.025,0.0044267174077949195,0.1288165948800778,0,40,0.0,0.0,0.08762453925039232,0,40,0.0,0.0,0.08762453925039232,1,40,0.025,0.0044267174077949195,0.1288165948800778,1,40,0.025,0.0044267174077949195,0.1288165948800778,22,40,0.55,0.39828829888440775,0.6929492471905531,3,40,0.075,0.025835556771858226,0.19864530159097524,15,40,0.375,0.2422277353579172,0.529678399454681,17,40,0.425,0.28509168524815875,0.5780519956394001,22,40,0.55,0.39828829888440775,0.6929492471905531,0,40,0.0,0.0,0.08762453925039232,0,40,0.0,0.0,0.08762453925039232,1,40,0.025,0.0044267174077949195,0.1288165948800778,8,40,0.2,0.10499864973166874,0.34757607381856676,311 0.30; 363 0.25; 323 0.10; 150 0.07; 364 0.07,5,38 0.17; 56 0.15; 35 0.10; 53 0.10; 52 0.07; 57 0.07; 54 0.07; 12 0.05,8,earned income 0.35; shelter deduction 0.25; other element 0.15,"wrong amount, known item 0.50; wrong include/exclude decision 0.20; unreported source of income 0.10",21,5,11,26,0.8076923076923077,0.6212336384535001,0.9149306422821174,0.19230769230769232,11,0.2972972972972973,37,10280.0
4+,HH_size_n >=   7 & months_since_cert_n >=  11 & utilities < 612,all_2022_24,43,23,35,16,35,0.45714285714285713,0.3046577363376085,0.6181054865986247,7,35,0.2,0.10042319445900802,0.35891936609462516,2,35,0.05714285714285714,0.015812829614043955,0.1860738073937003,2,35,0.05714285714285714,0.015812829614043955,0.1860738073937003,0,35,0.0,0.0,0.09890426758938868,2,35,0.05714285714285714,0.015812829614043955,0.1860738073937003,6,35,0.17142857142857143,0.08102529944856719,0.3268260763958882,6,35,0.17142857142857143,0.08102529944856719,0.3268260763958882,7,35,0.2,0.10042319445900802,0.35891936609462516,4,35,0.11428571428571428,0.0453510585448975,0.2595179478812023,6,35,0.17142857142857143,0.08102529944856719,0.3268260763958882,6,35,0.17142857142857143,0.08102529944856719,0.3268260763958882,3,35,0.08571428571428572,0.029581831005296905,0.22379599071162518,0,35,0.0,0.0,0.09890426758938868,0,35,0.0,0.0,0.09890426758938868,1,35,0.02857142857142857,0.005061361365853362,0.1453340909327131,2,35,0.05714285714285714,0.015812829614043955,0.1860738073937003,17,35,0.4857142857142857,0.32993980391252736,0.6443146037328837,3,35,0.08571428571428572,0.029581831005296905,0.22379599071162518,15,35,0.42857142857142855,0.27984333081678914,0.5914287074102662,20,35,0.5714285714285714,0.4085712925897337,0.7201566691832108,12,35,0.34285714285714286,0.20831495282688925,0.5084835312726328,0,35,0.0,0.0,0.09890426758938868,1,35,0.02857142857142857,0.005061361365853362,0.1453340909327131,2,35,0.05714285714285714,0.015812829614043955,0.1860738073937003,17,35,0.4857142857142857,0.32993980391252736,0.6443146037328837,311 0.40; 150 0.14; 350 0.11; 363 0.06; 346 0.06,5,52 0.14; 38 0.14; 41 0.11; 35 0.11; 12 0.09; 98 0.06; 99 0.06; 39 0.06,8,earned income 0.46; unearned income 0.20; other element 0.17,"wrong include/exclude decision 0.20; household composition 0.17; change in circumstances 0.17; wrong amount, known item 0.17; unreported source of income 0.11",14,9,8,23,0.6086956521739131,0.4078517960374599,0.7784262201761787,0.391304347826087,8,0.25806451612903225,31,7342.0
4+,HH_size_n >=   7 & months_since_cert_n >=  11 & utilities < 612,train_2022_23,31,15,20,10,20,0.5,0.2992949144298199,0.7007050855701801,2,20,0.1,0.027865893984153206,0.30103820641179335,1,20,0.05,0.008881219432873136,0.23613589351256675,0,20,0.0,0.0,0.16113012549493322,0,20,0.0,0.0,0.16113012549493322,2,20,0.1,0.027865893984153206,0.30103820641179335,5,20,0.25,0.11186005278940309,0.4687050099580636,2,20,0.1,0.027865893984153206,0.30103820641179335,2,20,0.1,0.027865893984153206,0.30103820641179335,2,20,0.1,0.027865893984153206,0.30103820641179335,5,20,0.25,0.11186005278940309,0.4687050099580636,5,20,0.25,0.11186005278940309,0.4687050099580636,3,20,0.15,0.05236779195949584,0.36042329588695743,0,20,0.0,0.0,0.16113012549493322,0,20,0.0,0.0,0.16113012549493322,0,20,0.0,0.0,0.16113012549493322,1,20,0.05,0.008881219432873136,0.23613589351256675,8,20,0.4,0.21880396741419272,0.613422057684794,3,20,0.15,0.05236779195949584,0.36042329588695743,9,20,0.45,0.25819502085709295,0.6579179916924003,12,20,0.6,0.3865779423152061,0.7811960325858074,6,20,0.3,0.14547527396899385,0.5189767762289793,0,20,0.0,0.0,0.16113012549493322,0,20,0.0,0.0,0.16113012549493322,2,20,0.1,0.027865893984153206,0.30103820641179335,10,20,0.5,0.2992949144298199,0.7007050855701801,311 0.50; 150 0.20; 350 0.10,3,41 0.20; 12 0.10; 98 0.10; 35 0.10; 38 0.10; 16 0.05; 52 0.05; 99 0.05,8,earned income 0.50; other element 0.25,household composition 0.25; change in circumstances 0.25; method or computation 0.15; unreported source of income 0.10,8,7,5,15,0.5333333333333333,0.3011663015105079,0.7519077474025355,0.4666666666666667,5,0.25,20,3365.0
4+,HH_size_n >=   7 & months_since_cert_n >=  11 & utilities < 612,test_2024,12,8,15,6,15,0.4,0.19824228082594664,0.642535572434923,5,15,0.3333333333333333,0.15176100694691236,0.5828687484878701,1,15,0.06666666666666667,0.011866588606194856,0.2981707755242399,2,15,0.13333333333333333,0.0373604698913593,0.3788249920651624,0,15,0.0,0.0,0.20388926630434784,0,15,0.0,0.0,0.20388926630434784,1,15,0.06666666666666667,0.011866588606194856,0.2981707755242399,4,15,0.26666666666666666,0.1089727610318281,0.5195088965768675,5,15,0.3333333333333333,0.15176100694691236,0.5828687484878701,2,15,0.13333333333333333,0.0373604698913593,0.3788249920651624,1,15,0.06666666666666667,0.011866588606194856,0.2981707755242399,1,15,0.06666666666666667,0.011866588606194856,0.2981707755242399,0,15,0.0,0.0,0.20388926630434784,0,15,0.0,0.0,0.20388926630434784,0,15,0.0,0.0,0.20388926630434784,1,15,0.06666666666666667,0.011866588606194856,0.2981707755242399,1,15,0.06666666666666667,0.011866588606194856,0.2981707755242399,9,15,0.6,0.357464427565077,0.8017577191740534,0,15,0.0,0.0,0.20388926630434784,6,15,0.4,0.19824228082594664,0.642535572434923,8,15,0.5333333333333333,0.3011663015105079,0.7519077474025355,6,15,0.4,0.19824228082594664,0.642535572434923,0,15,0.0,0.0,0.20388926630434784,1,15,0.06666666666666667,0.011866588606194856,0.2981707755242399,0,15,0.0,0.0,0.20388926630434784,7,15,0.4666666666666667,0.24809225259746442,0.6988336984894921,311 0.27; 350 0.13; 346 0.13; 364 0.13; 150 0.07; 331 0.07,6,52 0.27; 38 0.20; 35 0.13; 44 0.07; 12 0.07; 99 0.07,6,earned income 0.40; unearned income 0.33; utility allowance 0.13,"wrong include/exclude decision 0.33; wrong amount, known item 0.27; unreported source of income 0.13; household composition 0.07",6,2,3,8,0.75,0.40926987910258916,0.9285223111419724,0.25,3,0.2727272727272727,11,3977.0
2-3,count_divisible_by_100 <=   0.500 & medical_deductions > 144.000 & unc_rawben_rel_max >   0.131,all_2022_24,436,143,229,11,229,0.048034934497816595,0.027030359950934214,0.08395324435345125,58,229,0.25327510917030566,0.20133746088014104,0.3133540719043786,60,229,0.26200873362445415,0.20931707839349756,0.3225535151774107,3,229,0.013100436681222707,0.0044650706710715575,0.03780229048775917,80,229,0.34934497816593885,0.29054112939875265,0.4131200720360425,5,229,0.021834061135371178,0.009361274885895589,0.05008514705932382,12,229,0.05240174672489083,0.030226539296505178,0.08934659540107462,47,229,0.2052401746724891,0.1579988918525362,0.2622078066068456,126,229,0.5502183406113537,0.48548541002031276,0.6132941895014221,17,229,0.07423580786026202,0.046862423370411334,0.11565836329314022,8,229,0.034934497816593885,0.017805976520917793,0.06740903660388463,5,229,0.021834061135371178,0.009361274885895589,0.05008514705932382,7,229,0.03056768558951965,0.014884149314845555,0.06174133341676254,2,229,0.008733624454148471,0.002398301179188987,0.031279529586447384,2,229,0.008733624454148471,0.002398301179188987,0.031279529586447384,0,229,0.0,0.0,0.016498769979247693,15,229,0.06550218340611354,0.04009315804194132,0.10524856783522152,138,229,0.6026200873362445,0.5380476334041947,0.6638063308358723,33,229,0.14410480349344978,0.10448582681482135,0.1954674461398397,57,229,0.24890829694323144,0.19735848978405923,0.30874351260726596,143,229,0.6244541484716157,0.5601644684421334,0.6846371477639055,79,229,0.34497816593886466,0.2864233201169306,0.4086483509246702,1,229,0.004366812227074236,0.0007712460958295819,0.024317054276612453,1,229,0.004366812227074236,0.0007712460958295819,0.024317054276612453,5,229,0.021834061135371178,0.009361274885895589,0.05008514705932382,110,229,0.48034934497816595,0.4164985876869062,0.5448485255437193,365 0.35; 363 0.26; 331 0.14,3,53 0.38; 52 0.11; 38 0.11; 35 0.07; 99 0.07; 56 0.07,6,medical deduction 0.35; shelter deduction 0.26; unearned income 0.25,"wrong include/exclude decision 0.55; wrong amount, known item 0.21",129,14,103,143,0.9020979020979021,0.84237297882786,0.9407838377690716,0.0979020979020979,103,0.4186991869918699,246,34413.0
2-3,count_divisible_by_100 <=   0.500 & medical_deductions > 144.000 & unc_rawben_rel_max >   0.131,train_2022_23,279,96,163,6,163,0.03680981595092025,0.016977284282556588,0.07797265625985011,37,163,0.22699386503067484,0.1694071586438602,0.2971527400864325,45,163,0.27607361963190186,0.21319744025496024,0.3492618025238192,2,163,0.012269938650306749,0.0033712637819556593,0.04362900473620768,58,163,0.3558282208588957,0.28642382027658386,0.4318718565809865,5,163,0.03067484662576687,0.013171995745004682,0.06979052679134118,10,163,0.06134969325153374,0.033661544479215155,0.10923806808743489,21,163,0.12883435582822086,0.0858313831091429,0.18892982752417642,98,163,0.6012269938650306,0.5245601283669749,0.6732322687330289,12,163,0.0736196319018405,0.04261180829935435,0.12426264027941736,6,163,0.03680981595092025,0.016977284282556588,0.07797265625985011,3,163,0.018404907975460124,0.006278636985349233,0.05270904953887494,6,163,0.03680981595092025,0.016977284282556588,0.07797265625985011,1,163,0.006134969325153374,0.0010837669947276023,0.03392908351737489,2,163,0.012269938650306749,0.0033712637819556593,0.04362900473620768,0,163,0.0,0.0,0.023025432506041655,14,163,0.08588957055214724,0.05185053226177582,0.13899875232911757,103,163,0.6319018404907976,0.5556186965045458,0.7021107906257622,25,163,0.15337423312883436,0.10609636607433767,0.21661451658322498,35,163,0.2147239263803681,0.15863761247485125,0.2839474502433198,97,163,0.5950920245398773,0.5183844053343507,0.6674205737595924,62,163,0.3803680981595092,0.3094042193723682,0.4568411295094455,0,163,0.0,0.0,0.023025432506041655,0,163,0.0,0.0,0.023025432506041655,4,163,0.024539877300613498,0.009583366662591221,0.06139173786769379,73,163,0.44785276073619634,0.37358701746130957,0.5245199294871733,365 0.36; 363 0.28; 331 0.12,3,53 0.44; 52 0.13; 38 0.10; 99 0.09,4,medical deduction 0.36; shelter deduction 0.28; unearned income 0.23,"wrong include/exclude decision 0.60; wrong amount, known item 0.13; other 0.09",86,10,75,96,0.8958333333333334,0.8187766618632338,0.9424290880446203,0.10416666666666667,75,0.43859649122807015,171,22762.0
2-3,count_divisible_by_100 <=   0.500 & medical_deductions > 144.000 & unc_rawben_rel_max >   0.131,test_2024,157,47,66,5,66,0.07575757575757576,0.03279155406460817,0.16539405451251493,21,66,0.3181818181818182,0.21848849400185993,0.43787676681690707,15,66,0.22727272727272727,0.14285105087244676,0.34169684035570386,1,66,0.015151515151515152,0.0026795715344567483,0.08096112398225534,22,66,0.3333333333333333,0.2315626700450802,0.4534388190387895,0,66,0.0,0.0,0.05500446725160935,2,66,0.030303030303030304,0.008349735075946503,0.10392718870586834,26,66,0.3939393939393939,0.2850282099029192,0.5145181922413615,28,66,0.42424242424242425,0.31242322955377905,0.5443956291207072,5,66,0.07575757575757576,0.03279155406460817,0.16539405451251493,2,66,0.030303030303030304,0.008349735075946503,0.10392718870586834,2,66,0.030303030303030304,0.008349735075946503,0.10392718870586834,1,66,0.015151515151515152,0.0026795715344567483,0.08096112398225534,1,66,0.015151515151515152,0.0026795715344567483,0.08096112398225534,0,66,0.0,0.0,0.05500446725160935,0,66,0.0,0.0,0.05500446725160935,1,66,0.015151515151515152,0.0026795715344567483,0.08096112398225534,35,66,0.5303030303030303,0.41157476624932443,0.645697690280881,8,66,0.12121212121212122,0.06271770703368283,0.22137658633874846,22,66,0.3333333333333333,0.2315626700450802,0.4534388190387895,46,66,0.696969696969697,0.5778096544417832,0.7944613130045526,17,66,0.25757575757575757,0.16748707345896682,0.37433327429938923,1,66,0.015151515151515152,0.0026795715344567483,0.08096112398225534,1,66,0.015151515151515152,0.0026795715344567483,0.08096112398225534,1,66,0.015151515151515152,0.0026795715344567483,0.08096112398225534,37,66,0.5606060606060606,0.4408242143005392,0.6737206987598716,365 0.33; 363 0.23; 331 0.18; 346 0.08,4,56 0.23; 53 0.21; 37 0.14; 38 0.12; 35 0.08,5,medical deduction 0.33; unearned income 0.32; shelter deduction 0.23,"wrong include/exclude decision 0.42; wrong amount, known item 0.39",43,4,28,47,0.9148936170212766,0.8006819480497736,0.9664064205302869,0.0851063829787234,28,0.37333333333333335,75,11651.0
2-3,months_since_cert_n >=   2.0 & total_deductions_by_hh_size >= 341.0 & unc_rawben_rel_max >=   1.5,all_2022_24,253,97,135,34,135,0.2518518518518518,0.18618790412860292,0.3312477923773434,62,135,0.45925925925925926,0.3774854825392432,0.5432875422602407,19,135,0.14074074074074075,0.09198786092943734,0.20937426684782834,2,135,0.014814814814814815,0.004072118099076125,0.05240663178568465,6,135,0.044444444444444446,0.020525829072354243,0.09357253914005473,7,135,0.05185185185185185,0.025340849260581777,0.10316242353373925,5,135,0.037037037037037035,0.015921678957910863,0.08377178467258606,36,135,0.26666666666666666,0.19928173359132412,0.34696377207844636,45,135,0.3333333333333333,0.25939598937767533,0.4164936575293036,20,135,0.14814814814814814,0.09799524269787924,0.21777178966129845,4,135,0.02962962962962963,0.011581269352682073,0.0737072896959028,8,135,0.05925925925925926,0.030329997338257482,0.1125781800379756,7,135,0.05185185185185185,0.025340849260581777,0.10316242353373925,2,135,0.014814814814814815,0.004072118099076125,0.05240663178568465,0,135,0.0,1.734723475976807e-18,0.027668940720936668,0,135,0.0,1.734723475976807e-18,0.027668940720936668,13,135,0.0962962962962963,0.05714127513323818,0.15779142515255512,70,135,0.5185185185185185,0.4348916972113996,0.6011205642433803,12,135,0.08888888888888889,0.05157885461025679,0.14894894109362447,53,135,0.3925925925925926,0.3142817963315327,0.4768470872307427,75,135,0.5555555555555556,0.47134917126965303,0.6366876130946874,54,135,0.4,0.3212303901255117,0.4843033980186757,0,135,0.0,1.734723475976807e-18,0.027668940720936668,1,135,0.007407407407407408,0.0013087545613434844,0.040765090741505236,5,135,0.037037037037037035,0.015921678957910863,0.08377178467258606,57,135,0.4222222222222222,0.3421885685173696,0.506559933372554,311 0.21; 331 0.19; 363 0.14; 333 0.08; 346 0.07; 342 0.04; 323 0.04,7,37 0.20; 38 0.20; 35 0.15; 99 0.10; 53 0.07; 52 0.06,6,unearned income 0.46; earned income 0.25; shelter deduction 0.14,"wrong include/exclude decision 0.33; wrong amount, known item 0.27; unreported source of income 0.15; other 0.10",94,3,8,97,0.9690721649484536,0.9129785098835845,0.989426846635947,0.030927835051546393,8,0.0761904761904762,105,39304.0
2-3,months_since_cert_n >=   2.0 & total_deductions_by_hh_size >= 341.0 & unc_rawben_rel_max >=   1.5,train_2022_23,156,67,85,23,85,0.27058823529411763,0.18759486332171665,0.3734215974354062,41,85,0.4823529411764706,0.379205636706352,0.5870263987365038,11,85,0.12941176470588237,0.07382276936875577,0.21704997493121186,2,85,0.023529411764705882,0.0064763754542195365,0.08178858150288165,3,85,0.03529411764705882,0.012074823021218324,0.09870211030731246,1,85,0.011764705882352941,0.0020797335877093294,0.06367324699796226,4,85,0.047058823529411764,0.018449962264952775,0.11483894743500761,24,85,0.2823529411764706,0.19768719505480054,0.38584124207375187,25,85,0.29411764705882354,0.20785389608177995,0.3981865174182021,13,85,0.15294117647058825,0.09161293871665298,0.24428375832617383,3,85,0.03529411764705882,0.012074823021218324,0.09870211030731246,6,85,0.07058823529411765,0.03275051687715236,0.14556234556566722,5,85,0.058823529411764705,0.025384785707111474,0.1304161003642785,2,85,0.023529411764705882,0.0064763754542195365,0.08178858150288165,0,85,0.0,0.0,0.04324100421424198,0,85,0.0,0.0,0.04324100421424198,7,85,0.08235294117647059,0.04046320889853023,0.16036162991571895,43,85,0.5058823529411764,0.40166252134606184,0.609593466839653,9,85,0.10588235294117647,0.056711765159551245,0.18913702639755714,33,85,0.38823529411764707,0.29161137914729085,0.4945248453241281,48,85,0.5647058823529412,0.4587719281568645,0.6650439418859984,33,85,0.38823529411764707,0.29161137914729085,0.4945248453241281,0,85,0.0,0.0,0.04324100421424198,0,85,0.0,0.0,0.04324100421424198,4,85,0.047058823529411764,0.018449962264952775,0.11483894743500761,38,85,0.4470588235294118,0.34593481844164153,0.5527612878869254,311 0.25; 331 0.20; 363 0.13; 333 0.11; 346 0.05; 150 0.04,6,38 0.27; 37 0.19; 35 0.15; 99 0.08; 53 0.06,5,unearned income 0.48; earned income 0.27,"wrong include/exclude decision 0.29; wrong amount, known item 0.28; unreported source of income 0.15; other 0.08",64,3,6,67,0.9552238805970149,0.8764196748946068,0.9846563030618481,0.04477611940298507,6,0.0821917808219178,73,21254.0
2-3,months_since_cert_n >=   2.0 & total_deductions_by_hh_size >= 341.0 & unc_rawben_rel_max >=   1.5,test_2024,97,30,50,11,50,0.22,0.12753786224302288,0.35241815689459555,21,50,0.42,0.2937479723456693,0.5576680331222217,8,50,0.16,0.08337321362087696,0.2851448096176598,0,50,0.0,0.0,0.07135003417431873,3,50,0.06,0.020614596364630478,0.16217343370877002,6,50,0.12,0.05617523710624646,0.23805078886623582,1,50,0.02,0.0035391680889764604,0.10495686471836953,12,50,0.24,0.14297252401872207,0.3741294937519236,20,50,0.4,0.2760818978624575,0.5381881089724063,7,50,0.14,0.06950745262022862,0.2618645719852809,1,50,0.02,0.0035391680889764604,0.10495686471836953,2,50,0.04,0.011038652660826577,0.13460337877954667,2,50,0.04,0.011038652660826577,0.13460337877954667,0,50,0.0,0.0,0.07135003417431873,0,50,0.0,0.0,0.07135003417431873,0,50,0.0,0.0,0.07135003417431873,6,50,0.12,0.05617523710624646,0.23805078886623582,27,50,0.54,0.40398634328388083,0.6703056539821737,3,50,0.06,0.020614596364630478,0.16217343370877002,20,50,0.4,0.2760818978624575,0.5381881089724063,27,50,0.54,0.40398634328388083,0.6703056539821737,21,50,0.42,0.2937479723456693,0.5576680331222217,0,50,0.0,0.0,0.07135003417431873,1,50,0.02,0.0035391680889764604,0.10495686471836953,1,50,0.02,0.0035391680889764604,0.10495686471836953,19,50,0.38,0.2586259584257722,0.5184980497760643,331 0.18; 363 0.16; 311 0.16; 346 0.10; 323 0.10; 365 0.06,6,37 0.22; 35 0.14; 99 0.12; 38 0.08; 57 0.08; 52 0.08; 53 0.08,7,unearned income 0.42; earned income 0.22; shelter deduction 0.16,"wrong include/exclude decision 0.40; wrong amount, known item 0.24; unreported source of income 0.14",30,0,2,30,1.0,0.8864829086095221,1.0,0.0,2,0.0625,32,18050.0
2-3,HH_size_n >=   3 & shelter_expenses_by_hh_size < 655 & total_deductions_by_hh_size >= 466,all_2022_24,189,69,122,35,122,0.28688524590163933,0.21409630394923995,0.3726858094377481,24,122,0.19672131147540983,0.13591035553474007,0.27604880582366603,17,122,0.13934426229508196,0.08885390678425231,0.2118542851014198,2,122,0.01639344262295082,0.0045071521687355225,0.05780610513250667,2,122,0.01639344262295082,0.0045071521687355225,0.05780610513250667,34,122,0.2786885245901639,0.20681712988262346,0.3640719878654026,8,122,0.06557377049180328,0.03359846614270725,0.12407276499230693,35,122,0.28688524590163933,0.21409630394923995,0.3726858094377481,40,122,0.32786885245901637,0.25093515296898794,0.4153119386128101,14,122,0.11475409836065574,0.06959852436764669,0.18343068060113943,2,122,0.01639344262295082,0.0045071521687355225,0.05780610513250667,10,122,0.08196721311475409,0.04513035540797247,0.1443268670049657,6,122,0.04918032786885246,0.022731860243578907,0.10315337961351129,1,122,0.00819672131147541,0.0014483536709422769,0.04497190799133792,0,122,0.0,0.0,0.0305272660233182,0,122,0.0,0.0,0.0305272660233182,14,122,0.11475409836065574,0.06959852436764669,0.18343068060113943,83,122,0.680327868852459,0.593156369536062,0.7564895345211018,10,122,0.08196721311475409,0.04513035540797247,0.1443268670049657,29,122,0.23770491803278687,0.17090769515915238,0.3205164443940637,64,122,0.5245901639344263,0.4365817092674157,0.6110972776494704,52,122,0.4262295081967213,0.34204798405707604,0.514915055192266,1,122,0.00819672131147541,0.0014483536709422769,0.04497190799133792,1,122,0.00819672131147541,0.0014483536709422769,0.04497190799133792,4,122,0.03278688524590164,0.012822391019358004,0.08127685755980818,37,122,0.30327868852459017,0.22874525512189398,0.3898228495430181,311 0.27; 323 0.25; 363 0.14; 350 0.07; 366 0.03,5,53 0.20; 35 0.11; 99 0.11; 38 0.11; 44 0.10; 52 0.08; 41 0.06,7,earned income 0.29; dep care or child support deduction 0.28; unearned income 0.20,"wrong include/exclude decision 0.33; wrong amount, known item 0.29; unreported source of income 0.11; other 0.11",55,14,32,69,0.7971014492753623,0.6877573759423549,0.875107800001062,0.2028985507246377,32,0.31683168316831684,101,28844.0
2-3,HH_size_n >=   3 & shelter_expenses_by_hh_size < 655 & total_deductions_by_hh_size >= 466,train_2022_23,114,48,85,23,85,0.27058823529411763,0.18759486332171665,0.3734215974354062,19,85,0.2235294117647059,0.1480314270708086,0.32293712820059584,11,85,0.12941176470588237,0.07382276936875577,0.21704997493121186,1,85,0.011764705882352941,0.0020797335877093294,0.06367324699796226,2,85,0.023529411764705882,0.0064763754542195365,0.08178858150288165,22,85,0.25882352941176473,0.17757973288656093,0.3609247514991324,7,85,0.08235294117647059,0.04046320889853023,0.16036162991571895,20,85,0.23529411764705882,0.1577942000874349,0.3356863315553992,28,85,0.32941176470588235,0.23877626262769047,0.43480007998658043,12,85,0.1411764705882353,0.08264151586335423,0.230743204808043,1,85,0.011764705882352941,0.0020797335877093294,0.06367324699796226,5,85,0.058823529411764705,0.025384785707111474,0.1304161003642785,5,85,0.058823529411764705,0.025384785707111474,0.1304161003642785,0,85,0.0,0.0,0.04324100421424198,0,85,0.0,0.0,0.04324100421424198,0,85,0.0,0.0,0.04324100421424198,14,85,0.16470588235294117,0.1007237036038737,0.2576849698103827,57,85,0.6705882352941176,0.5651999200134196,0.7612237373723095,7,85,0.08235294117647059,0.04046320889853023,0.16036162991571895,21,85,0.24705882352941178,0.16764498447307552,0.34834752354118803,42,85,0.49411764705882355,0.39040653316034707,0.5983374786539382,40,85,0.47058823529411764,0.36805991970356805,0.575660139367858,0,85,0.0,0.0,0.04324100421424198,0,85,0.0,0.0,0.04324100421424198,3,85,0.03529411764705882,0.012074823021218324,0.09870211030731246,24,85,0.2823529411764706,0.19768719505480054,0.38584124207375187,311 0.25; 323 0.22; 363 0.13; 350 0.11; 366 0.04; 331 0.04,6,53 0.26; 99 0.16; 35 0.14; 38 0.13; 44 0.09,5,earned income 0.27; dep care or child support deduction 0.26; unearned income 0.22,"wrong include/exclude decision 0.33; wrong amount, known item 0.24; other 0.16; unreported source of income 0.14",41,7,23,48,0.8541666666666666,0.7283255295714138,0.9275184258620602,0.14583333333333334,23,0.323943661971831,71,17470.0
2-3,HH_size_n >=   3 & shelter_expenses_by_hh_size < 655 & total_deductions_by_hh_size >= 466,test_2024,75,21,37,12,37,0.32432432432432434,0.19633077820815478,0.48536631495176064,5,37,0.13513513513513514,0.059132072625076235,0.2797772747070557,6,37,0.16216216216216217,0.07651103235297099,0.31136799295455864,1,37,0.02702702702702703,0.004786851054907726,0.13824378437563367,0,37,0.0,0.0,0.09406095745514377,12,37,0.32432432432432434,0.19633077820815478,0.48536631495176064,1,37,0.02702702702702703,0.004786851054907726,0.13824378437563367,15,37,0.40540540540540543,0.26346295839940137,0.565143168686707,12,37,0.32432432432432434,0.19633077820815478,0.48536631495176064,2,37,0.05405405405405406,0.01495066277053994,0.1770496506353991,1,37,0.02702702702702703,0.004786851054907726,0.13824378437563367,5,37,0.13513513513513514,0.059132072625076235,0.2797772747070557,1,37,0.02702702702702703,0.004786851054907726,0.13824378437563367,1,37,0.02702702702702703,0.004786851054907726,0.13824378437563367,0,37,0.0,0.0,0.09406095745514377,0,37,0.0,0.0,0.09406095745514377,0,37,0.0,0.0,0.09406095745514377,26,37,0.7027027027027027,0.5421656082795643,0.825106976535918,3,37,0.08108108108108109,0.027960066396321384,0.2130099249850153,8,37,0.21621621621621623,0.11386376851955585,0.37195461273876906,22,37,0.5945945945945946,0.4348568313132931,0.7365370416005986,12,37,0.32432432432432434,0.19633077820815478,0.48536631495176064,1,37,0.02702702702702703,0.004786851054907726,0.13824378437563367,1,37,0.02702702702702703,0.004786851054907726,0.13824378437563367,1,37,0.02702702702702703,0.004786851054907726,0.13824378437563367,13,37,0.35135135135135137,0.2182540663110087,0.5124127048243043,311 0.32; 323 0.30; 363 0.16,3,52 0.16; 56 0.14; 44 0.11; 53 0.08; 57 0.08; 41 0.08; 35 0.05; 37 0.05,8,dep care or child support deduction 0.32; earned income 0.32; shelter deduction 0.16,"wrong amount, known item 0.41; wrong include/exclude decision 0.32; change in circumstances 0.14",14,7,9,21,0.6666666666666666,0.45373075657210293,0.8280546356731631,0.3333333333333333,9,0.3,30,11374.0
2-3,cat_elig > 0.500 & percent_abawd > 0.125 & unc_rawben_rel_max > 0.673 & unc_rawben_rel_max <= 0.710,all_2022_24,63,25,41,13,41,0.3170731707317073,0.19564433205311735,0.46984485655745856,8,41,0.1951219512195122,0.10234315749205929,0.34013882352556724,5,41,0.12195121951219512,0.053232579973408245,0.25544507648844866,2,41,0.04878048780487805,0.013480662282573552,0.16139266962351367,1,41,0.024390243902439025,0.00431842027071648,0.12595347011678087,0,41,0.0,0.0,0.08567044886890744,12,41,0.2926829268292683,0.1760901763305888,0.44479757076139725,7,41,0.17073170731707318,0.08525143995273898,0.31262909954629764,3,41,0.07317073170731707,0.025197373252564145,0.19427740017211292,7,41,0.17073170731707318,0.08525143995273898,0.31262909954629764,10,41,0.24390243902439024,0.13824855751022433,0.39343630654458195,5,41,0.12195121951219512,0.053232579973408245,0.25544507648844866,3,41,0.07317073170731707,0.025197373252564145,0.19427740017211292,0,41,0.0,0.0,0.08567044886890744,0,41,0.0,0.0,0.08567044886890744,0,41,0.0,0.0,0.08567044886890744,6,41,0.14634146341463414,0.0688415452945541,0.2844375526858926,28,41,0.6829268292682927,0.5301551434425414,0.8043556679468827,10,41,0.24390243902439024,0.13824855751022433,0.39343630654458195,3,41,0.07317073170731707,0.025197373252564145,0.19427740017211292,20,41,0.4878048780487805,0.3425418723993569,0.6351574068413481,20,41,0.4878048780487805,0.3425418723993569,0.6351574068413481,0,41,0.0,0.0,0.08567044886890744,0,41,0.0,0.0,0.08567044886890744,1,41,0.024390243902439025,0.00431842027071648,0.12595347011678087,13,41,0.3170731707317073,0.19564433205311735,0.46984485655745856,311 0.24; 150 0.17; 363 0.12; 350 0.10; 312 0.07; 364 0.05,6,7 0.17; 35 0.17; 99 0.15; 38 0.10; 64 0.10; 44 0.07,6,earned income 0.32; other element 0.29; unearned income 0.20,"household composition 0.24; wrong amount, known item 0.17; unreported source of income 0.17; other 0.15; change in circumstances 0.12",19,6,11,25,0.76,0.5656994004476144,0.8850384226967327,0.24,11,0.3055555555555556,36,6540.0
2-3,cat_elig > 0.500 & percent_abawd > 0.125 & unc_rawben_rel_max > 0.673 & unc_rawben_rel_max <= 0.710,train_2022_23,45,21,34,11,34,0.3235294117647059,0.19131451326458573,0.4915741595188061,6,34,0.17647058823529413,0.08348855603569685,0.33514067740052156,5,34,0.14705882352941177,0.06449346382626417,0.30128388174051957,2,34,0.058823529411764705,0.016282313063842452,0.1909393688946371,0,34,0.0,0.0,0.10151790621961015,0,34,0.0,0.0,0.10151790621961015,10,34,0.29411764705882354,0.16834452609931952,0.4616922588146376,5,34,0.14705882352941177,0.06449346382626417,0.30128388174051957,2,34,0.058823529411764705,0.016282313063842452,0.1909393688946371,5,34,0.14705882352941177,0.06449346382626417,0.30128388174051957,8,34,0.23529411764705882,0.12436838109244344,0.3999646280826443,5,34,0.14705882352941177,0.06449346382626417,0.30128388174051957,3,34,0.08823529411764706,0.030465390304310128,0.22960817952360413,0,34,0.0,0.0,0.10151790621961015,0,34,0.0,0.0,0.10151790621961015,0,34,0.0,0.0,0.10151790621961015,6,34,0.17647058823529413,0.08348855603569685,0.33514067740052156,24,34,0.7058823529411765,0.5383077411853625,0.8316554739006805,7,34,0.20588235294117646,0.1034939602235132,0.3679871610821398,3,34,0.08823529411764706,0.030465390304310128,0.22960817952360413,15,34,0.4411764705882353,0.28883240215296746,0.6054638221081631,18,34,0.5294117647058824,0.3673644042005483,0.6854874836688863,0,34,0.0,0.0,0.10151790621961015,0,34,0.0,0.0,0.10151790621961015,1,34,0.029411764705882353,0.00521077192559663,0.1491590221634482,10,34,0.29411764705882354,0.16834452609931952,0.4616922588146376,311 0.26; 150 0.18; 363 0.15; 350 0.12; 364 0.06,5,7 0.21; 99 0.18; 35 0.15; 64 0.12; 38 0.09; 53 0.06,6,earned income 0.32; other element 0.29; unearned income 0.18,"household composition 0.24; other 0.18; wrong amount, known item 0.15; unreported source of income 0.15; change in circumstances 0.15",17,4,10,21,0.8095238095238095,0.599990134607267,0.9233255938482269,0.19047619047619047,10,0.3225806451612903,31,5082.0
2-3,cat_elig > 0.500 & percent_abawd > 0.125 & unc_rawben_rel_max > 0.673 & unc_rawben_rel_max <= 0.710,test_2024,18,4,7,2,7,0.2857142857142857,0.0822171657090155,0.6410709098517873,2,7,0.2857142857142857,0.0822171657090155,0.6410709098517873,0,7,0.0,0.0,0.35433884297520657,0,7,0.0,0.0,0.35433884297520657,1,7,0.14285714285714285,0.02567895594897479,0.51313450331903,0,7,0.0,0.0,0.35433884297520657,2,7,0.2857142857142857,0.0822171657090155,0.6410709098517873,2,7,0.2857142857142857,0.0822171657090155,0.6410709098517873,1,7,0.14285714285714285,0.02567895594897479,0.51313450331903,2,7,0.2857142857142857,0.0822171657090155,0.6410709098517873,2,7,0.2857142857142857,0.0822171657090155,0.6410709098517873,0,7,0.0,0.0,0.35433884297520657,0,7,0.0,0.0,0.35433884297520657,0,7,0.0,0.0,0.35433884297520657,0,7,0.0,0.0,0.35433884297520657,0,7,0.0,0.0,0.35433884297520657,0,7,0.0,0.0,0.35433884297520657,4,7,0.5714285714285714,0.2504542304090258,0.8417830777373732,3,7,0.42857142857142855,0.15821692226262685,0.7495457695909742,0,7,0.0,0.0,0.35433884297520657,5,7,0.7142857142857143,0.35892909014821267,0.9177828342909844,2,7,0.2857142857142857,0.0822171657090155,0.6410709098517873,0,7,0.0,0.0,0.35433884297520657,0,7,0.0,0.0,0.35433884297520657,0,7,0.0,0.0,0.35433884297520657,3,7,0.42857142857142855,0.15821692226262685,0.7495457695909742,346 0.14; 150 0.14; 345 0.14; 311 0.14; 161 0.14; 312 0.14,6,35 0.29; 12 0.14; 44 0.14; 6 0.14; 38 0.14,5,unearned income 0.29; other element 0.29; earned income 0.29,"unreported source of income 0.29; household composition 0.29; wrong amount, known item 0.29",2,2,1,4,0.5,0.15003570882017148,0.8499642911798285,0.5,1,0.2,5,1458.0
4+,count_divisible_by_100 > 1.5 & months_since_cert_n > 5.5,all_2022_24,57,25,43,22,43,0.5116279069767442,0.36752063766074083,0.6538279072224399,9,43,0.20930232558139536,0.11422705997811457,0.35205931794236645,7,43,0.16279069767441862,0.08116524502857546,0.2997269533591824,1,43,0.023255813953488372,0.004116981177419918,0.12059267861216882,0,43,0.0,0.0,0.08201257002322722,0,43,0.0,0.0,0.08201257002322722,4,43,0.09302325581395349,0.036771045103346514,0.2160298839853268,12,43,0.27906976744186046,0.16746451821827157,0.42691312900129397,7,43,0.16279069767441862,0.08116524502857546,0.2997269533591824,8,43,0.18604651162790697,0.0974163558010598,0.3261729323530596,4,43,0.09302325581395349,0.036771045103346514,0.2160298839853268,4,43,0.09302325581395349,0.036771045103346514,0.2160298839853268,3,43,0.06976744186046512,0.024011153791962503,0.18609268553034927,2,43,0.046511627906976744,0.012848990317319689,0.15455775923863058,0,43,0.0,0.0,0.08201257002322722,0,43,0.0,0.0,0.08201257002322722,3,43,0.06976744186046512,0.024011153791962503,0.18609268553034927,23,41,0.5609756097560976,0.41040265151757305,0.7011009522789017,3,41,0.07317073170731707,0.025197373252564145,0.19427740017211292,15,41,0.36585365853658536,0.23589630416936816,0.5187957674783876,21,43,0.4883720930232558,0.34617209277756,0.6324793623392592,19,43,0.4418604651162791,0.3043308562392133,0.5889264193448829,0,43,0.0,0.0,0.08201257002322722,2,43,0.046511627906976744,0.012848990317319689,0.15455775923863058,1,43,0.023255813953488372,0.004116981177419918,0.12059267861216882,13,41,0.3170731707317073,0.19564433205311735,0.46984485655745856,311 0.35; 363 0.16; 312 0.14; 150 0.07; 346 0.05,5,35 0.19; 38 0.16; 44 0.07; 53 0.07; 52 0.07; 99 0.07; 98 0.05; 40 0.05; 7 0.05,9,earned income 0.51; unearned income 0.21; shelter deduction 0.16,"wrong amount, known item 0.28; unreported source of income 0.19; wrong include/exclude decision 0.16; change in circumstances 0.09; household composition 0.09",16,9,7,25,0.64,0.44518154601046633,0.7975234356826436,0.36,7,0.21875,32,10956.0
4+,count_divisible_by_100 > 1.5 & months_since_cert_n > 5.5,train_2022_23,37,17,27,14,27,0.5185185185185185,0.3398532458621043,0.6925704935029092,7,27,0.25925925925925924,0.13170208422866778,0.4467893040261568,4,27,0.14814814814814814,0.059158318596448906,0.32479063346829484,1,27,0.037037037037037035,0.006567976533097597,0.1828385393415652,0,27,0.0,6.938893903907228e-18,0.12455903714463581,0,27,0.0,6.938893903907228e-18,0.12455903714463581,1,27,0.037037037037037035,0.006567976533097597,0.1828385393415652,8,27,0.2962962962962963,0.15852853317647564,0.4848103338083759,5,27,0.18518518518518517,0.0818058657428532,0.36699056505191746,4,27,0.14814814814814814,0.059158318596448906,0.32479063346829484,1,27,0.037037037037037035,0.006567976533097597,0.1828385393415652,3,27,0.1111111111111111,0.03851964789498724,0.2805818254397295,3,27,0.1111111111111111,0.03851964789498724,0.2805818254397295,0,27,0.0,6.938893903907228e-18,0.12455903714463581,0,27,0.0,6.938893903907228e-18,0.12455903714463581,0,27,0.0,6.938893903907228e-18,0.12455903714463581,3,27,0.1111111111111111,0.03851964789498724,0.2805818254397295,17,27,0.6296296296296297,0.442289046234463,0.7846771293206314,2,27,0.07407407407407407,0.020554221697383523,0.2336997729073062,8,27,0.2962962962962963,0.15852853317647564,0.4848103338083759,14,27,0.5185185185185185,0.3398532458621043,0.6925704935029092,12,27,0.4444444444444444,0.2758559767007283,0.6268728052042312,0,27,0.0,6.938893903907228e-18,0.12455903714463581,0,27,0.0,6.938893903907228e-18,0.12455903714463581,1,27,0.037037037037037035,0.006567976533097597,0.1828385393415652,7,27,0.25925925925925924,0.13170208422866778,0.4467893040261568,311 0.44; 363 0.15; 346 0.07; 312 0.07; 350 0.07,5,38 0.15; 35 0.15; 44 0.11; 53 0.11; 99 0.11; 98 0.07; 41 0.04; 39 0.04,8,earned income 0.52; unearned income 0.26,"wrong amount, known item 0.30; wrong include/exclude decision 0.19; unreported source of income 0.15; change in circumstances 0.11; method or computation 0.11",10,7,3,17,0.5882352941176471,0.36005074385515545,0.7838921396086862,0.4117647058823529,3,0.15,20,7613.0
4+,count_divisible_by_100 > 1.5 & months_since_cert_n > 5.5,test_2024,20,8,16,8,16,0.5,0.2799923761135083,0.7200076238864916,2,16,0.125,0.034976749337057134,0.3602333143674828,3,16,0.1875,0.06591478773586765,0.4300935986845823,0,16,0.0,0.0,0.19361341827271994,0,16,0.0,0.0,0.19361341827271994,0,16,0.0,0.0,0.19361341827271994,3,16,0.1875,0.06591478773586765,0.4300935986845823,4,16,0.25,0.10181901984237346,0.49498768929398645,2,16,0.125,0.034976749337057134,0.3602333143674828,4,16,0.25,0.10181901984237346,0.49498768929398645,3,16,0.1875,0.06591478773586765,0.4300935986845823,1,16,0.0625,0.01111905730833121,0.2832926836802987,0,16,0.0,0.0,0.19361341827271994,2,16,0.125,0.034976749337057134,0.3602333143674828,0,16,0.0,0.0,0.19361341827271994,0,16,0.0,0.0,0.19361341827271994,0,16,0.0,0.0,0.19361341827271994,6,14,0.42857142857142855,0.21380509930400526,0.6740973309713064,1,14,0.07142857142857142,0.012721886112291636,0.3146926955395781,7,14,0.5,0.2679886791947528,0.7320113208052472,7,16,0.4375,0.2309836333518552,0.6682180439322347,7,16,0.4375,0.2309836333518552,0.6682180439322347,0,16,0.0,0.0,0.19361341827271994,2,16,0.125,0.034976749337057134,0.3602333143674828,0,16,0.0,0.0,0.19361341827271994,6,14,0.42857142857142855,0.21380509930400526,0.6740973309713064,312 0.25; 311 0.19; 363 0.19; 150 0.12,4,35 0.25; 38 0.19; 7 0.12; 52 0.12; 97 0.12,5,earned income 0.50; other element 0.19; shelter deduction 0.19,"unreported source of income 0.25; wrong amount, known item 0.25; household composition 0.19; wrong include/exclude decision 0.12",6,2,4,8,0.75,0.40926987910258916,0.9285223111419724,0.25,4,0.3333333333333333,12,3343.0
4+,months_since_cert_n >= 10.000 & rawben_rel_max >=  0.683 & rawben_rel_max <  0.820,all_2022_24,293,103,172,68,172,0.3953488372093023,0.32533233499934777,0.46993795371504055,32,172,0.18604651162790697,0.1349796509720326,0.2508312151711326,22,172,0.12790697674418605,0.0860057037323345,0.18606643391882427,6,172,0.03488372093023256,0.016083546768227094,0.07400662529572136,2,172,0.011627906976744186,0.003194538170137408,0.04140014249700848,8,172,0.046511627906976744,0.023753540562369307,0.08908437719998044,34,172,0.19767441860465115,0.14504644442697598,0.2635121674145905,56,172,0.32558139534883723,0.26002599652532066,0.39875781799866006,26,172,0.1511627906976744,0.10529253427427948,0.21227509477368184,16,172,0.09302325581395349,0.058070662732992634,0.14575823782296227,18,172,0.10465116279069768,0.06722702717226192,0.15934961908209427,21,172,0.12209302325581395,0.08125884992385682,0.1794394148781013,13,172,0.0755813953488372,0.04469900592107299,0.12500827608727996,1,172,0.005813953488372093,0.0010270174299284191,0.03219379038801682,2,172,0.011627906976744186,0.003194538170137408,0.04140014249700848,1,172,0.005813953488372093,0.0010270174299284191,0.03219379038801682,18,172,0.10465116279069768,0.06722702717226192,0.15934961908209427,70,172,0.4069767441860465,0.3363673265407741,0.4816507078720155,14,172,0.08139534883720931,0.04910226515859527,0.13197888969895832,88,172,0.5116279069767442,0.43748988006104583,0.5852578656373555,100,172,0.5813953488372093,0.5066777138627924,0.6525565060260167,65,172,0.37790697674418605,0.3088583487278011,0.45229032143898534,1,172,0.005813953488372093,0.0010270174299284191,0.03219379038801682,0,172,0.0,0.0,0.021846934968744597,6,172,0.03488372093023256,0.016083546768227094,0.07400662529572136,71,172,0.4127906976744186,0.3419002964822234,0.4874916107797669,311 0.33; 363 0.13; 150 0.08; 350 0.06; 312 0.05; 323 0.04; 346 0.04; 364 0.03,8,38 0.17; 99 0.10; 44 0.10; 35 0.09; 53 0.08; 52 0.06; 39 0.06; 12 0.03; 41 0.03; 54 0.03,10,earned income 0.40; other element 0.20; unearned income 0.19,"wrong amount, known item 0.33; wrong include/exclude decision 0.15; change in circumstances 0.12; other 0.10; household composition 0.10",73,30,36,103,0.7087378640776699,0.6147531128118702,0.7877118446578795,0.2912621359223301,36,0.2589928057553957,139,38402.0
4+,months_since_cert_n >= 10.000 & rawben_rel_max >=  0.683 & rawben_rel_max <  0.820,train_2022_23,221,78,127,50,127,0.3937007874015748,0.31304739392858366,0.48059621788906454,23,127,0.18110236220472442,0.12381720937688437,0.25711362607606036,17,127,0.13385826771653545,0.08528178945456724,0.20393509569510995,5,127,0.03937007874015748,0.01693154776967802,0.08885743677346422,1,127,0.007874015748031496,0.001391276231238591,0.04325507477639201,6,127,0.047244094488188976,0.021829492501269893,0.09924515042575026,25,127,0.1968503937007874,0.137040400556687,0.27446175166401354,38,127,0.2992125984251969,0.22642346171260533,0.383792249498508,21,127,0.16535433070866143,0.1107695500392402,0.23958996864594861,8,127,0.06299212598425197,0.03226130175460205,0.11938465794017394,15,127,0.11811023622047244,0.07289639770279097,0.18574917067913035,17,127,0.13385826771653545,0.08528178945456724,0.20393509569510995,9,127,0.07086614173228346,0.037727631027679204,0.12920398705097466,1,127,0.007874015748031496,0.001391276231238591,0.04325507477639201,2,127,0.015748031496062992,0.00432926528219783,0.05560274410931068,1,127,0.007874015748031496,0.001391276231238591,0.04325507477639201,15,127,0.11811023622047244,0.07289639770279097,0.18574917067913035,55,127,0.4330708661417323,0.35010943520734455,0.5199624685296933,11,127,0.08661417322834646,0.049051350010884905,0.14845158483552479,61,127,0.48031496062992124,0.39528258938537786,0.5665032646549273,73,127,0.5748031496062992,0.48786781499838405,0.6573459396484561,49,127,0.3858267716535433,0.30570036651903987,0.47265758691473037,0,127,0.0,0.0,0.02936069262375269,0,127,0.0,0.0,0.02936069262375269,5,127,0.03937007874015748,0.01693154776967802,0.08885743677346422,50,127,0.3937007874015748,0.31304739392858366,0.48059621788906454,311 0.33; 363 0.13; 150 0.09; 350 0.06; 312 0.05; 323 0.04; 364 0.04; 346 0.04,8,38 0.18; 99 0.12; 44 0.09; 53 0.09; 52 0.06; 35 0.06; 39 0.06; 12 0.04; 41 0.04; 98 0.04,10,earned income 0.39; other element 0.20; unearned income 0.18,"wrong amount, known item 0.30; wrong include/exclude decision 0.17; change in circumstances 0.13; other 0.12; household composition 0.12",53,25,29,78,0.6794871794871795,0.5696044750171564,0.7725198236280314,0.32051282051282054,29,0.27102803738317754,107,27284.0
4+,months_since_cert_n >= 10.000 & rawben_rel_max >=  0.683 & rawben_rel_max <  0.820,test_2024,72,25,45,18,45,0.4,0.27024679447957545,0.5454840579085527,9,45,0.2,0.10896004402509006,0.3382325131392944,5,45,0.1111111111111111,0.04840400437825558,0.23499375490890945,1,45,0.022222222222222223,0.003933497522757505,0.11566946388718813,1,45,0.022222222222222223,0.003933497522757505,0.11566946388718813,2,45,0.044444444444444446,0.012273869040444335,0.14827779183880616,9,45,0.2,0.10896004402509006,0.3382325131392944,18,45,0.4,0.27024679447957545,0.5454840579085527,5,45,0.1111111111111111,0.04840400437825558,0.23499375490890945,8,45,0.17777777777777778,0.0929427892585383,0.3133010684365414,3,45,0.06666666666666667,0.022931616462147086,0.17856874388640825,4,45,0.08888888888888889,0.035110548134203154,0.20733851168365702,4,45,0.08888888888888889,0.035110548134203154,0.20733851168365702,0,45,0.0,0.0,0.07865426194064076,0,45,0.0,0.0,0.07865426194064076,0,45,0.0,0.0,0.07865426194064076,3,45,0.06666666666666667,0.022931616462147086,0.17856874388640825,15,45,0.3333333333333333,0.21358692207276764,0.479297831907446,3,45,0.06666666666666667,0.022931616462147086,0.17856874388640825,27,45,0.6,0.4545159420914473,0.7297532055204246,27,45,0.6,0.4545159420914473,0.7297532055204246,16,45,0.35555555555555557,0.23218891356904048,0.5016445398804781,1,45,0.022222222222222223,0.003933497522757505,0.11566946388718813,0,45,0.0,0.0,0.07865426194064076,1,45,0.022222222222222223,0.003933497522757505,0.11566946388718813,21,45,0.4666666666666667,0.3293490394201473,0.6092279113758954,311 0.33; 363 0.11; 520 0.09; 150 0.07; 312 0.07; 361 0.04; 350 0.04,7,35 0.18; 38 0.16; 44 0.11; 54 0.07; 99 0.07; 75 0.04; 53 0.04; 39 0.04; 57 0.04,9,earned income 0.40; other element 0.20; unearned income 0.20,"wrong amount, known item 0.40; unreported source of income 0.18; wrong include/exclude decision 0.11; method or computation 0.09",20,5,7,25,0.8,0.6086866446346177,0.9113954589934752,0.2,7,0.21875,32,11118.0
2-3,HH_size_n >   2.500 & rawben_rel_max >   0.457 & shelter_expenses_by_hh_size > 456.000 & total_deductions_by_hh_size > 387.000,all_2022_24,297,89,133,40,133,0.3007518796992481,0.22930573885129057,0.3833851387765652,34,133,0.2556390977443609,0.189088826965417,0.3359094191819532,26,133,0.19548872180451127,0.13704293942095674,0.27103179808576633,2,133,0.015037593984962405,0.0041334978576213245,0.05317071372715991,2,133,0.015037593984962405,0.0041334978576213245,0.05317071372715991,20,133,0.15037593984962405,0.09950274822949001,0.2208793577967476,9,133,0.06766917293233082,0.0360059783846149,0.1236063032607327,40,133,0.3007518796992481,0.22930573885129057,0.3833851387765652,41,133,0.3082706766917293,0.23609463056882224,0.3912116856391144,19,133,0.14285714285714285,0.09340160831673866,0.21236505912941805,5,133,0.03759398496240601,0.016162680948680702,0.08498784637634325,10,133,0.07518796992481203,0.041350350175732326,0.1328773700496962,6,133,0.045112781954887216,0.020836924674096327,0.09492904123100854,2,133,0.015037593984962405,0.0041334978576213245,0.05317071372715991,0,133,0.0,0.0,0.028073334424619414,0,133,0.0,0.0,0.028073334424619414,10,133,0.07518796992481203,0.041350350175732326,0.1328773700496962,78,133,0.5864661654135338,0.5014897655961853,0.666587778074745,18,133,0.13533834586466165,0.08735194240933154,0.20379928645674428,37,133,0.2781954887218045,0.2090832078017854,0.3597613540858276,66,133,0.49624060150375937,0.41257294665911187,0.5801193340508476,62,133,0.46616541353383456,0.38352640000091553,0.5507041263887202,0,133,0.0,0.0,0.028073334424619414,0,133,0.0,0.0,0.028073334424619414,5,133,0.03759398496240601,0.016162680948680702,0.08498784637634325,34,133,0.2556390977443609,0.189088826965417,0.3359094191819532,311 0.26; 363 0.20; 323 0.14; 350 0.08; 342 0.05; 333 0.05,6,38 0.20; 53 0.18; 35 0.14; 99 0.08; 52 0.07; 44 0.05; 37 0.05,7,earned income 0.30; unearned income 0.26; shelter deduction 0.20,"wrong include/exclude decision 0.31; wrong amount, known item 0.30; unreported source of income 0.14",69,20,36,89,0.7752808988764045,0.6782244712364707,0.8495561788169537,0.2247191011235955,36,0.288,125,31690.0
2-3,HH_size_n >   2.500 & rawben_rel_max >   0.457 & shelter_expenses_by_hh_size > 456.000 & total_deductions_by_hh_size > 387.000,train_2022_23,154,56,83,21,83,0.25301204819277107,0.1718510550063121,0.3560249859694415,22,83,0.26506024096385544,0.18204284443216528,0.36886363356916135,16,83,0.1927710843373494,0.12228799170691444,0.29043586414097416,1,83,0.012048192771084338,0.0021299225877048286,0.0651373778765888,2,83,0.024096385542168676,0.006633027079790216,0.08366471041007639,16,83,0.1927710843373494,0.12228799170691444,0.29043586414097416,5,83,0.060240963855421686,0.026003017602439858,0.13338603096414572,18,83,0.21686746987951808,0.14181449316941397,0.3169702367296206,29,83,0.3493975903614458,0.25555971692976304,0.45655982025057457,12,83,0.14457831325301204,0.08468215781561281,0.23591994992998375,2,83,0.024096385542168676,0.006633027079790216,0.08366471041007639,8,83,0.0963855421686747,0.04965214649257531,0.17882821315072928,4,83,0.04819277108433735,0.01889830967407153,0.11746030186694112,2,83,0.024096385542168676,0.006633027079790216,0.08366471041007639,0,83,0.0,3.469446951953614e-18,0.04423686343872062,0,83,0.0,3.469446951953614e-18,0.04423686343872062,8,83,0.0963855421686747,0.04965214649257531,0.17882821315072928,50,83,0.6024096385542169,0.4948463779413774,0.7009123367759931,10,83,0.12048192771084337,0.06677618440538881,0.2077650492890618,23,83,0.27710843373493976,0.19231794359413656,0.381618971432763,43,83,0.5180722891566265,0.4121756969766282,0.6223699585617313,38,83,0.4578313253012048,0.3548919941370743,0.5645014762734203,0,83,0.0,3.469446951953614e-18,0.04423686343872062,0,83,0.0,3.469446951953614e-18,0.04423686343872062,2,83,0.024096385542168676,0.006633027079790216,0.08366471041007639,25,83,0.30120481927710846,0.21310549002452867,0.40689229905351704,311 0.22; 363 0.19; 323 0.18; 350 0.11; 331 0.06,5,53 0.23; 38 0.19; 35 0.14; 99 0.10; 52 0.08; 37 0.04,6,unearned income 0.27; earned income 0.25; dep care or child support deduction 0.19; shelter deduction 0.19,"wrong include/exclude decision 0.35; wrong amount, known item 0.22; unreported source of income 0.14; change in circumstances 0.10",44,12,25,56,0.7857142857142857,0.6618028634399505,0.8729421968525549,0.21428571428571427,25,0.30864197530864196,81,17659.0
2-3,HH_size_n >   2.500 & rawben_rel_max >   0.457 & shelter_expenses_by_hh_size > 456.000 & total_deductions_by_hh_size > 387.000,test_2024,143,33,50,19,50,0.38,0.2586259584257722,0.5184980497760643,12,50,0.24,0.14297252401872207,0.3741294937519236,10,50,0.2,0.11243629945973886,0.3303737210448524,1,50,0.02,0.0035391680889764604,0.10495686471836953,0,50,0.0,0.0,0.07135003417431873,4,50,0.08,0.031549003255790686,0.18838502545063704,4,50,0.08,0.031549003255790686,0.18838502545063704,22,50,0.44,0.3116198721023534,0.5769421319985648,12,50,0.24,0.14297252401872207,0.3741294937519236,7,50,0.14,0.06950745262022862,0.2618645719852809,3,50,0.06,0.020614596364630478,0.16217343370877002,2,50,0.04,0.011038652660826577,0.13460337877954667,2,50,0.04,0.011038652660826577,0.13460337877954667,0,50,0.0,0.0,0.07135003417431873,0,50,0.0,0.0,0.07135003417431873,0,50,0.0,0.0,0.07135003417431873,2,50,0.04,0.011038652660826577,0.13460337877954667,28,50,0.56,0.4230578680014353,0.6883801278976466,8,50,0.16,0.08337321362087696,0.2851448096176598,14,50,0.28,0.17474014357680362,0.4166538714598967,23,50,0.46,0.3296943460178263,0.5960136567161192,24,50,0.48,0.3479691239550571,0.6148848774119157,0,50,0.0,0.0,0.07135003417431873,0,50,0.0,0.0,0.07135003417431873,3,50,0.06,0.020614596364630478,0.16217343370877002,9,50,0.18,0.0977008273245379,0.3079631945470261,311 0.34; 363 0.20; 323 0.08; 342 0.08; 333 0.06,5,38 0.20; 35 0.14; 53 0.10; 44 0.08; 56 0.08; 37 0.06; 57 0.06; 40 0.04,8,earned income 0.38; unearned income 0.24; shelter deduction 0.20,"wrong amount, known item 0.44; wrong include/exclude decision 0.24; unreported source of income 0.14",25,8,11,33,0.7575757575757576,0.5897505131450971,0.8716843865335271,0.24242424242424243,11,0.25,44,14031.0
4+,count_divisible_by_100 > 0.500 & months_since_cert_n > 5.500 & rawben_rel_max <= 0.947,all_2022_24,288,97,158,55,158,0.34810126582278483,0.27822547307779205,0.42518823514061416,46,158,0.2911392405063291,0.2259306191371533,0.36626322966315517,26,158,0.16455696202531644,0.11484188547592124,0.23019672017305898,5,158,0.03164556962025317,0.013591135465855646,0.07193446487422996,3,158,0.0189873417721519,0.006477966396770545,0.054332109628182246,9,158,0.056962025316455694,0.03025373514703126,0.10470291382331998,14,158,0.08860759493670886,0.05351458793371128,0.14323087182447203,37,158,0.23417721518987342,0.17493756641852448,0.30603642296368627,39,158,0.2468354430379747,0.18614420233817375,0.31954531135916975,30,158,0.189873417721519,0.1363626742855047,0.2581069799937412,11,158,0.06962025316455696,0.03931605683447239,0.12035611645101166,13,158,0.08227848101265822,0.048712250245835385,0.1356754473547815,6,158,0.0379746835443038,0.017518093902477168,0.08036526859517487,4,158,0.02531645569620253,0.009887970714336322,0.06327986746818287,0,158,0.0,0.0,0.023736789552253557,1,158,0.006329113924050633,0.0011180903011854051,0.034976461408634564,17,158,0.10759493670886076,0.06826860722930307,0.16555013900157944,92,156,0.5897435897435898,0.5113008377389872,0.6638725839484834,12,156,0.07692307692307693,0.04454791663953605,0.12963452397667397,52,156,0.3333333333333333,0.2641482005862124,0.41052973056562775,80,158,0.5063291139240507,0.4291511645270228,0.5832065976305437,71,158,0.44936708860759494,0.37392178539850507,0.5272161173409636,1,158,0.006329113924050633,0.0011180903011854051,0.034976461408634564,2,158,0.012658227848101266,0.0034781615921472622,0.04497415227523912,4,158,0.02531645569620253,0.009887970714336322,0.06327986746818287,61,156,0.391025641025641,0.31794862709470695,0.4693407894276501,311 0.28; 363 0.16; 350 0.12; 312 0.05; 323 0.04; 346 0.04; 342 0.04,7,35 0.19; 38 0.11; 99 0.11; 53 0.09; 52 0.09; 44 0.08; 37 0.04; 6 0.03,8,earned income 0.35; unearned income 0.29; shelter deduction 0.16,"wrong include/exclude decision 0.25; wrong amount, known item 0.23; unreported source of income 0.19; other 0.11",64,33,27,97,0.6597938144329897,0.561034006679396,0.7463788070800048,0.3402061855670103,27,0.21774193548387097,124,34396.0
4+,count_divisible_by_100 > 0.500 & months_since_cert_n > 5.500 & rawben_rel_max <= 0.947,train_2022_23,211,74,123,39,123,0.3170731707317073,0.24144144944585907,0.4037853531173379,40,123,0.3252032520325203,0.24880085370854418,0.41219364651851065,18,123,0.14634146341463414,0.09461620811067066,0.21948894351151,3,123,0.024390243902439025,0.00832891348479355,0.06926077317951848,3,123,0.024390243902439025,0.00832891348479355,0.06926077317951848,8,123,0.06504065040650407,0.033322237047724246,0.12310593793587735,12,123,0.0975609756097561,0.05669218194661626,0.16280678369241697,25,123,0.2032520325203252,0.14163211457761232,0.2828469206915738,32,123,0.2601626016260163,0.19073051899065777,0.34412239992553384,20,123,0.16260162601626016,0.1077947851092691,0.23784576184062745,9,123,0.07317073170731707,0.03896990061369877,0.13322597203376071,11,123,0.08943089430894309,0.05067040745524363,0.1530608605199317,6,123,0.04878048780487805,0.022545466884545527,0.10234731277134024,2,123,0.016260162601626018,0.004470414833255703,0.057351574167198396,0,123,0.0,0.0,0.03028659367273828,1,123,0.008130081300813009,0.0014365665731900235,0.04461772476340617,17,123,0.13821138211382114,0.08811572402149442,0.21022172993682836,74,123,0.6016260162601627,0.5132936289239914,0.6838025918742326,8,123,0.06504065040650407,0.033322237047724246,0.12310593793587735,41,123,0.3333333333333333,0.2561872178643666,0.42057498002654614,66,123,0.5365853658536586,0.44868827716312104,0.6222663623242395,52,123,0.42276422764227645,0.339100821353305,0.5111060508400449,1,123,0.008130081300813009,0.0014365665731900235,0.04461772476340617,0,123,0.0,0.0,0.03028659367273828,4,123,0.032520325203252036,0.0127175527444634,0.08063983158370654,50,123,0.4065040650406504,0.32380845131879504,0.494863025546839,311 0.28; 363 0.15; 350 0.13; 323 0.05; 346 0.05; 342 0.05; 150 0.04; 334 0.03,8,35 0.16; 99 0.14; 53 0.11; 38 0.11; 52 0.10; 44 0.09; 37 0.06,7,unearned income 0.33; earned income 0.32; shelter deduction 0.15,"wrong include/exclude decision 0.26; wrong amount, known item 0.20; unreported source of income 0.16; other 0.14",45,29,19,74,0.6081081081081081,0.4941931053499984,0.7113525155005493,0.3918918918918919,19,0.20430107526881722,93,27007.0
4+,count_divisible_by_100 > 0.500 & months_since_cert_n > 5.500 & rawben_rel_max <= 0.947,test_2024,77,23,35,16,35,0.45714285714285713,0.3046577363376085,0.6181054865986247,6,35,0.17142857142857143,0.08102529944856719,0.3268260763958882,8,35,0.22857142857142856,0.12065736746179101,0.39017637780102,2,35,0.05714285714285714,0.015812829614043955,0.1860738073937003,0,35,0.0,0.0,0.09890426758938868,1,35,0.02857142857142857,0.005061361365853362,0.1453340909327131,2,35,0.05714285714285714,0.015812829614043955,0.1860738073937003,12,35,0.34285714285714286,0.20831495282688925,0.5084835312726328,7,35,0.2,0.10042319445900802,0.35891936609462516,10,35,0.2857142857142857,0.16326363398295565,0.45055248069821086,2,35,0.05714285714285714,0.015812829614043955,0.1860738073937003,2,35,0.05714285714285714,0.015812829614043955,0.1860738073937003,0,35,0.0,0.0,0.09890426758938868,2,35,0.05714285714285714,0.015812829614043955,0.1860738073937003,0,35,0.0,0.0,0.09890426758938868,0,35,0.0,0.0,0.09890426758938868,0,35,0.0,0.0,0.09890426758938868,18,33,0.5454545454545454,0.3798565794374957,0.701573108741085,4,33,0.12121212121212122,0.04816083267584231,0.2732584325026516,11,33,0.3333333333333333,0.19750029467803698,0.5039241820005003,14,35,0.4,0.25550504933307244,0.5642758041848053,19,35,0.5428571428571428,0.38189451340137515,0.6953422636623914,0,35,0.0,0.0,0.09890426758938868,2,35,0.05714285714285714,0.015812829614043955,0.1860738073937003,0,35,0.0,0.0,0.09890426758938868,11,33,0.3333333333333333,0.19750029467803698,0.5039241820005003,311 0.29; 363 0.23; 312 0.11; 350 0.09; 364 0.06,5,35 0.29; 38 0.14; 56 0.14; 52 0.09; 33 0.06; 97 0.06,6,earned income 0.46; shelter deduction 0.23; unearned income 0.17,"wrong amount, known item 0.34; unreported source of income 0.29; wrong include/exclude decision 0.20",19,4,8,23,0.8260869565217391,0.6286194521470433,0.9302145964938723,0.17391304347826086,8,0.25806451612903225,31,7389.0
4+,months_since_cert_n >= 9.000 & rawben_rel_max < 0.822 & unc_rawben_rel_max >= 0.725,all_2022_24,302,105,167,64,167,0.38323353293413176,0.31290791101577003,0.45881045266146087,32,167,0.19161676646706588,0.13912716185703666,0.2579751832392397,24,167,0.1437125748502994,0.098513864816618,0.2049344756344197,6,167,0.03592814371257485,0.01656809995480029,0.07615873004445048,2,167,0.011976047904191617,0.003290362993248832,0.042609464683382614,8,167,0.04790419161676647,0.024470545963093518,0.09166978519746691,31,167,0.18562874251497005,0.13396751941877455,0.25142807509684695,50,167,0.2994011976047904,0.23508547032043003,0.37273838522763314,33,167,0.19760479041916168,0.14430792347500765,0.2645011722019235,14,167,0.08383233532934131,0.05059201126482034,0.13578882337966902,19,167,0.11377245508982035,0.07405601146739094,0.1708585760803726,22,167,0.1317365269461078,0.08863060706139886,0.1914042322283292,10,167,0.059880239520958084,0.03284721422575112,0.10670661809611895,1,167,0.005988023952095809,0.001057789254986563,0.033135287840990055,2,167,0.011976047904191617,0.003290362993248832,0.042609464683382614,1,167,0.005988023952095809,0.001057789254986563,0.033135287840990055,15,167,0.08982035928143713,0.055187336060682574,0.14290024916446165,70,167,0.41916167664670656,0.34696631686264295,0.4949925502985168,18,167,0.10778443113772455,0.06927290603446953,0.1639349309326392,79,167,0.47305389221556887,0.3987891119277283,0.548530510459325,92,167,0.5508982035928144,0.47515718969621046,0.6243501902393557,68,167,0.40718562874251496,0.3355690277607034,0.48297633823914676,1,167,0.005988023952095809,0.001057789254986563,0.033135287840990055,1,167,0.005988023952095809,0.001057789254986563,0.033135287840990055,5,167,0.029940119760479042,0.012854849757469023,0.06816522966112691,68,167,0.40718562874251496,0.3355690277607034,0.48297633823914676,311 0.31; 363 0.14; 150 0.08; 312 0.07; 346 0.05; 350 0.04; 331 0.04; 364 0.04,8,38 0.16; 53 0.11; 44 0.10; 99 0.09; 35 0.08; 39 0.06; 52 0.05; 12 0.05; 41 0.04; 98 0.03,10,earned income 0.38; unearned income 0.19; other element 0.19,"wrong amount, known item 0.30; wrong include/exclude decision 0.20; change in circumstances 0.13; household composition 0.11; other 0.09",71,34,37,105,0.6761904761904762,0.5818421637535649,0.7581013872416429,0.3238095238095238,37,0.2605633802816901,142,40208.0
4+,months_since_cert_n >= 9.000 & rawben_rel_max < 0.822 & unc_rawben_rel_max >= 0.725,train_2022_23,213,74,119,43,119,0.36134453781512604,0.28061734896606716,0.4507440139598472,24,119,0.20168067226890757,0.13944089576973434,0.2825790062829905,18,119,0.15126050420168066,0.0978721829192941,0.22646094201558137,5,119,0.04201680672268908,0.018078207847971574,0.0946002333315637,1,119,0.008403361344537815,0.0014849048183694993,0.04606901828259955,5,119,0.04201680672268908,0.018078207847971574,0.0946002333315637,23,119,0.19327731092436976,0.13238464208785594,0.2733541304452274,33,119,0.2773109243697479,0.20480261028046137,0.3637474574490374,26,119,0.2184873949579832,0.15368839845214266,0.3008937626398653,6,119,0.05042016806722689,0.023310004458561698,0.10564956624061513,15,119,0.12605042016806722,0.07789652162425514,0.19759321475169567,17,119,0.14285714285714285,0.09114464131567314,0.2169073540995608,7,119,0.058823529411764705,0.02878294603515636,0.11645775418366203,1,119,0.008403361344537815,0.0014849048183694993,0.04606901828259955,2,119,0.01680672268907563,0.004621078613443866,0.059213974007166756,1,119,0.008403361344537815,0.0014849048183694993,0.04606901828259955,11,119,0.09243697478991597,0.05240003349104728,0.15796518480633737,52,119,0.4369747899159664,0.35120830331317215,0.5266832252895162,14,119,0.11764705882352941,0.07138672488935097,0.18782188196695834,53,119,0.44537815126050423,0.3591783519641876,0.5349943061581423,69,119,0.5798319327731093,0.490013401018628,0.6646573294179668,46,119,0.3865546218487395,0.3039147393264819,0.47629001215835715,0,119,0.0,3.469446951953614e-18,0.03127279358132749,0,119,0.0,3.469446951953614e-18,0.03127279358132749,4,119,0.03361344537815126,0.013147540181404155,0.08324977147848957,46,119,0.3865546218487395,0.3039147393264819,0.47629001215835715,311 0.29; 363 0.15; 150 0.08; 312 0.07; 346 0.05; 350 0.05; 364 0.04; 331 0.03,8,38 0.17; 53 0.13; 99 0.09; 44 0.09; 39 0.07; 52 0.06; 12 0.05; 35 0.05; 98 0.04; 37 0.03,10,earned income 0.36; unearned income 0.20; other element 0.19,"wrong amount, known item 0.28; wrong include/exclude decision 0.22; change in circumstances 0.14; household composition 0.13",47,27,28,74,0.6351351351351351,0.5213160229966365,0.7356160030665482,0.36486486486486486,28,0.27450980392156865,102,27289.0
4+,months_since_cert_n >= 9.000 & rawben_rel_max < 0.822 & unc_rawben_rel_max >= 0.725,test_2024,89,31,48,21,48,0.4375,0.3070105464041092,0.5772522849899835,8,48,0.16666666666666666,0.08695410039453222,0.29578100037396254,6,48,0.125,0.05856971750400844,0.24700727086054822,1,48,0.020833333333333332,0.003687015979399688,0.10899469137531158,1,48,0.020833333333333332,0.003687015979399688,0.10899469137531158,3,48,0.0625,0.021482843131227225,0.1683569766274222,8,48,0.16666666666666666,0.08695410039453222,0.29578100037396254,17,48,0.3541666666666667,0.23433457112685735,0.4956120354593591,7,48,0.14583333333333334,0.07248157413793963,0.27167447042858606,8,48,0.16666666666666666,0.08695410039453222,0.29578100037396254,4,48,0.08333333333333333,0.03288322434995555,0.19553565161066291,5,48,0.10416666666666667,0.045321050901178245,0.2216768812614093,3,48,0.0625,0.021482843131227225,0.1683569766274222,0,48,0.0,0.0,0.0741026511527422,0,48,0.0,0.0,0.0741026511527422,0,48,0.0,0.0,0.0741026511527422,4,48,0.08333333333333333,0.03288322434995555,0.19553565161066291,18,48,0.375,0.2521507240406812,0.5163749387475043,4,48,0.08333333333333333,0.03288322434995555,0.19553565161066291,26,48,0.5416666666666666,0.4029083309494732,0.6742497814544648,23,48,0.4791666666666667,0.34471090015787464,0.6167100436401562,22,48,0.4583333333333333,0.3257502185455351,0.5970916690505266,1,48,0.020833333333333332,0.003687015979399688,0.10899469137531158,1,48,0.020833333333333332,0.003687015979399688,0.10899469137531158,1,48,0.020833333333333332,0.003687015979399688,0.10899469137531158,22,48,0.4583333333333333,0.3257502185455351,0.5970916690505266,311 0.35; 363 0.12; 150 0.08; 312 0.08; 520 0.06; 331 0.04,6,35 0.17; 38 0.12; 44 0.10; 99 0.08; 53 0.06; 12 0.06; 33 0.04; 39 0.04; 41 0.04; 52 0.04,10,earned income 0.44; unearned income 0.17; other element 0.17,"wrong amount, known item 0.35; unreported source of income 0.17; wrong include/exclude decision 0.15; change in circumstances 0.10",24,7,9,31,0.7741935483870968,0.6018723994130262,0.8860500840550121,0.22580645161290322,9,0.225,40,12919.0
4+,months_since_cert_n >=   8.000 & rawben_rel_max <   0.988 & total_deductions_by_hh_size >=  87.300 & utilities < 283.000,all_2022_24,125,45,84,29,84,0.34523809523809523,0.2523486284686916,0.45166404889601935,13,84,0.15476190476190477,0.09273222805420128,0.24698835991323098,18,84,0.21428571428571427,0.14006654921749656,0.3134953166865853,13,84,0.15476190476190477,0.09273222805420128,0.24698835991323098,1,84,0.011904761904761904,0.002104528901587875,0.06439699201788535,4,84,0.047619047619047616,0.018671444654442905,0.11613484302702007,6,84,0.07142857142857142,0.033145358330644366,0.14719744052547845,26,84,0.30952380952380953,0.22081781137605916,0.4148900992266621,25,84,0.2976190476190476,0.21044679186262583,0.40249286315276545,5,84,0.05952380952380952,0.025690182263433017,0.13188436100535988,3,84,0.03571428571428571,0.01221944777306612,0.09981858432106694,12,84,0.14285714285714285,0.08364938218850576,0.23330295019159658,2,84,0.023809523809523808,0.006553765293517748,0.0827160112132854,2,84,0.023809523809523808,0.006553765293517748,0.0827160112132854,0,84,0.0,0.0,0.043733265332143306,0,84,0.0,0.0,0.043733265332143306,9,84,0.10714285714285714,0.05739956319523237,0.1912480024228802,35,84,0.4166666666666667,0.3171466976499569,0.5234755132387336,3,84,0.03571428571428571,0.01221944777306612,0.09981858432106694,46,84,0.5476190476190477,0.44142846686988807,0.6496445554794317,47,84,0.5595238095238095,0.4530690997323842,0.6607721782042654,31,84,0.36904761904761907,0.2736996045974371,0.4758495839419337,1,84,0.011904761904761904,0.002104528901587875,0.06439699201788535,0,84,0.0,0.0,0.043733265332143306,5,84,0.05952380952380952,0.025690182263433017,0.13188436100535988,36,84,0.42857142857142855,0.32815806317877516,0.5352324032972452,311 0.33; 363 0.21; 364 0.15; 323 0.04; 350 0.04,5,38 0.18; 52 0.13; 53 0.13; 99 0.11; 64 0.08; 44 0.08; 35 0.06,7,earned income 0.35; shelter deduction 0.21; utility allowance 0.15; unearned income 0.15,"wrong amount, known item 0.31; wrong include/exclude decision 0.30; change in circumstances 0.14",32,13,16,45,0.7111111111111111,0.5663118252773978,0.8227008196809984,0.28888888888888886,16,0.26229508196721313,61,19990.0
4+,months_since_cert_n >=   8.000 & rawben_rel_max <   0.988 & total_deductions_by_hh_size >=  87.300 & utilities < 283.000,train_2022_23,85,33,59,21,59,0.3559322033898305,0.2460311586943476,0.48344740327733987,8,59,0.13559322033898305,0.07034090749685569,0.24539898454917758,14,59,0.23728813559322035,0.1469448625694613,0.3597513386730279,9,59,0.15254237288135594,0.08238371089067363,0.26518223268810226,1,59,0.01694915254237288,0.002998156692981528,0.08995937462385317,3,59,0.05084745762711865,0.017442401159453308,0.1391672332228667,3,59,0.05084745762711865,0.017442401159453308,0.1391672332228667,17,59,0.288135593220339,0.1883634728582083,0.4138108829825087,18,59,0.3050847457627119,0.20253473477602124,0.4314656725974384,3,59,0.05084745762711865,0.017442401159453308,0.1391672332228667,1,59,0.01694915254237288,0.002998156692981528,0.08995937462385317,10,59,0.1694915254237288,0.0947573785633763,0.28463461654814215,2,59,0.03389830508474576,0.009345713033501513,0.11543786981607584,2,59,0.03389830508474576,0.009345713033501513,0.11543786981607584,0,59,0.0,0.0,0.061131479784092065,0,59,0.0,0.0,0.061131479784092065,6,59,0.1016949152542373,0.047447326513182495,0.2046404624673654,27,59,0.4576271186440678,0.3370110214024243,0.583423849765719,1,59,0.01694915254237288,0.002998156692981528,0.08995937462385317,31,59,0.5254237288135594,0.4003957675731271,0.6473433097259869,31,59,0.5254237288135594,0.4003957675731271,0.6473433097259869,23,59,0.3898305084745763,0.2757917606558441,0.5173389043813288,0,59,0.0,0.0,0.061131479784092065,0,59,0.0,0.0,0.061131479784092065,5,59,0.0847457627118644,0.036741491306199775,0.1835202461416055,21,59,0.3559322033898305,0.2460311586943476,0.48344740327733987,311 0.36; 363 0.24; 364 0.15; 323 0.05,4,38 0.20; 53 0.15; 52 0.12; 64 0.10; 99 0.10; 44 0.07; 35 0.05,7,earned income 0.36; shelter deduction 0.24; utility allowance 0.15; unearned income 0.14,"wrong include/exclude decision 0.31; wrong amount, known item 0.29; change in circumstances 0.17",25,8,13,33,0.7575757575757576,0.5897505131450971,0.8716843865335271,0.24242424242424243,13,0.2826086956521739,46,16174.0
4+,months_since_cert_n >=   8.000 & rawben_rel_max <   0.988 & total_deductions_by_hh_size >=  87.300 & utilities < 283.000,test_2024,40,12,25,8,25,0.32,0.17204987516891143,0.5159008626542329,5,25,0.2,0.08860454100652487,0.3913133553653824,4,25,0.16,0.06403347608577989,0.34654013980238163,4,25,0.16,0.06403347608577989,0.34654013980238163,0,25,0.0,0.0,0.13319649395317873,1,25,0.04,0.007096050386699165,0.19544472405022525,3,25,0.12,0.04166741357068093,0.2995619218337349,9,25,0.36,0.20247656431735636,0.5548184539895337,7,25,0.28,0.1428367383738157,0.47576971896558296,2,25,0.08,0.02221993369109193,0.24966512122957818,2,25,0.08,0.02221993369109193,0.24966512122957818,2,25,0.08,0.02221993369109193,0.24966512122957818,0,25,0.0,0.0,0.13319649395317873,0,25,0.0,0.0,0.13319649395317873,0,25,0.0,0.0,0.13319649395317873,0,25,0.0,0.0,0.13319649395317873,3,25,0.12,0.04166741357068093,0.2995619218337349,8,25,0.32,0.17204987516891143,0.5159008626542329,2,25,0.08,0.02221993369109193,0.24966512122957818,15,25,0.6,0.40739127785127344,0.7659694233580909,16,25,0.64,0.44518154601046633,0.7975234356826436,8,25,0.32,0.17204987516891143,0.5159008626542329,1,25,0.04,0.007096050386699165,0.19544472405022525,0,25,0.0,0.0,0.13319649395317873,0,25,0.0,0.0,0.13319649395317873,15,25,0.6,0.40739127785127344,0.7659694233580909,311 0.28; 364 0.16; 363 0.16; 150 0.08; 350 0.04; 331 0.04,6,52 0.16; 99 0.12; 44 0.12; 38 0.12; 35 0.08; 12 0.08; 54 0.08,7,earned income 0.32; unearned income 0.20; utility allowance 0.16; shelter deduction 0.16,"wrong amount, known item 0.36; wrong include/exclude decision 0.28; other 0.12",7,5,3,12,0.5833333333333334,0.3195073356553728,0.8067425380947535,0.4166666666666667,3,0.2,15,3816.0
4+,HH_size_n >= 6.000 & months_since_cert_n >= 6.000 & rawben_rel_max >= 0.391 & rawben_rel_max < 0.920,all_2022_24,620,202,309,129,309,0.4174757281553398,0.36383269024978404,0.47314551213762235,59,309,0.19093851132686085,0.1510143240074562,0.23845306140420267,55,309,0.1779935275080906,0.13937655037882465,0.22451878834850578,13,309,0.042071197411003236,0.024748676470653607,0.0706401720712283,1,309,0.003236245954692557,0.0005714907829671729,0.018101217705929443,10,309,0.032362459546925564,0.01767169821609259,0.05853811531254298,42,309,0.13592233009708737,0.10215428066886428,0.17863190633439874,101,309,0.3268608414239482,0.27696450078434837,0.38100937481275904,60,309,0.1941747572815534,0.15393566696401256,0.2419247301187284,33,309,0.10679611650485436,0.07706035963893655,0.14618872232458752,25,309,0.08090614886731391,0.05539947894540359,0.1167055096494636,30,309,0.0970873786407767,0.0688546852596634,0.13521536169061432,23,309,0.0744336569579288,0.05010786779256711,0.1092110974601359,5,309,0.016181229773462782,0.0069308466203427295,0.037313908552882316,2,309,0.006472491909385114,0.001776751793675608,0.023288968366303116,2,309,0.006472491909385114,0.001776751793675608,0.023288968366303116,28,309,0.09061488673139159,0.06343694972274169,0.12784707388537184,149,306,0.4869281045751634,0.43143448614611574,0.5427458692354729,23,306,0.07516339869281045,0.05060428736297573,0.11025726253865142,133,306,0.434640522875817,0.38024817150685947,0.4906536054010832,188,308,0.6103896103896104,0.5548863894847028,0.6631730355567284,108,308,0.35064935064935066,0.2994951634033522,0.40548326154059383,0,308,0.0,8.673617379884035e-19,0.012319074812340625,2,308,0.006493506493506494,0.0017825263380321244,0.023363573476745635,10,308,0.032467532467532464,0.017729379529719303,0.058724820294806995,134,306,0.43790849673202614,0.3834294524115539,0.4939272356509916,311 0.36; 363 0.18; 150 0.07; 350 0.06; 312 0.05; 364 0.04,6,38 0.17; 35 0.11; 44 0.10; 99 0.09; 52 0.08; 53 0.07; 41 0.04; 98 0.03; 12 0.03; 37 0.03,10,earned income 0.42; unearned income 0.19; shelter deduction 0.18,"wrong amount, known item 0.33; wrong include/exclude decision 0.19; unreported source of income 0.11; change in circumstances 0.10; other 0.09",130,72,66,202,0.6435643564356436,0.5754003252080282,0.7063697348770082,0.3564356435643564,66,0.2462686567164179,268,71524.0
4+,HH_size_n >= 6.000 & months_since_cert_n >= 6.000 & rawben_rel_max >= 0.391 & rawben_rel_max < 0.920,train_2022_23,417,136,208,80,208,0.38461538461538464,0.32115994998932124,0.45225565865411815,44,208,0.21153846153846154,0.16152475188707197,0.2720142697215262,31,208,0.14903846153846154,0.10702514787880726,0.20378066174498718,9,208,0.04326923076923077,0.022928210873058096,0.08017524000722226,1,208,0.004807692307692308,0.0008491586222405118,0.026726161805852935,9,208,0.04326923076923077,0.022928210873058096,0.08017524000722226,34,208,0.16346153846153846,0.11939507784623474,0.21973378069712982,58,208,0.27884615384615385,0.222336142471955,0.34337710742797034,42,208,0.20192307692307693,0.15300019311684493,0.26165679587870655,18,208,0.08653846153846154,0.0554393266981634,0.13263327094082725,21,208,0.10096153846153846,0.0669863699267214,0.14940927663183934,23,208,0.11057692307692307,0.07482092932258862,0.16045674984901886,19,208,0.09134615384615384,0.05925868160639376,0.13825493233912023,2,208,0.009615384615384616,0.0026408026954240042,0.0343755340391928,0,208,0.0,0.0,0.01813430412157008,1,208,0.004807692307692308,0.0008491586222405118,0.026726161805852935,24,208,0.11538461538461539,0.07877456192207917,0.1659441335560517,107,208,0.5144230769230769,0.44685720031351567,0.5814658486060544,15,208,0.07211538461538461,0.04418639161088356,0.11556315710853698,86,208,0.41346153846153844,0.3486966034711957,0.4813651030113838,137,208,0.6586538461538461,0.5918596801375735,0.7196938579776975,62,208,0.2980769230769231,0.24003293954973906,0.36344437557627973,0,208,0.0,0.0,0.01813430412157008,0,208,0.0,0.0,0.01813430412157008,9,208,0.04326923076923077,0.022928210873058096,0.08017524000722226,95,208,0.4567307692307692,0.3904315970047479,0.5245992562365418,311 0.35; 363 0.15; 150 0.08; 350 0.06; 364 0.04; 312 0.04; 344 0.04,7,38 0.16; 99 0.12; 44 0.11; 52 0.09; 35 0.09; 53 0.08; 41 0.05; 98 0.04; 37 0.03,9,earned income 0.38; unearned income 0.21; other element 0.16,"wrong amount, known item 0.28; wrong include/exclude decision 0.20; other 0.12; change in circumstances 0.11; household composition 0.10",86,50,47,136,0.6323529411764706,0.5487184952588499,0.7087156302088221,0.36764705882352944,47,0.2568306010928962,183,46191.0
4+,HH_size_n >= 6.000 & months_since_cert_n >= 6.000 & rawben_rel_max >= 0.391 & rawben_rel_max < 0.920,test_2024,203,66,101,49,101,0.48514851485148514,0.3900229573630214,0.5813624469039871,15,101,0.1485148514851485,0.092115201386504,0.23067269959936418,24,101,0.2376237623762376,0.16519850461757263,0.3292769707662444,4,101,0.039603960396039604,0.015506895291526046,0.09744063698573793,0,101,0.0,0.0,0.03664194365595336,1,101,0.009900990099009901,0.001749866201761846,0.05396847460951917,8,101,0.07920792079207921,0.04068048623667317,0.14857263466190143,43,101,0.42574257425742573,0.3337753927460355,0.523151628589007,18,101,0.1782178217821782,0.1158097450050057,0.26420734744684543,15,101,0.1485148514851485,0.092115201386504,0.23067269959936418,4,101,0.039603960396039604,0.015506895291526046,0.09744063698573793,7,101,0.06930693069306931,0.033974895429948894,0.13620182831329805,4,101,0.039603960396039604,0.015506895291526046,0.09744063698573793,3,101,0.0297029702970297,0.010152296701083398,0.08371883842085293,2,101,0.019801980198019802,0.005447208292721675,0.06934752967388699,1,101,0.009900990099009901,0.001749866201761846,0.05396847460951917,4,101,0.039603960396039604,0.015506895291526046,0.09744063698573793,42,98,0.42857142857142855,0.3351141839487037,0.5274174337792189,8,98,0.08163265306122448,0.04194355683633026,0.15288448985578768,47,98,0.47959183673469385,0.38332963929572583,0.5773936800551093,51,100,0.51,0.4134784047743415,0.6057816990761385,46,100,0.46,0.36560643853331865,0.5573531460647615,0,100,0.0,0.0,0.03699480747600191,2,100,0.02,0.005501852234968185,0.07001316294199365,1,100,0.01,0.0017673865655472645,0.0544875247609346,39,98,0.3979591836734694,0.3066643027632052,0.49695229399096996,311 0.39; 363 0.24; 350 0.07; 312 0.07,4,38 0.20; 35 0.15; 44 0.09; 52 0.08; 56 0.07; 53 0.06; 57 0.05; 99 0.04; 41 0.03,9,earned income 0.49; shelter deduction 0.24; unearned income 0.15,"wrong amount, known item 0.43; wrong include/exclude decision 0.18; unreported source of income 0.15",44,22,19,66,0.6666666666666666,0.5465611809612104,0.7684373299549198,0.3333333333333333,19,0.2235294117647059,85,25333.0
4+,months_since_cert_n >=   3 & shelter_expenses_by_hh_size >= 137 & total_deductions_by_hh_size >= 217 & utilities < 471,all_2022_24,601,196,305,119,305,0.3901639344262295,0.3371105754801955,0.4459497376382443,39,305,0.12786885245901639,0.09496671349522398,0.17002867572695327,58,305,0.1901639344262295,0.15008114386325322,0.23795466478428645,16,305,0.05245901639344262,0.03254482955749298,0.08350689404450883,2,305,0.006557377049180328,0.0018000773999991473,0.023590284520156685,42,305,0.1377049180327869,0.10351628800885412,0.18090653585943303,29,305,0.09508196721311475,0.06701857072541595,0.13321870300972852,99,305,0.32459016393442625,0.2745061575296531,0.3790379246147212,77,305,0.25245901639344265,0.20698955392586116,0.30408667414704094,31,305,0.10163934426229508,0.07253098965419683,0.14065790717835422,22,305,0.07213114754098361,0.04811342205089569,0.10679317084332582,23,305,0.07540983606557378,0.050771954031820304,0.11061045041110448,20,305,0.06557377049180328,0.04284619342298321,0.09910877637383173,0,305,0.0,0.0,0.012438738822749264,0,305,0.0,0.0,0.012438738822749264,2,305,0.006557377049180328,0.0018000773999991473,0.023590284520156685,31,305,0.10163934426229508,0.07253098965419683,0.14065790717835422,175,305,0.5737704918032787,0.5176909905648495,0.6280147692809743,26,305,0.08524590163934426,0.05883632198702859,0.12197351710200602,104,305,0.34098360655737703,0.29005534686241863,0.39586779302547204,141,305,0.46229508196721314,0.40715634132571044,0.5183718258642017,148,305,0.4852459016393443,0.42968885818619523,0.5411699898446399,1,305,0.003278688524590164,0.0005789887839208578,0.01833556158753169,0,305,0.0,0.0,0.012438738822749264,15,305,0.04918032786885246,0.030027077372770924,0.07954883468052759,100,305,0.32786885245901637,0.2776103289381436,0.3824095647549339,311 0.34; 363 0.19; 323 0.11; 150 0.07; 350 0.06,5,38 0.19; 53 0.13; 99 0.10; 35 0.10; 52 0.09; 56 0.05; 44 0.05; 13 0.03; 37 0.03,9,earned income 0.39; shelter deduction 0.19; dep care or child support deduction 0.14; unearned income 0.13,"wrong amount, known item 0.32; wrong include/exclude decision 0.25; other 0.10; unreported source of income 0.10",149,47,84,196,0.7602040816326531,0.6957942501838691,0.8146099899743361,0.23979591836734693,84,0.3,280,72043.0
4+,months_since_cert_n >=   3 & shelter_expenses_by_hh_size >= 137 & total_deductions_by_hh_size >= 217 & utilities < 471,train_2022_23,401,131,205,79,205,0.3853658536585366,0.32143346868424716,0.4535155836118471,28,205,0.13658536585365855,0.09621731612319204,0.19032329647506427,35,205,0.17073170731707318,0.12539723689424878,0.2281798282115539,11,205,0.05365853658536585,0.03022264833885143,0.0935151510267922,2,205,0.00975609756097561,0.002679507763058954,0.03486856695002503,31,205,0.15121951219512195,0.10862327538518729,0.20664724543058888,19,205,0.09268292682926829,0.06013785786229498,0.1402130300834017,50,205,0.24390243902439024,0.19017998996695418,0.3070466162264479,57,205,0.2780487804878049,0.22122834067154037,0.3430347180294081,20,205,0.0975609756097561,0.06404516291076943,0.14588236110743386,15,205,0.07317073170731707,0.04484039033079913,0.117203953324871,19,205,0.09268292682926829,0.06013785786229498,0.1402130300834017,18,205,0.08780487804878048,0.056261360355997526,0.1345128915171925,0,205,0.0,0.0,0.018394802568070728,0,205,0.0,0.0,0.018394802568070728,1,205,0.004878048780487805,0.0008615928370303422,0.02710984580354701,25,205,0.12195121951219512,0.08398253810899534,0.17382816627174105,115,205,0.5609756097560976,0.49253706546776527,0.6271708854385677,18,205,0.08780487804878048,0.056261360355997526,0.1345128915171925,72,205,0.35121951219512193,0.28915653106729666,0.41875606872125115,96,205,0.4682926829268293,0.4011961903382818,0.5365556751904251,95,205,0.4634146341463415,0.39645232583180684,0.5317229036243935,0,205,0.0,0.0,0.018394802568070728,0,205,0.0,0.0,0.018394802568070728,14,205,0.06829268292682927,0.04111261707817787,0.11135509050498565,77,205,0.375609756097561,0.3121763969738425,0.4436193831772385,311 0.35; 363 0.17; 323 0.12; 150 0.07; 364 0.05,5,38 0.20; 53 0.16; 99 0.12; 35 0.10; 52 0.09; 98 0.04; 44 0.04,7,earned income 0.39; shelter deduction 0.17; dep care or child support deduction 0.15; unearned income 0.14,"wrong include/exclude decision 0.28; wrong amount, known item 0.24; other 0.12; unreported source of income 0.10; change in circumstances 0.09",100,31,56,131,0.7633587786259542,0.6837257351126099,0.8279857841811392,0.2366412213740458,56,0.2994652406417112,187,45608.0
4+,months_since_cert_n >=   3 & shelter_expenses_by_hh_size >= 137 & total_deductions_by_hh_size >= 217 & utilities < 471,test_2024,200,65,100,40,100,0.4,0.3093997461136028,0.4979992153815976,11,100,0.11,0.06254131955225126,0.18631463027903022,23,100,0.23,0.15843154746876406,0.32154564856827694,5,100,0.05,0.02154336145631356,0.11175196527208817,0,100,0.0,0.0,0.03699480747600191,11,100,0.11,0.06254131955225126,0.18631463027903022,10,100,0.1,0.05522854161313613,0.1743673043676654,49,100,0.49,0.3942183009238615,0.5865215952256586,20,100,0.2,0.1333659225590988,0.28883096192650237,11,100,0.11,0.06254131955225126,0.18631463027903022,7,100,0.07,0.034318824364064096,0.13749671006529757,4,100,0.04,0.015663050551848016,0.09837217232607373,2,100,0.02,0.005501852234968185,0.07001316294199365,0,100,0.0,0.0,0.03699480747600191,0,100,0.0,0.0,0.03699480747600191,1,100,0.01,0.0017673865655472645,0.0544875247609346,6,100,0.06,0.02778574526665662,0.12476968531222507,60,100,0.6,0.5020007846184025,0.6906002538863971,8,100,0.08,0.04109296948581091,0.14998266879403072,32,100,0.32,0.2366901081545688,0.4166280225367919,45,100,0.45,0.3561437510640346,0.5475557296835656,53,100,0.53,0.4328868313724773,0.6248934801789626,1,100,0.01,0.0017673865655472645,0.0544875247609346,0,100,0.0,0.0,0.03699480747600191,1,100,0.01,0.0017673865655472645,0.0544875247609346,23,100,0.23,0.15843154746876406,0.32154564856827694,311 0.34; 363 0.23; 323 0.10; 350 0.08,4,38 0.17; 56 0.16; 35 0.11; 52 0.07; 53 0.07; 44 0.06; 57 0.06; 99 0.06,8,earned income 0.40; shelter deduction 0.23; unearned income 0.11; dep care or child support deduction 0.11,"wrong amount, known item 0.49; wrong include/exclude decision 0.20; unreported source of income 0.11",49,16,28,65,0.7538461538461538,0.6369398600835174,0.842421456329814,0.24615384615384617,28,0.3010752688172043,93,26435.0
4+,married > 0.500 & months_since_cert_n > 5.500 & rawben_rel_max <= 0.990 & unc_rawben_rel_max > 0.508,all_2022_24,854,270,426,186,426,0.43661971830985913,0.39029553713849996,0.48407678978378943,71,426,0.16666666666666666,0.13428816018246997,0.20500333696438594,75,426,0.176056338028169,0.1428291635811108,0.21507384068836888,19,426,0.04460093896713615,0.02873615358186854,0.06860575097087832,2,426,0.004694835680751174,0.001288411886335163,0.016954587395260665,15,426,0.035211267605633804,0.021452460260866137,0.05727793716925694,58,426,0.13615023474178403,0.10681810110196616,0.17198599789636249,142,426,0.3333333333333333,0.29023281556552205,0.3794129330079058,94,426,0.22065727699530516,0.18387088528912837,0.2624367778128142,40,426,0.09389671361502347,0.06971330505318332,0.12533901189333835,40,426,0.09389671361502347,0.06971330505318332,0.12533901189333835,41,426,0.09624413145539906,0.07173866139243354,0.1279665323347441,36,426,0.08450704225352113,0.06166434236178006,0.11477646746211784,4,426,0.009389671361502348,0.0036572880019501864,0.02389146484095752,0,426,0.0,0.0,0.008937245720283937,4,426,0.009389671361502348,0.0036572880019501864,0.02389146484095752,25,426,0.05868544600938967,0.040062731814484207,0.08519643342219833,209,423,0.4940898345153664,0.4467119874645477,0.5415740652538377,29,423,0.06855791962174941,0.04815510251123328,0.09672674593090541,184,423,0.43498817966903075,0.3885380025238943,0.48260857737834567,270,425,0.6352941176470588,0.5885078376355177,0.6796564449340836,147,425,0.3458823529411765,0.30222238262422596,0.39230352157909765,1,425,0.002352941176470588,0.00041546202496947366,0.013206350784235602,2,425,0.004705882352941176,0.0012914456772019321,0.016994093785387517,5,425,0.011764705882352941,0.005035287019916972,0.027241432402825602,192,423,0.45390070921985815,0.40708150029727436,0.5015497109061322,311 0.34; 363 0.18; 312 0.10; 150 0.08; 364 0.04; 346 0.04,6,38 0.20; 35 0.09; 44 0.09; 52 0.08; 53 0.08; 99 0.06; 37 0.04; 12 0.04; 41 0.04; 98 0.03,10,earned income 0.44; shelter deduction 0.18; unearned income 0.17,"wrong amount, known item 0.33; wrong include/exclude decision 0.22; change in circumstances 0.10; unreported source of income 0.09; household composition 0.09",178,92,78,270,0.6592592592592592,0.6008439895174598,0.7132061767100235,0.34074074074074073,78,0.22413793103448276,348,97541.0
4+,married > 0.500 & months_since_cert_n > 5.500 & rawben_rel_max <= 0.990 & unc_rawben_rel_max > 0.508,train_2022_23,588,186,293,122,293,0.41638225255972694,0.3613744706356488,0.4735543264062753,58,293,0.19795221843003413,0.1563641829373204,0.24735820637738487,47,293,0.16040955631399317,0.12282505027803764,0.2067837377085519,13,293,0.04436860068259386,0.026109587202170548,0.07442079667933393,1,293,0.0034129692832764505,0.0006027116470742576,0.019076470785576692,11,293,0.03754266211604096,0.02109011640013751,0.06596506723989139,41,293,0.13993174061433447,0.10485188246727345,0.1843313047948893,89,293,0.3037542662116041,0.25391619046226976,0.3586718025953072,67,293,0.22866894197952217,0.18427465896774922,0.2800861314335962,27,293,0.09215017064846416,0.06410372911363006,0.13075305645820356,29,293,0.09897610921501707,0.06979939400642879,0.1385325918068804,32,293,0.10921501706484642,0.07843071305732743,0.15011407311819516,25,293,0.08532423208191127,0.058460171828361815,0.12292141350199622,1,293,0.0034129692832764505,0.0006027116470742576,0.019076470785576692,0,293,0.0,0.0,0.012941582311913155,3,293,0.010238907849829351,0.0034880824110226794,0.029666300263103858,20,293,0.06825938566552901,0.04461830811700587,0.10307527660966317,150,293,0.5119453924914675,0.4549262874525545,0.5686553129700277,19,293,0.06484641638225255,0.041903357011936274,0.09905262759399495,124,293,0.4232081911262799,0.3679875258204184,0.4804164714629814,190,293,0.6484641638225256,0.5921936175043786,0.7008919877477154,99,293,0.3378839590443686,0.2861333972140104,0.3938305970509444,1,293,0.0034129692832764505,0.0006027116470742576,0.019076470785576692,0,293,0.0,0.0,0.012941582311913155,3,293,0.010238907849829351,0.0034880824110226794,0.029666300263103858,132,293,0.45051194539249145,0.3945475322871552,0.5077572659621469,311 0.33; 363 0.16; 312 0.08; 150 0.08; 346 0.05; 364 0.04,6,38 0.20; 53 0.10; 35 0.09; 44 0.09; 52 0.08; 99 0.07; 37 0.04; 41 0.04; 12 0.04,9,earned income 0.42; unearned income 0.20; shelter deduction 0.16,"wrong amount, known item 0.30; wrong include/exclude decision 0.23; change in circumstances 0.11; household composition 0.10; unreported source of income 0.09",122,64,52,186,0.6559139784946236,0.5851054555580338,0.7204124077553812,0.34408602150537637,52,0.2184873949579832,238,64210.0
4+,married > 0.500 & months_since_cert_n > 5.500 & rawben_rel_max <= 0.990 & unc_rawben_rel_max > 0.508,test_2024,266,84,133,64,133,0.48120300751879697,0.39801276461434487,0.5654486389354527,13,133,0.09774436090225563,0.05801425130918243,0.1600597846564888,28,133,0.21052631578947367,0.14986350566500917,0.2874421090018757,6,133,0.045112781954887216,0.020836924674096327,0.09492904123100854,1,133,0.007518796992481203,0.0013284534153853028,0.04136031958931502,4,133,0.03007518796992481,0.011756335717357333,0.07477875302758571,17,133,0.12781954887218044,0.08135716401663248,0.19517862626936242,53,133,0.39849624060150374,0.3192652583897698,0.4834263207791377,27,133,0.20300751879699247,0.14343593336304633,0.27925424272375765,13,133,0.09774436090225563,0.05801425130918243,0.1600597846564888,11,133,0.08270676691729323,0.0468079420631385,0.1420352167423709,9,133,0.06766917293233082,0.0360059783846149,0.1236063032607327,11,133,0.08270676691729323,0.0468079420631385,0.1420352167423709,3,133,0.022556390977443608,0.0077002833384402225,0.06421936682642192,0,133,0.0,0.0,0.028073334424619414,1,133,0.007518796992481203,0.0013284534153853028,0.04136031958931502,5,133,0.03759398496240601,0.016162680948680702,0.08498784637634325,59,130,0.45384615384615384,0.3708129621217377,0.5395288150237836,10,130,0.07692307692307693,0.04231697987575295,0.13581597729152536,60,130,0.46153846153846156,0.3781769959668404,0.547107818321094,80,132,0.6060606060606061,0.5208366538799802,0.685285771062011,48,132,0.36363636363636365,0.28650505488913514,0.44848039875687606,0,132,0.0,0.0,0.028279996702041194,2,132,0.015151515151515152,0.00416488690145933,0.05356117050658061,2,132,0.015151515151515152,0.00416488690145933,0.05356117050658061,60,130,0.46153846153846156,0.3781769959668404,0.547107818321094,311 0.34; 363 0.21; 312 0.13; 150 0.10,4,38 0.18; 35 0.10; 52 0.09; 56 0.08; 44 0.08; 53 0.05; 57 0.05; 99 0.04; 12 0.04; 37 0.03; 40 0.03; 33 0.03,12,earned income 0.48; shelter deduction 0.21; other element 0.13,"wrong amount, known item 0.40; wrong include/exclude decision 0.20; unreported source of income 0.10; household composition 0.08",56,28,26,84,0.6666666666666666,0.5605262279543911,0.7582293502682277,0.3333333333333333,26,0.23636363636363636,110,33331.0
4+,months_since_cert_n >   5.500 & shelter_expenses_by_hh_size > 197.000 & unc_rawben_rel_max >   0.405 & unc_rawben_rel_max <=   0.998,all_2022_24,1628,506,795,306,795,0.3849056603773585,0.351712378168801,0.41920591151466063,153,795,0.19245283018867926,0.16655351572583144,0.22131011080538582,163,795,0.2050314465408805,0.17841706332839888,0.23448281569642912,37,795,0.04654088050314465,0.03395157141744477,0.06349152618788774,3,795,0.0037735849056603774,0.0012841483062286758,0.0110356908208273,39,795,0.04905660377358491,0.03609107032966438,0.06635927777439028,94,795,0.11823899371069183,0.09760831753418633,0.14254141928472744,280,795,0.3522012578616352,0.31978050931123714,0.38604352388883656,166,795,0.2088050314465409,0.18198431926389053,0.2384264355090207,84,795,0.10566037735849057,0.0861552173816884,0.12895826694361462,54,795,0.06792452830188679,0.0524303216002099,0.0875744052442609,80,795,0.10062893081761007,0.0815992420214257,0.12349974130643306,48,795,0.06037735849056604,0.04583942081241518,0.07914355453588916,10,795,0.012578616352201259,0.00684649995575486,0.022998715916828644,4,795,0.005031446540880503,0.0019582873293501717,0.012865177047066878,3,795,0.0037735849056603774,0.0012841483062286758,0.0110356908208273,66,795,0.0830188679245283,0.06578582760759114,0.10426240222921254,381,790,0.48227848101265824,0.4476036196990472,0.5171248601387441,47,790,0.05949367088607595,0.04503260419080905,0.07821818034857513,361,790,0.4569620253164557,0.42251639486372106,0.49182419902805785,431,793,0.5435056746532156,0.5087101350963267,0.5778817295854369,334,793,0.42118537200504413,0.3872804205009438,0.4558502594233975,3,793,0.0037831021437578815,0.001287389071880321,0.0110633717317725,5,793,0.006305170239596469,0.0026960705955720032,0.014674508450501896,20,793,0.025220680958385876,0.016384754819701315,0.038634461044530666,310,790,0.3924050632911392,0.35895425702343353,0.4268972277060137,311 0.32; 363 0.21; 312 0.06; 350 0.06; 150 0.05; 364 0.05; 323 0.04,7,38 0.18; 35 0.11; 53 0.10; 44 0.09; 99 0.08; 52 0.06; 56 0.04; 37 0.04; 41 0.03; 39 0.03,10,earned income 0.38; shelter deduction 0.21; unearned income 0.19,"wrong amount, known item 0.35; wrong include/exclude decision 0.21; unreported source of income 0.11; change in circumstances 0.10",362,144,170,506,0.7154150197628458,0.6745909903914652,0.7529927924932581,0.2845849802371542,170,0.2514792899408284,676,172291.0
4+,months_since_cert_n >   5.500 & shelter_expenses_by_hh_size > 197.000 & unc_rawben_rel_max >   0.405 & unc_rawben_rel_max <=   0.998,train_2022_23,1057,322,503,190,503,0.37773359840954274,0.3364415448714227,0.4208790854793614,110,503,0.21868787276341947,0.1847700526426263,0.2568700968636494,104,503,0.20675944333996024,0.1736542813700658,0.24430983207287185,23,503,0.04572564612326044,0.03065976294860659,0.06767786363926623,1,503,0.0019880715705765406,0.0003510206647731433,0.01117447369085986,23,503,0.04572564612326044,0.03065976294860659,0.06767786363926623,52,503,0.10337972166998012,0.07971011116428971,0.13306168972971744,149,503,0.2962226640159046,0.257986318876036,0.3375480650419375,117,503,0.23260437375745527,0.19779303013332064,0.27146916144684957,47,503,0.09343936381709742,0.07099555529296159,0.12204621554826375,34,503,0.06759443339960239,0.04877112425369646,0.09297256845029628,57,503,0.11332007952286283,0.08849904214284277,0.14400278880394615,34,503,0.06759443339960239,0.04877112425369646,0.09297256845029628,6,503,0.011928429423459244,0.005477984427977475,0.0257775399804373,2,503,0.003976143141153081,0.0010910571005342158,0.014380443265655142,3,503,0.005964214711729622,0.0020303648274184877,0.017387141549327224,54,503,0.1073558648111332,0.08321726813057574,0.1374465447845441,255,501,0.5089820359281437,0.4653044030696935,0.5525229709026573,33,501,0.0658682634730539,0.04728289342979469,0.09106069790657695,213,501,0.4251497005988024,0.38259074074608146,0.46884780948432736,279,501,0.5568862275449101,0.5131181279598798,0.5997885738650093,205,501,0.4091816367265469,0.36697641076261084,0.4527690301836185,1,501,0.001996007984031936,0.00035242229070215746,0.01121873190895175,0,501,0.0,0.0,0.007609515539131481,16,501,0.031936127744510975,0.01975164913816094,0.051244084969329404,198,501,0.39520958083832336,0.3533519220949568,0.43866204822761556,311 0.31; 363 0.21; 350 0.07; 312 0.06; 364 0.05; 150 0.04; 323 0.04,7,38 0.19; 53 0.13; 99 0.11; 44 0.10; 35 0.09; 52 0.07; 39 0.04; 37 0.04,8,earned income 0.38; unearned income 0.22; shelter deduction 0.21,"wrong amount, known item 0.30; wrong include/exclude decision 0.23; change in circumstances 0.11; other 0.11; unreported source of income 0.09",224,98,106,322,0.6956521739130435,0.643330928064412,0.7433600285230831,0.30434782608695654,106,0.24766355140186916,428,102554.0
4+,months_since_cert_n >   5.500 & shelter_expenses_by_hh_size > 197.000 & unc_rawben_rel_max >   0.405 & unc_rawben_rel_max <=   0.998,test_2024,571,184,292,116,292,0.3972602739726027,0.3428176343996327,0.45437113148048686,43,292,0.14726027397260275,0.11120072423567343,0.19248070528607067,59,292,0.20205479452054795,0.1600044840780726,0.25184293697427435,14,292,0.04794520547945205,0.028771481491629478,0.0788590883808969,2,292,0.00684931506849315,0.0018803038555145375,0.024625772369059693,16,292,0.0547945205479452,0.03400577627154788,0.08714554254230385,42,292,0.14383561643835616,0.10820517984374703,0.18871587520733438,131,292,0.4486301369863014,0.3926181804955548,0.505976202444505,49,292,0.1678082191780822,0.12932008173715043,0.21492359460856975,37,292,0.1267123287671233,0.09334435336259064,0.16977482933517737,20,292,0.0684931506849315,0.044772625218270135,0.10342019147823234,23,292,0.07876712328767123,0.05305730110471313,0.11541663900377738,14,292,0.04794520547945205,0.028771481491629478,0.0788590883808969,4,292,0.0136986301369863,0.005339594255973409,0.034687230909926176,2,292,0.00684931506849315,0.0018803038555145375,0.024625772369059693,0,292,0.0,0.0,0.012985327283248874,12,292,0.0410958904109589,0.023662113526685874,0.07044770740451514,126,289,0.4359861591695502,0.38002329351085434,0.4936285373765606,14,289,0.04844290657439446,0.02907239873458308,0.07966078671447879,148,289,0.5121107266435986,0.4547007414638603,0.5692029662060881,152,292,0.5205479452054794,0.46335204143195413,0.5772102053920218,129,292,0.4417808219178082,0.3859427365925524,0.499130897406182,2,292,0.00684931506849315,0.0018803038555145375,0.024625772369059693,5,292,0.017123287671232876,0.007335551356782339,0.03945164827977993,4,292,0.0136986301369863,0.005339594255973409,0.034687230909926176,112,289,0.3875432525951557,0.3331985797250753,0.4448384204825455,311 0.33; 363 0.20; 150 0.07; 312 0.07; 364 0.05; 350 0.04,6,38 0.17; 35 0.13; 56 0.11; 44 0.08; 53 0.06; 52 0.05; 54 0.05; 99 0.04; 57 0.04; 41 0.03,10,earned income 0.40; shelter deduction 0.20; unearned income 0.15; other element 0.14,"wrong amount, known item 0.45; wrong include/exclude decision 0.17; unreported source of income 0.13; change in circumstances 0.08",138,46,64,184,0.75,0.6827522094434769,0.8070221536369057,0.25,64,0.25806451612903225,248,69737.0
4+,cat_elig > 0.500 & HH_size_n > 5.500 & married <= 0.500 & unc_rawben_rel_max <= 0.962,all_2022_24,971,312,494,171,494,0.34615384615384615,0.30553313525298753,0.3891488680187357,119,494,0.2408906882591093,0.2052728638347365,0.28050735220185014,80,494,0.16194331983805668,0.13208546561890536,0.19701840999132883,27,494,0.05465587044534413,0.03783130456239543,0.07835344175048801,1,494,0.0020242914979757085,0.00035741737876220786,0.011376435316552925,30,494,0.06072874493927125,0.04286643730799193,0.08537033519153399,66,494,0.13360323886639677,0.10641044849451012,0.1664506382447258,160,494,0.32388663967611336,0.2841160707773224,0.3663751698100451,125,494,0.25303643724696356,0.21670443515148333,0.29317983325838837,58,494,0.11740890688259109,0.0919299948144848,0.14879235542703778,50,494,0.10121457489878542,0.0776189413648723,0.13096467237893697,23,494,0.0465587044534413,0.031221913206442378,0.0688934648575844,28,494,0.05668016194331984,0.03950286147446552,0.08069922690063208,6,494,0.012145748987854251,0.00557799363201756,0.026242569374368405,2,494,0.004048582995951417,0.0011109472540055017,0.014640247503523798,4,494,0.008097165991902834,0.003153154689694215,0.02063272419226342,38,494,0.07692307692307693,0.05655354128030726,0.10382196771693203,333,494,0.6740890688259109,0.6315502240071508,0.7139411933432674,29,494,0.058704453441295545,0.04118134670049628,0.0830380837368155,132,494,0.26720647773279355,0.2300904292590205,0.30791523358635037,295,494,0.597165991902834,0.5533251839728776,0.6395072350134025,185,494,0.37449392712550605,0.3329357355361249,0.4179890566065967,1,494,0.0020242914979757085,0.00035741737876220786,0.011376435316552925,2,494,0.004048582995951417,0.0011109472540055017,0.014640247503523798,11,494,0.022267206477732792,0.012478146416708621,0.03942912690074817,216,494,0.43724696356275305,0.394153968227256,0.48130842784410477,311 0.32; 363 0.16; 350 0.12; 150 0.10; 364 0.05,5,38 0.15; 44 0.13; 52 0.12; 35 0.12; 53 0.09; 99 0.08; 13 0.04; 7 0.03,8,earned income 0.35; unearned income 0.24; shelter deduction 0.16; other element 0.13,"wrong amount, known item 0.32; wrong include/exclude decision 0.25; unreported source of income 0.12; household composition 0.10",196,116,103,312,0.6282051282051282,0.5733233688574351,0.6799681544884446,0.3717948717948718,103,0.24819277108433735,415,119009.0
4+,cat_elig > 0.500 & HH_size_n > 5.500 & married <= 0.500 & unc_rawben_rel_max <= 0.962,train_2022_23,640,199,315,105,315,0.3333333333333333,0.28355820805444015,0.38712466394218764,76,315,0.24126984126984127,0.19731997591839745,0.29145438727636763,51,315,0.1619047619047619,0.1253398111953533,0.20661687199780598,20,315,0.06349206349206349,0.04147353159874066,0.09602922839242735,1,315,0.0031746031746031746,0.0005606009694730761,0.017760722220474534,17,315,0.05396825396825397,0.033964555741119416,0.08472008264985592,45,315,0.14285714285714285,0.10850977101682924,0.18581066897594462,92,315,0.2920634920634921,0.244594069289092,0.3445436091067008,84,315,0.26666666666666666,0.22085623084206507,0.31809978995321386,30,315,0.09523809523809523,0.06752678749700078,0.13270304449480955,32,315,0.10158730158730159,0.07288108652535309,0.1398941598665857,17,315,0.05396825396825397,0.033964555741119416,0.08472008264985592,21,315,0.06666666666666667,0.044013889198595585,0.09976157799263666,6,315,0.01904761904761905,0.008758092594282691,0.04092676659598608,0,315,0.0,0.0,0.012048615989883377,3,315,0.009523809523809525,0.00324407966459268,0.0276226579254834,30,315,0.09523809523809523,0.06752678749700078,0.13270304449480955,214,315,0.6793650793650794,0.6259282696397475,0.7284796871638817,23,315,0.07301587301587302,0.04914369058239549,0.10717719100896525,78,315,0.24761904761904763,0.20318410212782434,0.2981356754670692,196,315,0.6222222222222222,0.5675111211779816,0.6739881060244913,109,315,0.346031746031746,0.2956377525171099,0.40013594827977483,1,315,0.0031746031746031746,0.0005606009694730761,0.017760722220474534,0,315,0.0,0.0,0.012048615989883377,9,315,0.02857142857142857,0.015102765409685637,0.05340021538077583,140,315,0.4444444444444444,0.3905664475900919,0.499661176408784,311 0.31; 363 0.16; 350 0.12; 150 0.10; 364 0.06,5,38 0.16; 52 0.14; 44 0.13; 53 0.10; 35 0.10; 99 0.10; 13 0.04,7,earned income 0.33; unearned income 0.24; shelter deduction 0.16; other element 0.14,"wrong amount, known item 0.29; wrong include/exclude decision 0.27; household composition 0.10; unreported source of income 0.10",128,71,65,199,0.6432160804020101,0.5745216598442496,0.7064857863600792,0.35678391959798994,65,0.24621212121212122,264,71375.0
4+,cat_elig > 0.500 & HH_size_n > 5.500 & married <= 0.500 & unc_rawben_rel_max <= 0.962,test_2024,331,113,179,66,179,0.3687150837988827,0.3014869468885105,0.4414599535980308,43,179,0.24022346368715083,0.1835159837781317,0.3078470320782162,29,179,0.16201117318435754,0.11523398957150835,0.22299100955341725,7,179,0.03910614525139665,0.019069703437802406,0.0785098408234598,0,179,0.0,1.734723475976807e-18,0.021010535895551116,13,179,0.07262569832402235,0.04293060088228604,0.12027952197815711,21,179,0.11731843575418995,0.07802602846925169,0.1726915325234327,68,179,0.37988826815642457,0.31201381753316526,0.45280994248643636,41,179,0.22905027932960895,0.17356645126004644,0.29591970506324106,28,179,0.1564245810055866,0.1104965583702544,0.21679001098814105,18,179,0.1005586592178771,0.06455783093677447,0.15334444075631945,6,179,0.0335195530726257,0.01545091697428162,0.07119019752045043,7,179,0.03910614525139665,0.019069703437802406,0.0785098408234598,0,179,0.0,1.734723475976807e-18,0.021010535895551116,2,179,0.0111731843575419,0.003069392848568487,0.039818002580042935,1,179,0.00558659217877095,0.000986826956009823,0.03096213870607146,8,179,0.0446927374301676,0.022817546303287715,0.08570042772450465,119,179,0.664804469273743,0.5928293084751427,0.729854369637497,6,179,0.0335195530726257,0.01545091697428162,0.07119019752045043,54,179,0.3016759776536313,0.23918252509130872,0.37250321819687077,99,179,0.553072625698324,0.47988329540234026,0.6240317873796962,76,179,0.4245810055865922,0.35450224398494795,0.49782895416689493,0,179,0.0,1.734723475976807e-18,0.021010535895551116,2,179,0.0111731843575419,0.003069392848568487,0.039818002580042935,2,179,0.0111731843575419,0.003069392848568487,0.039818002580042935,76,179,0.4245810055865922,0.35450224398494795,0.49782895416689493,311 0.34; 363 0.16; 350 0.13; 150 0.09; 323 0.06,5,35 0.16; 38 0.14; 44 0.13; 52 0.09; 53 0.08; 56 0.07; 99 0.04; 37 0.04; 13 0.03,9,earned income 0.37; unearned income 0.24; shelter deduction 0.16,"wrong amount, known item 0.38; wrong include/exclude decision 0.23; unreported source of income 0.16",68,45,38,113,0.6017699115044248,0.5095962472638719,0.687251450816264,0.39823008849557523,38,0.25165562913907286,151,47634.0
4+,HH_size_n > 4.500 & months_since_cert_n > 5.500 & rawben_rel_max <= 0.998 & unc_rawben_rel_max > 0.502,all_2022_24,1278,395,633,244,633,0.3854660347551343,0.3483493536115769,0.42396451533165797,139,633,0.21958925750394945,0.1890843409138436,0.25347720029200727,117,633,0.1848341232227488,0.15652768573979572,0.2169428915591747,24,633,0.037914691943127965,0.025608744663283226,0.055795485211147106,2,633,0.00315955766192733,0.0008668745731117969,0.011446391394438062,26,633,0.04107424960505529,0.028181905611539736,0.059503320981697895,81,633,0.12796208530805686,0.10416473267688106,0.1562479036835577,207,633,0.32701421800947866,0.29160711694615793,0.36450831269914163,135,633,0.2132701421800948,0.18313879641258116,0.24686075135565513,73,633,0.11532385466034756,0.09272801669005412,0.1425606327951554,50,633,0.07898894154818326,0.060426566636695364,0.10263062058223003,63,633,0.0995260663507109,0.07856552679174375,0.1253181390994292,43,633,0.0679304897314376,0.050820564254977815,0.09025313444812198,8,633,0.01263823064770932,0.006417521998190338,0.024738734125781463,2,633,0.00315955766192733,0.0008668745731117969,0.011446391394438062,6,633,0.009478672985781991,0.0043511371542001125,0.020524122250964377,46,633,0.07266982622432859,0.05492143082327919,0.09557376295803158,309,630,0.49047619047619045,0.4516152967417933,0.5294525284056882,46,630,0.07301587301587302,0.055185103248098534,0.09602239086399511,274,630,0.43492063492063493,0.39671855253067695,0.4739115859771143,373,632,0.5901898734177216,0.5514142074601087,0.6278757289014003,242,632,0.3829113924050633,0.34582848905791136,0.4214091374201297,1,632,0.0015822784810126582,0.00027935844363810667,0.00890783534802321,2,632,0.0031645569620253164,0.0008682468891381898,0.011464384382549602,14,632,0.022151898734177215,0.013240353548136657,0.0368375274838688,286,630,0.45396825396825397,0.4154859168199471,0.49300857139288085,311 0.32; 363 0.18; 350 0.08; 150 0.07; 312 0.06; 364 0.04,6,38 0.18; 35 0.12; 44 0.09; 53 0.09; 52 0.09; 99 0.07; 41 0.04; 37 0.03; 56 0.03; 12 0.03,10,earned income 0.39; unearned income 0.22; shelter deduction 0.18,"wrong amount, known item 0.33; wrong include/exclude decision 0.21; unreported source of income 0.12; change in circumstances 0.10",269,126,123,395,0.6810126582278481,0.6334934204739527,0.7250449065210246,0.3189873417721519,123,0.23745173745173745,518,150307.0
4+,HH_size_n > 4.500 & months_since_cert_n > 5.500 & rawben_rel_max <= 0.998 & unc_rawben_rel_max > 0.502,train_2022_23,884,269,433,157,433,0.3625866050808314,0.31869606524606886,0.40889398112314146,110,433,0.2540415704387991,0.21532438244157667,0.2970846921520519,71,433,0.16397228637413394,0.1320810094681888,0.20177364173719092,17,433,0.03926096997690531,0.02465465150059634,0.061970798090285106,2,433,0.004618937644341801,0.0012675679951587885,0.01668310336947315,17,433,0.03926096997690531,0.02465465150059634,0.061970798090285106,59,433,0.13625866050808313,0.10712752721931196,0.17178730140506815,124,433,0.2863741339491917,0.24581795609416893,0.33068757817729255,97,433,0.22401847575057737,0.18727157004372205,0.2656193634204902,49,433,0.11316397228637413,0.08666392728731465,0.1464677158528991,38,433,0.08775981524249422,0.06460493645706919,0.11816520265056157,47,433,0.10854503464203233,0.0826142530280357,0.1413607530153448,33,433,0.07621247113163972,0.054779277382965785,0.10509926898258182,5,433,0.011547344110854504,0.00494207084982097,0.026743556160060876,0,433,0.0,0.0,0.008794034267798671,4,433,0.009237875288683603,0.0035980692935239315,0.02350923916794128,36,433,0.08314087759815242,0.06065728784825825,0.11295621416253926,224,433,0.5173210161662818,0.47030833386911114,0.5640290552440137,33,433,0.07621247113163972,0.054779277382965785,0.10509926898258182,176,433,0.4064665127020785,0.36122116027121,0.45335693851791636,261,433,0.6027713625866051,0.5559715835226408,0.6477635918818997,159,433,0.3672055427251732,0.3231539312324517,0.4135927522335919,1,433,0.0023094688221709007,0.0004077838600450613,0.012964568956170245,0,433,0.0,0.0,0.008794034267798671,12,433,0.02771362586605081,0.01592295517030525,0.047810901678493035,193,433,0.4457274826789838,0.3995910951544521,0.492818418957757,311 0.31; 363 0.16; 350 0.09; 150 0.07; 312 0.05; 346 0.04; 364 0.04,7,38 0.18; 35 0.11; 44 0.10; 53 0.10; 52 0.09; 99 0.08; 41 0.04; 37 0.03; 12 0.03,9,earned income 0.36; unearned income 0.25; shelter deduction 0.16,"wrong amount, known item 0.29; wrong include/exclude decision 0.22; unreported source of income 0.11; change in circumstances 0.11; household composition 0.09",181,88,82,269,0.6728624535315985,0.6147043649840176,0.726152747714339,0.3271375464684015,82,0.2336182336182336,351,94730.0
4+,HH_size_n > 4.500 & months_since_cert_n > 5.500 & rawben_rel_max <= 0.998 & unc_rawben_rel_max > 0.502,test_2024,394,126,200,87,200,0.435,0.368156071588974,0.5042939091804078,29,200,0.145,0.1028928513530641,0.20048781284894374,46,200,0.23,0.1770925624139232,0.2930842807819702,7,200,0.035,0.017055324637357105,0.07047146086668134,0,200,0.0,0.0,0.018846005918320894,9,200,0.045,0.023852271724704166,0.08329759366096785,22,200,0.11,0.07377190160716048,0.16092798300912986,83,200,0.415,0.3489416917324964,0.48426212927361817,38,200,0.19,0.14167093792456506,0.250013585744794,24,200,0.12,0.08197935023887545,0.17234361425904846,12,200,0.06,0.0346518499012715,0.10193263530685089,16,200,0.08,0.04984015517626642,0.12599048979512317,10,200,0.05,0.027382349028644986,0.08957905629784384,3,200,0.015,0.005114145184492387,0.043166480556278884,2,200,0.01,0.0027466006037749346,0.03572248519617954,2,200,0.01,0.0027466006037749346,0.03572248519617954,10,200,0.05,0.027382349028644986,0.08957905629784384,85,197,0.43147208121827413,0.36427174313986477,0.5012939563964863,13,197,0.06598984771573604,0.038966557352548406,0.10961620637767484,98,197,0.49746192893401014,0.4283602264666726,0.5666607253680072,112,199,0.5628140703517588,0.49334985710259177,0.6298990228115876,83,199,0.41708542713567837,0.3507809052445645,0.48653057326871885,0,199,0.0,0.0,0.018938915883132453,2,199,0.010050251256281407,0.0027604243911927527,0.0358983122782084,2,199,0.010050251256281407,0.0027604243911927527,0.0358983122782084,93,197,0.4720812182741117,0.4035699316082222,0.5416605385732542,311 0.34; 363 0.23; 312 0.07; 150 0.07; 350 0.07,5,38 0.17; 35 0.12; 56 0.10; 44 0.08; 52 0.07; 53 0.07; 99 0.05; 57 0.05; 37 0.03; 12 0.03,10,earned income 0.43; shelter deduction 0.23; unearned income 0.14,"wrong amount, known item 0.41; wrong include/exclude decision 0.19; unreported source of income 0.12; change in circumstances 0.08",88,38,41,126,0.6984126984126984,0.6133816732313696,0.7717029221525443,0.30158730158730157,41,0.24550898203592814,167,55577.0
4+,months_since_cert_n >= 6.000 & rawben_rel_max >= 0.798 & rawben_rel_max < 0.938 & total_deductions_by_hh_size >= 9.200,all_2022_24,664,212,324,128,324,0.3950617283950617,0.3433580438095205,0.4492247156694473,64,324,0.19753086419753085,0.1578318024249697,0.24431850430852603,58,324,0.17901234567901234,0.14110488782489025,0.22444237646371742,19,324,0.05864197530864197,0.037859765907923254,0.08976772248891227,2,324,0.006172839506172839,0.0016944152101316546,0.022224452926187833,17,324,0.05246913580246913,0.033013704756341605,0.08241276949219793,36,324,0.1111111111111111,0.08134481666254804,0.14999129199480354,99,324,0.3055555555555556,0.25791790968986106,0.3577501446388148,69,324,0.21296296296296297,0.17188163167007559,0.2607712104341602,37,324,0.11419753086419752,0.08399405132810137,0.15344256440339823,22,324,0.06790123456790123,0.045264913079030494,0.10066409654024905,40,324,0.12345679012345678,0.09198706402942966,0.163751072924514,23,324,0.07098765432098765,0.04776505778472246,0.10426445890870509,6,324,0.018518518518518517,0.008514036540127189,0.03980685989278432,0,324,0.0,0.0,0.011717853988023486,2,324,0.006172839506172839,0.0016944152101316546,0.022224452926187833,26,324,0.08024691358024691,0.055348470349771986,0.11498256756609958,144,320,0.45,0.39640509822386516,0.5047811607373061,33,320,0.103125,0.07437644674981331,0.14128948375448258,143,320,0.446875,0.3933520360272846,0.5016583641189598,192,323,0.5944272445820433,0.5400740060857118,0.6465607429792787,117,323,0.3622291021671827,0.311714423618205,0.4159824179099235,1,323,0.0030959752321981426,0.0005467107983287006,0.017326167072786846,3,323,0.009287925696594427,0.003163605318856285,0.026947616753242244,10,323,0.030959752321981424,0.016901853451823833,0.05604357332371512,160,320,0.5,0.4455422420317559,0.554457757968244,311 0.32; 363 0.18; 350 0.09; 312 0.07; 364 0.06; 150 0.06,6,38 0.16; 35 0.11; 53 0.10; 44 0.09; 99 0.08; 52 0.07; 39 0.06; 56 0.04; 37 0.03; 41 0.03,10,earned income 0.40; unearned income 0.20; shelter deduction 0.18,"wrong amount, known item 0.31; wrong include/exclude decision 0.21; change in circumstances 0.12; unreported source of income 0.11",139,73,70,212,0.6556603773584906,0.589439279582745,0.7163405144884629,0.3443396226415094,70,0.24822695035460993,282,77660.0
4+,months_since_cert_n >= 6.000 & rawben_rel_max >= 0.798 & rawben_rel_max < 0.938 & total_deductions_by_hh_size >= 9.200,train_2022_23,464,147,221,82,221,0.37104072398190047,0.3100605472011961,0.436427647154297,52,221,0.23529411764705882,0.18418664462887943,0.29544701746923774,36,221,0.16289592760180996,0.12004483102246552,0.21726641387171783,11,221,0.049773755656108594,0.028016783551494562,0.08691568446154219,2,221,0.00904977375565611,0.002485240773447509,0.032390867562376476,14,221,0.06334841628959276,0.03810647185960824,0.10351144937916609,24,221,0.1085972850678733,0.07406949237974061,0.15649993961149236,53,221,0.2398190045248869,0.18827687215178043,0.3002519410215826,51,221,0.23076923076923078,0.1801049490004734,0.2906335620223979,29,221,0.13122171945701358,0.09294090462748902,0.18210428273997328,17,221,0.07692307692307693,0.048578577365315144,0.11972479709919678,30,221,0.13574660633484162,0.09676806330542623,0.18717227513728188,16,221,0.07239819004524888,0.04505151126096084,0.11435671212830524,2,221,0.00904977375565611,0.002485240773447509,0.032390867562376476,0,221,0.0,1.734723475976807e-18,0.01708580618533225,2,221,0.00904977375565611,0.002485240773447509,0.032390867562376476,21,221,0.09502262443438914,0.06299147076932333,0.14089250799617203,99,221,0.4479638009049774,0.3838453614064544,0.5138604012282183,27,221,0.12217194570135746,0.08533706087420162,0.17191782434276892,95,221,0.4298642533936652,0.36634131482341437,0.49578384351027494,126,221,0.5701357466063348,0.5042161564897252,0.6336586851765857,84,221,0.38009049773755654,0.31865709115005725,0.4456214053559274,1,221,0.004524886877828055,0.0007991801409706362,0.02518177711960748,0,221,0.0,1.734723475976807e-18,0.01708580618533225,10,221,0.04524886877828054,0.02476090684199716,0.08127641009579373,107,221,0.4841628959276018,0.41910937515349245,0.5497575960831471,311 0.31; 363 0.16; 350 0.10; 312 0.06; 323 0.06; 150 0.06,6,38 0.16; 35 0.13; 53 0.13; 99 0.10; 44 0.08; 52 0.08; 39 0.07; 41 0.03,8,earned income 0.37; unearned income 0.24; shelter deduction 0.16,"wrong amount, known item 0.24; wrong include/exclude decision 0.23; change in circumstances 0.14; unreported source of income 0.13; other 0.10",99,48,47,147,0.673469387755102,0.5940842175518448,0.7440187991226004,0.32653061224489793,47,0.2422680412371134,194,49271.0
4+,months_since_cert_n >= 6.000 & rawben_rel_max >= 0.798 & rawben_rel_max < 0.938 & total_deductions_by_hh_size >= 9.200,test_2024,200,65,103,46,103,0.44660194174757284,0.35423422053918807,0.5428096275499459,12,103,0.11650485436893204,0.06791479217719583,0.19267284409931074,22,103,0.21359223300970873,0.14549640074609002,0.3022842390047187,8,103,0.07766990291262135,0.039879879368479615,0.14583055551830604,0,103,0.0,0.0,0.03595603210734395,3,103,0.02912621359223301,0.009954187460887338,0.08215974568874726,12,103,0.11650485436893204,0.06791479217719583,0.19267284409931074,46,103,0.44660194174757284,0.35423422053918807,0.5428096275499459,18,103,0.17475728155339806,0.1134980543398106,0.2594053840212773,8,103,0.07766990291262135,0.039879879368479615,0.14583055551830604,5,103,0.04854368932038835,0.020910505724241017,0.108642028120254,10,103,0.0970873786407767,0.05359319306770389,0.16955584251394223,7,103,0.06796116504854369,0.03330731523877016,0.13368381930058532,4,103,0.038834951456310676,0.015203743545083998,0.09562948995198081,0,103,0.0,0.0,0.03595603210734395,0,103,0.0,0.0,0.03595603210734395,5,103,0.04854368932038835,0.020910505724241017,0.108642028120254,45,99,0.45454545454545453,0.3599919588990025,0.5524948168804487,6,99,0.06060606060606061,0.028069414889737472,0.12596941764495667,48,99,0.48484848484848486,0.3888205792655413,0.5820083459942758,66,102,0.6470588235294118,0.5505209704774588,0.7329214566967336,33,102,0.3235294117647059,0.2405777016662478,0.41929138572472147,0,102,0.0,0.0,0.03629574760774591,3,102,0.029411764705882353,0.010052266068000588,0.0829319669745838,0,102,0.0,0.0,0.03629574760774591,53,99,0.5353535353535354,0.43762913941060466,0.6304367016498222,311 0.33; 363 0.21; 312 0.10; 364 0.08; 150 0.06,5,38 0.16; 56 0.12; 44 0.10; 35 0.08; 52 0.07; 99 0.05; 53 0.04; 37 0.04; 97 0.04; 57 0.04; 54 0.04,11,earned income 0.45; shelter deduction 0.21; other element 0.12,"wrong amount, known item 0.45; wrong include/exclude decision 0.17; change in circumstances 0.10; unreported source of income 0.08",40,25,23,65,0.6153846153846154,0.49383980131435057,0.7240517061462548,0.38461538461538464,23,0.26136363636363635,88,28389.0
4+,cat_elig >   0.500 & HH_size_n >   4.500 & rawben_rel_max <=   0.976 & shelter_expenses_by_hh_size > 251.000,all_2022_24,1784,532,826,333,826,0.40314769975786924,0.37021783888833354,0.4369742806679769,163,826,0.1973365617433414,0.17162268865640914,0.22585268495706115,164,826,0.19854721549636803,0.17276566446570493,0.22711980765331144,29,826,0.035108958837772396,0.02455455767619274,0.04996761619409768,5,826,0.006053268765133172,0.0025882461334206996,0.014091563603762874,41,826,0.04963680387409201,0.036797689168174,0.06664566676866984,91,826,0.11016949152542373,0.0905947395033746,0.13335354171077515,293,826,0.35472154963680386,0.3228352807358878,0.3879528985985779,195,826,0.2360774818401937,0.2083792608456631,0.266219264945283,86,826,0.10411622276029056,0.08508833253849736,0.12680945614792183,64,826,0.0774818401937046,0.061142400712487166,0.09773322085191741,59,826,0.07142857142857142,0.055777860716264976,0.09104726832040899,66,826,0.07990314769975787,0.06329735192663055,0.10039846664886626,12,826,0.014527845036319613,0.008329672407742999,0.02522082686826341,0,826,0.0,0.0,0.004629317209452984,5,826,0.006053268765133172,0.0025882461334206996,0.014091563603762874,46,826,0.05569007263922518,0.042009060370446286,0.07348478809412815,524,818,0.6405867970660146,0.6071174572537357,0.6727418246322141,53,818,0.0647921760391198,0.04987425893571673,0.08377874670429952,240,818,0.293398533007335,0.2632193531634267,0.32550918041287324,490,825,0.593939393939394,0.5600672777931137,0.6269407102229319,302,825,0.3660606060606061,0.3338795428861508,0.399483261297423,2,825,0.0024242424242424242,0.0006650527251312521,0.008795862364072763,10,825,0.012121212121212121,0.006597047377083729,0.022167918087970147,21,825,0.025454545454545455,0.016708063658988352,0.038599971072859084,349,818,0.42665036674816625,0.39317661328193054,0.4608098483427914,311 0.35; 363 0.20; 350 0.09; 150 0.06; 312 0.05; 323 0.04,6,38 0.20; 52 0.11; 35 0.10; 44 0.09; 53 0.07; 99 0.06; 56 0.04; 37 0.04; 41 0.03; 64 0.02,10,earned income 0.40; shelter deduction 0.20; unearned income 0.20,"wrong amount, known item 0.35; wrong include/exclude decision 0.24; unreported source of income 0.10; method or computation 0.08",365,167,173,532,0.6860902255639098,0.6454390292592583,0.7240731549384597,0.31390977443609025,173,0.2453900709219858,705,193972.0
4+,cat_elig >   0.500 & HH_size_n >   4.500 & rawben_rel_max <=   0.976 & shelter_expenses_by_hh_size > 251.000,train_2022_23,1048,315,495,183,495,0.3696969696969697,0.3283269525888096,0.4130739249643054,102,495,0.20606060606060606,0.1727572430746003,0.24389124814986854,107,495,0.21616161616161617,0.1821589346607592,0.25453600016424344,22,495,0.044444444444444446,0.02953085044152123,0.06637454317440815,2,495,0.00404040404040404,0.001108701496904587,0.01461091771688993,20,495,0.04040404040404041,0.026305140599539933,0.06158167557617597,59,495,0.1191919191919192,0.093539652128733,0.1507094241311459,155,495,0.31313131313131315,0.27384679482776214,0.35529399856236416,128,495,0.2585858585858586,0.22197560768786875,0.2989143902593754,43,495,0.08686868686868687,0.06513059290079337,0.11496986383737764,41,495,0.08282828282828283,0.06164110266858741,0.11044077662937013,37,495,0.07474747474747474,0.05471289699723047,0.10133182742030006,48,495,0.09696969696969697,0.07392030246718759,0.12622659787151713,5,495,0.010101010101010102,0.004321985178749401,0.02342550019536535,0,495,0.0,4.336808689942018e-19,0.007701041773581031,2,495,0.00404040404040404,0.001108701496904587,0.01461091771688993,36,495,0.07272727272727272,0.05299229686420204,0.09904313883322177,316,494,0.6396761133603239,0.5964112804354046,0.6807853218573728,39,494,0.07894736842105263,0.058287013478964034,0.10610583758048939,139,494,0.2813765182186235,0.24352679167061622,0.32260026561025373,307,494,0.6214574898785425,0.5779036841902873,0.6631368395425629,169,494,0.34210526315789475,0.30163152882135186,0.3850157903259431,1,494,0.0020242914979757085,0.00035741737876220786,0.011376435316552925,0,494,0.0,0.0,0.0077165106331009686,17,494,0.03441295546558704,0.021594776404917488,0.05441654928582429,210,494,0.4251012145748988,0.382249074047797,0.4691092696502788,311 0.32; 363 0.22; 350 0.09; 150 0.06; 312 0.05; 364 0.04,6,38 0.19; 52 0.13; 44 0.11; 35 0.09; 53 0.08; 99 0.07; 64 0.03; 37 0.03; 98 0.03,9,earned income 0.37; shelter deduction 0.22; unearned income 0.21,"wrong amount, known item 0.31; wrong include/exclude decision 0.26; method or computation 0.10; unreported source of income 0.09",204,111,104,315,0.6476190476190476,0.59337367743847,0.6983072073645168,0.3523809523809524,104,0.24821002386634844,419,105132.0
4+,cat_elig >   0.500 & HH_size_n >   4.500 & rawben_rel_max <=   0.976 & shelter_expenses_by_hh_size > 251.000,test_2024,736,217,331,150,331,0.45317220543806647,0.4003863622054692,0.5070325487064368,61,331,0.18429003021148035,0.14622512440304575,0.22959914593851277,57,331,0.17220543806646527,0.13535077644495527,0.2165815999383854,7,331,0.021148036253776436,0.010280924556608735,0.04300277734900873,3,331,0.00906344410876133,0.003087026916651147,0.026304781030748462,21,331,0.0634441087613293,0.04186709390312414,0.09503823685625583,32,331,0.09667673716012085,0.06931428728720374,0.13329375185727535,138,331,0.4169184290030212,0.3650517481592422,0.4706914808780102,67,331,0.20241691842900303,0.16265827798283441,0.24900383329605089,43,331,0.1299093655589124,0.09789461557341289,0.17041613195616528,23,331,0.06948640483383686,0.04674513127653245,0.10210614646195645,22,331,0.06646525679758308,0.04429868287372579,0.09857962137520865,18,331,0.054380664652567974,0.03467158062881173,0.08431482966190484,7,331,0.021148036253776436,0.010280924556608735,0.04300277734900873,0,331,0.0,0.0,0.011472887478736215,3,331,0.00906344410876133,0.003087026916651147,0.026304781030748462,10,331,0.030211480362537766,0.01649132683823414,0.05471129553604673,208,324,0.6419753086419753,0.5883883098717082,0.6922350155390999,14,324,0.043209876543209874,0.025910787339700897,0.07121416568639463,101,324,0.3117283950617284,0.26374512117609034,0.36412394730088143,183,331,0.552870090634441,0.4990045258198787,0.6055225102473244,133,331,0.40181268882175225,0.35041410453627353,0.4554642570532065,1,331,0.0030211480362537764,0.0005334923064099252,0.016912368661880756,10,331,0.030211480362537766,0.01649132683823414,0.05471129553604673,4,331,0.012084592145015106,0.004709147311665609,0.03065563412528846,139,324,0.42901234567901236,0.3762614637405137,0.4834268735540822,311 0.39; 363 0.17; 350 0.09; 150 0.06; 312 0.06,5,38 0.21; 35 0.13; 56 0.10; 44 0.07; 52 0.07; 53 0.05; 37 0.05; 41 0.04; 99 0.03,9,earned income 0.45; unearned income 0.18; shelter deduction 0.17,"wrong amount, known item 0.42; wrong include/exclude decision 0.20; unreported source of income 0.13; household composition 0.07",161,56,69,217,0.7419354838709677,0.6798621384401264,0.7955917615497305,0.25806451612903225,69,0.24125874125874125,286,88840.0
4+,months_since_cert_n >   5.500 & rawben_rel_max >   0.476 & shelter_expenses_by_hh_size > 160.000 & unc_rawben_rel_max <=   0.997,all_2022_24,1722,527,836,308,836,0.3684210526315789,0.33639290248168674,0.4016529385435733,175,836,0.20933014354066987,0.18311253434455402,0.2382069144657931,168,836,0.20095693779904306,0.17518878081635128,0.22946085787742146,37,836,0.04425837320574163,0.032277738001242326,0.06040831136806732,5,836,0.005980861244019139,0.002557254390366185,0.013923948731746367,42,836,0.050239234449760764,0.037380383488980325,0.06721267310645386,101,836,0.12081339712918661,0.10043750810425334,0.14465823375945053,288,836,0.3444976076555024,0.3130616462115486,0.37735616590921334,178,836,0.21291866028708134,0.18651382081752765,0.2419498323284942,94,836,0.11244019138755981,0.0927738529519407,0.1356520787951888,59,836,0.07057416267942583,0.05510583668662547,0.08997104447763218,83,836,0.09928229665071771,0.08080740996055924,0.12142310588909624,47,836,0.056220095693779906,0.042539375816448496,0.07396068800511026,12,836,0.014354066985645933,0.008229810452991336,0.02492120278569558,4,836,0.004784688995215311,0.0018621680720442282,0.012237633604843413,5,836,0.005980861244019139,0.002557254390366185,0.013923948731746367,66,836,0.07894736842105263,0.06253430025434269,0.09921239102648934,395,831,0.4753309265944645,0.4415680447457932,0.5093208424395126,56,831,0.06738868832731648,0.05225743822599659,0.08650133948704503,379,831,0.45607701564380265,0.42249213376211625,0.49006612878733036,472,834,0.565947242206235,0.5320825466919827,0.5992071863554096,334,834,0.40047961630695444,0.36775348514520556,0.43411837225600247,3,834,0.0035971223021582736,0.0012240619578540628,0.010522311103593352,5,834,0.005995203836930456,0.0025633932209841092,0.013957151951277568,20,834,0.023980815347721823,0.015576551496789754,0.0367502845065789,340,831,0.4091456077015644,0.3762081922965913,0.4429191727029488,311 0.31; 363 0.20; 350 0.07; 312 0.06; 150 0.06; 364 0.04; 323 0.04,7,38 0.18; 35 0.11; 53 0.10; 44 0.09; 99 0.08; 52 0.07; 56 0.04; 41 0.03; 37 0.03; 39 0.03,10,earned income 0.37; unearned income 0.21; shelter deduction 0.20,"wrong amount, known item 0.34; wrong include/exclude decision 0.21; unreported source of income 0.11; change in circumstances 0.10",375,152,179,527,0.7115749525616698,0.6714744242792121,0.7486132252192446,0.2884250474383302,179,0.2535410764872521,706,181015.0
4+,months_since_cert_n >   5.500 & rawben_rel_max >   0.476 & shelter_expenses_by_hh_size > 160.000 & unc_rawben_rel_max <=   0.997,train_2022_23,1150,344,541,197,541,0.36414048059149723,0.3246819691916594,0.4055148439738551,128,541,0.2365988909426987,0.20272132268003823,0.27419086611024507,108,541,0.19963031423290203,0.16811697979851448,0.23537937583952784,23,541,0.04251386321626617,0.028493658209978324,0.06298540653103998,3,541,0.005545286506469501,0.0018876185458641722,0.016175613042913185,27,541,0.04990757855822551,0.03452308557395567,0.07163914579751082,55,541,0.10166358595194085,0.0789412440820785,0.1300031537025253,159,541,0.29390018484288355,0.2570737921166917,0.33363293805956507,130,541,0.24029574861367836,0.20620317465616256,0.2780505974493448,58,541,0.10720887245841035,0.08385284588977417,0.13610392686766576,36,541,0.066543438077634,0.04845003405034143,0.09074932223963347,60,541,0.11090573012939002,0.08713916483143612,0.14015919124122794,32,541,0.059149722735674676,0.04220692450130313,0.0823092651582236,8,541,0.014787430683918669,0.007511556990312298,0.02890563288652529,2,541,0.0036968576709796672,0.001014376592037904,0.013378063339127411,5,541,0.009242144177449169,0.003953910968943014,0.021450903935058444,51,541,0.09426987060998152,0.07242823532536428,0.12183299582879133,269,539,0.49907235621521334,0.45701703203165384,0.5411408099612959,42,539,0.07792207792207792,0.0581627532331882,0.10365535355892208,228,539,0.4230055658627087,0.38198660077220914,0.4651142846426154,309,539,0.5732838589981447,0.5311542907189417,0.6143761918380326,212,539,0.39332096474953615,0.35297553530067616,0.4351762938885385,1,539,0.0018552875695732839,0.0003275704928725953,0.01043357972111248,0,539,0.0,0.0,0.00707683419988446,17,539,0.03153988868274583,0.01978349327493723,0.04992671316465769,222,539,0.41187384044526903,0.3710893162063529,0.4539056731238681,311 0.31; 363 0.20; 350 0.08; 312 0.05; 150 0.04; 364 0.04; 323 0.04,7,38 0.19; 53 0.13; 35 0.11; 44 0.10; 99 0.09; 52 0.08; 41 0.04; 39 0.04,8,earned income 0.36; unearned income 0.24; shelter deduction 0.20,"wrong amount, known item 0.29; wrong include/exclude decision 0.24; change in circumstances 0.11; unreported source of income 0.11",242,102,113,344,0.7034883720930233,0.6531913799473127,0.7492906693532887,0.29651162790697677,113,0.24726477024070023,457,111708.0
4+,months_since_cert_n >   5.500 & rawben_rel_max >   0.476 & shelter_expenses_by_hh_size > 160.000 & unc_rawben_rel_max <=   0.997,test_2024,572,183,295,111,295,0.376271186440678,0.32291193937947077,0.432811494038099,47,295,0.15932203389830507,0.12197668656173508,0.2054261917523952,60,295,0.2033898305084746,0.16140611232001875,0.25299937874949774,14,295,0.04745762711864407,0.028476730310615404,0.07807336177830396,2,295,0.006779661016949152,0.0018611618041704959,0.024378826202853962,15,295,0.05084745762711865,0.0310528868031173,0.08218971395929331,46,295,0.15593220338983052,0.11898490618324854,0.20172546345739056,129,295,0.43728813559322033,0.38184630091592064,0.49434228862449137,48,295,0.16271186440677965,0.12497491880676567,0.20912046818085586,36,295,0.12203389830508475,0.08946391126756545,0.1643213716381612,23,295,0.07796610169491526,0.052511836543671475,0.11427083360666906,23,295,0.07796610169491526,0.052511836543671475,0.11427083360666906,15,295,0.05084745762711865,0.0310528868031173,0.08218971395929331,4,295,0.013559322033898305,0.005285166317945109,0.03433983903606183,2,295,0.006779661016949152,0.0018611618041704959,0.024378826202853962,0,295,0.0,0.0,0.012854970660041976,15,295,0.05084745762711865,0.0310528868031173,0.08218971395929331,126,292,0.4315068493150685,0.37594977935275886,0.4888427312339876,14,292,0.04794520547945205,0.028771481491629478,0.0788590883808969,151,292,0.5171232876712328,0.4599573336176896,0.5738445387356238,163,295,0.5525423728813559,0.4954868912981394,0.6082469931409749,122,295,0.4135593220338983,0.35882317615130516,0.4705178526746681,2,295,0.006779661016949152,0.0018611618041704959,0.024378826202853962,5,295,0.01694915254237288,0.007260733538282677,0.0390567804892155,3,295,0.010169491525423728,0.0034643938938835397,0.029468102786632158,118,292,0.4041095890410959,0.34942191769732683,0.4612875971241182,311 0.30; 363 0.20; 150 0.08; 312 0.07; 350 0.05; 364 0.05,6,38 0.17; 35 0.12; 56 0.11; 44 0.07; 52 0.06; 99 0.05; 54 0.05; 53 0.05; 57 0.04; 37 0.03,10,earned income 0.38; shelter deduction 0.20; unearned income 0.16; other element 0.16,"wrong amount, known item 0.44; wrong include/exclude decision 0.16; unreported source of income 0.12; household composition 0.08",133,50,66,183,0.726775956284153,0.6580465936758193,0.7861799597255645,0.273224043715847,66,0.26506024096385544,249,69307.0
1,cat_elig >=   1 & medical_deductions >= 227 & shelter_expenses_by_hh_size >= 387 & utilities < 456,all_2022_24,162,53,76,2,76,0.02631578947368421,0.007246507130607822,0.09096795750937933,8,76,0.10526315789473684,0.054310612607017986,0.19420144125963795,9,76,0.11842105263157894,0.06356747118952921,0.20999418088157157,11,76,0.14473684210526316,0.08278431339921274,0.24087653508077764,46,76,0.6052631578947368,0.4928609075804977,0.7075358780550607,0,76,0.0,0.0,0.04811526823109757,0,76,0.0,0.0,0.04811526823109757,13,76,0.17105263157894737,0.10277922110932626,0.27098082377955374,54,76,0.7105263157894737,0.6004023269144307,0.8003912443566861,2,76,0.02631578947368421,0.007246507130607822,0.09096795750937933,0,76,0.0,0.0,0.04811526823109757,2,76,0.02631578947368421,0.007246507130607822,0.09096795750937933,2,76,0.02631578947368421,0.007246507130607822,0.09096795750937933,0,76,0.0,0.0,0.04811526823109757,0,76,0.0,0.0,0.04811526823109757,0,76,0.0,0.0,0.04811526823109757,3,76,0.039473684210526314,0.013514390129808602,0.10974967271462335,51,76,0.6710526315789473,0.5594359811214032,0.7662087955363791,15,76,0.19736842105263158,0.12341879212336243,0.30044044917440715,10,76,0.13157894736842105,0.07306803021855036,0.22554322005699518,51,76,0.6710526315789473,0.5594359811214032,0.7662087955363791,17,76,0.2236842105263158,0.1446106442066905,0.3293477934999686,3,76,0.039473684210526314,0.013514390129808602,0.10974967271462335,0,76,0.0,0.0,0.04811526823109757,5,76,0.06578947368421052,0.02842611306337576,0.1449371461899458,38,76,0.5,0.3903240360982663,0.6096759639017337,365 0.61; 364 0.14,2,53 0.62; 38 0.07; 52 0.07,3,medical deduction 0.61; utility allowance 0.14,"wrong include/exclude decision 0.71; wrong amount, known item 0.17",51,2,47,53,0.9622641509433962,0.8724547684904087,0.9895899311661807,0.03773584905660377,47,0.47,100,11035.0
1,cat_elig >=   1 & medical_deductions >= 227 & shelter_expenses_by_hh_size >= 387 & utilities < 456,train_2022_23,109,40,55,1,55,0.01818181818181818,0.003216697592252786,0.09606000460483224,7,55,0.12727272727272726,0.06304130417480197,0.24017274846822606,6,55,0.10909090909090909,0.050966556283051315,0.21825793795231957,7,55,0.12727272727272726,0.06304130417480197,0.24017274846822606,34,55,0.6181818181818182,0.4860897928239239,0.7348423368258477,0,55,0.0,0.0,0.06528714378942788,0,55,0.0,0.0,0.06528714378942788,6,55,0.10909090909090909,0.050966556283051315,0.21825793795231957,43,55,0.7818181818181819,0.6562971335952182,0.8705410217234678,1,55,0.01818181818181818,0.003216697592252786,0.09606000460483224,0,55,0.0,0.0,0.06528714378942788,1,55,0.01818181818181818,0.003216697592252786,0.09606000460483224,1,55,0.01818181818181818,0.003216697592252786,0.09606000460483224,0,55,0.0,0.0,0.06528714378942788,0,55,0.0,0.0,0.06528714378942788,0,55,0.0,0.0,0.06528714378942788,3,55,0.05454545454545454,0.01872287596750008,0.14853294304489928,33,55,0.6,0.4681256091064502,0.7188169621356643,15,55,0.2727272727272727,0.17280602508013648,0.40232449482414895,7,55,0.12727272727272726,0.06304130417480197,0.24017274846822606,35,55,0.6363636363636364,0.5042251814868371,0.7506965065705916,14,55,0.2545454545454545,0.1581197275732498,0.3830212339233784,3,55,0.05454545454545454,0.01872287596750008,0.14853294304489928,0,55,0.0,0.0,0.06528714378942788,3,55,0.05454545454545454,0.01872287596750008,0.14853294304489928,25,55,0.45454545454545453,0.33025071746446194,0.5847753865163952,365 0.62; 364 0.13; 363 0.11,3,53 0.67; 38 0.07; 52 0.07,3,medical deduction 0.62; utility allowance 0.13; unearned income 0.13,wrong include/exclude decision 0.78,38,2,35,40,0.95,0.834958291820748,0.9861796228538989,0.05,35,0.4666666666666667,75,7691.0
1,cat_elig >=   1 & medical_deductions >= 227 & shelter_expenses_by_hh_size >= 387 & utilities < 456,test_2024,53,13,21,1,21,0.047619047619047616,0.008455769471923294,0.22669816586235464,1,21,0.047619047619047616,0.008455769471923294,0.22669816586235464,3,21,0.14285714285714285,0.04980921798213492,0.346364941492295,4,21,0.19047619047619047,0.07667440615177301,0.40000986539273287,12,21,0.5714285714285714,0.3654621629703244,0.7553030051347894,0,21,0.0,0.0,0.15464382326420195,0,21,0.0,0.0,0.15464382326420195,7,21,0.3333333333333333,0.17194536432683688,0.5462692434278971,11,21,0.5238095238095238,0.32369217900266756,0.7165628770323705,1,21,0.047619047619047616,0.008455769471923294,0.22669816586235464,0,21,0.0,0.0,0.15464382326420195,1,21,0.047619047619047616,0.008455769471923294,0.22669816586235464,1,21,0.047619047619047616,0.008455769471923294,0.22669816586235464,0,21,0.0,0.0,0.15464382326420195,0,21,0.0,0.0,0.15464382326420195,0,21,0.0,0.0,0.15464382326420195,0,21,0.0,0.0,0.15464382326420195,18,21,0.8571428571428571,0.6536350585077049,0.950190782017865,0,21,0.0,0.0,0.15464382326420195,3,21,0.14285714285714285,0.04980921798213492,0.346364941492295,16,21,0.7619047619047619,0.5490841802765406,0.8937214361088773,3,21,0.14285714285714285,0.04980921798213492,0.346364941492295,0,21,0.0,0.0,0.15464382326420195,0,21,0.0,0.0,0.15464382326420195,2,21,0.09523809523809523,0.026518208796947246,0.2891458386074067,13,21,0.6190476190476191,0.40878295815501514,0.7924923220201749,365 0.57; 364 0.19,2,53 0.48; 56 0.19; 98 0.05; 52 0.05,4,medical deduction 0.57; utility allowance 0.19,"wrong include/exclude decision 0.52; wrong amount, known item 0.33",13,0,12,13,1.0,0.7718981569447083,1.0,0.0,12,0.48,25,3344.0
4+,cat_elig > 0.500 & HH_size_n > 5.500 & rawben_rel_max <= 0.962 & unc_rawben_rel_max > 0.508,all_2022_24,1432,434,665,256,665,0.3849624060150376,0.3487403226246715,0.42250596349150327,137,665,0.20601503759398496,0.17700573287468832,0.23840144275553563,114,665,0.17142857142857143,0.14469068147020514,0.20194086776357456,32,665,0.0481203007518797,0.03428944729837585,0.0671420426089505,2,665,0.0030075187969924814,0.0008251406826393966,0.010899010446716194,31,665,0.04661654135338346,0.033032684906553325,0.06540856037484066,93,665,0.13984962406015036,0.11555167571850028,0.1682847363706999,219,665,0.3293233082706767,0.294672724378673,0.3659345105780044,155,665,0.23308270676691728,0.20253683166914463,0.2666947472278618,80,665,0.12030075187969924,0.09773087497811467,0.1472323569739649,66,665,0.09924812030075188,0.07877338730977478,0.12432641987925176,43,665,0.06466165413533835,0.04835698829381382,0.08596719249876847,48,665,0.07218045112781955,0.05487173099935988,0.09440367292288421,7,665,0.010526315789473684,0.005108046147456699,0.02156732811156068,2,665,0.0030075187969924814,0.0008251406826393966,0.010899010446716194,5,665,0.007518796992481203,0.0032156853137801306,0.017479199693372534,40,665,0.06015037593984962,0.044480985074036444,0.08087246184074878,423,663,0.6380090497737556,0.6007293482701713,0.6736986418252274,62,663,0.09351432880844646,0.07363374575884513,0.11807834898749345,177,663,0.2669683257918552,0.23470742629149666,0.30191416420315753,403,665,0.606015037593985,0.5683692205275673,0.642443025600664,234,665,0.3518796992481203,0.3165278905115638,0.38893301383409895,3,665,0.004511278195488722,0.0015353749208210834,0.013179020834466867,4,665,0.006015037593984963,0.0023415057195401226,0.015363134661680183,21,665,0.031578947368421054,0.02074573220493032,0.047793066817140094,293,663,0.4419306184012066,0.4045702166020066,0.4799600826474703,311 0.31; 363 0.17; 350 0.09; 150 0.08; 312 0.06; 364 0.05,6,38 0.17; 35 0.12; 44 0.10; 52 0.10; 53 0.10; 99 0.06; 7 0.03; 12 0.03; 56 0.03; 37 0.03,10,earned income 0.38; unearned income 0.21; shelter deduction 0.17,"wrong amount, known item 0.33; wrong include/exclude decision 0.23; unreported source of income 0.12; household composition 0.10",269,165,148,434,0.619815668202765,0.573282157331433,0.6642466658776912,0.38018433179723504,148,0.2542955326460481,582,162345.0
4+,cat_elig > 0.500 & HH_size_n > 5.500 & rawben_rel_max <= 0.962 & unc_rawben_rel_max > 0.508,train_2022_23,925,278,426,160,426,0.3755868544600939,0.3309034440549548,0.42249408657028004,96,426,0.22535211267605634,0.18823162830812962,0.2673817883551249,68,426,0.1596244131455399,0.1279081842067856,0.1974246825981025,20,426,0.046948356807511735,0.030594335453916578,0.07140044587948621,1,426,0.002347417840375587,0.00041448647889586517,0.013175636022044013,20,426,0.046948356807511735,0.030594335453916578,0.07140044587948621,61,426,0.1431924882629108,0.11311478524412201,0.17964794409617452,128,426,0.3004694835680751,0.2588744245044434,0.34563104913980125,107,426,0.2511737089201878,0.21233767789586988,0.29445738335460003,49,426,0.11502347417840375,0.0881064417986051,0.14882176617382006,41,426,0.09624413145539906,0.07173866139243354,0.1279665323347441,31,426,0.07276995305164319,0.05173634826647284,0.10144007765414537,34,426,0.07981220657276995,0.05767402333195425,0.1094610329306318,5,426,0.011737089201877934,0.005023443144570804,0.027178186478992845,0,426,0.0,0.0,0.008937245720283937,2,426,0.004694835680751174,0.001288411886335163,0.016954587395260665,29,426,0.06807511737089202,0.047812978014961455,0.09605769434434486,274,426,0.6431924882629108,0.5966060193273803,0.6872194642926321,44,426,0.10328638497652583,0.07784358100588135,0.13582024306326412,108,426,0.2535211267605634,0.21453890051817073,0.29690903751295505,268,426,0.6291079812206573,0.582274038666818,0.6736341842692589,140,426,0.3286384976525822,0.28573783791263174,0.3746021570994843,1,426,0.002347417840375587,0.00041448647889586517,0.013175636022044013,0,426,0.0,0.0,0.008937245720283937,17,426,0.03990610328638498,0.025062168011468218,0.06297398297996676,193,426,0.45305164319248825,0.40640969300408236,0.5005327713827986,311 0.31; 363 0.16; 350 0.09; 150 0.08; 312 0.06; 364 0.05; 323 0.03,7,38 0.18; 35 0.12; 44 0.12; 53 0.11; 52 0.11; 99 0.07; 7 0.03; 12 0.03,8,earned income 0.38; unearned income 0.23; shelter deduction 0.16,"wrong amount, known item 0.30; wrong include/exclude decision 0.25; unreported source of income 0.12; household composition 0.10",175,103,88,278,0.6294964028776978,0.5713209356632767,0.6841417071829177,0.37050359712230213,88,0.24043715846994534,366,103262.0
4+,cat_elig > 0.500 & HH_size_n > 5.500 & rawben_rel_max <= 0.962 & unc_rawben_rel_max > 0.508,test_2024,507,156,239,96,239,0.401673640167364,0.341549946903403,0.464908254656791,41,239,0.17154811715481172,0.12904458905161909,0.22444344594732674,46,239,0.19246861924686193,0.14751004282750949,0.24715709822245888,12,239,0.0502092050209205,0.028951617650030938,0.08569760225298403,1,239,0.0041841004184100415,0.0007389596759692606,0.023316226914796075,11,239,0.04602510460251046,0.0258908994211064,0.08052249927170405,32,239,0.13389121338912133,0.09646216431443275,0.18290347979267244,91,239,0.3807531380753138,0.32153757191042226,0.44374152359874913,48,239,0.200836820083682,0.1549588454515307,0.2561799380188467,31,239,0.1297071129707113,0.09290282010041347,0.17822700279648723,25,239,0.10460251046025104,0.07186028050956009,0.14985461512611353,12,239,0.0502092050209205,0.028951617650030938,0.08569760225298403,14,239,0.058577405857740586,0.03521016192244475,0.09591070040097924,2,239,0.008368200836820083,0.0022978221357475535,0.029993185665222296,2,239,0.008368200836820083,0.0022978221357475535,0.029993185665222296,3,239,0.012552301255230125,0.004277852142842806,0.036248976868331555,11,239,0.04602510460251046,0.0258908994211064,0.08052249927170405,149,237,0.6286919831223629,0.5655841387310462,0.6876943646504293,18,237,0.0759493670886076,0.048578406830105905,0.11684816399486787,69,237,0.2911392405063291,0.23699928567106748,0.3519421596606361,135,239,0.5648535564853556,0.5014628975272792,0.6261923312308906,94,239,0.39330543933054396,0.333531040943267,0.456455518196518,2,239,0.008368200836820083,0.0022978221357475535,0.029993185665222296,4,239,0.016736401673640166,0.006527110191500204,0.04223554002987867,4,239,0.016736401673640166,0.006527110191500204,0.04223554002987867,100,237,0.4219409282700422,0.3607997939201521,0.48557226140583826,311 0.31; 363 0.19; 350 0.09; 150 0.08; 312 0.08; 364 0.05,6,38 0.16; 35 0.13; 52 0.09; 44 0.08; 56 0.08; 53 0.07; 99 0.05; 7 0.04; 57 0.03; 54 0.03; 12 0.03,11,earned income 0.40; shelter deduction 0.19; unearned income 0.17,"wrong amount, known item 0.38; wrong include/exclude decision 0.20; unreported source of income 0.13; household composition 0.10",94,62,60,156,0.6025641025641025,0.5241932113729152,0.6760049848413369,0.3974358974358974,60,0.2777777777777778,216,59083.0
4+,months_since_cert_n >=   4.000 & rawben_rel_max <   0.996 & shelter_expenses_by_hh_size >= 324.000 & utilities < 456.000,all_2022_24,364,117,184,64,184,0.34782608695652173,0.2827552787456295,0.41912119590109415,32,184,0.17391304347826086,0.12596826327742597,0.23519561096555322,37,184,0.20108695652173914,0.14955561169766166,0.26484460635840257,12,184,0.06521739130434782,0.037696912280103655,0.11052158671053525,1,184,0.005434782608695652,0.0009599929623922178,0.030138549639459552,10,184,0.05434782608695652,0.029784934492586235,0.09713902697281865,28,184,0.15217391304347827,0.10743025005566799,0.21114454913684322,61,184,0.33152173913043476,0.2675567806767848,0.4023778876820877,34,184,0.18478260869565216,0.13535168333179287,0.24710672843642034,20,184,0.10869565217391304,0.07147243890981494,0.16192421018176006,17,184,0.09239130434782608,0.058484842075454145,0.14297000072826982,16,184,0.08695652173913043,0.054232353757765986,0.13657522028334096,14,184,0.07608695652173914,0.045861281283567285,0.12365175523230565,1,184,0.005434782608695652,0.0009599929623922178,0.030138549639459552,2,184,0.010869565217391304,0.002985843055377687,0.03875996830909109,1,184,0.005434782608695652,0.0009599929623922178,0.030138549639459552,18,184,0.09782608695652174,0.06277749948912326,0.14932461207721773,98,184,0.532608695652174,0.46058694093924246,0.6032966716364596,16,184,0.08695652173913043,0.054232353757765986,0.13657522028334096,70,184,0.3804347826086957,0.3134075339557047,0.452352553266721,85,184,0.46195652173913043,0.3914336158160703,0.5340355028456106,91,184,0.4945652173913043,0.42317652822528234,0.5661762030121007,1,184,0.005434782608695652,0.0009599929623922178,0.030138549639459552,0,184,0.0,0.0,0.020451273839234757,7,184,0.03804347826086957,0.01854810834641455,0.0764340468311393,63,184,0.3423913043478261,0.27767942629178916,0.4135497795923175,311 0.29; 363 0.20; 150 0.08; 364 0.07; 350 0.06; 312 0.05,6,38 0.18; 35 0.11; 99 0.10; 52 0.08; 53 0.07; 56 0.05; 44 0.05; 12 0.04; 64 0.03; 37 0.03,10,earned income 0.35; shelter deduction 0.20; unearned income 0.17; other element 0.15,"wrong amount, known item 0.33; wrong include/exclude decision 0.18; unreported source of income 0.11; other 0.10; household composition 0.09",81,36,48,117,0.6923076923076923,0.6036757367977998,0.768712579808402,0.3076923076923077,48,0.2909090909090909,165,43591.0
4+,months_since_cert_n >=   4.000 & rawben_rel_max <   0.996 & shelter_expenses_by_hh_size >= 324.000 & utilities < 456.000,train_2022_23,239,79,121,48,121,0.39669421487603307,0.3139973093025401,0.4857489291308026,20,121,0.1652892561983471,0.10962203759241997,0.24155577493161046,22,121,0.18181818181818182,0.12324630475994337,0.2599721096147522,6,121,0.049586776859504134,0.022921361584731133,0.10397223798464317,1,121,0.008264462809917356,0.001460335796523226,0.04533175914618817,7,121,0.05785123966942149,0.02830239313891006,0.11461150735579681,17,121,0.14049586776859505,0.08960457234643845,0.21351233740159423,32,121,0.2644628099173554,0.1940040187978015,0.3494174048302199,23,121,0.19008264462809918,0.1301333553120293,0.26910535998799884,11,121,0.09090909090909091,0.05152070313989317,0.15547440105614402,10,121,0.08264462809917356,0.04550855800110743,0.14546624526959717,14,121,0.11570247933884298,0.07018454775284505,0.1848714592191899,12,121,0.09917355371900827,0.05764466621957911,0.16537073890179066,1,121,0.008264462809917356,0.001460335796523226,0.04533175914618817,2,121,0.01652892561983471,0.004544498317862633,0.058267897550181344,0,121,0.0,0.0,0.03077179401737882,16,121,0.1322314049586777,0.08305846637525204,0.20403814244744806,58,121,0.4793388429752066,0.3923377779775271,0.5676114697091413,11,121,0.09090909090909091,0.05152070313989317,0.15547440105614402,52,121,0.4297520661157025,0.3450473325021868,0.5187801096324862,57,121,0.47107438016528924,0.3843973889692793,0.5595315577920565,57,121,0.47107438016528924,0.3843973889692793,0.5595315577920565,0,121,0.0,0.0,0.03077179401737882,0,121,0.0,0.0,0.03077179401737882,7,121,0.05785123966942149,0.02830239313891006,0.11461150735579681,45,121,0.371900826446281,0.29096899703222084,0.460716338625124,311 0.34; 363 0.18; 150 0.07; 312 0.06; 364 0.05; 323 0.05; 350 0.04,7,38 0.22; 99 0.13; 35 0.09; 53 0.08; 52 0.07; 64 0.05; 44 0.04; 39 0.03; 98 0.03,9,earned income 0.40; shelter deduction 0.18; unearned income 0.17; other element 0.14,"wrong amount, known item 0.26; wrong include/exclude decision 0.19; other 0.13; change in circumstances 0.12; method or computation 0.10",56,23,29,79,0.7088607594936709,0.6008691203651904,0.7974814667794325,0.2911392405063291,29,0.26851851851851855,108,27883.0
4+,months_since_cert_n >=   4.000 & rawben_rel_max <   0.996 & shelter_expenses_by_hh_size >= 324.000 & utilities < 456.000,test_2024,125,38,63,16,63,0.25396825396825395,0.16280274583098153,0.37341422084845166,12,63,0.19047619047619047,0.1124608184449851,0.30407020415172115,15,63,0.23809523809523808,0.14993653261946965,0.35635894803928175,6,63,0.09523809523809523,0.0443828799438878,0.19261922652872804,0,63,0.0,0.0,0.057473190348525466,3,63,0.047619047619047616,0.016325872842212416,0.13091177556835826,11,63,0.1746031746031746,0.10039293923176863,0.28621659734425586,29,63,0.4603174603174603,0.34308665416425693,0.5821096307840387,11,63,0.1746031746031746,0.10039293923176863,0.28621659734425586,9,63,0.14285714285714285,0.07701861407975047,0.24974795045491055,7,63,0.1111111111111111,0.05487478965589834,0.21204880283739927,2,63,0.031746031746031744,0.00874934404029698,0.10856681834959193,2,63,0.031746031746031744,0.00874934404029698,0.10856681834959193,0,63,0.0,0.0,0.057473190348525466,0,63,0.0,0.0,0.057473190348525466,1,63,0.015873015873015872,0.0028074219075510873,0.0845872544616561,2,63,0.031746031746031744,0.00874934404029698,0.10856681834959193,40,63,0.6349206349206349,0.5114848159101394,0.7428478152656554,5,63,0.07936507936507936,0.03437534033651937,0.17270528011541472,18,63,0.2857142857142857,0.18903043457341695,0.4070295041473797,28,63,0.4444444444444444,0.3284690053363267,0.5668057935912871,34,63,0.5396825396825397,0.41789036921596123,0.656913345835743,1,63,0.015873015873015872,0.0028074219075510873,0.0845872544616561,0,63,0.0,0.0,0.057473190348525466,0,63,0.0,0.0,0.057473190348525466,18,63,0.2857142857142857,0.18903043457341695,0.4070295041473797,363 0.24; 311 0.21; 150 0.11; 364 0.10; 350 0.10; 331 0.05,6,56 0.16; 35 0.14; 38 0.11; 52 0.10; 12 0.08; 54 0.06; 44 0.06; 57 0.06,8,earned income 0.25; shelter deduction 0.24; unearned income 0.19; other element 0.17,"wrong amount, known item 0.46; wrong include/exclude decision 0.17; unreported source of income 0.14",25,13,19,38,0.6578947368421053,0.49891811629074545,0.7878777997354105,0.34210526315789475,19,0.3333333333333333,57,15708.0
4+,months_since_cert_n > 5.500 & rawben_rel_max <= 0.997 & total_deductions_by_hh_size > 9.060 & unc_rawben_rel_max > 0.422,all_2022_24,2620,766,1209,473,1209,0.391232423490488,0.36410866420911636,0.4190452117793061,238,1209,0.1968569065343259,0.1754182688061555,0.22021591788401082,220,1209,0.18196856906534326,0.16123869101651708,0.20471313649335723,59,1209,0.04880066170388751,0.03802029318856357,0.062439321653143705,7,1209,0.005789909015715467,0.00280738730801083,0.01190318990174187,63,1209,0.052109181141439205,0.04093958155941245,0.06611611310013749,149,1209,0.12324234904880066,0.10589716830617057,0.14297424243699655,396,1209,0.32754342431761785,0.3016708478606802,0.3545084916342711,266,1209,0.22001654259718775,0.19757210421751248,0.2442346411975524,128,1209,0.10587262200165426,0.08976013446886225,0.12448185723063093,89,1209,0.07361455748552523,0.0602060815375183,0.08972413193800893,131,1209,0.10835401157981803,0.09205725555560507,0.1271317960072701,72,1209,0.05955334987593052,0.047556493832419736,0.07434038041727618,16,1209,0.013234077750206782,0.00816221707067866,0.021389539729220024,6,1209,0.004962779156327543,0.002276380443622659,0.010785176811669375,6,1209,0.004962779156327543,0.002276380443622659,0.010785176811669375,99,1209,0.08188585607940446,0.06772202909540978,0.0986983839247241,563,1202,0.4683860232945091,0.4403214726816318,0.49665200708552826,93,1202,0.07737104825291181,0.06357705341415804,0.09385788663103528,545,1202,0.45341098169717137,0.42546023773726205,0.48165857455118444,682,1206,0.5655058043117744,0.5373650102649575,0.5932305982841285,479,1206,0.39718076285240467,0.36993260009772283,0.4250818877492813,4,1206,0.003316749585406302,0.0012905311902194128,0.008497196393292347,6,1206,0.004975124378109453,0.0022820478919802724,0.010811897629483033,35,1206,0.02902155887230514,0.020940308838297346,0.04009379678346339,516,1202,0.4292845257903494,0.40157102884568324,0.45744859694928025,311 0.34; 363 0.18; 350 0.07; 150 0.06; 312 0.05; 364 0.05; 323 0.04,7,38 0.17; 35 0.11; 44 0.10; 53 0.09; 52 0.08; 99 0.08; 41 0.04; 37 0.03; 56 0.03; 39 0.03,10,earned income 0.39; unearned income 0.20; shelter deduction 0.18,"wrong amount, known item 0.33; wrong include/exclude decision 0.22; change in circumstances 0.11; unreported source of income 0.11",521,245,250,766,0.6801566579634465,0.646297433399489,0.7122178767630173,0.3198433420365535,250,0.24606299212598426,1016,273816.0
4+,months_since_cert_n > 5.500 & rawben_rel_max <= 0.997 & total_deductions_by_hh_size > 9.060 & unc_rawben_rel_max > 0.422,train_2022_23,1806,519,808,314,808,0.3886138613861386,0.35560649972584246,0.4226753720087423,180,808,0.22277227722772278,0.19543040405968434,0.25273781003528195,140,808,0.17326732673267325,0.1487323222169462,0.20089450153783545,39,808,0.04826732673267327,0.03550712207131852,0.06530269107449711,5,808,0.006188118811881188,0.0026459664803633026,0.014403664876295434,40,808,0.04950495049504951,0.036563427069368146,0.06670992083495211,90,808,0.11138613861386139,0.09150529938581026,0.13494478644374075,228,808,0.28217821782178215,0.2522325346264179,0.31418534787676977,191,808,0.23638613861386137,0.2083810105695323,0.26688608586898477,83,808,0.10272277227722772,0.08363406723062679,0.12557127528939188,58,808,0.07178217821782178,0.05593689257954723,0.0916800809778561,98,808,0.12128712871287128,0.10055081717549906,0.14560754672208884,55,808,0.06806930693069307,0.052667459915658354,0.08755890936623115,10,808,0.012376237623762377,0.006736124965136864,0.022631180184044947,2,808,0.0024752475247524753,0.0006790505874258498,0.008979976493719044,6,808,0.007425742574257425,0.0034075525692852373,0.01610561354587811,77,808,0.0952970297029703,0.07692326507899232,0.11750086888999868,392,806,0.48635235732009924,0.4519928093330016,0.5208413844155043,66,806,0.08188585607940446,0.06488072785880963,0.10285775334541597,348,806,0.4317617866004963,0.39796910785640915,0.46620186088612026,462,806,0.5732009925558312,0.5387859790846595,0.6069215271733542,312,806,0.3870967741935484,0.3540804485735848,0.4211842451640547,2,806,0.0024813895781637717,0.0006807362303454662,0.009002144965187092,0,806,0.0,0.0,0.0047436436952609,30,806,0.03722084367245657,0.02619453805905908,0.05263766814027669,346,806,0.4292803970223325,0.39552335534573774,0.46370837589652,311 0.34; 363 0.17; 350 0.08; 150 0.05; 364 0.05; 312 0.04; 323 0.04,7,38 0.18; 53 0.11; 35 0.10; 44 0.10; 99 0.10; 52 0.09; 39 0.04; 41 0.04,8,earned income 0.39; unearned income 0.22; shelter deduction 0.17,"wrong amount, known item 0.28; wrong include/exclude decision 0.24; change in circumstances 0.12; unreported source of income 0.10; other 0.10",347,172,162,519,0.6685934489402697,0.6269867065778695,0.7077226968054878,0.33140655105973027,162,0.23788546255506607,681,174978.0
4+,months_since_cert_n > 5.500 & rawben_rel_max <= 0.997 & total_deductions_by_hh_size > 9.060 & unc_rawben_rel_max > 0.422,test_2024,814,247,401,159,401,0.39650872817955113,0.34982928485017184,0.44515225854853024,58,401,0.14463840399002495,0.1135815682904466,0.18243939398220524,80,401,0.19950124688279303,0.1633200202668211,0.2413854250233862,20,401,0.04987531172069826,0.03251530614773486,0.07577791273095744,2,401,0.004987531172069825,0.0013687995436076524,0.018000751411630145,23,401,0.057356608478802994,0.0385201952879457,0.08459363491132235,59,401,0.14713216957605985,0.11581142762172766,0.18514973842444934,168,401,0.41895261845386533,0.3716535475367382,0.4677898298236911,75,401,0.18703241895261846,0.15190160685600185,0.22810281956657918,45,401,0.11221945137157108,0.08493291745762269,0.14686539575920088,31,401,0.0773067331670823,0.054993738992899284,0.10764172139457076,33,401,0.08229426433915212,0.05919598667882345,0.11331988125569709,17,401,0.04239401496259352,0.02663446373797874,0.06683814382013781,6,401,0.014962593516209476,0.006874966165320455,0.03225539988401834,4,401,0.00997506234413965,0.00388568985058043,0.025364268651707867,0,401,0.0,0.0,0.009489143408187298,22,401,0.05486284289276808,0.03650625437754094,0.08166737204820185,171,396,0.4318181818181818,0.3839169424374763,0.4810295763839769,27,396,0.06818181818181818,0.04727817882297691,0.09738310704622727,197,396,0.49747474747474746,0.44848992378381985,0.5465080954317894,220,400,0.55,0.5010000980193108,0.5980486379207213,167,400,0.4175,0.370180420494612,0.46638916520433527,2,400,0.005,0.0013722242215711469,0.018045289972112716,6,400,0.015,0.006892197870136998,0.03233506351155325,5,400,0.0125,0.005350671853550634,0.02892415273113802,170,396,0.4292929292929293,0.3814503301339928,0.4784942079030698,311 0.32; 363 0.20; 150 0.08; 312 0.06; 350 0.05; 323 0.05,6,38 0.15; 35 0.11; 56 0.10; 44 0.09; 52 0.07; 53 0.06; 99 0.05; 57 0.04; 54 0.04; 37 0.03,10,earned income 0.40; shelter deduction 0.20; other element 0.15; unearned income 0.14,"wrong amount, known item 0.42; wrong include/exclude decision 0.19; unreported source of income 0.11; change in circumstances 0.08",174,73,88,247,0.7044534412955465,0.6447684336592754,0.7578761037699229,0.29554655870445345,88,0.2626865671641791,335,98838.0
4+,months_since_cert_n >  12.5 & total_deductions_by_hh_size > 231.0,all_2022_24,42,22,49,16,49,0.32653061224489793,0.21207321329264214,0.4662105631259371,4,49,0.08163265306122448,0.032202296241712225,0.19189387041486136,10,49,0.20408163265306123,0.11481727042813811,0.33637270110943834,6,49,0.12244897959183673,0.057347477598098245,0.2424466240188096,0,49,0.0,0.0,0.07270029673590504,3,49,0.061224489795918366,0.021039764955529186,0.16520743422087725,10,49,0.20408163265306123,0.11481727042813811,0.33637270110943834,11,49,0.22448979591836735,0.1302483771472861,0.35879056187045744,12,49,0.24489795918367346,0.14602203389475285,0.38086587260315785,1,49,0.02040816326530612,0.003611579538530696,0.10693768467754147,5,49,0.10204081632653061,0.044378892487039884,0.21756624164970087,8,49,0.16326530612244897,0.08512596988208977,0.29036606669515236,5,49,0.10204081632653061,0.044378892487039884,0.21756624164970087,0,49,0.0,0.0,0.07270029673590504,0,49,0.0,0.0,0.07270029673590504,0,49,0.0,0.0,0.07270029673590504,7,49,0.14285714285714285,0.07096333720544586,0.2666797318916292,17,49,0.3469387755102041,0.2292420960931444,0.4868906478056021,10,49,0.20408163265306123,0.11481727042813811,0.33637270110943834,22,49,0.4489795918367347,0.3185262492963633,0.5868513320032188,23,49,0.46938775510204084,0.33703281897894777,0.6061937298008014,18,49,0.3673469387755102,0.24664982524781226,0.5073318861311014,0,49,0.0,0.0,0.07270029673590504,0,49,0.0,0.0,0.07270029673590504,8,49,0.16326530612244897,0.08512596988208977,0.29036606669515236,12,49,0.24489795918367346,0.14602203389475285,0.38086587260315785,311 0.31; 363 0.20; 364 0.12; 150 0.10; 361 0.10,5,99 0.14; 39 0.10; 52 0.10; 38 0.10; 54 0.06; 65 0.06; 53 0.06; 37 0.06; 43 0.04; 13 0.04,10,earned income 0.33; shelter deduction 0.20; other element 0.20; utility allowance 0.12,"wrong include/exclude decision 0.24; wrong amount, known item 0.22; change in circumstances 0.16; other 0.14",18,4,12,22,0.8181818181818182,0.6148297802336213,0.9269323397589488,0.18181818181818182,12,0.35294117647058826,34,14185.0
4+,months_since_cert_n >  12.5 & total_deductions_by_hh_size > 231.0,train_2022_23,32,19,42,15,42,0.35714285714285715,0.22988992501626865,0.5083391071292063,4,42,0.09523809523809523,0.0376616388283121,0.2206539522505333,7,42,0.16666666666666666,0.08315811295836502,0.30604296204774295,5,42,0.11904761904761904,0.05193726765019084,0.2500068180710754,0,42,0.0,0.0,0.08380161250916197,2,42,0.047619047619047616,0.013157248639206365,0.1579013531547973,9,42,0.21428571428571427,0.11705668531051237,0.3594013789804373,7,42,0.16666666666666666,0.08315811295836502,0.30604296204774295,9,42,0.21428571428571427,0.11705668531051237,0.3594013789804373,1,42,0.023809523809523808,0.00421529549910029,0.12321481165248252,5,42,0.11904761904761904,0.05193726765019084,0.2500068180710754,8,42,0.19047619047619047,0.09981889609856436,0.33301067354996444,5,42,0.11904761904761904,0.05193726765019084,0.2500068180710754,0,42,0.0,0.0,0.08380161250916197,0,42,0.0,0.0,0.08380161250916197,0,42,0.0,0.0,0.08380161250916197,7,42,0.16666666666666666,0.08315811295836502,0.30604296204774295,16,42,0.38095238095238093,0.24999520898785943,0.5318623178000363,9,42,0.21428571428571427,0.11705668531051237,0.3594013789804373,17,42,0.40476190476190477,0.27042647671209086,0.5550595447182258,17,42,0.40476190476190477,0.27042647671209086,0.5550595447182258,17,42,0.40476190476190477,0.27042647671209086,0.5550595447182258,0,42,0.0,0.0,0.08380161250916197,0,42,0.0,0.0,0.08380161250916197,8,42,0.19047619047619047,0.09981889609856436,0.33301067354996444,10,42,0.23809523809523808,0.13480820811018188,0.38527835082318873,311 0.33; 363 0.17; 150 0.12; 364 0.12; 361 0.10,5,99 0.17; 39 0.12; 38 0.12; 52 0.10; 65 0.07; 43 0.05; 13 0.05; 12 0.05; 53 0.05,9,earned income 0.36; other element 0.21; shelter deduction 0.17; utility allowance 0.12,"wrong include/exclude decision 0.21; change in circumstances 0.19; wrong amount, known item 0.17; other 0.17; method or computation 0.12",15,4,10,19,0.7894736842105263,0.5666528575973392,0.9149246150840843,0.21052631578947367,10,0.3448275862068966,29,12777.0
4+,months_since_cert_n >  12.5 & total_deductions_by_hh_size > 231.0,test_2024,10,3,7,1,7,0.14285714285714285,0.02567895594897479,0.51313450331903,0,7,0.0,0.0,0.35433884297520657,3,7,0.42857142857142855,0.15821692226262685,0.7495457695909742,1,7,0.14285714285714285,0.02567895594897479,0.51313450331903,0,7,0.0,0.0,0.35433884297520657,1,7,0.14285714285714285,0.02567895594897479,0.51313450331903,1,7,0.14285714285714285,0.02567895594897479,0.51313450331903,4,7,0.5714285714285714,0.2504542304090258,0.8417830777373732,3,7,0.42857142857142855,0.15821692226262685,0.7495457695909742,0,7,0.0,0.0,0.35433884297520657,0,7,0.0,0.0,0.35433884297520657,0,7,0.0,0.0,0.35433884297520657,0,7,0.0,0.0,0.35433884297520657,0,7,0.0,0.0,0.35433884297520657,0,7,0.0,0.0,0.35433884297520657,0,7,0.0,0.0,0.35433884297520657,0,7,0.0,0.0,0.35433884297520657,1,7,0.14285714285714285,0.02567895594897479,0.51313450331903,1,7,0.14285714285714285,0.02567895594897479,0.51313450331903,5,7,0.7142857142857143,0.35892909014821267,0.9177828342909844,6,7,0.8571428571428571,0.48686549668097007,0.9743210440510253,1,7,0.14285714285714285,0.02567895594897479,0.51313450331903,0,7,0.0,0.0,0.35433884297520657,0,7,0.0,0.0,0.35433884297520657,0,7,0.0,0.0,0.35433884297520657,2,7,0.2857142857142857,0.0822171657090155,0.6410709098517873,363 0.43; 323 0.14; 311 0.14; 364 0.14,4,56 0.29; 54 0.29; 53 0.14; 52 0.14,4,shelter deduction 0.43; dep care or child support deduction 0.14; earned income 0.14; utility allowance 0.14,"wrong amount, known item 0.57; wrong include/exclude decision 0.43",3,0,2,3,1.0,0.43849391955098227,1.0,0.0,2,0.4,5,1408.0
2-3,medical_deductions >= 175.000 & rawben_rel_max >=   0.806 & shelter_expenses_by_hh_size < 797.000 & total_deductions_by_hh_size >=  75.000,all_2022_24,41,21,37,0,37,0.0,0.0,0.09406095745514377,6,37,0.16216216216216217,0.07651103235297099,0.31136799295455864,8,37,0.21621621621621623,0.11386376851955585,0.37195461273876906,1,37,0.02702702702702703,0.004786851054907726,0.13824378437563367,19,37,0.5135135135135135,0.3589463722598092,0.6655384667278896,2,37,0.05405405405405406,0.01495066277053994,0.1770496506353991,1,37,0.02702702702702703,0.004786851054907726,0.13824378437563367,7,37,0.1891891891891892,0.09479858757337126,0.342050115709556,24,37,0.6486486486486487,0.48758729517569566,0.7817459336889914,0,37,0.0,0.0,0.09406095745514377,0,37,0.0,0.0,0.09406095745514377,1,37,0.02702702702702703,0.004786851054907726,0.13824378437563367,3,37,0.08108108108108109,0.027960066396321384,0.2130099249850153,0,37,0.0,0.0,0.09406095745514377,0,37,0.0,0.0,0.09406095745514377,0,37,0.0,0.0,0.09406095745514377,2,37,0.05405405405405406,0.01495066277053994,0.1770496506353991,21,37,0.5675675675675675,0.40913906334200717,0.713285131596487,7,37,0.1891891891891892,0.09479858757337126,0.342050115709556,9,37,0.24324324324324326,0.13361203432663304,0.4011760249070895,28,37,0.7567567567567568,0.5988239750929105,0.8663879656733671,6,37,0.16216216216216217,0.07651103235297099,0.31136799295455864,1,37,0.02702702702702703,0.004786851054907726,0.13824378437563367,0,37,0.0,0.0,0.09406095745514377,2,37,0.05405405405405406,0.01495066277053994,0.1770496506353991,21,37,0.5675675675675675,0.40913906334200717,0.713285131596487,365 0.51; 363 0.22; 331 0.16,3,53 0.54; 38 0.14; 52 0.08,3,medical deduction 0.51; shelter deduction 0.22; unearned income 0.16,"wrong include/exclude decision 0.65; wrong amount, known item 0.19",21,0,19,21,1.0,0.8453561767357979,0.9999999999999999,0.0,19,0.475,40,8392.0
2-3,medical_deductions >= 175.000 & rawben_rel_max >=   0.806 & shelter_expenses_by_hh_size < 797.000 & total_deductions_by_hh_size >=  75.000,train_2022_23,30,17,32,0,32,0.0,0.0,0.1071827150573635,5,32,0.15625,0.06864319106627216,0.31754492553566527,8,32,0.25,0.1325224398262155,0.42106891770246624,1,32,0.03125,0.005537717362550945,0.15744607800372734,15,32,0.46875,0.30869129901682335,0.6355076206742619,2,32,0.0625,0.017310203195157234,0.2014746724800358,1,32,0.03125,0.005537717362550945,0.15744607800372734,5,32,0.15625,0.06864319106627216,0.31754492553566527,21,32,0.65625,0.4831077350878594,0.7958976664567146,0,32,0.0,0.0,0.1071827150573635,0,32,0.0,0.0,0.1071827150573635,1,32,0.03125,0.005537717362550945,0.15744607800372734,3,32,0.09375,0.032400962626319516,0.24218499335778831,0,32,0.0,0.0,0.1071827150573635,0,32,0.0,0.0,0.1071827150573635,0,32,0.0,0.0,0.1071827150573635,2,32,0.0625,0.017310203195157234,0.2014746724800358,20,32,0.625,0.45254100589525126,0.7706633153404079,5,32,0.15625,0.06864319106627216,0.31754492553566527,7,32,0.21875,0.11023696931531854,0.3875533079044484,25,32,0.78125,0.6124466920955516,0.8897630306846815,5,32,0.15625,0.06864319106627216,0.31754492553566527,0,32,0.0,0.0,0.1071827150573635,0,32,0.0,0.0,0.1071827150573635,2,32,0.0625,0.017310203195157234,0.2014746724800358,17,32,0.53125,0.3644923793257382,0.6913087009831766,365 0.47; 363 0.25; 331 0.16,3,53 0.56; 38 0.16; 52 0.09,3,medical deduction 0.47; shelter deduction 0.25; unearned income 0.16,"wrong include/exclude decision 0.66; wrong amount, known item 0.16",17,0,16,17,1.0,0.8156763396284354,1.0,0.0,16,0.48484848484848486,33,6986.0
2-3,medical_deductions >= 175.000 & rawben_rel_max >=   0.806 & shelter_expenses_by_hh_size < 797.000 & total_deductions_by_hh_size >=  75.000,test_2024,11,4,5,0,5,0.0,0.0,0.43449149475208104,1,5,0.2,0.03622316096978745,0.6244717358814613,0,5,0.0,0.0,0.43449149475208104,0,5,0.0,0.0,0.43449149475208104,4,5,0.8,0.3755282641185388,0.9637768390302125,0,5,0.0,0.0,0.43449149475208104,0,5,0.0,0.0,0.43449149475208104,2,5,0.4,0.1176182311592533,0.769280067791163,3,5,0.6,0.23071993220883708,0.8823817688407467,0,5,0.0,0.0,0.43449149475208104,0,5,0.0,0.0,0.43449149475208104,0,5,0.0,0.0,0.43449149475208104,0,5,0.0,0.0,0.43449149475208104,0,5,0.0,0.0,0.43449149475208104,0,5,0.0,0.0,0.43449149475208104,0,5,0.0,0.0,0.43449149475208104,0,5,0.0,0.0,0.43449149475208104,1,5,0.2,0.03622316096978745,0.6244717358814613,2,5,0.4,0.1176182311592533,0.769280067791163,2,5,0.4,0.1176182311592533,0.769280067791163,3,5,0.6,0.23071993220883708,0.8823817688407467,1,5,0.2,0.03622316096978745,0.6244717358814613,1,5,0.2,0.03622316096978745,0.6244717358814613,0,5,0.0,0.0,0.43449149475208104,0,5,0.0,0.0,0.43449149475208104,4,5,0.8,0.3755282641185388,0.9637768390302125,365 0.80,1,53 0.40; 57 0.20; 37 0.20,3,medical deduction 0.80,"wrong include/exclude decision 0.60; wrong amount, known item 0.40",4,0,3,4,1.0,0.5100999795960008,1.0,0.0,3,0.42857142857142855,7,1406.0
4+,months_since_cert_n >   5.5 & total_deductions_by_hh_size > 215.0 & utilities <= 442.0,all_2022_24,200,81,145,49,145,0.33793103448275863,0.2660084451839849,0.41821962008808944,24,145,0.16551724137931034,0.11382248778254253,0.23447798735344097,26,145,0.1793103448275862,0.1254048780843173,0.24976980426255344,13,145,0.0896551724137931,0.05314302364985655,0.1473493118262469,2,145,0.013793103448275862,0.003790673072295709,0.048893522743927706,16,145,0.1103448275862069,0.0690707412159915,0.17173290507644284,15,145,0.10344827586206896,0.06369780166344452,0.16366874102354617,46,145,0.31724137931034485,0.24704058770171988,0.3968761667540236,38,145,0.2620689655172414,0.19729399026575561,0.3391259353464388,9,145,0.06206896551724138,0.03299470764785982,0.11374921340646905,7,145,0.04827586206896552,0.023578565673748914,0.09629114816969268,17,145,0.11724137931034483,0.07450078770489107,0.1797399621929869,9,145,0.06206896551724138,0.03299470764785982,0.11374921340646905,0,145,0.0,0.0,0.02580998860533614,0,145,0.0,0.0,0.02580998860533614,0,145,0.0,0.0,0.02580998860533614,19,145,0.1310344827586207,0.08551633457290873,0.19559862253585658,68,145,0.4689655172413793,0.3895899608251937,0.5499430729503098,13,145,0.0896551724137931,0.05314302364985655,0.1473493118262469,64,145,0.4413793103448276,0.3631045082657405,0.5226801110879885,62,145,0.42758620689655175,0.34995269674190216,0.5089577154009395,70,145,0.4827586206896552,0.4029227213592587,0.5634845196271321,0,145,0.0,0.0,0.02580998860533614,0,145,0.0,0.0,0.02580998860533614,13,145,0.0896551724137931,0.05314302364985655,0.1473493118262469,42,145,0.2896551724137931,0.22200880069530218,0.36815953933866685,311 0.31; 363 0.18; 364 0.09; 323 0.09; 350 0.06; 150 0.05,6,38 0.21; 53 0.15; 99 0.13; 52 0.06; 35 0.06; 64 0.04; 44 0.04; 37 0.04; 39 0.03,9,earned income 0.34; shelter deduction 0.18; unearned income 0.17; dep care or child support deduction 0.11,"wrong amount, known item 0.32; wrong include/exclude decision 0.26; other 0.13; change in circumstances 0.12",67,14,31,81,0.8271604938271605,0.7305366228248568,0.894156923737207,0.1728395061728395,31,0.2767857142857143,112,37936.0
4+,months_since_cert_n >   5.5 & total_deductions_by_hh_size > 215.0 & utilities <= 442.0,train_2022_23,149,66,117,39,117,0.3333333333333333,0.25441414707414584,0.42284931186714586,23,117,0.19658119658119658,0.1347153235282641,0.2777386658263952,20,117,0.17094017094017094,0.11346914397542025,0.24933306983174552,10,117,0.08547008547008547,0.04708697489506693,0.15020932042045354,2,117,0.017094017094017096,0.004700284108284717,0.06019127641391957,13,117,0.1111111111111111,0.06609257325647655,0.1808554976065375,10,117,0.08547008547008547,0.04708697489506693,0.15020932042045354,30,117,0.2564102564102564,0.1859156601937761,0.3423924721050348,33,117,0.28205128205128205,0.2084473173817141,0.3695125904645905,7,117,0.05982905982905983,0.029280101993339018,0.1183644177746879,5,117,0.042735042735042736,0.018389559879770763,0.0961537761899271,16,117,0.13675213675213677,0.08596023421342294,0.21063961219708474,8,117,0.06837606837606838,0.0350512906011003,0.12914382101609115,0,117,0.0,0.0,0.03179037682387522,0,117,0.0,0.0,0.03179037682387522,0,117,0.0,0.0,0.03179037682387522,18,117,0.15384615384615385,0.09958576028690376,0.23011526982193298,53,117,0.452991452991453,0.36571889088636605,0.5432528539432291,12,117,0.10256410256410256,0.059649032176476595,0.17074844683737292,52,117,0.4444444444444444,0.35759570763975296,0.5348254453406776,49,117,0.4188034188034188,0.33338089977390317,0.5093884776590338,55,117,0.4700854700854701,0.3820418012099604,0.5600311273179637,0,117,0.0,0.0,0.03179037682387522,0,117,0.0,0.0,0.03179037682387522,13,117,0.1111111111111111,0.06609257325647655,0.1808554976065375,39,117,0.3333333333333333,0.25441414707414584,0.42284931186714586,311 0.31; 363 0.17; 323 0.09; 364 0.09; 350 0.07; 150 0.04,6,38 0.21; 53 0.16; 99 0.15; 52 0.07; 35 0.06; 39 0.04; 64 0.04; 44 0.04,8,earned income 0.33; unearned income 0.20; shelter deduction 0.17; dep care or child support deduction 0.11,"wrong include/exclude decision 0.28; wrong amount, known item 0.26; other 0.15; change in circumstances 0.14",54,12,26,66,0.8181818181818182,0.7085458078248001,0.8928149857423577,0.18181818181818182,26,0.2826086956521739,92,30221.0
4+,months_since_cert_n >   5.5 & total_deductions_by_hh_size > 215.0 & utilities <= 442.0,test_2024,51,15,28,10,28,0.35714285714285715,0.20705611972458876,0.5417002241777278,1,28,0.03571428571428571,0.00633235649754188,0.17712576118498663,6,28,0.21428571428571427,0.10212321701189422,0.3953894707927388,3,28,0.10714285714285714,0.03711769205479949,0.2719622536765708,0,28,0.0,0.0,0.12064720365810762,3,28,0.10714285714285714,0.03711769205479949,0.2719622536765708,5,28,0.17857142857142858,0.0787838582943011,0.355917915485911,16,28,0.5714285714285714,0.390704789856154,0.7349170381926877,5,28,0.17857142857142858,0.0787838582943011,0.355917915485911,2,28,0.07142857142857142,0.019811647447770794,0.2264573842591786,2,28,0.07142857142857142,0.019811647447770794,0.2264573842591786,1,28,0.03571428571428571,0.00633235649754188,0.17712576118498663,1,28,0.03571428571428571,0.00633235649754188,0.17712576118498663,0,28,0.0,0.0,0.12064720365810762,0,28,0.0,0.0,0.12064720365810762,0,28,0.0,0.0,0.12064720365810762,1,28,0.03571428571428571,0.00633235649754188,0.17712576118498663,15,28,0.5357142857142857,0.3581239514210167,0.7046869626034041,1,28,0.03571428571428571,0.00633235649754188,0.17712576118498663,12,28,0.42857142857142855,0.2650829618073122,0.609295210143846,13,28,0.4642857142857143,0.29531303739659587,0.6418760485789833,15,28,0.5357142857142857,0.3581239514210167,0.7046869626034041,0,28,0.0,0.0,0.12064720365810762,0,28,0.0,0.0,0.12064720365810762,0,28,0.0,0.0,0.12064720365810762,3,28,0.10714285714285714,0.03711769205479949,0.2719622536765708,311 0.32; 363 0.21; 364 0.11; 150 0.07; 323 0.07,5,38 0.21; 56 0.14; 53 0.11; 54 0.11; 57 0.07; 35 0.07; 12 0.04; 44 0.04,8,earned income 0.36; shelter deduction 0.21; other element 0.18,"wrong amount, known item 0.57; wrong include/exclude decision 0.18",13,2,5,15,0.8666666666666667,0.6211750079348376,0.9626395301086407,0.13333333333333333,5,0.25,20,7715.0
1,months_since_cert_n >   5.5 & shelter_expenses_by_hh_size > 408.0 & total_deductions_by_hh_size > 647.0 & utilities <=  28.5,all_2022_24,144,69,127,17,127,0.13385826771653545,0.08528178945456724,0.20393509569510995,15,127,0.11811023622047244,0.07289639770279097,0.18574917067913035,44,127,0.3464566929133858,0.2693051585228687,0.43262450299151206,37,127,0.29133858267716534,0.21936666512736952,0.3755633876998658,11,127,0.08661417322834646,0.049051350010884905,0.14845158483552479,1,127,0.007874015748031496,0.001391276231238591,0.04325507477639201,2,127,0.015748031496062992,0.00432926528219783,0.05560274410931068,18,127,0.14173228346456693,0.09157006914566687,0.21293247438788823,71,127,0.5590551181102362,0.4722284228757405,0.6424140150033437,8,127,0.06299212598425197,0.03226130175460205,0.11938465794017394,0,127,0.0,0.0,0.02936069262375269,20,127,0.15748031496062992,0.10431731296129931,0.2307565473400116,2,127,0.015748031496062992,0.00432926528219783,0.05560274410931068,0,127,0.0,0.0,0.02936069262375269,0,127,0.0,0.0,0.02936069262375269,0,127,0.0,0.0,0.02936069262375269,8,127,0.06299212598425197,0.03226130175460205,0.11938465794017394,61,127,0.48031496062992124,0.39528258938537786,0.5665032646549273,11,127,0.08661417322834646,0.049051350010884905,0.14845158483552479,55,127,0.4330708661417323,0.35010943520734455,0.5199624685296933,58,127,0.4566929133858268,0.37260213016613264,0.5433267487225389,63,127,0.49606299212598426,0.410506352877393,0.5818508179306681,0,127,0.0,0.0,0.02936069262375269,0,127,0.0,0.0,0.02936069262375269,6,127,0.047244094488188976,0.021829492501269893,0.09924515042575026,43,127,0.33858267716535434,0.2620962341325621,0.4245477689979408,363 0.35; 364 0.29; 311 0.13,3,53 0.46; 64 0.12; 99 0.06; 37 0.06; 35 0.06,5,shelter deduction 0.35; utility allowance 0.29; earned income 0.13,"wrong include/exclude decision 0.56; change in circumstances 0.16; wrong amount, known item 0.14",68,1,39,69,0.9855072463768116,0.9223669266494263,0.9974371413556695,0.014492753623188406,39,0.3611111111111111,108,23304.0
1,months_since_cert_n >   5.5 & shelter_expenses_by_hh_size > 408.0 & total_deductions_by_hh_size > 647.0 & utilities <=  28.5,train_2022_23,80,38,73,7,73,0.0958904109589041,0.04722835432935106,0.18495837785738106,10,73,0.136986301369863,0.07614307799620813,0.23412635939187332,24,73,0.3287671232876712,0.23194330572835292,0.44271208926602507,22,73,0.3013698630136986,0.2082244364335746,0.41437582175990395,7,73,0.0958904109589041,0.04722835432935106,0.18495837785738106,1,73,0.0136986301369863,0.0024221890927605197,0.0735991326912731,2,73,0.0273972602739726,0.007545600452515573,0.09450328973196781,8,73,0.1095890410958904,0.056586041610119084,0.20162825897706282,45,73,0.6164383561643836,0.5017387254305414,0.7194956059732815,0,73,0.0,0.0,0.04999375338358389,0,73,0.0,0.0,0.04999375338358389,11,73,0.1506849315068493,0.08627588209726772,0.25002112369126345,1,73,0.0136986301369863,0.0024221890927605197,0.0735991326912731,0,73,0.0,0.0,0.04999375338358389,0,73,0.0,0.0,0.04999375338358389,0,73,0.0,0.0,0.04999375338358389,8,73,0.1095890410958904,0.056586041610119084,0.20162825897706282,37,73,0.5068493150684932,0.39472044284713675,0.6182933413530882,8,73,0.1095890410958904,0.056586041610119084,0.20162825897706282,28,73,0.3835616438356164,0.2805043940267184,0.4982612745694586,39,73,0.5342465753424658,0.42098744972394103,0.6440814712771833,30,73,0.410958904109589,0.30531095731906,0.5255098480780166,0,73,0.0,0.0,0.04999375338358389,0,73,0.0,0.0,0.04999375338358389,4,73,0.0547945205479452,0.02151214924893479,0.1325918777364481,27,73,0.3698630136986301,0.26822983017391167,0.4845082700218156,363 0.33; 364 0.30; 331 0.10; 365 0.10,4,53 0.53; 99 0.11; 38 0.10; 64 0.10,4,shelter deduction 0.33; utility allowance 0.30; unearned income 0.14,wrong include/exclude decision 0.62; change in circumstances 0.15,37,1,22,38,0.9736842105263158,0.8650482156319974,0.9953395324464698,0.02631578947368421,22,0.36666666666666664,60,12526.0
1,months_since_cert_n >   5.5 & shelter_expenses_by_hh_size > 408.0 & total_deductions_by_hh_size > 647.0 & utilities <=  28.5,test_2024,64,31,54,10,54,0.18518518518518517,0.10382574505942957,0.3083620229137938,5,54,0.09259259259259259,0.040200542070567336,0.1991012753065453,20,54,0.37037037037037035,0.25423189707625504,0.5037277720891898,15,54,0.2777777777777778,0.1761667544821121,0.4089069640872221,4,54,0.07407407407407407,0.029181055323684174,0.17554357193420633,0,54,0.0,6.938893903907228e-18,0.06641586678100189,0,54,0.0,6.938893903907228e-18,0.06641586678100189,10,54,0.18518518518518517,0.10382574505942957,0.3083620229137938,26,54,0.48148148148148145,0.3539375603654322,0.6114852495153457,8,54,0.14814814814814814,0.07702971308229412,0.266003674652485,0,54,0.0,6.938893903907228e-18,0.06641586678100189,9,54,0.16666666666666666,0.0902428998661039,0.28736767798789736,1,54,0.018518518518518517,0.0032764033153519848,0.09771665358487208,0,54,0.0,6.938893903907228e-18,0.06641586678100189,0,54,0.0,6.938893903907228e-18,0.06641586678100189,0,54,0.0,6.938893903907228e-18,0.06641586678100189,0,54,0.0,6.938893903907228e-18,0.06641586678100189,24,54,0.4444444444444444,0.3200225687559781,0.5762458608863554,3,54,0.05555555555555555,0.019072922503838907,0.15107451463482943,27,54,0.5,0.37114361988923295,0.628856380110767,19,54,0.35185185185185186,0.23822831722420018,0.4851541618220226,33,54,0.6111111111111112,0.47788056581508337,0.7295825749002496,0,54,0.0,6.938893903907228e-18,0.06641586678100189,0,54,0.0,6.938893903907228e-18,0.06641586678100189,2,54,0.037037037037037035,0.010216153585413057,0.12535409343403314,16,54,0.2962962962962963,0.19137265695067046,0.42827825173788586,363 0.37; 364 0.28; 311 0.17,3,53 0.35; 35 0.15; 64 0.15; 56 0.11,4,shelter deduction 0.37; utility allowance 0.28; earned income 0.19,"wrong include/exclude decision 0.48; wrong amount, known item 0.19; change in circumstances 0.17",31,0,17,31,1.0,0.889740999265246,0.9999999999999999,0.0,17,0.3541666666666667,48,10778.0
2-3,elderly_disabled_i >=   1.000 & medical_deductions >= 500.000 & rawben_rel_max >=   0.234 & unc_rawben_rel_max >=   0.198,all_2022_24,55,27,45,0,45,0.0,0.0,0.07865426194064076,8,45,0.17777777777777778,0.0929427892585383,0.3133010684365414,8,45,0.17777777777777778,0.0929427892585383,0.3133010684365414,0,45,0.0,0.0,0.07865426194064076,25,45,0.5555555555555556,0.4117588341636533,0.6906129145096089,1,45,0.022222222222222223,0.003933497522757505,0.11566946388718813,3,45,0.06666666666666667,0.022931616462147086,0.17856874388640825,8,45,0.17777777777777778,0.0929427892585383,0.3133010684365414,25,45,0.5555555555555556,0.4117588341636533,0.6906129145096089,2,45,0.044444444444444446,0.012273869040444335,0.14827779183880616,1,45,0.022222222222222223,0.003933497522757505,0.11566946388718813,0,45,0.0,0.0,0.07865426194064076,3,45,0.06666666666666667,0.022931616462147086,0.17856874388640825,0,45,0.0,0.0,0.07865426194064076,1,45,0.022222222222222223,0.003933497522757505,0.11566946388718813,0,45,0.0,0.0,0.07865426194064076,5,45,0.1111111111111111,0.04840400437825558,0.23499375490890945,30,45,0.6666666666666666,0.520702168092554,0.7864130779272324,7,45,0.15555555555555556,0.07745325311328677,0.28784190511248803,8,45,0.17777777777777778,0.0929427892585383,0.3133010684365414,33,45,0.7333333333333333,0.5896088330282471,0.8403525113994538,12,45,0.26666666666666666,0.15964748860054623,0.4103911669717528,0,45,0.0,0.0,0.07865426194064076,0,45,0.0,0.0,0.07865426194064076,0,45,0.0,0.0,0.07865426194064076,24,45,0.5333333333333333,0.3907720886241046,0.6706509605798527,365 0.56; 363 0.18; 331 0.11,3,53 0.47; 99 0.11; 38 0.09; 56 0.07; 35 0.04,5,medical deduction 0.56; shelter deduction 0.18; unearned income 0.18,"wrong include/exclude decision 0.56; wrong amount, known item 0.18; other 0.11",26,1,25,27,0.9629629629629629,0.8171614606584348,0.9934320234669025,0.037037037037037035,25,0.4807692307692308,52,9043.0
2-3,elderly_disabled_i >=   1.000 & medical_deductions >= 500.000 & rawben_rel_max >=   0.234 & unc_rawben_rel_max >=   0.198,train_2022_23,38,20,37,0,37,0.0,0.0,0.09406095745514377,7,37,0.1891891891891892,0.09479858757337126,0.342050115709556,7,37,0.1891891891891892,0.09479858757337126,0.342050115709556,0,37,0.0,0.0,0.09406095745514377,19,37,0.5135135135135135,0.3589463722598092,0.6655384667278896,1,37,0.02702702702702703,0.004786851054907726,0.13824378437563367,3,37,0.08108108108108109,0.027960066396321384,0.2130099249850153,4,37,0.10810810810810811,0.04285120520506268,0.24708846415167163,21,37,0.5675675675675675,0.40913906334200717,0.713285131596487,2,37,0.05405405405405406,0.01495066277053994,0.1770496506353991,1,37,0.02702702702702703,0.004786851054907726,0.13824378437563367,0,37,0.0,0.0,0.09406095745514377,3,37,0.08108108108108109,0.027960066396321384,0.2130099249850153,0,37,0.0,0.0,0.09406095745514377,1,37,0.02702702702702703,0.004786851054907726,0.13824378437563367,0,37,0.0,0.0,0.09406095745514377,5,37,0.13513513513513514,0.059132072625076235,0.2797772747070557,25,37,0.6756756756756757,0.5146336850482394,0.8036692217918453,6,37,0.16216216216216217,0.07651103235297099,0.31136799295455864,6,37,0.16216216216216217,0.07651103235297099,0.31136799295455864,26,37,0.7027027027027027,0.5421656082795643,0.825106976535918,11,37,0.2972972972972973,0.17489302346408198,0.45783439172043583,0,37,0.0,0.0,0.09406095745514377,0,37,0.0,0.0,0.09406095745514377,0,37,0.0,0.0,0.09406095745514377,18,37,0.4864864864864865,0.33446153327211037,0.6410536277401908,365 0.51; 363 0.19; 331 0.11,3,53 0.51; 99 0.14; 38 0.11,3,medical deduction 0.51; shelter deduction 0.19; unearned income 0.19,"wrong include/exclude decision 0.57; other 0.14; wrong amount, known item 0.11",20,0,19,20,1.0,0.8388698745050667,1.0,0.0,19,0.48717948717948717,39,7173.0
2-3,elderly_disabled_i >=   1.000 & medical_deductions >= 500.000 & rawben_rel_max >=   0.234 & unc_rawben_rel_max >=   0.198,test_2024,17,7,8,0,8,0.0,0.0,0.3244156195108769,1,8,0.125,0.02241690886329617,0.4708948057698615,1,8,0.125,0.02241690886329617,0.4708948057698615,0,8,0.0,0.0,0.3244156195108769,6,8,0.75,0.40926987910258916,0.9285223111419724,0,8,0.0,0.0,0.3244156195108769,0,8,0.0,0.0,0.3244156195108769,4,8,0.5,0.21521252682444186,0.7847874731755582,4,8,0.5,0.21521252682444186,0.7847874731755582,0,8,0.0,0.0,0.3244156195108769,0,8,0.0,0.0,0.3244156195108769,0,8,0.0,0.0,0.3244156195108769,0,8,0.0,0.0,0.3244156195108769,0,8,0.0,0.0,0.3244156195108769,0,8,0.0,0.0,0.3244156195108769,0,8,0.0,0.0,0.3244156195108769,0,8,0.0,0.0,0.3244156195108769,5,8,0.625,0.30573785458380187,0.863158240538479,1,8,0.125,0.02241690886329617,0.4708948057698615,2,8,0.25,0.07147768885802763,0.5907301208974108,7,8,0.875,0.5291051942301386,0.9775830911367038,1,8,0.125,0.02241690886329617,0.4708948057698615,0,8,0.0,0.0,0.3244156195108769,0,8,0.0,0.0,0.3244156195108769,0,8,0.0,0.0,0.3244156195108769,6,8,0.75,0.40926987910258916,0.9285223111419724,365 0.75,1,56 0.38; 53 0.25; 57 0.12,3,medical deduction 0.75,"wrong amount, known item 0.50; wrong include/exclude decision 0.50",6,1,6,7,0.8571428571428571,0.48686549668097007,0.9743210440510253,0.14285714285714285,6,0.46153846153846156,13,1870.0
1,months_since_cert_n >=   7.00 & shelter_expenses_by_hh_size >= 462.00 & unc_rawben_rel_max >=   1.67 & utilities < 462.00,all_2022_24,383,153,257,72,257,0.2801556420233463,0.22879858973265635,0.3379883031555945,95,257,0.36964980544747084,0.312957515576676,0.4301816156048533,38,257,0.14785992217898833,0.10965777985761363,0.1964344999014432,13,257,0.05058365758754864,0.02979619786976424,0.08460886635312044,4,257,0.01556420233463035,0.006068729729755248,0.03932893690010747,5,257,0.019455252918287938,0.00833792595227733,0.04472722929903227,30,257,0.11673151750972763,0.08300148517301194,0.16175088561446976,39,257,0.1517509727626459,0.11303817627415097,0.2007215921063527,87,257,0.33852140077821014,0.28342306068521017,0.398376161524744,53,257,0.20622568093385213,0.16126136415588244,0.25984324492487765,0,257,0.0,0.0,0.014727712144075176,23,257,0.08949416342412451,0.060374099034924855,0.13070585140242869,9,257,0.03501945525291829,0.018531072387113233,0.0652040373499839,8,257,0.0311284046692607,0.015855803633686785,0.06021181748196347,17,257,0.06614785992217899,0.041705827995768344,0.10336919071290389,0,257,0.0,0.0,0.014727712144075176,21,257,0.08171206225680934,0.054063498574880374,0.12168147461957937,71,256,0.27734375,0.22610132283576637,0.33516985160281476,26,256,0.1015625,0.0702545071910243,0.14465180496222602,159,256,0.62109375,0.5602906635670402,0.6783162415628543,130,257,0.5058365758754864,0.44507579700674366,0.5664254359254265,114,257,0.44357976653696496,0.3841136377806754,0.5047077772083446,4,257,0.01556420233463035,0.006068729729755248,0.03932893690010747,1,257,0.0038910505836575876,0.0006871788263164199,0.021708021939205638,8,257,0.0311284046692607,0.015855803633686785,0.06021181748196347,101,256,0.39453125,0.33664247310340745,0.45553860952539416,331 0.24; 311 0.24; 363 0.15; 333 0.05; 364 0.05; 371 0.05,6,35 0.21; 37 0.16; 38 0.12; 52 0.11; 99 0.08; 53 0.08; 39 0.07,7,unearned income 0.37; earned income 0.28; shelter deduction 0.15,"wrong include/exclude decision 0.34; unreported source of income 0.21; wrong amount, known item 0.15; change in circumstances 0.09",153,0,0,153,1.0,0.9755064982759676,1.0,0.0,0,0.0,153,49847.0
1,months_since_cert_n >=   7.00 & shelter_expenses_by_hh_size >= 462.00 & unc_rawben_rel_max >=   1.67 & utilities < 462.00,train_2022_23,287,110,195,54,195,0.27692307692307694,0.21888606853269854,0.3435797333920496,67,195,0.3435897435897436,0.28053236895825917,0.4126907795177136,28,195,0.14358974358974358,0.10124938244265141,0.19970172637964734,10,195,0.05128205128205128,0.028090438456355615,0.09181203667963202,4,195,0.020512820512820513,0.008005121129077915,0.051547809444806025,4,195,0.020512820512820513,0.008005121129077915,0.051547809444806025,28,195,0.14358974358974358,0.10124938244265141,0.19970172637964734,28,195,0.14358974358974358,0.10124938244265141,0.19970172637964734,68,195,0.3487179487179487,0.28533566956096557,0.4179457363420245,33,195,0.16923076923076924,0.12311352620779994,0.22812886974958527,0,195,0.0,0.0,0.019319900865814796,21,195,0.1076923076923077,0.07152252693654418,0.15902077989663363,8,195,0.041025641025641026,0.02093225443924931,0.07885370584270375,4,195,0.020512820512820513,0.008005121129077915,0.051547809444806025,15,195,0.07692307692307693,0.04716749469551516,0.12302626757555893,0,195,0.0,0.0,0.019319900865814796,18,195,0.09230769230769231,0.05918674754474791,0.14118178700737805,51,195,0.26153846153846155,0.20488708566569847,0.3274039439779979,20,195,0.10256410256410256,0.06737933782550677,0.15310571158065372,124,195,0.6358974358974359,0.5663386121399357,0.7002052096760222,100,195,0.5128205128205128,0.44309720706039324,0.58204843650715,85,195,0.4358974358974359,0.36820026288429386,0.5060715192779901,3,195,0.015384615384615385,0.005245617814625864,0.044249055332240786,0,195,0.0,0.0,0.019319900865814796,7,195,0.035897435897435895,0.017495340587197504,0.07223236226773827,73,195,0.37435897435897436,0.3094744618012988,0.4440982312367777,311 0.24; 331 0.24; 363 0.14; 371 0.06; 364 0.05; 372 0.05,6,35 0.17; 37 0.14; 38 0.13; 52 0.12; 99 0.09; 39 0.09; 53 0.09,7,unearned income 0.34; earned income 0.28; shelter deduction 0.14,"wrong include/exclude decision 0.35; unreported source of income 0.17; wrong amount, known item 0.14; change in circumstances 0.11",110,0,0,110,1.0,0.9662548664108728,1.0,0.0,0,0.0,110,37179.0
1,months_since_cert_n >=   7.00 & shelter_expenses_by_hh_size >= 462.00 & unc_rawben_rel_max >=   1.67 & utilities < 462.00,test_2024,96,43,62,18,62,0.2903225806451613,0.19223406385395198,0.4128788131113709,28,62,0.45161290322580644,0.3341951476826002,0.5746770546940128,10,62,0.16129032258064516,0.09003972354068436,0.2720656930956064,3,62,0.04838709677419355,0.016591385000846108,0.13288250384754152,0,62,0.0,0.0,0.05834609122500061,1,62,0.016129032258064516,0.0028527936922403963,0.08586923007388922,2,62,0.03225806451612903,0.008891184997076397,0.11020677131018222,11,62,0.1774193548387097,0.10206333434361749,0.2904180148338023,19,62,0.3064516129032258,0.20581430019850633,0.4296745093079456,20,62,0.3225806451612903,0.2195432864054263,0.44632145564215464,0,62,0.0,0.0,0.05834609122500061,2,62,0.03225806451612903,0.008891184997076397,0.11020677131018222,1,62,0.016129032258064516,0.0028527936922403963,0.08586923007388922,4,62,0.06451612903225806,0.025372494807644003,0.15447732658187266,2,62,0.03225806451612903,0.008891184997076397,0.11020677131018222,0,62,0.0,0.0,0.05834609122500061,3,62,0.04838709677419355,0.016591385000846108,0.13288250384754152,20,61,0.32786885245901637,0.2233495518172607,0.45278428818668737,6,61,0.09836065573770492,0.045863951367309724,0.1984483419752358,35,61,0.5737704918032787,0.44895006843512514,0.6898497144203256,30,62,0.4838709677419355,0.36409654206505293,0.605527525393818,29,62,0.46774193548387094,0.34908630867622215,0.5901618262415199,1,62,0.016129032258064516,0.0028527936922403963,0.08586923007388922,1,62,0.016129032258064516,0.0028527936922403963,0.08586923007388922,1,62,0.016129032258064516,0.0028527936922403963,0.08586923007388922,28,61,0.45901639344262296,0.3401273088828912,0.5827617006418584,331 0.26; 311 0.23; 363 0.16; 333 0.10; 346 0.05,5,35 0.32; 37 0.19; 38 0.08; 52 0.06; 124 0.05; 53 0.05,6,unearned income 0.45; earned income 0.29; shelter deduction 0.16,"unreported source of income 0.32; wrong include/exclude decision 0.31; wrong amount, known item 0.18",43,0,0,43,1.0,0.9179874299767729,1.0,0.0,0,0.0,43,12668.0
2-3,medical_deductions > 140.00 & rawben_rel_max >   0.64 & shelter_expenses_by_hh_size <= 417.00,all_2022_24,49,19,36,1,36,0.027777777777777776,0.004920280295569679,0.141700337350308,7,36,0.19444444444444445,0.09752972019453349,0.350283620635152,8,36,0.2222222222222222,0.11716192974839595,0.38085019827859085,1,36,0.027777777777777776,0.004920280295569679,0.141700337350308,16,36,0.4444444444444444,0.2954102987654314,0.6041921268399659,2,36,0.05555555555555555,0.015369663767066846,0.18144974107611211,1,36,0.027777777777777776,0.004920280295569679,0.141700337350308,5,36,0.1388888888888889,0.060817253631150966,0.2865985128039319,25,36,0.6944444444444444,0.5314342132091627,0.8199572971719464,2,36,0.05555555555555555,0.015369663767066846,0.18144974107611211,0,36,0.0,0.0,0.09642183044857634,1,36,0.027777777777777776,0.004920280295569679,0.141700337350308,1,36,0.027777777777777776,0.004920280295569679,0.141700337350308,0,36,0.0,0.0,0.09642183044857634,0,36,0.0,0.0,0.09642183044857634,0,36,0.0,0.0,0.09642183044857634,2,36,0.05555555555555555,0.015369663767066846,0.18144974107611211,22,36,0.6111111111111112,0.4486417029674347,0.7521534458217705,5,36,0.1388888888888889,0.060817253631150966,0.2865985128039319,9,36,0.25,0.13750323839225387,0.41070767683203424,23,36,0.6388888888888888,0.4757478039083198,0.7752461320781867,11,36,0.3055555555555556,0.18004270282805354,0.46856578679083716,0,36,0.0,0.0,0.09642183044857634,0,36,0.0,0.0,0.09642183044857634,2,36,0.05555555555555555,0.015369663767066846,0.18144974107611211,19,36,0.5277777777777778,0.3700567162693947,0.6801420709279067,365 0.44; 363 0.22; 331 0.14,3,53 0.53; 52 0.14; 38 0.11,3,medical deduction 0.44; shelter deduction 0.22; unearned income 0.19,"wrong include/exclude decision 0.69; wrong amount, known item 0.14",18,1,17,19,0.9473684210526315,0.7536078466345479,0.99064824750947,0.05263157894736842,17,0.4722222222222222,36,6638.0
2-3,medical_deductions > 140.00 & rawben_rel_max >   0.64 & shelter_expenses_by_hh_size <= 417.00,train_2022_23,30,15,31,1,31,0.03225806451612903,0.00571707408694444,0.16194457176169622,6,31,0.1935483870967742,0.09186883586347633,0.36280603555459856,7,31,0.22580645161290322,0.11394991594498799,0.3981276005869738,1,31,0.03225806451612903,0.00571707408694444,0.16194457176169622,13,31,0.41935483870967744,0.26415303073549257,0.5923403564797902,2,31,0.06451612903225806,0.017874407775063147,0.20718988318746434,1,31,0.03225806451612903,0.00571707408694444,0.16194457176169622,4,31,0.12903225806451613,0.05134201164644764,0.28852756954385356,21,31,0.6774193548387096,0.5014068555995079,0.8143076925268695,2,31,0.06451612903225806,0.017874407775063147,0.20718988318746434,0,31,0.0,0.0,0.11025900073475385,1,31,0.03225806451612903,0.00571707408694444,0.16194457176169622,1,31,0.03225806451612903,0.00571707408694444,0.16194457176169622,0,31,0.0,0.0,0.11025900073475385,0,31,0.0,0.0,0.11025900073475385,0,31,0.0,0.0,0.11025900073475385,2,31,0.06451612903225806,0.017874407775063147,0.20718988318746434,20,31,0.6451612903225806,0.469476380428149,0.7888355225843418,5,31,0.16129032258064516,0.07092519905439934,0.3263470272497887,6,31,0.1935483870967742,0.09186883586347633,0.36280603555459856,19,31,0.6129032258064516,0.4382380114113197,0.7626712464872843,11,31,0.3548387096774194,0.21116447741565816,0.530523619571851,0,31,0.0,0.0,0.11025900073475385,0,31,0.0,0.0,0.11025900073475385,1,31,0.03225806451612903,0.00571707408694444,0.16194457176169622,17,31,0.5483870967741935,0.37771879603669134,0.7083851716341388,365 0.42; 363 0.23; 331 0.16,3,53 0.55; 52 0.13; 38 0.13,3,medical deduction 0.42; shelter deduction 0.23; unearned income 0.19,"wrong include/exclude decision 0.68; wrong amount, known item 0.13",15,0,14,15,1.0,0.7961107336956521,1.0,0.0,14,0.4827586206896552,29,5364.0
2-3,medical_deductions > 140.00 & rawben_rel_max >   0.64 & shelter_expenses_by_hh_size <= 417.00,test_2024,19,4,5,0,5,0.0,0.0,0.43449149475208104,1,5,0.2,0.03622316096978745,0.6244717358814613,1,5,0.2,0.03622316096978745,0.6244717358814613,0,5,0.0,0.0,0.43449149475208104,3,5,0.6,0.23071993220883708,0.8823817688407467,0,5,0.0,0.0,0.43449149475208104,0,5,0.0,0.0,0.43449149475208104,1,5,0.2,0.03622316096978745,0.6244717358814613,4,5,0.8,0.3755282641185388,0.9637768390302125,0,5,0.0,0.0,0.43449149475208104,0,5,0.0,0.0,0.43449149475208104,0,5,0.0,0.0,0.43449149475208104,0,5,0.0,0.0,0.43449149475208104,0,5,0.0,0.0,0.43449149475208104,0,5,0.0,0.0,0.43449149475208104,0,5,0.0,0.0,0.43449149475208104,0,5,0.0,0.0,0.43449149475208104,2,5,0.4,0.1176182311592533,0.769280067791163,0,5,0.0,0.0,0.43449149475208104,3,5,0.6,0.23071993220883708,0.8823817688407467,4,5,0.8,0.3755282641185388,0.9637768390302125,0,5,0.0,0.0,0.43449149475208104,0,5,0.0,0.0,0.43449149475208104,0,5,0.0,0.0,0.43449149475208104,1,5,0.2,0.03622316096978745,0.6244717358814613,2,5,0.4,0.1176182311592533,0.769280067791163,365 0.60; 363 0.20,2,53 0.40; 52 0.20; 56 0.20,3,medical deduction 0.60; shelter deduction 0.20,wrong include/exclude decision 0.80,3,1,3,4,0.75,0.3006360524426366,0.9544139373553637,0.25,3,0.42857142857142855,7,1274.0
1,months_since_cert_n >=   7.000 & rawben_rel_max >=   0.992 & unc_rawben_rel_max >=   1.550 & utilities < 392.000,all_2022_24,414,154,252,68,252,0.2698412698412698,0.21879575980811922,0.32779869551110946,99,252,0.39285714285714285,0.33459858741807547,0.4543333141960483,30,252,0.11904761904761904,0.08467443584110623,0.16486121434244486,13,252,0.051587301587301584,0.030392221232127235,0.08624870033809434,3,252,0.011904761904761904,0.004056726377885166,0.03441082541978965,1,252,0.003968253968253968,0.0007008200216010608,0.022132057821564396,38,252,0.15079365079365079,0.11187487579293244,0.20019947020865608,25,252,0.0992063492063492,0.06810207064041562,0.14234689465686207,83,252,0.32936507936507936,0.27427958958823795,0.3895749203898109,58,252,0.23015873015873015,0.18247123333790158,0.2859498522087804,1,252,0.003968253968253968,0.0007008200216010608,0.022132057821564396,23,252,0.09126984126984126,0.061587453886320434,0.13322683745644792,9,252,0.03571428571428571,0.018900945673675708,0.06647062798752718,8,252,0.031746031746031744,0.01617209245147699,0.06138214423247121,24,252,0.09523809523809523,0.06483575390335602,0.137795874416667,0,252,0.0,0.0,0.015015540865910781,21,252,0.08333333333333333,0.05514907747725667,0.12403053991100232,66,252,0.2619047619047619,0.2114850240306972,0.31947475733402225,25,252,0.0992063492063492,0.06810207064041562,0.14234689465686207,161,252,0.6388888888888888,0.5779087211507542,0.6956980730531593,118,252,0.46825396825396826,0.40758345572241894,0.5298778484595437,121,252,0.4801587301587302,0.419235233861291,0.5416780812524357,3,252,0.011904761904761904,0.004056726377885166,0.03441082541978965,0,252,0.0,0.0,0.015015540865910781,10,252,0.03968253968253968,0.021694970536664717,0.07149394010179283,87,252,0.34523809523809523,0.28925545855675217,0.4058683993303154,331 0.28; 311 0.22; 363 0.12; 371 0.06; 372 0.06; 364 0.05,6,35 0.23; 37 0.17; 52 0.10; 29 0.10; 99 0.08; 38 0.08,6,unearned income 0.39; earned income 0.27; other element 0.15,"wrong include/exclude decision 0.33; unreported source of income 0.23; wrong amount, known item 0.10; limits and thresholds 0.10",154,0,3,154,1.0,0.9756616760093663,0.9999999999999999,0.0,3,0.01910828025477707,157,50690.0
1,months_since_cert_n >=   7.000 & rawben_rel_max >=   0.992 & unc_rawben_rel_max >=   1.550 & utilities < 392.000,train_2022_23,319,115,200,53,200,0.265,0.20868060011609973,0.33017702266551113,74,200,0.37,0.3061249750375241,0.43877498650123936,22,200,0.11,0.07377190160716048,0.16092798300912986,10,200,0.05,0.027382349028644986,0.08957905629784384,3,200,0.015,0.005114145184492387,0.043166480556278884,1,200,0.005,0.0008831459893662054,0.02777439986977148,37,200,0.185,0.13730116322736063,0.2445718205011816,19,200,0.095,0.06166261364986359,0.14360265114397636,64,200,0.32,0.2592642960770526,0.38752026605354306,41,200,0.205,0.15486094831106376,0.26625819518074556,0,200,0.0,0.0,0.018846005918320894,20,200,0.1,0.06566994117157123,0.14940686356308552,8,200,0.04,0.02040538715065641,0.07693293829419882,6,200,0.03,0.013820125830748327,0.06389511973247333,24,200,0.12,0.08197935023887545,0.17234361425904846,0,200,0.0,0.0,0.018846005918320894,18,200,0.09,0.05768697871453362,0.13776674613848952,49,200,0.245,0.19056777914685893,0.3090436838714848,18,200,0.09,0.05768697871453362,0.13776674613848952,133,200,0.665,0.5970206277343806,0.7267601903125736,91,200,0.455,0.38748099090226035,0.5242151496303886,98,200,0.49,0.4215615528275274,0.5588153672908391,2,200,0.01,0.0027466006037749346,0.03572248519617954,0,200,0.0,0.0,0.018846005918320894,9,200,0.045,0.023852271724704166,0.08329759366096785,64,200,0.32,0.2592642960770526,0.38752026605354306,331 0.27; 311 0.23; 363 0.11; 371 0.08; 372 0.07,5,35 0.20; 37 0.15; 29 0.12; 52 0.11; 99 0.09; 38 0.09,6,unearned income 0.37; earned income 0.27; other element 0.18,"wrong include/exclude decision 0.32; unreported source of income 0.20; limits and thresholds 0.12; change in circumstances 0.10; wrong amount, known item 0.10",115,0,1,115,1.0,0.9676746189886368,0.9999999999999999,0.0,1,0.008620689655172414,116,39604.0
1,months_since_cert_n >=   7.000 & rawben_rel_max >=   0.992 & unc_rawben_rel_max >=   1.550 & utilities < 392.000,test_2024,95,39,52,15,52,0.28846153846153844,0.1832980234182869,0.4227304571410092,25,52,0.4807692307692308,0.35103894702884453,0.6131454602947278,8,52,0.15384615384615385,0.08007589590882647,0.2752434359154765,3,52,0.057692307692307696,0.019813812690573196,0.15642755575159178,0,52,0.0,0.0,0.06879459041288215,0,52,0.0,0.0,0.06879459041288215,1,52,0.019230769230769232,0.0034027204090655225,0.10120746268024422,6,52,0.11538461538461539,0.05396895756082726,0.22971918891062054,19,52,0.36538461538461536,0.2480051371130184,0.5012857141519882,17,52,0.3269230769230769,0.2152190173110406,0.46244064860111084,1,52,0.019230769230769232,0.0034027204090655225,0.10120746268024422,3,52,0.057692307692307696,0.019813812690573196,0.15642755575159178,1,52,0.019230769230769232,0.0034027204090655225,0.10120746268024422,2,52,0.038461538461538464,0.010611488322077554,0.12981428744365978,0,52,0.0,0.0,0.06879459041288215,0,52,0.0,0.0,0.06879459041288215,3,52,0.057692307692307696,0.019813812690573196,0.15642755575159178,17,52,0.3269230769230769,0.2152190173110406,0.46244064860111084,7,52,0.1346153846153846,0.06676796994292626,0.2527357692049491,28,52,0.5384615384615384,0.405033783976834,0.6665974013760211,27,52,0.5192307692307693,0.3868545397052721,0.6489610529711556,23,52,0.4423076923076923,0.31594847188588093,0.5766047500848361,1,52,0.019230769230769232,0.0034027204090655225,0.10120746268024422,0,52,0.0,0.0,0.06879459041288215,1,52,0.019230769230769232,0.0034027204090655225,0.10120746268024422,23,52,0.4423076923076923,0.31594847188588093,0.5766047500848361,331 0.31; 311 0.21; 363 0.15; 333 0.08,4,35 0.33; 37 0.25; 52 0.06; 53 0.06; 99 0.06,5,unearned income 0.48; earned income 0.29,"wrong include/exclude decision 0.37; unreported source of income 0.33; wrong amount, known item 0.12",39,0,2,39,1.0,0.9103301463997611,1.0,0.0,2,0.04878048780487805,41,11086.0
4+,expedited_i >   0.500 & months_since_cert_n >   5.500 & unc_rawben_rel_max <=   0.977 & utilities <= 373.000,all_2022_24,55,21,34,9,34,0.2647058823529412,0.14601027541553796,0.4311746216289845,7,34,0.20588235294117646,0.1034939602235132,0.3679871610821398,6,34,0.17647058823529413,0.08348855603569685,0.33514067740052156,5,34,0.14705882352941177,0.06449346382626417,0.30128388174051957,0,34,0.0,0.0,0.10151790621961015,1,34,0.029411764705882353,0.00521077192559663,0.1491590221634482,6,34,0.17647058823529413,0.08348855603569685,0.33514067740052156,7,34,0.20588235294117646,0.1034939602235132,0.3679871610821398,10,34,0.29411764705882354,0.16834452609931952,0.4616922588146376,1,34,0.029411764705882353,0.00521077192559663,0.1491590221634482,4,34,0.11764705882352941,0.04671370973436122,0.26621174796298774,5,34,0.14705882352941177,0.06449346382626417,0.30128388174051957,2,34,0.058823529411764705,0.016282313063842452,0.1909393688946371,0,34,0.0,0.0,0.10151790621961015,0,34,0.0,0.0,0.10151790621961015,2,34,0.058823529411764705,0.016282313063842452,0.1909393688946371,3,34,0.08823529411764706,0.030465390304310128,0.22960817952360413,10,34,0.29411764705882354,0.16834452609931952,0.4616922588146376,4,34,0.11764705882352941,0.04671370973436122,0.26621174796298774,20,34,0.5882352941176471,0.42221304146519273,0.7363426221431113,21,34,0.6176470588235294,0.4504071999938267,0.7610003514839122,12,34,0.35294117647058826,0.21487714895296073,0.5208634116998658,1,34,0.029411764705882353,0.00521077192559663,0.1491590221634482,0,34,0.0,0.0,0.10151790621961015,0,34,0.0,0.0,0.10151790621961015,18,34,0.5294117647058824,0.3673644042005483,0.6854874836688863,311 0.26; 363 0.18; 364 0.15; 150 0.12; 350 0.09,5,53 0.15; 44 0.12; 52 0.12; 64 0.09; 38 0.09; 99 0.09; 39 0.06; 6 0.03; 75 0.03,9,earned income 0.26; unearned income 0.21; shelter deduction 0.18; other element 0.18,"wrong include/exclude decision 0.29; wrong amount, known item 0.21; change in circumstances 0.15; household composition 0.12",11,10,10,21,0.5238095238095238,0.32369217900266756,0.7165628770323705,0.47619047619047616,10,0.3225806451612903,31,7602.0
4+,expedited_i >   0.500 & months_since_cert_n >   5.500 & unc_rawben_rel_max <=   0.977 & utilities <= 373.000,train_2022_23,38,18,30,9,30,0.3,0.16664562643958933,0.4787612101166018,5,30,0.16666666666666666,0.07336434240351683,0.33564705185680177,6,30,0.2,0.09504978102401235,0.37306047381027446,4,30,0.13333333333333333,0.05309569424218104,0.2968168394441695,0,30,0.0,0.0,0.113517091390478,1,30,0.03333333333333333,0.0059084379948573795,0.16670751396958874,5,30,0.16666666666666666,0.07336434240351683,0.33564705185680177,7,30,0.23333333333333334,0.11792239210501232,0.40928672330324267,9,30,0.3,0.16664562643958933,0.4787612101166018,1,30,0.03333333333333333,0.0059084379948573795,0.16670751396958874,3,30,0.1,0.03459925995971615,0.25621441315266624,5,30,0.16666666666666666,0.07336434240351683,0.33564705185680177,2,30,0.06666666666666667,0.01847663532769335,0.21323817721072091,0,30,0.0,0.0,0.113517091390478,0,30,0.0,0.0,0.113517091390478,0,30,0.0,0.0,0.113517091390478,3,30,0.1,0.03459925995971615,0.25621441315266624,9,30,0.3,0.16664562643958933,0.4787612101166018,4,30,0.13333333333333333,0.05309569424218104,0.2968168394441695,17,30,0.5666666666666667,0.3919700954540873,0.7262276256938489,18,30,0.6,0.42320052498273836,0.7540960567391659,11,30,0.36666666666666664,0.21873702204017678,0.5448675356639506,1,30,0.03333333333333333,0.0059084379948573795,0.16670751396958874,0,30,0.0,0.0,0.113517091390478,0,30,0.0,0.0,0.113517091390478,14,30,0.4666666666666667,0.30232127224128236,0.6385798671847496,311 0.30; 363 0.20; 364 0.13; 150 0.10; 334 0.07,5,53 0.17; 44 0.13; 64 0.10; 38 0.10; 52 0.10; 99 0.10; 39 0.07,7,earned income 0.30; shelter deduction 0.20; unearned income 0.17; other element 0.17,"wrong include/exclude decision 0.30; wrong amount, known item 0.23; change in circumstances 0.17; household composition 0.10",11,7,8,18,0.6111111111111112,0.3861866858065617,0.7969500807306884,0.3888888888888889,8,0.3076923076923077,26,6943.0
4+,expedited_i >   0.500 & months_since_cert_n >   5.500 & unc_rawben_rel_max <=   0.977 & utilities <= 373.000,test_2024,17,3,4,0,4,0.0,0.0,0.48990002040399916,2,4,0.5,0.15003570882017148,0.8499642911798285,0,4,0.0,0.0,0.48990002040399916,1,4,0.25,0.045586062644636216,0.6993639475573634,0,4,0.0,0.0,0.48990002040399916,0,4,0.0,0.0,0.48990002040399916,1,4,0.25,0.045586062644636216,0.6993639475573634,0,4,0.0,0.0,0.48990002040399916,1,4,0.25,0.045586062644636216,0.6993639475573634,0,4,0.0,0.0,0.48990002040399916,1,4,0.25,0.045586062644636216,0.6993639475573634,0,4,0.0,0.0,0.48990002040399916,0,4,0.0,0.0,0.48990002040399916,0,4,0.0,0.0,0.48990002040399916,0,4,0.0,0.0,0.48990002040399916,2,4,0.5,0.15003570882017148,0.8499642911798285,0,4,0.0,0.0,0.48990002040399916,1,4,0.25,0.045586062644636216,0.6993639475573634,0,4,0.0,0.0,0.48990002040399916,3,4,0.75,0.3006360524426366,0.9544139373553637,3,4,0.75,0.3006360524426366,0.9544139373553637,1,4,0.25,0.045586062644636216,0.6993639475573634,0,4,0.0,0.0,0.48990002040399916,0,4,0.0,0.0,0.48990002040399916,0,4,0.0,0.0,0.48990002040399916,4,4,1.0,0.5100999795960008,1.0,350 0.50; 150 0.25,2,12 0.25; 111 0.25; 52 0.25,3,unearned income 0.50; other element 0.25,child support handling 0.50; household composition 0.25,0,3,2,3,0.0,0.0,0.5615060804490177,1.0,2,0.4,5,659.0
2-3,cat_elig >  0.50 & count_divisible_by_100 >  0.50 & months_since_cert_n <= 26.50 & unc_rawben_rel_max >  1.46,all_2022_24,54,24,33,8,33,0.24242424242424243,0.12831561346647294,0.4102494868549029,19,33,0.5757575757575758,0.4080697369146003,0.7276464100497011,1,33,0.030303030303030304,0.005369272089651725,0.15319061673168066,2,33,0.06060606060606061,0.016780530429070947,0.19606581717798194,0,33,0.0,0.0,0.10427343003561192,2,33,0.06060606060606061,0.016780530429070947,0.19606581717798194,1,33,0.030303030303030304,0.005369272089651725,0.15319061673168066,6,33,0.18181818181818182,0.08610651225698263,0.3438856704929522,9,33,0.2727272727272727,0.15067272656322814,0.44217883254386814,11,33,0.3333333333333333,0.19750029467803698,0.5039241820005003,0,33,0.0,0.0,0.10427343003561192,4,33,0.12121212121212122,0.04816083267584231,0.2732584325026516,1,33,0.030303030303030304,0.005369272089651725,0.15319061673168066,0,33,0.0,0.0,0.10427343003561192,0,33,0.0,0.0,0.10427343003561192,0,33,0.0,0.0,0.10427343003561192,2,33,0.06060606060606061,0.016780530429070947,0.19606581717798194,23,33,0.696969696969697,0.5266154602526555,0.8262465218545277,0,33,0.0,0.0,0.10427343003561192,10,33,0.30303030303030304,0.17375347814547223,0.4733845397473445,11,33,0.3333333333333333,0.19750029467803698,0.5039241820005003,22,33,0.6666666666666666,0.4960758179994997,0.8024997053219629,0,33,0.0,0.0,0.10427343003561192,0,33,0.0,0.0,0.10427343003561192,0,33,0.0,0.0,0.10427343003561192,3,33,0.09090909090909091,0.03140337104926305,0.23572943534351032,346 0.21; 311 0.21; 342 0.18; 350 0.06; 331 0.06; 364 0.06,6,35 0.33; 38 0.18; 37 0.12; 53 0.12,4,unearned income 0.58; earned income 0.24,"unreported source of income 0.33; wrong include/exclude decision 0.27; wrong amount, known item 0.18",24,0,1,24,1.0,0.8620194241710247,1.0,0.0,1,0.04,25,9386.0
2-3,cat_elig >  0.50 & count_divisible_by_100 >  0.50 & months_since_cert_n <= 26.50 & unc_rawben_rel_max >  1.46,train_2022_23,31,15,19,4,19,0.21052631578947367,0.08507538491591576,0.43334714240266087,13,19,0.6842105263157895,0.4601001017506463,0.846358289955714,1,19,0.05263157894736842,0.009351752490529969,0.2463921533654521,0,19,0.0,0.0,0.16818436536845052,0,19,0.0,0.0,0.16818436536845052,0,19,0.0,0.0,0.16818436536845052,1,19,0.05263157894736842,0.009351752490529969,0.2463921533654521,5,19,0.2631578947368421,0.11806238339540162,0.48791968441070643,4,19,0.21052631578947367,0.08507538491591576,0.43334714240266087,8,19,0.42105263157894735,0.2314162039203038,0.6372444853483988,0,19,0.0,0.0,0.16818436536845052,0,19,0.0,0.0,0.16818436536845052,1,19,0.05263157894736842,0.009351752490529969,0.2463921533654521,0,19,0.0,0.0,0.16818436536845052,0,19,0.0,0.0,0.16818436536845052,0,19,0.0,0.0,0.16818436536845052,1,19,0.05263157894736842,0.009351752490529969,0.2463921533654521,13,19,0.6842105263157895,0.4601001017506463,0.846358289955714,0,19,0.0,0.0,0.16818436536845052,6,19,0.3157894736842105,0.15364171004428598,0.5398998982493537,7,19,0.3684210526315789,0.19149272376273843,0.5896084250184328,12,19,0.631578947368421,0.4103915749815672,0.8085072762372616,0,19,0.0,0.0,0.16818436536845052,0,19,0.0,0.0,0.16818436536845052,0,19,0.0,0.0,0.16818436536845052,3,19,0.15789473684210525,0.055203710399278266,0.3756592764317668,342 0.21; 346 0.21; 311 0.21; 350 0.11; 520 0.05,5,35 0.42; 38 0.26; 37 0.16,3,unearned income 0.68; earned income 0.21,"unreported source of income 0.42; wrong amount, known item 0.26; wrong include/exclude decision 0.21",15,0,0,15,1.0,0.7961107336956521,1.0,0.0,0,0.0,15,3748.0
2-3,cat_elig >  0.50 & count_divisible_by_100 >  0.50 & months_since_cert_n <= 26.50 & unc_rawben_rel_max >  1.46,test_2024,23,9,14,4,14,0.2857142857142857,0.11721187910109099,0.5464954117248438,6,14,0.42857142857142855,0.21380509930400526,0.6740973309713064,0,14,0.0,0.0,0.21531701192718142,2,14,0.14285714285714285,0.040093073737921175,0.39941907763863693,0,14,0.0,0.0,0.21531701192718142,2,14,0.14285714285714285,0.040093073737921175,0.39941907763863693,0,14,0.0,0.0,0.21531701192718142,1,14,0.07142857142857142,0.012721886112291636,0.3146926955395781,5,14,0.35714285714285715,0.16344490737202735,0.6123599531785959,3,14,0.21428571428571427,0.0757124833691637,0.4758972377320828,0,14,0.0,0.0,0.21531701192718142,4,14,0.2857142857142857,0.11721187910109099,0.5464954117248438,0,14,0.0,0.0,0.21531701192718142,0,14,0.0,0.0,0.21531701192718142,0,14,0.0,0.0,0.21531701192718142,0,14,0.0,0.0,0.21531701192718142,1,14,0.07142857142857142,0.012721886112291636,0.3146926955395781,10,14,0.7142857142857143,0.4535045882751561,0.882788120898909,0,14,0.0,0.0,0.21531701192718142,4,14,0.2857142857142857,0.11721187910109099,0.5464954117248438,4,14,0.2857142857142857,0.11721187910109099,0.5464954117248438,10,14,0.7142857142857143,0.4535045882751561,0.882788120898909,0,14,0.0,0.0,0.21531701192718142,0,14,0.0,0.0,0.21531701192718142,0,14,0.0,0.0,0.21531701192718142,0,14,0.0,0.0,0.21531701192718142,311 0.21; 346 0.21; 342 0.14; 364 0.14; 331 0.07,5,53 0.29; 35 0.21; 39 0.14; 41 0.14,4,unearned income 0.43; earned income 0.29; utility allowance 0.14,wrong include/exclude decision 0.36; change in circumstances 0.29; unreported source of income 0.21,9,0,1,9,1.0,0.7008472464490407,1.0,0.0,1,0.1,10,5638.0
4+,count_divisible_by_100 >   1.5 & utilities > 373.0 & utilities <= 494.0,all_2022_24,58,22,39,17,39,0.4358974358974359,0.2930452416170466,0.5902457652547789,10,39,0.2564102564102564,0.14568625843452188,0.410819567678415,7,39,0.1794871794871795,0.08977151811469994,0.3266835162444276,0,39,0.0,0.0,0.08966985360023902,0,39,0.0,0.0,0.08966985360023902,2,39,0.05128205128205128,0.014177657646399527,0.1688593904563791,3,39,0.07692307692307693,0.026506914073495688,0.2032137312805527,12,39,0.3076923076923077,0.1856575344598306,0.464215486155646,10,39,0.2564102564102564,0.14568625843452188,0.410819567678415,5,39,0.1282051282051282,0.05602734948028318,0.26706049037630475,3,39,0.07692307692307693,0.026506914073495688,0.2032137312805527,2,39,0.05128205128205128,0.014177657646399527,0.1688593904563791,2,39,0.05128205128205128,0.014177657646399527,0.1688593904563791,0,39,0.0,0.0,0.08966985360023902,0,39,0.0,0.0,0.08966985360023902,0,39,0.0,0.0,0.08966985360023902,5,39,0.1282051282051282,0.05602734948028318,0.26706049037630475,26,39,0.6666666666666666,0.5097710432024052,0.7936723389308484,5,39,0.1282051282051282,0.05602734948028318,0.26706049037630475,8,39,0.20512820512820512,0.10779590197911117,0.3553427296312862,25,39,0.6410256410256411,0.484178631846895,0.772581153035089,13,39,0.3333333333333333,0.20632766106915157,0.4902289567975947,0,39,0.0,0.0,0.08966985360023902,0,39,0.0,0.0,0.08966985360023902,1,39,0.02564102564102564,0.00454058606523737,0.13181286478627147,13,39,0.3333333333333333,0.20632766106915157,0.4902289567975947,311 0.31; 363 0.18; 342 0.10; 312 0.10; 346 0.08,5,38 0.23; 35 0.13; 52 0.13; 99 0.13; 53 0.08; 42 0.05; 44 0.05,7,earned income 0.44; unearned income 0.26; shelter deduction 0.18,"wrong amount, known item 0.31; wrong include/exclude decision 0.26; unreported source of income 0.13; other 0.13",13,9,7,22,0.5909090909090909,0.38734477382893806,0.7674444033117963,0.4090909090909091,7,0.2413793103448276,29,7844.0
4+,count_divisible_by_100 >   1.5 & utilities > 373.0 & utilities <= 494.0,train_2022_23,39,18,30,13,30,0.43333333333333335,0.2737723743061511,0.6080299045459127,8,30,0.26666666666666666,0.14182495553910618,0.4444830204431169,5,30,0.16666666666666666,0.07336434240351683,0.33564705185680177,0,30,0.0,0.0,0.113517091390478,0,30,0.0,0.0,0.113517091390478,2,30,0.06666666666666667,0.01847663532769335,0.21323817721072091,2,30,0.06666666666666667,0.01847663532769335,0.21323817721072091,8,30,0.26666666666666666,0.14182495553910618,0.4444830204431169,7,30,0.23333333333333334,0.11792239210501232,0.40928672330324267,4,30,0.13333333333333333,0.05309569424218104,0.2968168394441695,2,30,0.06666666666666667,0.01847663532769335,0.21323817721072091,2,30,0.06666666666666667,0.01847663532769335,0.21323817721072091,2,30,0.06666666666666667,0.01847663532769335,0.21323817721072091,0,30,0.0,0.0,0.113517091390478,0,30,0.0,0.0,0.113517091390478,0,30,0.0,0.0,0.113517091390478,5,30,0.16666666666666666,0.07336434240351683,0.33564705185680177,19,30,0.6333333333333333,0.45513246433604937,0.7812629779598231,4,30,0.13333333333333333,0.05309569424218104,0.2968168394441695,7,30,0.23333333333333334,0.11792239210501232,0.40928672330324267,19,30,0.6333333333333333,0.45513246433604937,0.7812629779598231,10,30,0.3333333333333333,0.19230295526846194,0.5122027418616973,0,30,0.0,0.0,0.113517091390478,0,30,0.0,0.0,0.113517091390478,1,30,0.03333333333333333,0.0059084379948573795,0.16670751396958874,8,30,0.26666666666666666,0.14182495553910618,0.4444830204431169,311 0.37; 363 0.17; 346 0.10; 342 0.10; 323 0.07,5,38 0.20; 99 0.17; 35 0.13; 52 0.10; 53 0.10; 42 0.07,6,earned income 0.43; unearned income 0.27; shelter deduction 0.17,"wrong amount, known item 0.27; wrong include/exclude decision 0.23; other 0.17; unreported source of income 0.13",10,8,6,18,0.5555555555555556,0.3371606942825164,0.7544076889861088,0.4444444444444444,6,0.25,24,6177.0
4+,count_divisible_by_100 >   1.5 & utilities > 373.0 & utilities <= 494.0,test_2024,19,4,9,4,9,0.4444444444444444,0.188775429471914,0.7333526542559703,2,9,0.2222222222222222,0.06322376231222723,0.5474166563271946,2,9,0.2222222222222222,0.06322376231222723,0.5474166563271946,0,9,0.0,0.0,0.2991527535509594,0,9,0.0,0.0,0.2991527535509594,0,9,0.0,0.0,0.2991527535509594,1,9,0.1111111111111111,0.019890371327130535,0.4350062147680601,4,9,0.4444444444444444,0.188775429471914,0.7333526542559703,3,9,0.3333333333333333,0.12058159868274293,0.6458026525009102,1,9,0.1111111111111111,0.019890371327130535,0.4350062147680601,1,9,0.1111111111111111,0.019890371327130535,0.4350062147680601,0,9,0.0,0.0,0.2991527535509594,0,9,0.0,0.0,0.2991527535509594,0,9,0.0,0.0,0.2991527535509594,0,9,0.0,0.0,0.2991527535509594,0,9,0.0,0.0,0.2991527535509594,0,9,0.0,0.0,0.2991527535509594,7,9,0.7777777777777778,0.4525833436728054,0.9367762376877727,1,9,0.1111111111111111,0.019890371327130535,0.4350062147680601,1,9,0.1111111111111111,0.019890371327130535,0.4350062147680601,6,9,0.6666666666666666,0.35419734749908977,0.879418401317257,3,9,0.3333333333333333,0.12058159868274293,0.6458026525009102,0,9,0.0,0.0,0.2991527535509594,0,9,0.0,0.0,0.2991527535509594,0,9,0.0,0.0,0.2991527535509594,5,9,0.5555555555555556,0.2666473457440297,0.811224570528086,363 0.22; 312 0.22; 342 0.11; 170 0.11; 321 0.11,5,38 0.33; 52 0.22; 6 0.11; 56 0.11,4,earned income 0.44; unearned income 0.22; shelter deduction 0.22,"wrong amount, known item 0.44; wrong include/exclude decision 0.33",3,1,1,4,0.75,0.3006360524426366,0.9544139373553637,0.25,1,0.2,5,1667.0
4+,HH_size_n > 4.500 & HH_size_n <= 6.500 & months_since_cert_n > 3.500 & unc_rawben_rel_max <= 0.852,all_2022_24,2107,567,912,368,912,0.40350877192982454,0.3721367532401999,0.4356902771109,184,912,0.20175438596491227,0.1769841610726099,0.2290266600126083,154,912,0.16885964912280702,0.14594584358402854,0.19455146512088287,39,912,0.04276315789473684,0.031437876651353815,0.057924301262381496,5,912,0.005482456140350877,0.0023439488672190945,0.012769581682168483,52,912,0.05701754385964912,0.04374351686258079,0.07400784974928747,110,912,0.1206140350877193,0.10105264870722239,0.14335817517323904,311,912,0.34100877192982454,0.31096630788790336,0.37238504894061364,212,912,0.2324561403508772,0.20619840385777818,0.26095836211572637,97,912,0.10635964912280702,0.0879755293001634,0.12804610588216508,69,912,0.0756578947368421,0.06021828435188317,0.09465740594215893,79,912,0.08662280701754387,0.07005700043924822,0.10665652731489618,63,912,0.06907894736842106,0.05436346993068261,0.08740951788729814,11,912,0.01206140350877193,0.006747972602058651,0.02146826042339029,3,912,0.003289473684210526,0.0011193146681015348,0.00962664838926559,8,912,0.008771929824561403,0.004451392027917259,0.017213489759501002,59,912,0.06469298245614036,0.05048331584576751,0.08255453698817233,487,907,0.5369349503858876,0.5043958420846258,0.5691625021982879,62,907,0.06835722160970231,0.05368796574507144,0.0866675033068471,357,907,0.3936052921719956,0.3623228452709471,0.4257852077648386,534,912,0.5855263157894737,0.5532599006130842,0.6170752315757134,342,912,0.375,0.34416532356897145,0.4068833293858627,2,912,0.0021929824561403508,0.0006015884398949648,0.007960590871461934,6,912,0.006578947368421052,0.003018534993482408,0.014278779301915397,28,912,0.03070175438596491,0.021325535214958037,0.044015021492664765,397,907,0.43770672546857775,0.4057497081711646,0.47018920370989126,311 0.35; 363 0.17; 350 0.08; 150 0.06; 312 0.04; 364 0.04,6,38 0.19; 52 0.11; 35 0.11; 44 0.09; 53 0.07; 99 0.06; 37 0.04; 41 0.04; 56 0.03; 98 0.02,10,earned income 0.40; unearned income 0.20; shelter deduction 0.17,"wrong amount, known item 0.34; wrong include/exclude decision 0.23; unreported source of income 0.11; change in circumstances 0.09",362,205,174,567,0.6384479717813051,0.5980916169441265,0.6769408964536355,0.36155202821869487,174,0.23481781376518218,741,207815.0
4+,HH_size_n > 4.500 & HH_size_n <= 6.500 & months_since_cert_n > 3.500 & unc_rawben_rel_max <= 0.852,train_2022_23,1365,358,577,223,577,0.38648180242634317,0.34762454121983644,0.42684064860127835,121,577,0.2097053726169844,0.17846220450640377,0.2447884717536989,104,577,0.18024263431542462,0.15102531230956479,0.21368961169036915,29,577,0.05025996533795494,0.035219133975805936,0.07124982417044254,4,577,0.006932409012131715,0.00269904099940342,0.017687928528949917,30,577,0.05199306759098787,0.03665926100014062,0.07325297669082366,66,577,0.11438474870017332,0.09092566202523773,0.14294463927549558,176,577,0.3050259965337955,0.26884952667619566,0.34378152454327615,144,577,0.24956672443674177,0.21598945386862164,0.2864566519199444,54,577,0.09358752166377816,0.0724370421767139,0.12011390458742971,38,577,0.0658578856152513,0.04835442599696864,0.08910404805172208,51,577,0.08838821490467938,0.06786561727302878,0.11435549085696742,51,577,0.08838821490467938,0.06786561727302878,0.11435549085696742,6,577,0.010398613518197574,0.004774183355556209,0.022499345262228743,0,577,0.0,0.0,0.006613851349490119,6,577,0.010398613518197574,0.004774183355556209,0.022499345262228743,51,577,0.08838821490467938,0.06786561727302878,0.11435549085696742,311,577,0.5389948006932409,0.49819713208988203,0.5792766576662235,43,577,0.07452339688041594,0.05579506146503324,0.0988798103072365,223,577,0.38648180242634317,0.34762454121983644,0.42684064860127835,340,577,0.5892547660311959,0.5486504177453969,0.6286784788074672,212,577,0.36741767764298094,0.3290775585626611,0.40751155626657987,2,577,0.0034662045060658577,0.0009510536063972444,0.012549356832524484,0,577,0.0,0.0,0.006613851349490119,23,577,0.03986135181975736,0.02670619200332588,0.05910308887462776,240,577,0.41594454072790293,0.376412531231709,0.4565884108495744,311 0.33; 363 0.18; 350 0.08; 364 0.05; 150 0.05; 312 0.05; 323 0.03,7,38 0.19; 52 0.13; 44 0.10; 35 0.09; 99 0.09; 53 0.08; 98 0.03; 37 0.03; 41 0.03,9,earned income 0.39; unearned income 0.21; shelter deduction 0.18,"wrong amount, known item 0.31; wrong include/exclude decision 0.25; unreported source of income 0.09; method or computation 0.09; change in circumstances 0.09",218,140,112,358,0.6089385474860335,0.5574874189827914,0.6580765183864883,0.39106145251396646,112,0.23829787234042554,470,120477.0
4+,HH_size_n > 4.500 & HH_size_n <= 6.500 & months_since_cert_n > 3.500 & unc_rawben_rel_max <= 0.852,test_2024,742,209,335,145,335,0.43283582089552236,0.380835572270065,0.48635901068551063,63,335,0.1880597014925373,0.14983915638687373,0.2333534622290223,50,335,0.14925373134328357,0.11508047394419044,0.19138012593492712,10,335,0.029850746268656716,0.016293452465731214,0.054068628223298706,1,335,0.0029850746268656717,0.0005271198970087636,0.016712793974251433,22,335,0.06567164179104477,0.043764851576711554,0.09742678486934467,44,335,0.13134328358208955,0.09931539398541245,0.17173042801519195,135,335,0.40298507462686567,0.35184643141001704,0.4563235217480368,68,335,0.20298507462686566,0.16339276086557675,0.24931217264908023,43,335,0.12835820895522387,0.09670784935598258,0.16843550966486964,31,335,0.09253731343283582,0.0659576468399133,0.12835615642391263,28,335,0.08358208955223881,0.058458714467459774,0.11814769985710959,12,335,0.03582089552238806,0.02060753724058087,0.06155946940795343,5,335,0.014925373134328358,0.006391540979573014,0.03445822481069595,3,335,0.008955223880597015,0.003050111339826663,0.025994728490937924,2,335,0.005970149253731343,0.0016387256581546772,0.02150365119285771,8,335,0.023880597014925373,0.012149136823855197,0.04640801790567034,176,330,0.5333333333333333,0.4794317731264475,0.5864677432909193,19,330,0.05757575757575758,0.03716563282723165,0.08816805836044539,134,330,0.40606060606060607,0.35444970366164685,0.45983347734395585,194,335,0.5791044776119403,0.5256317584247165,0.6307835105387165,130,335,0.3880597014925373,0.33742594854126046,0.44123168971803245,0,335,0.0,0.0,0.011337450891508009,6,335,0.01791044776119403,0.008233609336063138,0.03851861943395801,5,335,0.014925373134328358,0.006391540979573014,0.03445822481069595,157,330,0.47575757575757577,0.4224629592549987,0.5296101197141891,311 0.39; 363 0.15; 350 0.09; 150 0.08; 323 0.05,5,38 0.18; 35 0.13; 44 0.09; 56 0.08; 52 0.08; 37 0.05; 53 0.04; 41 0.04; 57 0.04; 12 0.03,10,earned income 0.43; unearned income 0.19; shelter deduction 0.15,"wrong amount, known item 0.40; wrong include/exclude decision 0.20; unreported source of income 0.13; household composition 0.09",144,65,62,209,0.6889952153110048,0.6233006953920647,0.7478673469455236,0.31100478468899523,62,0.22878228782287824,271,87338.0
4+,HH_size_n > 4.500 & months_since_cert_n > 3.500 & rawben_rel_max > 0.315 & rawben_rel_max <= 0.853,all_2022_24,2267,624,984,404,984,0.4105691056910569,0.3802372770844978,0.4415965067934034,206,984,0.20934959349593496,0.1850835498308673,0.23587624777231117,168,984,0.17073170731707318,0.14851247090458103,0.1955119151913275,35,984,0.03556910569105691,0.025684796416640544,0.049065649403822985,4,984,0.0040650406504065045,0.001581890580718311,0.010405456378551274,51,984,0.051829268292682924,0.03963841629123027,0.06750588700597852,116,984,0.11788617886178862,0.09920761904092235,0.1395367302555641,329,984,0.33434959349593496,0.30556719380435515,0.36442038315130265,225,984,0.22865853658536586,0.20350286617542396,0.2559246371813896,111,984,0.11280487804878049,0.09452512383660176,0.13409614499840178,77,984,0.0782520325203252,0.06306391436652023,0.0967204073303996,92,984,0.09349593495934959,0.07685319347695818,0.11330036960441034,65,984,0.06605691056910569,0.05216350771810933,0.08332542087125158,13,984,0.013211382113821139,0.007736784366046647,0.022472107423892145,3,984,0.003048780487804878,0.0010373717055883695,0.008925359161384636,9,984,0.009146341463414634,0.0048192282488808726,0.017291199171871604,60,984,0.06097560975609756,0.047663505076781056,0.07770234305109697,517,978,0.5286298568507157,0.49729337150266284,0.5597423051278649,71,978,0.07259713701431493,0.057953087206160825,0.09058574023810312,389,978,0.39775051124744376,0.36753333813559147,0.4287678167553807,572,984,0.5813008130081301,0.5502175218229487,0.6117517655607777,373,984,0.3790650406504065,0.34927702306913927,0.409793661947568,2,984,0.0020325203252032522,0.0005575557845747523,0.007380558990101675,9,984,0.009146341463414634,0.0048192282488808726,0.017291199171871604,28,984,0.028455284552845527,0.01975943333187636,0.040818699842511116,427,978,0.43660531697341515,0.40582919170528436,0.46787752432711843,311 0.36; 363 0.17; 350 0.09; 150 0.06; 312 0.04; 364 0.04,6,38 0.19; 35 0.11; 52 0.10; 44 0.09; 53 0.08; 99 0.06; 41 0.04; 37 0.04; 56 0.03; 7 0.02,10,earned income 0.41; unearned income 0.21; shelter deduction 0.17,"wrong amount, known item 0.33; wrong include/exclude decision 0.23; unreported source of income 0.11; change in circumstances 0.09",417,207,186,624,0.6682692307692307,0.6303954228273455,0.7040838471031591,0.3317307692307692,186,0.22962962962962963,810,216782.0
4+,HH_size_n > 4.500 & months_since_cert_n > 3.500 & rawben_rel_max > 0.315 & rawben_rel_max <= 0.853,train_2022_23,1452,390,618,242,618,0.39158576051779936,0.35388519395566853,0.4306258455116171,139,618,0.22491909385113268,0.19375721085388703,0.2594797549586286,106,618,0.1715210355987055,0.14385198896239348,0.20324862315490455,25,618,0.040453074433656956,0.027548473362440862,0.05903563423023227,3,618,0.0048543689320388345,0.0016522380918038097,0.014174300370724266,29,618,0.04692556634304207,0.032868504128214786,0.06658061603357562,74,618,0.11974110032362459,0.09646456514852089,0.1477159464158389,186,618,0.30097087378640774,0.2661277450655636,0.33827311843408003,151,618,0.24433656957928804,0.21210570280362392,0.2797263007162436,64,618,0.10355987055016182,0.08193589958460952,0.1300820805569571,46,618,0.0744336569579288,0.05626561012735251,0.09785981345318634,58,618,0.09385113268608414,0.07330219434594962,0.11941826694194108,50,618,0.08090614886731391,0.06190621501174815,0.10508422113790797,7,618,0.011326860841423949,0.005497267509186126,0.02319428352245923,0,618,0.0,0.0,0.006177779035690117,7,618,0.011326860841423949,0.005497267509186126,0.02319428352245923,49,618,0.07928802588996764,0.06049218847055945,0.10328199453681736,328,618,0.5307443365695793,0.49132888371657046,0.5697799259867368,51,618,0.0825242718446602,0.06332270921571725,0.10688398007621822,239,618,0.38673139158576053,0.34914700655239717,0.4257152734880505,367,618,0.5938511326860841,0.5546660717636254,0.6318766104885751,226,618,0.3656957928802589,0.3286612537756105,0.40438973541520584,2,618,0.003236245954692557,0.0008879258707064344,0.011722359449542322,0,618,0.0,0.0,0.006177779035690117,23,618,0.0372168284789644,0.024925412198950638,0.055226189109163853,259,618,0.4190938511326861,0.3808089316239772,0.4583784112620568,311 0.34; 363 0.17; 350 0.09; 150 0.06; 312 0.04; 364 0.04; 346 0.03,7,38 0.19; 52 0.12; 35 0.10; 44 0.10; 53 0.09; 99 0.08; 41 0.04; 37 0.03; 98 0.03,9,earned income 0.39; unearned income 0.22; shelter deduction 0.17,"wrong amount, known item 0.30; wrong include/exclude decision 0.24; unreported source of income 0.10; change in circumstances 0.09; method or computation 0.08",248,142,118,390,0.6358974358974359,0.5870307311694741,0.6821130058049846,0.3641025641025641,118,0.23228346456692914,508,127099.0
4+,HH_size_n > 4.500 & months_since_cert_n > 3.500 & rawben_rel_max > 0.315 & rawben_rel_max <= 0.853,test_2024,815,234,366,162,366,0.4426229508196721,0.3925933802374022,0.49384448938029346,67,366,0.1830601092896175,0.14680190338822977,0.2259025192618994,62,366,0.16939890710382513,0.13444938995375294,0.211216430224399,10,366,0.0273224043715847,0.014907235130610815,0.049557119338978314,1,366,0.00273224043715847,0.0004824580421753967,0.015312411977854799,22,366,0.060109289617486336,0.04002668937064126,0.08933031103169313,42,366,0.11475409836065574,0.08602654957125273,0.15148486071899042,143,366,0.3907103825136612,0.3421061724084206,0.44158500781576177,74,366,0.20218579234972678,0.16422943203131624,0.24632903407958096,47,366,0.1284153005464481,0.09796062050598811,0.1665893922562323,31,366,0.08469945355191257,0.060309979907369,0.11771650494452432,34,366,0.09289617486338798,0.06723887415949881,0.12701077217558085,15,366,0.040983606557377046,0.024991213205057823,0.0665117437365085,6,366,0.01639344262295082,0.007534260800557812,0.035299211691449575,3,366,0.00819672131147541,0.002791412295535029,0.023818898713286046,2,366,0.00546448087431694,0.0014998076911427877,0.019702782823282847,11,366,0.030054644808743168,0.016863197025077867,0.05300887793890671,189,360,0.525,0.4734224846892261,0.5760495932699738,20,360,0.05555555555555555,0.03624792219873128,0.08424846963771622,150,360,0.4166666666666667,0.36688035600559743,0.4682127174637365,205,366,0.5601092896174863,0.5088919701504209,0.6100778807262788,147,366,0.4016393442622951,0.3526876638138678,0.4526343983878964,0,366,0.0,0.0,0.010387149525634758,9,366,0.02459016393442623,0.012989689368877406,0.04606694460631629,5,366,0.01366120218579235,0.005848902252283633,0.03157684974532832,168,360,0.4666666666666667,0.41575456812604267,0.518282661261691,311 0.39; 363 0.17; 350 0.08; 150 0.07; 312 0.04,5,38 0.18; 35 0.13; 44 0.08; 52 0.08; 56 0.08; 53 0.05; 37 0.05; 41 0.05; 57 0.04; 99 0.03,10,earned income 0.44; unearned income 0.18; shelter deduction 0.17,"wrong amount, known item 0.39; wrong include/exclude decision 0.20; unreported source of income 0.13; change in circumstances 0.09",169,65,68,234,0.7222222222222222,0.6615957350479186,0.7756700754747149,0.2777777777777778,68,0.2251655629139073,302,89683.0
4+,months_since_cert_n >  4.500 & rawben_rel_max >  0.315 & rawben_rel_max <=  0.853 & shelter_expenses_by_hh_size > 86.500,all_2022_24,2953,792,1232,476,1232,0.38636363636363635,0.35956717005089905,0.41386657744554384,243,1232,0.19724025974025974,0.17597613553716923,0.22038663457835367,235,1232,0.19074675324675325,0.16978186852031177,0.21363425859500787,62,1232,0.05032467532467533,0.03945402660606115,0.06399094562986293,5,1232,0.004058441558441558,0.0017347061914291307,0.009465434668046712,73,1232,0.05925324675324675,0.047388826289550864,0.0738577800716527,138,1232,0.11201298701298701,0.09559395110077774,0.1308441296370773,402,1232,0.3262987012987013,0.30069244513647814,0.35298485460808465,283,1232,0.2297077922077922,0.20708038562876308,0.2540155994877761,139,1232,0.11282467532467533,0.09634789099855351,0.131708520114327,84,1232,0.06818181818181818,0.05540698224375045,0.08364125824273262,130,1232,0.10551948051948051,0.08957310213403843,0.12391833560361337,74,1232,0.060064935064935064,0.048114565346715,0.07475037138951397,15,1232,0.012175324675324676,0.007392077349434573,0.01999136726029535,2,1232,0.0016233766233766235,0.0004452920457323848,0.005899857688667234,7,1232,0.005681818181818182,0.00275492638939139,0.011681875220135269,96,1232,0.07792207792207792,0.06423186766698623,0.09423633731980173,588,1224,0.4803921568627451,0.45250736998091756,0.5083996395225886,101,1224,0.08251633986928104,0.06837666275591178,0.09926841458956992,534,1224,0.4362745098039216,0.40873367219393775,0.46421410869245683,679,1230,0.5520325203252032,0.5241220263356523,0.5796190049280041,506,1230,0.4113821138211382,0.3841988380391118,0.43911721808997306,3,1230,0.0024390243902439024,0.0008298124947588329,0.007146576046525557,9,1230,0.007317073170731708,0.0038542247461015337,0.013847885476150658,33,1230,0.026829268292682926,0.019166693640351173,0.03743830330577221,517,1224,0.4223856209150327,0.39499881578376567,0.4502580968342789,311 0.33; 363 0.19; 350 0.07; 150 0.06; 364 0.05; 312 0.05,6,38 0.17; 35 0.11; 52 0.10; 44 0.09; 53 0.09; 99 0.08; 41 0.04; 37 0.03; 56 0.03,9,earned income 0.39; unearned income 0.20; shelter deduction 0.19,"wrong amount, known item 0.33; wrong include/exclude decision 0.23; unreported source of income 0.11; change in circumstances 0.11",519,273,253,792,0.6553030303030303,0.621524441176202,0.6875822956417779,0.3446969696969697,253,0.24210526315789474,1045,250603.0
4+,months_since_cert_n >  4.500 & rawben_rel_max >  0.315 & rawben_rel_max <=  0.853 & shelter_expenses_by_hh_size > 86.500,train_2022_23,1972,518,804,302,804,0.3756218905472637,0.3428122890972598,0.40961442425842765,177,804,0.22014925373134328,0.19287598092134067,0.2500841241289563,151,804,0.18781094527363185,0.16232181070141682,0.21626923982135893,42,804,0.05223880597014925,0.03887703318881317,0.06985913489166201,3,804,0.0037313432835820895,0.0012697645105749448,0.01091282177861838,45,804,0.055970149253731345,0.04209039403806951,0.07407297264173505,84,804,0.1044776119402985,0.08518156655729549,0.12753538191379094,234,804,0.291044776119403,0.2606983180730425,0.32337856036451257,195,804,0.24253731343283583,0.2141791303729208,0.2733441662733524,85,804,0.10572139303482588,0.08630994572142989,0.12888273561609964,51,804,0.06343283582089553,0.04857302284190785,0.08244474103655547,91,804,0.11318407960199005,0.09309870744319428,0.13694837109299401,58,804,0.07213930348258707,0.05621725696102898,0.09213063698253621,8,804,0.009950248756218905,0.005050333026039107,0.01951091759536984,2,804,0.0024875621890547263,0.0006824302628120798,0.009024423159938122,5,804,0.006218905472636816,0.0026591445807758593,0.014474907441303714,75,804,0.09328358208955224,0.07506923324576746,0.11536611942733084,394,802,0.4912718204488778,0.45679624439972455,0.5258306142782093,74,802,0.09226932668329177,0.07413676654057176,0.11428934598576095,334,802,0.4164588528678304,0.38281764263961743,0.45089657613489115,445,802,0.5548628428927681,0.5202863339619095,0.5889162686339358,328,802,0.4089775561097257,0.3754631459633241,0.443359808820842,1,802,0.0012468827930174563,0.00022013368632942164,0.007028933624169316,0,802,0.0,0.0,0.0047671899787749845,28,802,0.034912718204488775,0.024263617941128746,0.04999613732591132,333,802,0.415211970074813,0.381591334258325,0.44964100718445993,311 0.32; 363 0.19; 350 0.07; 364 0.05; 150 0.05; 312 0.05; 323 0.04,7,38 0.18; 52 0.11; 35 0.11; 53 0.10; 44 0.10; 99 0.09; 41 0.04; 39 0.03,8,earned income 0.38; unearned income 0.22; shelter deduction 0.19,"wrong amount, known item 0.29; wrong include/exclude decision 0.24; change in circumstances 0.11; unreported source of income 0.11",328,190,164,518,0.6332046332046332,0.5908628651013391,0.6735851972992054,0.3667953667953668,164,0.2404692082111437,682,155632.0
4+,months_since_cert_n >  4.500 & rawben_rel_max >  0.315 & rawben_rel_max <=  0.853 & shelter_expenses_by_hh_size > 86.500,test_2024,981,274,428,174,428,0.40654205607476634,0.36103819889338795,0.4537086897806073,66,428,0.1542056074766355,0.12308064112553715,0.19148284696824538,84,428,0.19626168224299065,0.1614062722593925,0.23652111593109218,20,428,0.04672897196261682,0.030450417869407057,0.07107199219947004,2,428,0.004672897196261682,0.001282386865518595,0.01687612310665639,28,428,0.06542056074766354,0.04564662457577828,0.09292640775829977,54,428,0.1261682242990654,0.09800051611510836,0.16098703858087277,168,428,0.3925233644859813,0.3474129906780699,0.43954593129702463,88,428,0.205607476635514,0.1700184256288054,0.24643427369427975,54,428,0.1261682242990654,0.09800051611510836,0.16098703858087277,33,428,0.07710280373831775,0.055425422339704246,0.10630424891012438,39,428,0.0911214953271028,0.06737323388147658,0.12214440406725276,16,428,0.037383177570093455,0.023139366023958177,0.05985773291231844,7,428,0.016355140186915886,0.00794441870274576,0.03337073018517981,0,428,0.0,0.0,0.008895854405874745,2,428,0.004672897196261682,0.001282386865518595,0.01687612310665639,21,428,0.04906542056074766,0.032312607852659596,0.07384112999936762,194,422,0.4597156398104265,0.4127420600367442,0.5074160457002246,27,422,0.06398104265402843,0.04434056546342265,0.09148834368965209,200,422,0.47393364928909953,0.42674280934630465,0.5215947884834987,234,428,0.5467289719626168,0.4993589229356941,0.5932676327273083,178,428,0.4158878504672897,0.370143233673758,0.4631289661328377,2,428,0.004672897196261682,0.001282386865518595,0.01687612310665639,9,428,0.02102803738317757,0.01110145094288842,0.03947635351133739,5,428,0.011682242990654205,0.004999921765232528,0.027052571556392804,184,422,0.43601895734597157,0.38949303354892395,0.48369925203332076,311 0.36; 363 0.20; 150 0.07; 350 0.07; 323 0.06; 312 0.05,6,38 0.15; 35 0.13; 52 0.09; 44 0.09; 56 0.08; 53 0.06; 99 0.05; 41 0.04; 37 0.04; 57 0.04,10,earned income 0.41; shelter deduction 0.20; unearned income 0.15,"wrong amount, known item 0.39; wrong include/exclude decision 0.21; unreported source of income 0.13; change in circumstances 0.09",191,83,89,274,0.6970802919708029,0.6402532398151567,0.7484574500167475,0.3029197080291971,89,0.24517906336088155,363,94971.0
4+,months_since_cert_n >   4.500 & rawben_rel_max >   0.313 & shelter_expenses_by_hh_size > 121.000 & unc_rawben_rel_max <=   0.928,all_2022_24,2995,832,1295,496,1295,0.383011583011583,0.356917711988335,0.4097974902349384,254,1295,0.19613899613899613,0.17542417409962638,0.218651285140361,256,1295,0.19768339768339768,0.1769002352842914,0.22025489125307854,66,1295,0.050965250965250966,0.04025916873450183,0.06432756455152781,6,1295,0.004633204633204633,0.002125088108052768,0.010071626256501001,75,1295,0.05791505791505792,0.04645213726652554,0.07199309885772548,142,1295,0.10965250965250965,0.09377498784989685,0.1278391027366689,437,1295,0.33745173745173745,0.3122126569141645,0.36365236003632434,294,1295,0.22702702702702704,0.20503773036661757,0.2506310748210205,142,1295,0.10965250965250965,0.09377498784989685,0.1278391027366689,83,1295,0.06409266409266409,0.051999873601092386,0.07876403171268874,132,1295,0.10193050193050193,0.08661129535894035,0.11960445874071277,80,1295,0.06177606177606178,0.049915137767179665,0.07622926660052769,19,1295,0.014671814671814672,0.009412585864990549,0.02280196593254966,2,1295,0.0015444015444015444,0.0004236239597195739,0.0056137558100691366,8,1295,0.006177606177606178,0.003133524835833567,0.012142856826102732,98,1295,0.07567567567567568,0.06249243167157521,0.09136897837257489,618,1284,0.48130841121495327,0.45407488751358194,0.5086534480208503,104,1284,0.08099688473520249,0.06729336252436648,0.097200159039155,561,1284,0.4369158878504673,0.41001332549726976,0.464194806931439,720,1292,0.5572755417956656,0.5300605311158295,0.5841509589304847,526,1292,0.4071207430340557,0.3806446062176988,0.4341475720855752,3,1292,0.0023219814241486067,0.0007899762663301163,0.006804779142046955,11,1292,0.008513931888544891,0.004760584653328517,0.015181358868163613,32,1292,0.02476780185758514,0.017598083416057238,0.03475522890236192,541,1284,0.42133956386292837,0.394604929259265,0.44854348278147055,311 0.33; 363 0.20; 350 0.07; 150 0.05; 312 0.05; 364 0.05,6,38 0.17; 35 0.11; 44 0.10; 52 0.10; 53 0.09; 99 0.08; 41 0.04; 56 0.03; 37 0.03; 39 0.03,10,earned income 0.38; shelter deduction 0.20; unearned income 0.20,"wrong amount, known item 0.34; wrong include/exclude decision 0.23; unreported source of income 0.11; change in circumstances 0.10",561,271,276,832,0.6742788461538461,0.6416963150726441,0.7052593760535214,0.32572115384615385,276,0.2490974729241877,1108,269096.0
4+,months_since_cert_n >   4.500 & rawben_rel_max >   0.313 & shelter_expenses_by_hh_size > 121.000 & unc_rawben_rel_max <=   0.928,train_2022_23,1964,533,833,310,833,0.37214885954381755,0.33997977271500257,0.4054917717206469,179,833,0.2148859543817527,0.18833457303709047,0.24405502136165838,163,833,0.19567827130852342,0.1701595430096058,0.22399103459074296,45,833,0.05402160864345738,0.040616217374153996,0.07152161133799417,4,833,0.004801920768307323,0.0018688800853725093,0.012281468080875439,46,833,0.055222088835534214,0.041653880636648585,0.07287388662539958,86,833,0.10324129651860744,0.08436661262664846,0.1257586966313999,243,833,0.2917166866746699,0.261860271058309,0.32348539053404013,204,833,0.24489795918367346,0.21690950957073107,0.2752285485755179,88,833,0.1056422569027611,0.086547912339934,0.12835727401791436,51,833,0.061224489795918366,0.04687088410193077,0.0796065759096174,92,833,0.11044417767106843,0.09092034497943771,0.13354459557801068,60,833,0.07202881152460984,0.05636682144353149,0.09162008551711674,9,833,0.010804321728691477,0.005694373550308313,0.020405667365439667,2,833,0.0024009603841536613,0.0006586632660328124,0.008711807800415127,6,833,0.007202881152460984,0.003305159131090212,0.015625066134957746,78,833,0.0936374549819928,0.0756766244611829,0.11532917639766543,410,831,0.49338146811071,0.4594973661479503,0.5273264816334732,77,831,0.09265944645006016,0.07477566978446298,0.11429205276314366,344,831,0.4139590854392298,0.380941108271155,0.4477689128873499,463,831,0.5571600481347774,0.5232008429960072,0.5905931988916994,339,831,0.40794223826714804,0.3750254766511327,0.44170622430866624,1,831,0.0012033694344163659,0.00021245038129523398,0.00678480514598084,0,831,0.0,0.0,0.004601591487534881,28,831,0.03369434416365824,0.023413201502148977,0.04826698309813927,345,831,0.4151624548736462,0.3821248492674405,0.4489808359308056,311 0.32; 363 0.20; 350 0.07; 364 0.05; 312 0.05; 150 0.05; 323 0.04,7,38 0.18; 53 0.11; 52 0.11; 35 0.11; 44 0.10; 99 0.09; 41 0.04; 39 0.03,8,earned income 0.37; unearned income 0.21; shelter deduction 0.20,"wrong amount, known item 0.29; wrong include/exclude decision 0.24; change in circumstances 0.11; unreported source of income 0.11",354,179,178,533,0.6641651031894934,0.6230215046338878,0.7029591943283386,0.33583489681050654,178,0.25035161744022505,711,165957.0
4+,months_since_cert_n >   4.500 & rawben_rel_max >   0.313 & shelter_expenses_by_hh_size > 121.000 & unc_rawben_rel_max <=   0.928,test_2024,1031,299,462,186,462,0.4025974025974026,0.3588579346254246,0.447943347183671,75,462,0.16233766233766234,0.13151927696841267,0.1987251666364521,93,462,0.2012987012987013,0.16726631555821275,0.24025761532301382,21,462,0.045454545454545456,0.029919396872047973,0.06848658490373159,2,462,0.004329004329004329,0.001187948120852331,0.015645241529878735,29,462,0.06277056277056277,0.04405692602509753,0.08869549454017614,56,462,0.12121212121212122,0.09453345827898668,0.1541381932008296,194,462,0.4199134199134199,0.3757498850406579,0.46539783555793174,90,462,0.19480519480519481,0.16126842340830172,0.23337559292686455,54,462,0.11688311688311688,0.09069621267478942,0.14938882910765336,32,462,0.06926406926406926,0.049487086413973924,0.09614524869736005,40,462,0.08658008658008658,0.06422515489449515,0.11575361900633294,20,462,0.04329004329004329,0.028195652844359348,0.06591702408273345,10,462,0.021645021645021644,0.011798686277577594,0.03938094216264758,0,462,0.0,0.0,0.008246579953357536,2,462,0.004329004329004329,0.001187948120852331,0.015645241529878735,20,462,0.04329004329004329,0.028195652844359348,0.06591702408273345,208,453,0.45916114790286977,0.41380605560178757,0.5052030714129151,27,453,0.059602649006622516,0.041282281104425014,0.08532965616223372,217,453,0.47902869757174393,0.43339464087115687,0.5250154513796365,257,461,0.5574837310195228,0.5118534084302595,0.6021639256465527,187,461,0.40563991323210413,0.3617755397098285,0.4510639307678567,2,461,0.004338394793926247,0.0011905267647643117,0.01567887562951365,11,461,0.02386117136659436,0.013374797823462991,0.0422174727478456,4,461,0.008676789587852495,0.0033792053379898233,0.022095278873406055,196,453,0.4326710816777042,0.3878009109170366,0.4786735957828786,311 0.35; 363 0.20; 350 0.07; 150 0.06; 312 0.05; 323 0.05,6,38 0.16; 35 0.12; 44 0.10; 56 0.09; 52 0.08; 53 0.06; 99 0.04; 37 0.04; 57 0.04; 41 0.04,10,earned income 0.40; shelter deduction 0.20; unearned income 0.16,"wrong amount, known item 0.42; wrong include/exclude decision 0.19; unreported source of income 0.12; change in circumstances 0.09",207,92,98,299,0.6923076923076923,0.6378286408982902,0.7419078285959934,0.3076923076923077,98,0.24685138539042822,397,103139.0
4+,months_since_cert_n >  4.500 & rawben_rel_max >  0.315 & shelter_expenses_by_hh_size > 74.400 & unc_rawben_rel_max <=  0.928,all_2022_24,3462,925,1438,547,1438,0.3803894297635605,0.3556466755048694,0.405769557734621,285,1438,0.19819193324061196,0.17840366621690698,0.21958845718971412,280,1438,0.19471488178025034,0.1750725286795953,0.2159840201118947,75,1438,0.0521557719054242,0.04181043390558891,0.06488755566552626,6,1438,0.004172461752433936,0.0019136110416983062,0.009073448840607765,80,1438,0.055632823365785816,0.04492636799659527,0.068707196189651,165,1438,0.11474269819193324,0.0992860877021845,0.13225224494129034,464,1438,0.3226703755215577,0.29900713580457683,0.34727855882373737,333,1438,0.23157162726008346,0.21050090464025512,0.25407273507162453,157,1438,0.10917941585535466,0.09408940154151052,0.1263520117177546,102,1438,0.07093184979137691,0.058775035122911164,0.08537505736991191,151,1438,0.10500695410292073,0.09020040847729824,0.12191831524380956,89,1438,0.061891515994436715,0.05056646399042739,0.07555113450305484,22,1438,0.015299026425591099,0.010124660717031875,0.023056237933693702,2,1438,0.0013908205841446453,0.00038148807962650475,0.005057112110574694,9,1438,0.006258692628650904,0.00329615672948114,0.01185224792190359,109,1438,0.07579972183588317,0.06322128177502843,0.09063861517897816,692,1426,0.485273492286115,0.45940742803443335,0.5112186888725023,120,1426,0.08415147265077139,0.0708356354069484,0.09970185629842648,613,1426,0.42987377279102384,0.4044008155160093,0.4557235507074941,810,1435,0.5644599303135889,0.5386671859202545,0.5899084682726741,573,1435,0.39930313588850175,0.3742642627183458,0.4248797153262145,3,1435,0.0020905923344947735,0.0007112262980469236,0.006128720503602403,12,1435,0.008362369337979094,0.004790006659106511,0.014560003793746674,37,1435,0.02578397212543554,0.01876339653884039,0.035336790722912396,610,1426,0.4277699859747546,0.4023183217254211,0.45360977548478737,311 0.33; 363 0.19; 350 0.08; 150 0.06; 364 0.05; 312 0.05,6,38 0.17; 35 0.11; 52 0.10; 44 0.10; 53 0.09; 99 0.08; 41 0.04; 37 0.03; 56 0.03; 39 0.03,10,earned income 0.38; unearned income 0.20; shelter deduction 0.19,"wrong amount, known item 0.32; wrong include/exclude decision 0.23; unreported source of income 0.11; change in circumstances 0.11",606,319,307,925,0.6551351351351351,0.6239182052176708,0.6850688168967565,0.34486486486486484,307,0.24918831168831168,1232,300692.0
4+,months_since_cert_n >  4.500 & rawben_rel_max >  0.315 & shelter_expenses_by_hh_size > 74.400 & unc_rawben_rel_max <=  0.928,train_2022_23,2305,597,929,340,929,0.36598493003229277,0.33561944460430276,0.397454209057798,204,929,0.21959095801937567,0.1941549909472899,0.2473364691248167,178,929,0.1916038751345533,0.16758588558849905,0.2181619198266969,51,929,0.05489773950484392,0.04199891198735956,0.07146258029600346,4,929,0.004305705059203444,0.0016756131190318315,0.011018503438377271,49,929,0.0527448869752422,0.04012480777151251,0.06904871107670352,103,929,0.1108719052744887,0.09226216728561754,0.13268663431156683,262,929,0.28202368137782563,0.25403053586783053,0.31181215382353833,227,929,0.24434876210979548,0.2178063360686366,0.27299681850766017,96,929,0.10333692142088267,0.08536811504043845,0.1245727795337315,64,929,0.0688912809472551,0.054316947689701446,0.08701637192211689,105,929,0.11302475780409042,0.09423734648198187,0.13499942855034947,69,929,0.07427341227125941,0.05910840480806573,0.09294484839162004,11,929,0.011840688912809472,0.006624256712400021,0.02107776686802349,2,929,0.002152852529601722,0.0005905761189708746,0.007815567003291255,7,929,0.007534983853606028,0.0036546092886357807,0.015471467421493783,86,929,0.09257265877287406,0.07557556664901985,0.11292546074941523,457,927,0.4929881337648328,0.4608992821342341,0.525134861591186,87,927,0.09385113268608414,0.07671817010483051,0.11433646260604102,383,927,0.41316073354908306,0.38188431637614895,0.44515392514636143,524,927,0.5652642934196332,0.5331476812943675,0.5968422117228763,370,927,0.39913700107874867,0.36808991772793676,0.4310166112454138,1,927,0.0010787486515641855,0.00019044611370734122,0.006085165118106965,0,927,0.0,0.0,0.004127017958802013,32,927,0.034519956850053934,0.024556682854204433,0.048325319840990956,389,927,0.41963322545846815,0.38825987198307604,0.4516699291775081,311 0.31; 363 0.19; 350 0.08; 150 0.06; 364 0.05; 312 0.05; 323 0.04,7,38 0.18; 52 0.11; 53 0.11; 35 0.10; 44 0.10; 99 0.09; 41 0.04; 39 0.03,8,earned income 0.37; unearned income 0.22; shelter deduction 0.19,"wrong amount, known item 0.28; wrong include/exclude decision 0.24; change in circumstances 0.11; unreported source of income 0.10; other 0.09",383,214,198,597,0.6415410385259631,0.6022804543133946,0.6789916813043788,0.35845896147403683,198,0.2490566037735849,795,186148.0
4+,months_since_cert_n >  4.500 & rawben_rel_max >  0.315 & shelter_expenses_by_hh_size > 74.400 & unc_rawben_rel_max <=  0.928,test_2024,1157,328,509,207,509,0.4066797642436149,0.3648587347964164,0.4498988823703657,81,509,0.15913555992141454,0.12992610460756282,0.19345171809636758,102,509,0.20039292730844793,0.16791934095261457,0.23735511416179106,24,509,0.047151277013752456,0.03188726262976699,0.06919970067430195,2,509,0.003929273084479371,0.001078188007903989,0.014212303247095603,31,509,0.060903732809430254,0.04323458643797377,0.08515125433625359,62,509,0.12180746561886051,0.09619186856726006,0.15308900100338318,202,509,0.3968565815324165,0.3552781946232775,0.4399802243505343,106,509,0.2082514734774067,0.17522494648428838,0.24564886718449352,61,509,0.11984282907662082,0.09443730102524589,0.1509437289068033,38,509,0.07465618860510806,0.0548720137715912,0.10081270447279458,46,509,0.09037328094302555,0.06843762547858556,0.11844580987455272,20,509,0.03929273084479371,0.02557758121558768,0.05991002353410501,11,509,0.021611001964636542,0.012109146355004215,0.03827990164734192,0,509,0.0,0.0,0.0074908119778114715,2,509,0.003929273084479371,0.001078188007903989,0.014212303247095603,23,509,0.04518664047151277,0.030296109614833467,0.06689101405064142,235,499,0.4709418837675351,0.4275342602134016,0.5147935026447232,33,499,0.06613226452905811,0.04747396797093917,0.09141987056588832,230,499,0.46092184368737477,0.41765012945454216,0.504790655078798,286,508,0.562992125984252,0.5195448890344158,0.6054937948083982,203,508,0.39960629921259844,0.35791827554059125,0.44280132208492423,2,508,0.003937007874015748,0.001080311732943576,0.014240053004897193,12,508,0.023622047244094488,0.013563340454136185,0.04083161298458392,5,508,0.00984251968503937,0.004211195445474913,0.022831545902629653,221,499,0.44288577154308617,0.39990305425977013,0.4867411692889577,311 0.35; 363 0.20; 350 0.07; 150 0.07; 323 0.05; 312 0.05,6,38 0.15; 35 0.12; 44 0.09; 52 0.09; 56 0.09; 53 0.06; 99 0.05; 37 0.04; 41 0.04; 57 0.04,10,earned income 0.41; shelter deduction 0.20; unearned income 0.16,"wrong amount, known item 0.40; wrong include/exclude decision 0.21; unreported source of income 0.12; change in circumstances 0.09",223,105,109,328,0.6798780487804879,0.6275570984885731,0.7280342438868254,0.3201219512195122,109,0.2494279176201373,437,114544.0
4+,months_since_cert_n > 3.500 & percent_abawd <= 0.208 & unc_rawben_rel_max > 0.313 & unc_rawben_rel_max <= 0.853,all_2022_24,4228,1090,1693,654,1693,0.38629651506202006,0.36338522301217,0.4097226498735488,350,1693,0.2067336089781453,0.1881175054051059,0.22667760570013806,292,1693,0.1724748966331955,0.1552252866371193,0.19120752123369197,78,1693,0.04607206142941524,0.03707196224523437,0.05712751989853201,8,1693,0.004725339633786178,0.0023962987983276326,0.009296955303882025,91,1693,0.05375073833431778,0.04398282088942494,0.06553924646205912,220,1693,0.1299468399291199,0.11476377022428624,0.14680548880378097,569,1693,0.3360897814530419,0.3139818720808479,0.3589398667544092,383,1693,0.2262256349675133,0.20692845342392643,0.24676245090090862,178,1693,0.10513880685174247,0.09141072167950394,0.12065480052362919,136,1693,0.08033077377436504,0.0683132490886517,0.09424853628954742,154,1693,0.09096278795038393,0.07817526429354851,0.1056024082953366,110,1693,0.06497341996455995,0.05418925995733683,0.0777273550054269,21,1693,0.012404016538688719,0.00812715755010251,0.018888681759824832,8,1693,0.004725339633786178,0.0023962987983276326,0.009296955303882025,12,1693,0.0070880094506792675,0.004059237487039456,0.012348658217544875,122,1693,0.07206142941523921,0.06068818049575479,0.08537235927413296,867,1683,0.5151515151515151,0.4912669266550852,0.5389670917613446,139,1683,0.0825906120023767,0.07037078407696709,0.09671164974491636,676,1683,0.40166369578134287,0.3784915829963275,0.4252837092421377,973,1691,0.5753991720875222,0.551695230846957,0.5987613073923689,653,1691,0.38616203429923124,0.36323917564903013,0.40960095289159576,5,1691,0.0029568302779420462,0.0012636035280012012,0.00690329537275743,14,1691,0.00827912477823773,0.004938044975328033,0.013849315448206535,46,1691,0.027202838557066823,0.02045591598461162,0.036093085408792934,723,1683,0.4295900178253119,0.4061265789420862,0.45337415900509276,311 0.34; 363 0.17; 350 0.08; 150 0.07; 364 0.05; 312 0.04; 323 0.04,7,38 0.17; 44 0.11; 35 0.11; 52 0.10; 53 0.08; 99 0.07; 37 0.04; 41 0.03; 56 0.03; 12 0.02,10,earned income 0.39; unearned income 0.21; shelter deduction 0.17,"wrong amount, known item 0.34; wrong include/exclude decision 0.23; unreported source of income 0.11; change in circumstances 0.09",701,389,346,1090,0.6431192660550459,0.6142208205601273,0.6710124344193872,0.3568807339449541,346,0.24094707520891365,1436,344759.0
4+,months_since_cert_n > 3.500 & percent_abawd <= 0.208 & unc_rawben_rel_max > 0.313 & unc_rawben_rel_max <= 0.853,train_2022_23,2784,703,1096,411,1096,0.375,0.3468213809401661,0.4040518357121228,247,1096,0.22536496350364962,0.2016120952312466,0.2510363588734172,185,1096,0.1687956204379562,0.14778492313969166,0.19212002317257731,54,1096,0.04927007299270073,0.03795669494267953,0.0637321300663036,5,1096,0.004562043795620438,0.0019501305121875975,0.010634954467322178,53,1096,0.048357664233576646,0.03715913812342569,0.06271124321148656,141,1096,0.12864963503649635,0.11011671140048611,0.14977671325266395,332,1096,0.3029197080291971,0.2764414615305471,0.330774704870142,264,1096,0.24087591240875914,0.21649253684893321,0.2670694597149357,108,1096,0.09854014598540146,0.08227214598734275,0.11761263742146813,81,1096,0.0739051094890511,0.059860283029649776,0.09092652117924724,105,1096,0.09580291970802919,0.07976302740615171,0.11466642498044649,86,1096,0.07846715328467153,0.06397902166144834,0.09590000091780307,12,1096,0.010948905109489052,0.006274129011348018,0.01904006168665795,7,1096,0.006386861313868613,0.003097147303933126,0.01312482502371842,9,1096,0.008211678832116789,0.004326088201893022,0.015532771473900295,92,1096,0.08394160583941605,0.06894196063469733,0.10184772398897939,571,1094,0.5219378427787934,0.49231231646263834,0.5514098379902445,93,1094,0.0850091407678245,0.06989965040503328,0.1030229278612667,430,1094,0.3930530164533821,0.3645321884035516,0.4223223086386446,640,1094,0.5850091407678245,0.5555636287983613,0.6138597197065597,413,1094,0.37751371115173676,0.3492631873409398,0.4066214502971312,3,1094,0.002742230347349177,0.0009330176156095034,0.008031481452379903,0,1094,0.0,0.0,0.003499229761379055,38,1094,0.03473491773308958,0.02540971383438908,0.04731626047738776,458,1094,0.4186471663619744,0.3897474320989874,0.44811624513823883,311 0.33; 363 0.17; 350 0.09; 150 0.06; 364 0.05; 312 0.04; 323 0.04,7,38 0.18; 44 0.11; 52 0.11; 53 0.10; 35 0.10; 99 0.08; 41 0.03; 37 0.03; 39 0.02,9,earned income 0.38; unearned income 0.23; shelter deduction 0.17,"wrong amount, known item 0.30; wrong include/exclude decision 0.24; unreported source of income 0.10; change in circumstances 0.10; other 0.08",433,270,215,703,0.615931721194879,0.5794398062129165,0.6511634859532491,0.3840682788051209,215,0.23420479302832245,918,215842.0
4+,months_since_cert_n > 3.500 & percent_abawd <= 0.208 & unc_rawben_rel_max > 0.313 & unc_rawben_rel_max <= 0.853,test_2024,1444,387,597,243,597,0.40703517587939697,0.36834189976014764,0.446917230100368,103,597,0.17252931323283083,0.144338296405287,0.20490782769797083,107,597,0.17922948073701842,0.15054345224427945,0.21201732916632854,24,597,0.04020100502512563,0.027161377070959666,0.05912026521213126,3,597,0.005025125628140704,0.0017104060638307153,0.014669285355671528,38,597,0.06365159128978225,0.046722235097268534,0.08616070776154819,79,597,0.1323283082077052,0.10748286209807004,0.16187531816108644,237,597,0.3969849246231156,0.3585154769022126,0.4367716669972777,119,597,0.19932998324958123,0.1692505931944414,0.23325416013821726,70,597,0.11725293132328309,0.0938589250319933,0.1455412762856252,55,597,0.09212730318257957,0.0714634882275454,0.11800674818750977,49,597,0.08207705192629816,0.0626393121530148,0.10685893830101503,24,597,0.04020100502512563,0.027161377070959666,0.05912026521213126,9,597,0.01507537688442211,0.007951006150077277,0.028400671230450297,1,597,0.0016750418760469012,0.00029573963339936827,0.009426623132427765,3,597,0.005025125628140704,0.0017104060638307153,0.014669285355671528,30,597,0.05025125628140704,0.035423285764147494,0.07083034247996876,296,589,0.5025466893039049,0.46228155299985824,0.5427788206311419,46,589,0.07809847198641766,0.05906022768659716,0.10260454077769415,246,589,0.41765704584040747,0.37848744764419817,0.4578938049534602,333,597,0.5577889447236181,0.5177053692444372,0.5971335500314584,240,597,0.4020100502512563,0.3634265614397929,0.4418465754402101,2,597,0.0033500837520938024,0.0009191758142781852,0.012131851278386504,14,597,0.023450586264656615,0.014019375828522957,0.038975623186192396,8,597,0.01340033500837521,0.006805375508471035,0.026217637545218987,265,589,0.44991511035653653,0.4101916304717288,0.49028768811859946,311 0.36; 363 0.18; 150 0.08; 350 0.08; 323 0.05; 312 0.04,6,38 0.16; 35 0.12; 44 0.09; 56 0.09; 52 0.08; 53 0.06; 99 0.05; 37 0.05; 41 0.04; 7 0.03,10,earned income 0.41; shelter deduction 0.18; unearned income 0.17,"wrong amount, known item 0.40; wrong include/exclude decision 0.20; unreported source of income 0.12; household composition 0.09",268,119,131,387,0.6925064599483204,0.6448257729141343,0.7364028373463906,0.30749354005167956,131,0.2528957528957529,518,128917.0
4+,homeless <= 0.500 & months_since_cert_n > 2.500 & rawben_rel_max > 0.312 & rawben_rel_max <= 0.851,all_2022_24,5419,1373,2112,824,2112,0.39015151515151514,0.36956538176895204,0.41113653845040654,431,2112,0.2040719696969697,0.18742798665739988,0.22179054841630316,362,2112,0.17140151515151514,0.15592896115978544,0.18806730018605444,108,2112,0.05113636363636364,0.0425300053944056,0.06137266860538722,9,2112,0.004261363636363636,0.002243523668631016,0.008079366286836349,120,2112,0.056818181818181816,0.04772600989629276,0.06751966823008494,258,2112,0.12215909090909091,0.10887469011962744,0.13681553546247663,707,2112,0.3347537878787879,0.31494359651256826,0.35516403347258757,509,2112,0.24100378787878787,0.22324385898227875,0.25970420291422613,217,2112,0.10274621212121213,0.09050975130767624,0.11642521017526275,165,2112,0.078125,0.06743010034237597,0.09035184325869512,190,2112,0.08996212121212122,0.07849191682999403,0.10292128536812893,131,2112,0.06202651515151515,0.052513239219635056,0.07313019268944548,24,2112,0.011363636363636364,0.007648119095439986,0.016853526018258506,10,2112,0.004734848484848485,0.0025738968443220706,0.00869424345502737,15,2112,0.007102272727272727,0.004308774805266865,0.011685617213492951,144,2112,0.06818181818181818,0.05819701517044351,0.07973467120910399,1137,2102,0.5409134157944815,0.519554592009115,0.5621229662649737,188,2102,0.08943862987630828,0.0779758260133394,0.10239937409667839,776,2102,0.3691722169362512,0.34879783127230274,0.3900239300605534,1224,2110,0.5800947867298578,0.5589087598766499,0.600989692306333,809,2110,0.38341232227488153,0.36289545915980315,0.4043529477217721,6,2110,0.002843601895734597,0.001303862043906427,0.00619036079663186,15,2110,0.0071090047393364926,0.0043128632873720915,0.011696661740425641,56,2110,0.026540284360189573,0.02049469104854781,0.03430676616565405,890,2102,0.4234062797335871,0.4024419305320124,0.4446500824664962,311 0.34; 363 0.17; 350 0.09; 150 0.06; 364 0.05; 312 0.05,6,38 0.17; 52 0.11; 44 0.11; 35 0.10; 53 0.09; 99 0.07; 37 0.04; 41 0.04; 56 0.03; 7 0.03,10,earned income 0.39; unearned income 0.20; shelter deduction 0.17,"wrong amount, known item 0.33; wrong include/exclude decision 0.24; unreported source of income 0.10; change in circumstances 0.09",874,499,440,1373,0.6365622723962127,0.6107716110764488,0.6615908741941879,0.36343772760378734,440,0.24269167126309985,1813,435454.0
4+,homeless <= 0.500 & months_since_cert_n > 2.500 & rawben_rel_max > 0.312 & rawben_rel_max <= 0.851,train_2022_23,3560,884,1361,518,1361,0.38060249816311537,0.35517698760380734,0.40670014158100065,298,1361,0.21895664952240998,0.1977936965266325,0.24170169986222315,230,1361,0.16899338721528287,0.15002161640532524,0.18982851711932697,75,1361,0.055106539309331376,0.04418798023596976,0.06852956881880701,5,1361,0.0036737692872887582,0.001570181304062731,0.008571361861092842,71,1361,0.05216752387950037,0.04156362969954146,0.06529243330439981,164,1361,0.12049963262307127,0.10426347537053643,0.13887213831533013,410,1361,0.30124908155767816,0.27746104213815365,0.3261559636740959,349,1361,0.25642909625275534,0.23393806359921682,0.2802912799377915,133,1361,0.09772226304188097,0.08306023673947151,0.11464886005241996,100,1361,0.07347538574577517,0.06078146139613331,0.08857037547636532,128,1361,0.0940484937545922,0.07966287742499481,0.11071936180335226,102,1361,0.07494489346069066,0.062121007206583194,0.09016157269133315,14,1361,0.010286554004408524,0.006137236643523477,0.01719265013601197,7,1361,0.005143277002204262,0.0024935788152089,0.010578707375364423,10,1361,0.0073475385745775165,0.003995858098743372,0.013472542629956574,108,1361,0.07935341660543718,0.06614877110823152,0.0949260378659381,739,1359,0.5437821927888153,0.5172141961923549,0.5701033614753888,123,1359,0.09050772626931568,0.07638567950977515,0.10693833995074031,497,1359,0.365710080941869,0.34051493332095756,0.39166230576537514,803,1359,0.5908756438557763,0.5645141031778674,0.6167248610568609,509,1359,0.3745401030169242,0.34919432670675077,0.4005931761108915,3,1359,0.002207505518763797,0.000751015264627901,0.006470366882791139,0,1359,0.0,0.0,0.0028188162145916297,44,1359,0.03237674760853569,0.024205593959574917,0.04318418926981875,562,1359,0.41353936718175127,0.3876355876243097,0.4399305800066168,311 0.33; 363 0.17; 350 0.09; 150 0.06; 364 0.06; 312 0.04; 323 0.04,7,38 0.18; 52 0.12; 44 0.11; 53 0.11; 35 0.10; 99 0.08; 41 0.03; 37 0.03,8,earned income 0.38; unearned income 0.22; shelter deduction 0.17,"wrong amount, known item 0.30; wrong include/exclude decision 0.26; unreported source of income 0.10; change in circumstances 0.09; other 0.08",550,334,280,884,0.6221719457013575,0.5897462870407794,0.6535403532788452,0.3778280542986425,280,0.24054982817869416,1164,266702.0
4+,homeless <= 0.500 & months_since_cert_n > 2.500 & rawben_rel_max > 0.312 & rawben_rel_max <= 0.851,test_2024,1859,489,751,306,751,0.40745672436750996,0.3728712366405222,0.44298416931484647,133,751,0.17709720372836218,0.15145720788788655,0.20602388483408315,132,751,0.17576564580559254,0.15021250351010831,0.20461902670762208,33,751,0.043941411451398134,0.031457334393205874,0.06106750790483387,4,751,0.005326231691078562,0.0020731254213639397,0.013614404253736109,49,751,0.06524633821571238,0.04970260143695957,0.08521524092890898,94,751,0.12516644474034622,0.10339045032841714,0.15075770472821992,297,751,0.3954727030625832,0.3611191781539551,0.43089016526325985,160,751,0.21304926764314247,0.1852624584772527,0.24375682185917813,84,751,0.1118508655126498,0.09125476719124083,0.13639776282300325,65,751,0.08655126498002663,0.06848646850218826,0.1088243739315091,62,751,0.08255659121171771,0.06493315162647584,0.10442900329450361,29,751,0.03861517976031957,0.0270188237202473,0.054907768560835235,10,751,0.013315579227696404,0.007248492260483887,0.024336412440051955,3,751,0.0039946737683089215,0.001359435132577043,0.011678532038283704,5,751,0.006657789613848202,0.0028470222944536857,0.01549006988488566,36,751,0.047936085219707054,0.034823823064461426,0.06564970674629621,398,743,0.5356662180349933,0.49971351086259974,0.5712520057877849,65,743,0.08748317631224764,0.0692303157752177,0.10997984070240753,279,743,0.3755047106325707,0.3414084406165656,0.4108817371132235,421,751,0.5605858854860186,0.5248694401985546,0.5956856537443335,300,751,0.3994673768308921,0.36503412578665373,0.43492390514327905,3,751,0.0039946737683089215,0.001359435132577043,0.011678532038283704,15,751,0.019973368841544607,0.012140758159957327,0.032691959061775015,12,751,0.015978695073235686,0.009163620386844509,0.027720409322169935,328,743,0.4414535666218035,0.40613999993862276,0.47736943499376455,311 0.35; 363 0.18; 350 0.08; 150 0.07; 323 0.05; 312 0.05,6,38 0.16; 35 0.11; 44 0.10; 52 0.09; 56 0.09; 53 0.05; 99 0.05; 37 0.05; 41 0.04; 57 0.03,10,earned income 0.41; unearned income 0.18; shelter deduction 0.18,"wrong amount, known item 0.40; wrong include/exclude decision 0.21; unreported source of income 0.11; household composition 0.09",324,165,160,489,0.6625766871165644,0.6195448638113151,0.703074006024348,0.3374233128834356,160,0.2465331278890601,649,168752.0
4+,months_since_cert_n >   4.500 & rawben_rel_max <=   0.853 & total_deductions_by_hh_size >  56.600 & utilities > 980.000,all_2022_24,134,48,48,31,48,0.6458333333333334,0.5043879645406409,0.7656654288731427,6,48,0.125,0.05856971750400844,0.24700727086054822,8,48,0.16666666666666666,0.08695410039453222,0.29578100037396254,0,48,0.0,0.0,0.0741026511527422,0,48,0.0,0.0,0.0741026511527422,1,48,0.020833333333333332,0.003687015979399688,0.10899469137531158,2,48,0.041666666666666664,0.011501652078965613,0.13975911147771472,19,48,0.3958333333333333,0.2702062649595057,0.5368984540306487,11,48,0.22916666666666666,0.13307691028989044,0.36539535908451154,5,48,0.10416666666666667,0.045321050901178245,0.2216768812614093,2,48,0.041666666666666664,0.011501652078965613,0.13975911147771472,6,48,0.125,0.05856971750400844,0.24700727086054822,3,48,0.0625,0.021482843131227225,0.1683569766274222,0,48,0.0,0.0,0.0741026511527422,0,48,0.0,0.0,0.0741026511527422,0,48,0.0,0.0,0.0741026511527422,2,48,0.041666666666666664,0.011501652078965613,0.13975911147771472,24,48,0.5,0.36389098932037767,0.6361090106796223,5,48,0.10416666666666667,0.045321050901178245,0.2216768812614093,19,48,0.3958333333333333,0.2702062649595057,0.5368984540306487,24,48,0.5,0.36389098932037767,0.6361090106796223,23,48,0.4791666666666667,0.34471090015787464,0.6167100436401562,0,48,0.0,0.0,0.0741026511527422,0,48,0.0,0.0,0.0741026511527422,1,48,0.020833333333333332,0.003687015979399688,0.10899469137531158,17,48,0.3541666666666667,0.23433457112685735,0.4956120354593591,311 0.54; 363 0.17; 312 0.10,3,38 0.29; 53 0.17; 44 0.10; 35 0.10; 41 0.06; 99 0.04,6,earned income 0.65; shelter deduction 0.17,"wrong amount, known item 0.40; wrong include/exclude decision 0.23; change in circumstances 0.12",35,13,11,48,0.7291666666666666,0.5900276538379887,0.8343419643836709,0.2708333333333333,11,0.1864406779661017,59,11633.0
4+,months_since_cert_n >   4.500 & rawben_rel_max <=   0.853 & total_deductions_by_hh_size >  56.600 & utilities > 980.000,train_2022_23,71,32,32,20,32,0.625,0.45254100589525126,0.7706633153404079,5,32,0.15625,0.06864319106627216,0.31754492553566527,6,32,0.1875,0.08889423936162782,0.3530949575492244,0,32,0.0,0.0,0.1071827150573635,0,32,0.0,0.0,0.1071827150573635,1,32,0.03125,0.005537717362550945,0.15744607800372734,0,32,0.0,0.0,0.1071827150573635,15,32,0.46875,0.30869129901682335,0.6355076206742619,8,32,0.25,0.1325224398262155,0.42106891770246624,3,32,0.09375,0.032400962626319516,0.24218499335778831,0,32,0.0,0.0,0.1071827150573635,3,32,0.09375,0.032400962626319516,0.24218499335778831,2,32,0.0625,0.017310203195157234,0.2014746724800358,0,32,0.0,0.0,0.1071827150573635,0,32,0.0,0.0,0.1071827150573635,0,32,0.0,0.0,0.1071827150573635,1,32,0.03125,0.005537717362550945,0.15744607800372734,19,32,0.59375,0.4225972657298823,0.744805975196862,4,32,0.125,0.04970053844474301,0.2806864978482796,9,32,0.28125,0.15564406845647866,0.4537483693811179,14,32,0.4375,0.2816508596944317,0.6067469796877387,17,32,0.53125,0.3644923793257382,0.6913087009831766,0,32,0.0,0.0,0.1071827150573635,0,32,0.0,0.0,0.1071827150573635,1,32,0.03125,0.005537717362550945,0.15744607800372734,8,32,0.25,0.1325224398262155,0.42106891770246624,311 0.50; 363 0.19; 312 0.12,3,38 0.31; 53 0.19; 44 0.16; 35 0.09,4,earned income 0.62; shelter deduction 0.19,"wrong amount, known item 0.47; wrong include/exclude decision 0.25; change in circumstances 0.09",22,10,7,32,0.6875,0.514330003019676,0.8204764788338126,0.3125,7,0.1794871794871795,39,6233.0
4+,months_since_cert_n >   4.500 & rawben_rel_max <=   0.853 & total_deductions_by_hh_size >  56.600 & utilities > 980.000,test_2024,63,16,16,11,16,0.6875,0.4440393186673406,0.8583556494803894,1,16,0.0625,0.01111905730833121,0.2832926836802987,2,16,0.125,0.034976749337057134,0.3602333143674828,0,16,0.0,0.0,0.19361341827271994,0,16,0.0,0.0,0.19361341827271994,0,16,0.0,0.0,0.19361341827271994,2,16,0.125,0.034976749337057134,0.3602333143674828,4,16,0.25,0.10181901984237346,0.49498768929398645,3,16,0.1875,0.06591478773586765,0.4300935986845823,2,16,0.125,0.034976749337057134,0.3602333143674828,2,16,0.125,0.034976749337057134,0.3602333143674828,3,16,0.1875,0.06591478773586765,0.4300935986845823,1,16,0.0625,0.01111905730833121,0.2832926836802987,0,16,0.0,0.0,0.19361341827271994,0,16,0.0,0.0,0.19361341827271994,0,16,0.0,0.0,0.19361341827271994,1,16,0.0625,0.01111905730833121,0.2832926836802987,5,16,0.3125,0.14164435051961052,0.5559606813326594,1,16,0.0625,0.01111905730833121,0.2832926836802987,10,16,0.625,0.3864064709793481,0.815190174452472,10,16,0.625,0.3864064709793481,0.815190174452472,6,16,0.375,0.18480982554752806,0.613593529020652,0,16,0.0,0.0,0.19361341827271994,0,16,0.0,0.0,0.19361341827271994,0,16,0.0,0.0,0.19361341827271994,9,16,0.5625,0.33178195606776517,0.7690163666481448,311 0.62; 150 0.12,2,38 0.25; 41 0.12; 35 0.12; 53 0.12; 45 0.06; 32 0.06,6,earned income 0.69; other element 0.12,"wrong amount, known item 0.25; change in circumstances 0.19; wrong include/exclude decision 0.19; unreported source of income 0.12",13,3,4,16,0.8125,0.5699064013154177,0.9340852122641324,0.1875,4,0.2,20,5400.0
2-3,cat_elig >   0.50 & shelter_expenses_by_hh_size > 246.00 & unc_rawben_rel_max >   1.63,all_2022_24,168,78,113,23,113,0.20353982300884957,0.13963231737885412,0.28694177951814154,55,113,0.48672566371681414,0.39653058797717566,0.5777936253167196,18,113,0.1592920353982301,0.10319965655551687,0.23778848465446312,3,113,0.02654867256637168,0.009069309551816493,0.07516096459711677,4,113,0.035398230088495575,0.0138499544653361,0.08749751082100028,5,113,0.04424778761061947,0.019045587730049336,0.09941906869369016,5,113,0.04424778761061947,0.019045587730049336,0.09941906869369016,29,113,0.25663716814159293,0.1850368504624997,0.34424039325891465,42,113,0.37168141592920356,0.28817291567663905,0.46362781283101584,14,113,0.12389380530973451,0.07525390958545933,0.19726546707490825,4,113,0.035398230088495575,0.0138499544653361,0.08749751082100028,7,113,0.061946902654867256,0.030327788623800846,0.12237125007474489,5,113,0.04424778761061947,0.019045587730049336,0.09941906869369016,1,113,0.008849557522123894,0.0015638358136017966,0.04843205606052523,0,113,0.0,0.0,0.03287870073672391,0,113,0.0,0.0,0.03287870073672391,11,113,0.09734513274336283,0.05522791315533354,0.16593989009282467,58,113,0.5132743362831859,0.4222063746832804,0.6034694120228243,10,113,0.08849557522123894,0.04877885362602272,0.15527175848473238,45,113,0.39823008849557523,0.31274854918373607,0.49040375273612824,63,113,0.5575221238938053,0.46555055620499053,0.6457111861881296,44,113,0.3893805309734513,0.30452700549540734,0.4815081052870538,0,113,0.0,0.0,0.03287870073672391,1,113,0.008849557522123894,0.0015638358136017966,0.04843205606052523,5,113,0.04424778761061947,0.019045587730049336,0.09941906869369016,45,113,0.39823008849557523,0.31274854918373607,0.49040375273612824,331 0.24; 311 0.19; 363 0.16; 333 0.08; 346 0.05; 342 0.04,6,37 0.23; 38 0.20; 35 0.12; 99 0.10; 52 0.07; 53 0.06,6,unearned income 0.49; earned income 0.20; shelter deduction 0.16,"wrong include/exclude decision 0.37; wrong amount, known item 0.26; unreported source of income 0.12",75,3,6,78,0.9615384615384616,0.8929137832970124,0.9868344132191849,0.038461538461538464,6,0.07142857142857142,84,34088.0
2-3,cat_elig >   0.50 & shelter_expenses_by_hh_size > 246.00 & unc_rawben_rel_max >   1.63,train_2022_23,111,55,74,17,74,0.22972972972972974,0.1486706552074038,0.33746529266622677,37,74,0.5,0.38892400848268727,0.6110759915173127,11,74,0.14864864864864866,0.08507972301585125,0.24689700921986846,3,74,0.04054054054054054,0.013882179579595547,0.11254893180557639,2,74,0.02702702702702703,0.007443196562309684,0.09329471221654377,1,74,0.013513513513513514,0.0023894018749393217,0.07265530429759565,3,74,0.04054054054054054,0.013882179579595547,0.11254893180557639,19,74,0.25675675675675674,0.17097575848977573,0.36654659459649164,25,74,0.33783783783783783,0.24046456345536177,0.4512170052688164,10,74,0.13513513513513514,0.07508967900487225,0.23119385062452902,2,74,0.02702702702702703,0.007443196562309684,0.09329471221654377,5,74,0.06756756756756757,0.029203655548562038,0.14861386104924684,5,74,0.06756756756756757,0.029203655548562038,0.14861386104924684,1,74,0.013513513513513514,0.0023894018749393217,0.07265530429759565,0,74,0.0,0.0,0.049351503566216516,0,74,0.0,0.0,0.049351503566216516,7,74,0.0945945945945946,0.04657934593059061,0.1826245758798552,39,74,0.527027027027027,0.41477158311547435,0.6366148220971626,7,74,0.0945945945945946,0.04657934593059061,0.1826245758798552,28,74,0.3783783783783784,0.2764736658122867,0.492287510730847,42,74,0.5675675675675675,0.4541253909309131,0.6743406221006791,27,74,0.36486486486486486,0.2643839969334518,0.4786839770033634,0,74,0.0,0.0,0.049351503566216516,0,74,0.0,0.0,0.049351503566216516,5,74,0.06756756756756757,0.029203655548562038,0.14861386104924684,31,74,0.4189189189189189,0.3132415706072719,0.5325992137548171,331 0.23; 311 0.22; 363 0.15; 333 0.09; 342 0.05; 350 0.04,6,38 0.26; 37 0.20; 35 0.14; 99 0.09; 52 0.08,5,unearned income 0.50; earned income 0.23; shelter deduction 0.15,"wrong include/exclude decision 0.34; wrong amount, known item 0.26; unreported source of income 0.14; other 0.09",53,2,4,55,0.9636363636363636,0.8767630702509827,0.989970669144275,0.03636363636363636,4,0.06779661016949153,59,18619.0
2-3,cat_elig >   0.50 & shelter_expenses_by_hh_size > 246.00 & unc_rawben_rel_max >   1.63,test_2024,57,23,39,6,39,0.15384615384615385,0.07247373845051469,0.2972976986573431,18,39,0.46153846153846156,0.3156664723404835,0.6143081317826119,7,39,0.1794871794871795,0.08977151811469994,0.3266835162444276,0,39,0.0,0.0,0.08966985360023902,2,39,0.05128205128205128,0.014177657646399527,0.1688593904563791,4,39,0.10256410256410256,0.04061265558286986,0.2357915870224483,2,39,0.05128205128205128,0.014177657646399527,0.1688593904563791,10,39,0.2564102564102564,0.14568625843452188,0.410819567678415,17,39,0.4358974358974359,0.2930452416170466,0.5902457652547789,4,39,0.10256410256410256,0.04061265558286986,0.2357915870224483,2,39,0.05128205128205128,0.014177657646399527,0.1688593904563791,2,39,0.05128205128205128,0.014177657646399527,0.1688593904563791,0,39,0.0,0.0,0.08966985360023902,0,39,0.0,0.0,0.08966985360023902,0,39,0.0,0.0,0.08966985360023902,0,39,0.0,0.0,0.08966985360023902,4,39,0.10256410256410256,0.04061265558286986,0.2357915870224483,19,39,0.48717948717948717,0.3386492878313309,0.6380089135430342,3,39,0.07692307692307693,0.026506914073495688,0.2032137312805527,17,39,0.4358974358974359,0.2930452416170466,0.5902457652547789,21,39,0.5384615384615384,0.3856918682173881,0.6843335276595165,17,39,0.4358974358974359,0.2930452416170466,0.5902457652547789,0,39,0.0,0.0,0.08966985360023902,1,39,0.02564102564102564,0.00454058606523737,0.13181286478627147,0,39,0.0,0.0,0.08966985360023902,14,39,0.358974358974359,0.22741884696491105,0.515821368153105,331 0.26; 363 0.18; 311 0.15; 323 0.10; 346 0.08,5,37 0.28; 99 0.10; 38 0.10; 57 0.10; 35 0.10; 53 0.08,6,unearned income 0.46; shelter deduction 0.18; earned income 0.15,"wrong include/exclude decision 0.44; wrong amount, known item 0.26; other 0.10",22,1,2,23,0.9565217391304348,0.7900841350594088,0.9922835330378734,0.043478260869565216,2,0.08,25,15469.0
4+,HH_size_n >   4.500 & months_since_cert_n >   3.500 & rawben_rel_max >   0.332 & shelter_expenses_by_hh_size > 192.000,all_2022_24,1638,451,694,285,694,0.4106628242074928,0.3746505206182323,0.4476587254914865,137,694,0.19740634005763688,0.16949227243640524,0.22865194825780383,143,694,0.20605187319884727,0.17761673092790037,0.2377233691750456,26,694,0.037463976945244955,0.02569257567834887,0.05432787595422792,2,694,0.002881844380403458,0.0007906451976906056,0.010446288799938655,38,694,0.05475504322766571,0.04014948596640699,0.07426272448364357,63,694,0.09077809798270893,0.0715962707475227,0.11446543723893152,244,694,0.3515850144092219,0.3169668412543519,0.38783722889566485,161,694,0.23198847262247838,0.20211108519090276,0.2648166531382538,82,694,0.11815561959654179,0.09621585254648879,0.14429947356763223,42,694,0.06051873198847262,0.04508182888733811,0.080794301168537,65,694,0.0936599423631124,0.07416417187326302,0.1176294959161035,48,694,0.069164265129683,0.0525613236334108,0.09051068583120124,10,694,0.01440922190201729,0.007845220898842821,0.026319552310435618,0,694,0.0,4.336808689942018e-19,0.005504974194716966,4,694,0.005763688760806916,0.002243564998642468,0.014725328801899088,38,694,0.05475504322766571,0.04014948596640699,0.07426272448364357,357,688,0.5188953488372093,0.48155862032886515,0.5560222363296534,42,688,0.061046511627906974,0.04547774087279029,0.08149005059855231,288,688,0.4186046511627907,0.38229256563827,0.4558206672173432,393,694,0.5662824207492796,0.5291453830683414,0.6026896923986415,274,694,0.39481268011527376,0.35911957116039284,0.43166389603330835,2,694,0.002881844380403458,0.0007906451976906056,0.010446288799938655,7,694,0.010086455331412104,0.004894233019756217,0.020672600485153778,18,694,0.025936599423631124,0.016467910442840048,0.04062470197808757,298,688,0.4331395348837209,0.39658526658137344,0.4704363175500231,311 0.34; 363 0.21; 350 0.07; 312 0.07; 150 0.05; 364 0.04,6,38 0.20; 35 0.12; 52 0.09; 53 0.09; 44 0.08; 99 0.05; 37 0.04; 56 0.04; 39 0.03; 41 0.03,10,earned income 0.41; shelter deduction 0.21; unearned income 0.20,"wrong amount, known item 0.35; wrong include/exclude decision 0.23; unreported source of income 0.12; change in circumstances 0.09",330,121,141,451,0.7317073170731707,0.6889841257184258,0.7705165004336235,0.2682926829268293,141,0.23817567567567569,592,169814.0
4+,HH_size_n >   4.500 & months_since_cert_n >   3.500 & rawben_rel_max >   0.332 & shelter_expenses_by_hh_size > 192.000,train_2022_23,985,262,410,156,410,0.3804878048780488,0.33480684785153997,0.42838757242906983,86,410,0.2097560975609756,0.17313169055901023,0.2517690444081849,86,410,0.2097560975609756,0.17313169055901023,0.2517690444081849,16,410,0.03902439024390244,0.024161189535497063,0.062445860118283514,1,410,0.0024390243902439024,0.00043066643972597407,0.013684879218322902,21,410,0.05121951219512195,0.03374146904600561,0.07702941527301886,44,410,0.1073170731707317,0.08091931417989794,0.14100520959924845,117,410,0.28536585365853656,0.24380338157137593,0.3309131283203314,107,410,0.26097560975609757,0.22082381763319134,0.30556502292802823,40,410,0.0975609756097561,0.07246553015370547,0.13012792589324584,30,410,0.07317073170731707,0.05173157748915197,0.10253420922731152,40,410,0.0975609756097561,0.07246553015370547,0.13012792589324584,34,410,0.08292682926829269,0.05994802095811764,0.11364883349054097,4,410,0.00975609756097561,0.0038002510203090003,0.024813595436886215,0,410,0.0,0.0,0.009282778725000097,3,410,0.007317073170731708,0.002491477471922762,0.021289602052223675,35,410,0.08536585365853659,0.06201922027463238,0.11641040110707501,220,410,0.5365853658536586,0.4882000953611008,0.5842914086346309,31,410,0.07560975609756097,0.053774864270112806,0.10532368937939945,159,410,0.3878048780487805,0.3418896771824418,0.4358030438973144,243,410,0.5926829268292683,0.5444760336998342,0.6391691097560193,148,410,0.36097560975609755,0.3159741923439778,0.4085580924722418,2,410,0.004878048780487805,0.0013387297751783628,0.017609582815919293,0,410,0.0,0.0,0.009282778725000097,17,410,0.041463414634146344,0.026046211351327134,0.06539360523550224,180,410,0.43902439024390244,0.39177303720476797,0.48740778946901253,311 0.32; 363 0.21; 350 0.06; 312 0.06; 150 0.05; 364 0.04; 323 0.03,7,38 0.20; 52 0.11; 53 0.10; 35 0.10; 99 0.09; 44 0.08; 37 0.04; 39 0.03; 64 0.03,9,earned income 0.38; shelter deduction 0.21; unearned income 0.21,"wrong amount, known item 0.29; wrong include/exclude decision 0.26; unreported source of income 0.10; change in circumstances 0.10; other 0.09",183,79,90,262,0.6984732824427481,0.640363313807658,0.7508470911853905,0.3015267175572519,90,0.2556818181818182,352,91800.0
4+,HH_size_n >   4.500 & months_since_cert_n >   3.500 & rawben_rel_max >   0.332 & shelter_expenses_by_hh_size > 192.000,test_2024,653,189,284,129,284,0.45422535211267606,0.3973126589430546,0.5123598831773339,51,284,0.1795774647887324,0.13930527433368314,0.22840252050903595,57,284,0.2007042253521127,0.15825534157091337,0.25114204921624184,10,284,0.035211267605633804,0.01923630319946255,0.06359258602294311,1,284,0.0035211267605633804,0.0006218199843119887,0.019672675321439508,17,284,0.05985915492957746,0.03770518697670816,0.09376156418087295,19,284,0.06690140845070422,0.043244291127090134,0.1021189920119697,127,284,0.4471830985915493,0.3904439170712117,0.5053320930676981,54,284,0.19014084507042253,0.1487543035911974,0.2397982892237397,42,284,0.14788732394366197,0.11130799619082943,0.19386540473523545,12,284,0.04225352112676056,0.024333154764123042,0.07239226643976134,25,284,0.0880281690140845,0.06033523993988061,0.12671763914361533,14,284,0.04929577464788732,0.029588164726077643,0.08103378845928542,6,284,0.02112676056338028,0.009717562640298497,0.04531826261914976,0,284,0.0,0.0,0.013346229315012146,1,284,0.0035211267605633804,0.0006218199843119887,0.019672675321439508,3,284,0.01056338028169014,0.0035988169069591756,0.03059221038027102,137,278,0.49280575539568344,0.4345352284132508,0.5512724025397383,11,278,0.039568345323741004,0.022235372994282604,0.06945300799702599,129,278,0.46402877697841727,0.40629372639605427,0.5227444283688917,150,284,0.528169014084507,0.4701206396773603,0.5854654882485544,126,284,0.44366197183098594,0.3870138537321667,0.5018138904160039,0,284,0.0,0.0,0.013346229315012146,7,284,0.02464788732394366,0.011989503118891395,0.04999458813129621,1,284,0.0035211267605633804,0.0006218199843119887,0.019672675321439508,118,278,0.4244604316546763,0.3677763719435046,0.48320375306288205,311 0.38; 363 0.20; 312 0.07; 350 0.07; 323 0.05,5,38 0.20; 35 0.15; 56 0.10; 44 0.08; 53 0.07; 52 0.06; 57 0.04; 41 0.04; 37 0.04,9,earned income 0.45; shelter deduction 0.20; unearned income 0.18,"wrong amount, known item 0.45; wrong include/exclude decision 0.19; unreported source of income 0.15",147,42,51,189,0.7777777777777778,0.7133055600940731,0.8311827660762138,0.2222222222222222,51,0.2125,240,78014.0
4+,HH_size_n > 4.5 & HH_size_n <= 6.5 & months_since_cert_n > 4.5,all_2022_24,2626,643,997,400,997,0.4012036108324975,0.3712139139105686,0.43195174187352364,198,997,0.19859578736208625,0.17500928378272923,0.22449609249259744,168,997,0.16850551654964896,0.14655253291947318,0.19300329689415568,41,997,0.041123370110330994,0.03045660222923334,0.05531281422987468,4,997,0.004012036108324975,0.0015612499308338178,0.010270392558846868,43,997,0.04312938816449348,0.032175475141827364,0.057590577748060506,143,997,0.14343029087261785,0.12304008219315458,0.16655779223572612,313,997,0.3139418254764293,0.2858944292869332,0.34341754175823525,220,997,0.22066198595787362,0.19601969658846657,0.24744868042543855,113,997,0.11334002006018054,0.09512807222502699,0.13452025574215587,88,997,0.08826479438314945,0.07219902358116045,0.10749134900127419,103,997,0.10330992978936811,0.08591450101768339,0.12375064479560019,63,997,0.06318956870611836,0.04969947745154432,0.08003293974614215,9,997,0.009027081243731194,0.0047562965755000184,0.017066936991130308,5,997,0.0050150451354062184,0.0021439413500498857,0.011686019355020727,10,997,0.010030090270812437,0.005457093076134644,0.01836445870588561,73,997,0.0732196589769308,0.05863591119524312,0.09107968815634263,492,993,0.4954682779456193,0.4644476349420586,0.5265238493940687,75,993,0.0755287009063444,0.06067930791122185,0.09364972490602817,425,993,0.42799597180261834,0.3975563667611161,0.4589905510240166,583,997,0.5847542627883651,0.5538982037682978,0.6149596854321511,387,997,0.3881644934804413,0.3583982383919651,0.41878928059205794,1,997,0.0010030090270812437,0.00017707311405722268,0.005659614729453679,4,997,0.004012036108324975,0.0015612499308338178,0.010270392558846868,22,997,0.022066198595787363,0.014616580506457975,0.03318478986024141,450,993,0.45317220543806647,0.4224491936761659,0.48425614446381554,311 0.34; 363 0.17; 350 0.08; 150 0.07; 312 0.05; 364 0.04,6,38 0.18; 35 0.11; 52 0.10; 44 0.09; 53 0.07; 99 0.07; 37 0.04; 39 0.04; 41 0.03; 12 0.03,10,earned income 0.40; unearned income 0.20; shelter deduction 0.17,"wrong amount, known item 0.31; wrong include/exclude decision 0.22; unreported source of income 0.11; change in circumstances 0.10",426,217,209,643,0.6625194401244168,0.6251012511056017,0.6980072193452783,0.33748055987558323,209,0.24530516431924881,852,243984.0
4+,HH_size_n > 4.5 & HH_size_n <= 6.5 & months_since_cert_n > 4.5,train_2022_23,1764,426,655,252,655,0.3847328244274809,0.34824728959758916,0.42256256818916854,138,655,0.21068702290076335,0.1811889833197077,0.2435589378801679,109,655,0.166412213740458,0.13985059564783484,0.19686402589397425,32,655,0.04885496183206107,0.03481613744375746,0.06815489535077159,4,655,0.0061068702290076335,0.0023772913843666888,0.015596072774787802,27,655,0.04122137404580153,0.02848204823024526,0.05931082945082404,93,655,0.14198473282442747,0.11733838387557771,0.17080614130316019,184,655,0.28091603053435116,0.2478499963233295,0.3165369519203758,150,655,0.22900763358778625,0.19846286271450336,0.26271263075767565,65,655,0.09923664122137404,0.07862409355837312,0.12452276298499025,56,655,0.08549618320610687,0.06642507085308788,0.10940110648604795,71,655,0.1083969465648855,0.08683189825808216,0.1345287444214329,50,655,0.07633587786259542,0.05838004837354738,0.09923234282943674,5,655,0.007633587786259542,0.003264844291787812,0.017744150890058624,2,655,0.0030534351145038168,0.0008377442675081047,0.011064357846262488,8,655,0.012213740458015267,0.006201531560010468,0.023914356689911813,64,655,0.09770992366412214,0.07726164801400927,0.12284957750666213,338,655,0.516030534351145,0.47777660747075756,0.5540975182675077,50,655,0.07633587786259542,0.05838004837354738,0.09923234282943674,267,655,0.4076335877862595,0.3706454517252701,0.4456988714018669,392,655,0.5984732824427481,0.5604625125014923,0.6353356884621385,243,655,0.3709923664122137,0.3348496931293374,0.4086394854531928,1,655,0.0015267175572519084,0.0002695470590658019,0.008596924032012843,0,655,0.0,0.0,0.005830840068386694,19,655,0.02900763358778626,0.01864763327854877,0.04486019622098495,291,655,0.4442748091603053,0.4066562350042276,0.48254323266751614,311 0.33; 363 0.17; 350 0.07; 150 0.07; 312 0.05; 364 0.05; 333 0.03,7,38 0.18; 52 0.11; 35 0.10; 99 0.10; 44 0.09; 53 0.08; 39 0.04; 37 0.03; 41 0.03,9,earned income 0.38; unearned income 0.21; shelter deduction 0.17,"wrong amount, known item 0.28; wrong include/exclude decision 0.23; change in circumstances 0.11; unreported source of income 0.10; other 0.10",273,153,144,426,0.6408450704225352,0.5942144531457968,0.68495815369356,0.3591549295774648,144,0.25263157894736843,570,149159.0
4+,HH_size_n > 4.5 & HH_size_n <= 6.5 & months_since_cert_n > 4.5,test_2024,862,217,342,148,342,0.4327485380116959,0.3812718811882667,0.48571925001168137,60,342,0.17543859649122806,0.13879613122737064,0.21929150195498795,59,342,0.17251461988304093,0.13616565547141585,0.21613898341528837,9,342,0.02631578947368421,0.013905228526170613,0.04924969557781224,0,342,0.0,0.0,0.011107975443093023,16,342,0.04678362573099415,0.028999011431509777,0.07463687274205406,50,342,0.14619883040935672,0.11268562038908293,0.18757206983673141,129,342,0.37719298245614036,0.327455954503209,0.4296582850793051,70,342,0.2046783625730994,0.16530935169368283,0.2506082244452201,48,342,0.14035087719298245,0.10751970636218,0.18117199527232553,32,342,0.0935672514619883,0.06705809416750706,0.1291056987365276,32,342,0.0935672514619883,0.06705809416750706,0.1291056987365276,13,342,0.038011695906432746,0.02234638114918515,0.06394052013741541,4,342,0.011695906432748537,0.0045573783097931225,0.0296825743159176,3,342,0.008771929824561403,0.0029875900034154954,0.025469368326640807,2,342,0.005847953216374269,0.0016051537631270336,0.021068810271274843,9,342,0.02631578947368421,0.013905228526170613,0.04924969557781224,154,338,0.4556213017751479,0.40332225958387613,0.5089177954591614,25,338,0.07396449704142012,0.05059818291465008,0.10690634549850968,158,338,0.46745562130177515,0.41492787940412973,0.520714827627431,191,342,0.5584795321637427,0.5054903962067321,0.6101694897063565,144,342,0.42105263157894735,0.36988603408415954,0.4739731199331709,0,342,0.0,0.0,0.011107975443093023,4,342,0.011695906432748537,0.0045573783097931225,0.0296825743159176,3,342,0.008771929824561403,0.0029875900034154954,0.025469368326640807,159,338,0.47041420118343197,0.4178339066239715,0.5236594634047202,311 0.37; 363 0.17; 150 0.09; 350 0.08; 312 0.05,5,38 0.17; 35 0.14; 44 0.08; 56 0.07; 52 0.06; 53 0.06; 37 0.06; 57 0.04; 41 0.04; 12 0.03; 99 0.03,11,earned income 0.43; unearned income 0.18; shelter deduction 0.17,"wrong amount, known item 0.38; wrong include/exclude decision 0.20; unreported source of income 0.14; household composition 0.09",153,64,65,217,0.7050691244239631,0.6412522930429461,0.7617514888532184,0.29493087557603687,65,0.23049645390070922,282,94825.0
4+,HH_size_n <=  6.500 & months_since_cert_n >  4.500 & rawben_rel_max <=  0.853 & total_deductions_by_hh_size > 73.400,all_2022_24,2727,723,1122,469,1122,0.4180035650623886,0.38947038154200175,0.44709632553295453,186,1122,0.1657754010695187,0.14516296943782442,0.1886687170090079,206,1122,0.1836007130124777,0.16203909131701608,0.20732157185265185,57,1122,0.05080213903743316,0.03941629684890972,0.06525348973563291,5,1122,0.004456327985739751,0.0019049057019139481,0.010389541403256087,76,1122,0.0677361853832442,0.054458214691127556,0.08396409978010891,123,1122,0.10962566844919786,0.09265928366962731,0.12925612610027282,379,1122,0.33778966131907306,0.3107103033231319,0.3659760084990641,260,1122,0.23172905525846701,0.2079804110810869,0.25730848924023714,114,1122,0.10160427807486631,0.08526292902042008,0.12066444122420404,72,1122,0.06417112299465241,0.05126641306586187,0.0800501060608075,114,1122,0.10160427807486631,0.08526292902042008,0.12066444122420404,73,1122,0.06506238859180036,0.05206323964928425,0.08102972831352687,12,1122,0.0106951871657754,0.006128495436206794,0.0186010935219557,2,1122,0.0017825311942959,0.000488960293846017,0.006476140302898676,5,1122,0.004456327985739751,0.0019049057019139481,0.010389541403256087,91,1122,0.08110516934046345,0.06652375484814038,0.09854529216522279,547,1115,0.4905829596412556,0.46132221629227066,0.5199083707720645,88,1115,0.07892376681614349,0.06450476110001516,0.09623434620525487,479,1115,0.4295964125560538,0.4008307807517448,0.4588455130149511,614,1120,0.5482142857142858,0.5189522285634051,0.5771467234597271,460,1120,0.4107142857142857,0.3822547240266587,0.4397842537082819,3,1120,0.0026785714285714286,0.0009113485476635137,0.00784575743595553,8,1120,0.007142857142857143,0.0036237206845659703,0.014031436412306045,35,1120,0.03125,0.022554240886087148,0.04315039222235091,449,1115,0.4026905829596413,0.3742847148944917,0.43176468477030455,311 0.36; 363 0.18; 350 0.07; 150 0.06; 323 0.05; 364 0.05,6,38 0.18; 35 0.10; 52 0.10; 44 0.09; 53 0.09; 99 0.08; 41 0.04; 37 0.03; 56 0.03; 39 0.02,10,earned income 0.42; shelter deduction 0.18; unearned income 0.17,"wrong amount, known item 0.34; wrong include/exclude decision 0.23; unreported source of income 0.10; change in circumstances 0.10",479,244,227,723,0.6625172890733056,0.6272711885883367,0.6960454735289664,0.33748271092669435,227,0.23894736842105263,950,237693.0
4+,HH_size_n <=  6.500 & months_since_cert_n >  4.500 & rawben_rel_max <=  0.853 & total_deductions_by_hh_size > 73.400,train_2022_23,1820,474,734,303,734,0.4128065395095368,0.377732262803537,0.44878876826871483,133,734,0.18119891008174388,0.1550158514986608,0.21070166835925994,136,734,0.18528610354223432,0.15884196260411265,0.21500738392229624,38,734,0.051771117166212535,0.03794811454590269,0.07026156080989183,4,734,0.005449591280653951,0.0021211855006181765,0.013927787612310127,48,734,0.0653950953678474,0.049676325749836436,0.08563943850091874,72,734,0.09809264305177112,0.07862124654039165,0.1217491310582691,221,734,0.3010899182561308,0.2690089522524432,0.33524214988113127,180,734,0.2452316076294278,0.2154863212162055,0.27762981644803036,71,734,0.09673024523160763,0.07739808744068352,0.12026168126848116,44,734,0.05994550408719346,0.04495521674628199,0.07951811194648892,78,734,0.10626702997275204,0.08598564847471504,0.13064838246092209,55,734,0.07493188010899182,0.05801911434448288,0.09627091213274473,6,734,0.008174386920980926,0.003751573650239811,0.017718617241680622,2,734,0.0027247956403269754,0.000747539902985689,0.009880215430950485,4,734,0.005449591280653951,0.0021211855006181765,0.013927787612310127,73,734,0.0994550408719346,0.0798456536464085,0.12323533284174831,376,732,0.5136612021857924,0.4774761310419603,0.5497036315591212,61,732,0.08333333333333333,0.06542045241725428,0.10559678824975882,295,732,0.4030054644808743,0.3680673411827917,0.43895634434952935,399,732,0.5450819672131147,0.5088658196574166,0.5808273969261525,301,732,0.41120218579234974,0.3761098759707812,0.44722166712218886,1,732,0.001366120218579235,0.00024118827681363824,0.007697476783710258,0,732,0.0,0.0,0.005220688800415742,31,732,0.04234972677595628,0.02999313104457601,0.05948482181919249,290,732,0.39617486338797814,0.3613730375689561,0.4320607666628242,311 0.35; 363 0.19; 350 0.07; 364 0.05; 312 0.05; 323 0.05,6,38 0.19; 53 0.11; 52 0.10; 99 0.10; 35 0.10; 44 0.10; 41 0.03; 37 0.03,8,earned income 0.41; shelter deduction 0.19; unearned income 0.18,"wrong amount, known item 0.30; wrong include/exclude decision 0.25; change in circumstances 0.11; other 0.10",306,168,151,474,0.6455696202531646,0.6014938397033555,0.6873047914748426,0.35443037974683544,151,0.2416,625,148187.0
4+,HH_size_n <=  6.500 & months_since_cert_n >  4.500 & rawben_rel_max <=  0.853 & total_deductions_by_hh_size > 73.400,test_2024,907,249,388,166,388,0.42783505154639173,0.3795483288949105,0.477536778965,53,388,0.13659793814432988,0.10597062801564988,0.1743508079931863,70,388,0.18041237113402062,0.14534261702999193,0.2217485749210413,19,388,0.04896907216494845,0.031570457775774614,0.07521146634866749,1,388,0.002577319587628866,0.00045509345415400623,0.014452971437373587,28,388,0.07216494845360824,0.0503971627220305,0.10232169101886888,51,388,0.13144329896907217,0.10140643313544567,0.16870679629195562,158,388,0.4072164948453608,0.35947002379462034,0.4567822577395505,80,388,0.20618556701030927,0.1689046617184032,0.24922756313980474,43,388,0.11082474226804123,0.083324617890363,0.14595578521129848,28,388,0.07216494845360824,0.0503971627220305,0.10232169101886888,36,388,0.09278350515463918,0.0677726587864125,0.12577902128022667,18,388,0.04639175257731959,0.029543367703765703,0.07213445312995895,6,388,0.015463917525773196,0.0071059250077388225,0.03332265633737614,0,388,0.0,0.0,0.00980396160081012,1,388,0.002577319587628866,0.00045509345415400623,0.014452971437373587,18,388,0.04639175257731959,0.029543367703765703,0.07213445312995895,171,383,0.4464751958224543,0.3974638027154851,0.4965496642953018,27,383,0.07049608355091384,0.048897976848685035,0.1006247218476289,184,383,0.4804177545691906,0.43082367004312977,0.530400769107158,215,388,0.5541237113402062,0.5043736526794923,0.6028125164255748,159,388,0.4097938144329897,0.3619750491823915,0.4593813356424968,2,388,0.005154639175257732,0.0014146984018567291,0.018597469780388336,8,388,0.020618556701030927,0.010483836320753536,0.04015295160579637,4,388,0.010309278350515464,0.004016111502942288,0.026204263260737725,159,383,0.4151436031331593,0.3668754602586894,0.46509710939255805,311 0.38; 363 0.18; 150 0.07; 350 0.06; 323 0.06,5,38 0.15; 35 0.11; 44 0.09; 56 0.08; 52 0.08; 53 0.06; 99 0.05; 37 0.05; 41 0.04; 54 0.04,10,earned income 0.43; shelter deduction 0.18; unearned income 0.14; other element 0.13,"wrong amount, known item 0.41; wrong include/exclude decision 0.21; unreported source of income 0.11; change in circumstances 0.09",173,76,76,249,0.6947791164658634,0.634980002264596,0.7486593988466134,0.30522088353413657,76,0.23384615384615384,325,89506.0
4+,months_since_cert_n >   4.500 & shelter_expenses_by_hh_size > 192.000 & total_deductions_by_hh_size >  73.400 & unc_rawben_rel_max >   0.336,all_2022_24,2942,750,1135,465,1135,0.40969162995594716,0.3814323877095497,0.43856013802888494,200,1135,0.1762114537444934,0.15514836917789768,0.1994589792013677,220,1135,0.19383259911894274,0.17188329535364186,0.2178474626376363,46,1135,0.04052863436123348,0.030521093591593912,0.05363600077517315,3,1135,0.0026431718061674008,0.0008992989544991717,0.007742464746440449,64,1135,0.05638766519823789,0.044403592155662405,0.07136457086191615,137,1135,0.12070484581497798,0.10301965880316946,0.14094894929825572,365,1135,0.32158590308370044,0.2950529035116175,0.3493225741667533,243,1135,0.21409691629955946,0.19121785815985154,0.2389048208852413,144,1135,0.12687224669603525,0.1087593101466446,0.14750249131898505,85,1135,0.07488986784140969,0.06096939588204863,0.09167834722814333,121,1135,0.1066079295154185,0.08996166729665506,0.1259082131151599,68,1135,0.05991189427312775,0.04753302870452945,0.07525981623545167,15,1135,0.013215859030837005,0.008025074296122387,0.021690735172024894,4,1135,0.003524229074889868,0.001371309233213023,0.009026624948327237,5,1135,0.004405286343612335,0.0018830708758830255,0.010271033786257874,85,1135,0.07488986784140969,0.06096939588204863,0.09167834722814333,547,1125,0.4862222222222222,0.45711195187204173,0.5154262678392093,82,1125,0.07288888888888889,0.05910812588845481,0.08957668516032301,495,1125,0.44,0.41124604451927627,0.4691623316426229,603,1133,0.5322153574580759,0.5031012978750177,0.5611116936270527,488,1133,0.43071491615180935,0.40216310997351623,0.45973497679600384,3,1133,0.00264783759929391,0.0009008871245192629,0.007756079685984504,11,1133,0.009708737864077669,0.005429695417155955,0.0173013517225687,28,1133,0.02471315092674316,0.01715266153472434,0.0354858063045947,450,1125,0.4,0.3717594083556605,0.42892121858083804,311 0.34; 363 0.19; 312 0.07; 150 0.06; 350 0.06; 323 0.04,6,38 0.17; 35 0.13; 53 0.10; 44 0.08; 99 0.07; 52 0.07; 39 0.04; 56 0.04; 37 0.03; 41 0.03,10,earned income 0.41; shelter deduction 0.19; unearned income 0.18,"wrong amount, known item 0.32; wrong include/exclude decision 0.21; unreported source of income 0.13; change in circumstances 0.11",547,203,254,750,0.7293333333333333,0.6964258027157175,0.7599034844979358,0.27066666666666667,254,0.25298804780876494,1004,252805.0
4+,months_since_cert_n >   4.500 & shelter_expenses_by_hh_size > 192.000 & total_deductions_by_hh_size >  73.400 & unc_rawben_rel_max >   0.336,train_2022_23,1912,464,697,279,697,0.40028694404591103,0.36455471389469163,0.43711231043719745,140,697,0.20086083213773315,0.1727929402066484,0.23220813278901856,137,697,0.19655667144906744,0.16875129793923702,0.22768863941607984,28,697,0.040172166427546625,0.027937769145354736,0.05744757327724118,1,697,0.0014347202295552368,0.00025330174433041506,0.00808181991511446,37,697,0.05308464849354376,0.0387554185922485,0.07231333075139779,75,697,0.10760401721664276,0.08671187921565203,0.1327979215724291,193,697,0.2769010043041607,0.24497241831238126,0.3112753843294711,165,697,0.23672883787661406,0.20666782229010597,0.26967604770847864,81,697,0.11621233859397417,0.09449577434838952,0.14213629772039182,52,697,0.0746054519368723,0.057344593076401607,0.09652983446899524,83,697,0.11908177905308465,0.09709971104888088,0.14523978478013386,48,697,0.06886657101865136,0.05233337393406454,0.0901262060908655,6,697,0.00860832137733142,0.003951017962517973,0.018652663097510427,2,697,0.0028694404591104736,0.0007872406063191856,0.010401592933242394,4,697,0.005738880918220947,0.002233898820271419,0.01466235847952357,63,697,0.09038737446197992,0.07128528828277511,0.11397996994390552,363,695,0.5223021582733813,0.4851450491749744,0.5592140731211225,56,695,0.08057553956834532,0.06256963338210556,0.1031926795654923,276,695,0.3971223021582734,0.36140541412669336,0.4339702475396986,379,695,0.5453237410071943,0.5081551670671943,0.5819940169539058,292,695,0.4201438848920863,0.38398488434725814,0.4571808390441369,1,695,0.0014388489208633094,0.00025403079986641326,0.008104944968032922,0,695,0.0,0.0,0.0054970969100866345,23,695,0.033093525179856115,0.02215143269532838,0.049168877944450365,276,695,0.3971223021582734,0.36140541412669336,0.4339702475396986,311 0.33; 363 0.20; 350 0.07; 312 0.07; 150 0.05; 364 0.04,6,38 0.19; 53 0.12; 35 0.12; 99 0.09; 44 0.08; 52 0.08; 39 0.05; 37 0.03,8,earned income 0.40; unearned income 0.20; shelter deduction 0.20,"wrong amount, known item 0.28; wrong include/exclude decision 0.24; change in circumstances 0.12; unreported source of income 0.12; other 0.09",332,132,158,464,0.7155172413793104,0.6728260943603391,0.7546690236454133,0.28448275862068967,158,0.2540192926045016,622,145391.0
4+,months_since_cert_n >   4.500 & shelter_expenses_by_hh_size > 192.000 & total_deductions_by_hh_size >  73.400 & unc_rawben_rel_max >   0.336,test_2024,1030,286,438,186,438,0.4246575342465753,0.3792180844056346,0.4714071170240181,60,438,0.136986301369863,0.10792705401154615,0.17235800742223464,83,438,0.18949771689497716,0.15555499381789895,0.2288397757103664,18,438,0.0410958904109589,0.026150562654226054,0.06402111878093081,2,438,0.0045662100456621,0.0012530876972149567,0.016494448976561348,27,438,0.06164383561643835,0.04270759078385865,0.08820267207957479,62,438,0.1415525114155251,0.1120158525721559,0.1773222269567975,172,438,0.3926940639269406,0.34808160408461125,0.4391724706788334,78,438,0.1780821917808219,0.14509785781039605,0.2166643664799379,63,438,0.14383561643835616,0.11406448783798197,0.17980010073855773,33,438,0.07534246575342465,0.05414802695972362,0.10392129018922752,38,438,0.0867579908675799,0.06385970649762372,0.11684215588925882,20,438,0.045662100456621,0.029750674590745235,0.0694740249395842,9,438,0.02054794520547945,0.010847131320454104,0.03858596868642619,2,438,0.0045662100456621,0.0012530876972149567,0.016494448976561348,1,438,0.00228310502283105,0.0004031274789038867,0.012817900147286133,22,438,0.0502283105022831,0.03340077519159999,0.07487694243390201,184,430,0.42790697674418604,0.3819825261870131,0.47510817235365244,26,430,0.06046511627906977,0.04159348732986945,0.0871207715148333,219,430,0.5093023255813953,0.46217793408221575,0.5562619757835047,224,438,0.5114155251141552,0.46470611839955495,0.5579264268383766,196,438,0.4474885844748858,0.4015785264560043,0.4943117654495112,2,438,0.0045662100456621,0.0012530876972149567,0.016494448976561348,11,438,0.02511415525114155,0.014079961664788507,0.04440615643726435,5,438,0.01141552511415525,0.004885543340780316,0.026441520475754838,174,430,0.4046511627906977,0.35930107831353825,0.4516898455628258,311 0.36; 363 0.19; 150 0.08; 312 0.07; 323 0.05; 350 0.04,6,38 0.16; 35 0.14; 56 0.09; 44 0.07; 53 0.06; 52 0.06; 99 0.05; 57 0.04; 41 0.04; 37 0.04; 54 0.03,11,earned income 0.42; shelter deduction 0.19; other element 0.14,"wrong amount, known item 0.39; wrong include/exclude decision 0.18; unreported source of income 0.14; change in circumstances 0.09",215,71,96,286,0.7517482517482518,0.6985652040668988,0.798257888270433,0.24825174825174826,96,0.2513089005235602,382,107414.0
4+,HH_size_n > 4.500 & married <= 0.500 & rawben_rel_max <= 0.928,all_2022_24,2949,778,1212,424,1212,0.34983498349834985,0.32349746126751605,0.37712143514135815,290,1212,0.23927392739273928,0.21610190889773134,0.2640935376143801,208,1212,0.1716171617161716,0.15143531863209203,0.1938741361521496,75,1212,0.06188118811881188,0.049651575319881305,0.07687938068623003,4,1212,0.0033003300330033004,0.0012841388072119754,0.008455287775987677,67,1212,0.05528052805280528,0.04376342887041597,0.06960791818663489,144,1212,0.1188118811881188,0.10178858757188998,0.13824399561986786,422,1212,0.3481848184818482,0.3218817951235224,0.3754471990480867,310,1212,0.25577557755775576,0.23201065920165762,0.28108380968310487,122,1212,0.10066006600660066,0.08496231552792283,0.11888134305391873,100,1212,0.08250825082508251,0.06830559256283371,0.09934914140909158,80,1212,0.066006600660066,0.05335394092395564,0.08140177067531847,64,1212,0.052805280528052806,0.041567913939083344,0.06686857976206982,18,1212,0.01485148514851485,0.009414585394424812,0.023354156849630662,5,1212,0.004125412541254125,0.0017633520029289402,0.00962102569890327,13,1212,0.010726072607260726,0.0062789392784857855,0.018265047372406897,78,1212,0.06435643564356436,0.051871075202840726,0.07959473415916828,790,1206,0.6550580431177446,0.627775358035508,0.6813560191629616,74,1206,0.06135986733001658,0.049157813985361135,0.07634754142645477,342,1206,0.2835820895522388,0.2588611128716474,0.30967744622567567,727,1211,0.6003303055326177,0.572466261727388,0.6275598157464161,441,1211,0.36416184971098264,0.3375286785285798,0.39165412192869786,1,1211,0.0008257638315441783,0.00014577871787490064,0.0046627494062854834,8,1211,0.006606110652353427,0.003351118305738964,0.012981545969175558,34,1211,0.028075970272502065,0.020159958854707914,0.03897663969443627,532,1206,0.44112769485903813,0.41333513061739385,0.4692941325853262,311 0.33; 363 0.17; 350 0.14; 150 0.07; 364 0.06,5,38 0.17; 52 0.13; 44 0.13; 35 0.10; 53 0.08; 99 0.06; 37 0.03; 56 0.03; 41 0.03,9,earned income 0.35; unearned income 0.24; shelter deduction 0.17,"wrong amount, known item 0.35; wrong include/exclude decision 0.26; unreported source of income 0.10; household composition 0.08",490,288,263,778,0.6298200514138818,0.5953298534722652,0.6630345006373141,0.37017994858611825,263,0.2526416906820365,1041,265049.0
4+,HH_size_n > 4.500 & married <= 0.500 & rawben_rel_max <= 0.928,train_2022_23,1885,486,745,247,745,0.3315436241610738,0.29867826415883825,0.3661373657420647,184,745,0.24697986577181208,0.21736223071362354,0.2791935161893263,134,745,0.17986577181208055,0.15394990792804317,0.20906624929399156,52,745,0.0697986577181208,0.05362222953638175,0.09038900060895204,3,745,0.004026845637583893,0.0013703910031627273,0.011772041254874221,32,745,0.042953020134228186,0.03058769418275457,0.06000770009021317,93,745,0.12483221476510067,0.10300482641613525,0.15050886726754903,236,745,0.3167785234899329,0.28438407649706476,0.3510528436740369,202,745,0.27114093959731544,0.24045282188339445,0.30417717730468485,72,745,0.09664429530201342,0.07744954630470116,0.11997751971299872,64,745,0.08590604026845637,0.06784728893677205,0.10821344273198139,45,745,0.06040268456375839,0.045446277378274336,0.07986941021173136,48,745,0.06442953020134229,0.048937654494962686,0.08439040847589793,12,745,0.016107382550335572,0.009237608333422057,0.02794195006717963,2,745,0.0026845637583892616,0.0007364977666972829,0.009735142697721359,8,745,0.010738255033557046,0.005451009369527659,0.021045381856600803,56,745,0.07516778523489932,0.05833722680460404,0.09635717051520298,489,744,0.657258064516129,0.6224231171173233,0.6904773687609695,58,744,0.07795698924731183,0.06078745457514306,0.09946252349507931,197,744,0.2647849462365591,0.23434700326063962,0.29763944948550336,452,744,0.6075268817204301,0.5719725096434569,0.6419765405297349,267,744,0.3588709677419355,0.32520930021396116,0.39398257143372467,1,744,0.0013440860215053765,0.00023729749697588625,0.007573982324847347,0,744,0.0,0.0,0.005136916694658334,24,744,0.03225806451612903,0.02177148627648045,0.04755014547013541,320,744,0.43010752688172044,0.39498044230661944,0.46595267508080596,311 0.31; 363 0.18; 350 0.14; 150 0.08; 364 0.07,5,38 0.18; 52 0.14; 44 0.13; 53 0.11; 35 0.10; 99 0.08; 13 0.03; 37 0.02,8,earned income 0.33; unearned income 0.25; shelter deduction 0.18,"wrong amount, known item 0.32; wrong include/exclude decision 0.27; unreported source of income 0.10; household composition 0.09",302,184,170,486,0.6213991769547325,0.577482476361216,0.6634117229064654,0.3786008230452675,170,0.25914634146341464,656,152459.0
4+,HH_size_n > 4.500 & married <= 0.500 & rawben_rel_max <= 0.928,test_2024,1064,292,467,177,467,0.37901498929336186,0.3361694732614632,0.4238347404698639,106,467,0.22698072805139186,0.1913065087309253,0.2671100797778216,74,467,0.15845824411134904,0.12814257934175424,0.19434719216526639,23,467,0.04925053533190578,0.03303925922412966,0.07281714768638971,1,467,0.0021413276231263384,0.00037808723823599434,0.01202863298359657,35,467,0.07494646680942184,0.054379362206860744,0.10244960107930598,51,467,0.10920770877944326,0.08404330408184128,0.14074906770518858,186,467,0.39828693790149894,0.35488977511157976,0.4433438559014829,108,467,0.23126338329764454,0.19530733698983777,0.271604677581517,50,467,0.10706638115631692,0.08215996439172504,0.1383846943640009,36,467,0.07708779443254818,0.056199459959653524,0.10487721635781716,35,467,0.07494646680942184,0.054379362206860744,0.10244960107930598,16,467,0.034261241970021415,0.0211970401877437,0.054925375503648066,6,467,0.01284796573875803,0.005901200817111617,0.027744084561240674,3,467,0.006423982869379015,0.0021870501386622634,0.01871509614577819,5,467,0.010706638115631691,0.004581597860463832,0.024815974486584517,22,467,0.047109207708779445,0.03131303303594351,0.07029566084327193,301,462,0.6515151515151515,0.6069772097267031,0.6935541296813702,16,462,0.03463203463203463,0.02142763459620388,0.055511822936141875,145,462,0.31385281385281383,0.2732185772365313,0.3575572057764068,275,467,0.588865096359743,0.5436895586408682,0.6325905321582456,174,467,0.37259100642398285,0.3299454501947796,0.4173156244426357,0,467,0.0,0.0,0.00815900719052862,8,467,0.017130620985010708,0.008705241801953789,0.0334354696390064,10,467,0.021413276231263382,0.01167192120502855,0.03896421629853952,212,462,0.4588744588744589,0.4139608417734207,0.5044663661015307,311 0.35; 363 0.16; 350 0.14; 150 0.07; 323 0.06,5,38 0.15; 44 0.12; 52 0.11; 35 0.11; 56 0.08; 53 0.05; 37 0.05; 99 0.05; 41 0.03,9,earned income 0.38; unearned income 0.23; shelter deduction 0.16,"wrong amount, known item 0.40; wrong include/exclude decision 0.23; unreported source of income 0.11; household composition 0.08",188,104,93,292,0.6438356164383562,0.5873677633309442,0.6965679644368883,0.3561643835616438,93,0.24155844155844156,385,112590.0
4+,HH_size_n >  4.500 & rawben_rel_max >  0.312 & rawben_rel_max <=  0.852 & total_deductions_by_hh_size > 10.500,all_2022_24,3899,1022,1567,646,1567,0.412252712188896,0.38812375890747547,0.4368108493942145,317,1567,0.20229738353541799,0.18314632384157312,0.22290454723288786,274,1567,0.1748564135290364,0.15685043424480158,0.1944527143349152,68,1567,0.04339502233567326,0.03437427054690379,0.05464909119752671,7,1567,0.004467134652201659,0.0021655223811518002,0.00919246559166481,85,1567,0.054243777919591576,0.04408004273700791,0.06658776743557729,170,1567,0.10848755583918315,0.0940357038760772,0.12485434843728145,548,1567,0.3497128270580728,0.32649454426678615,0.3736661848608357,370,1567,0.23611997447351626,0.21575300414139,0.257777617914965,163,1567,0.10402042118698149,0.08986052636474051,0.12011710600761324,117,1567,0.07466496490108487,0.06266496103282423,0.08874534029864037,131,1567,0.08359923420548819,0.0708919391217184,0.09834320209175595,111,1567,0.07083599234205488,0.059155083607573364,0.08461600063160137,18,1567,0.01148691767708998,0.0072782184376844125,0.018085000870996997,4,1567,0.0025526483726866626,0.0009930930407806397,0.006545286385891025,13,1567,0.008296107211231652,0.0048546416803685296,0.014142563384737971,92,1567,0.058710912571793235,0.04811465334430279,0.07146557676928728,1008,1560,0.6461538461538462,0.6220928316076269,0.6694968025343477,103,1560,0.06602564102564103,0.054737735972534105,0.07944567493046271,448,1560,0.28717948717948716,0.2652714983369331,0.3101330694914197,959,1567,0.6119974473516273,0.587623939590373,0.6358231603591064,556,1567,0.3548181238034461,0.33150947100905004,0.3788368809082916,4,1567,0.0025526483726866626,0.0009930930407806397,0.006545286385891025,11,1567,0.007019783024888321,0.003924195507875701,0.012526603859800835,37,1567,0.023611997447351627,0.017178445148525893,0.03237562828574017,697,1560,0.4467948717948718,0.4222843066072308,0.4715668353498573,311 0.35; 363 0.17; 350 0.09; 150 0.06; 312 0.05; 364 0.04,6,38 0.19; 52 0.11; 44 0.11; 35 0.10; 53 0.08; 99 0.06; 41 0.04; 37 0.04; 56 0.03; 7 0.02,10,earned income 0.41; unearned income 0.20; shelter deduction 0.17,"wrong amount, known item 0.35; wrong include/exclude decision 0.24; unreported source of income 0.10; change in circumstances 0.08",662,360,313,1022,0.6477495107632094,0.6179598709694795,0.6764325576471802,0.3522504892367906,313,0.2344569288389513,1335,336301.0
4+,HH_size_n >  4.500 & rawben_rel_max >  0.312 & rawben_rel_max <=  0.852 & total_deductions_by_hh_size > 10.500,train_2022_23,2489,630,966,390,966,0.40372670807453415,0.3732260678430902,0.43499003672491343,201,966,0.2080745341614907,0.18365669075276703,0.2348050456792441,169,966,0.17494824016563146,0.15228996661863095,0.20018161224538142,45,966,0.046583850931677016,0.03499511707802013,0.061764601209997196,4,966,0.004140786749482402,0.001611387737057165,0.010598441166961802,47,966,0.048654244306418216,0.03678401959805121,0.06410008353796603,110,966,0.11387163561076605,0.09535043888236522,0.13545178696564955,298,966,0.3084886128364389,0.28016865149852704,0.3383257500614803,245,966,0.2536231884057971,0.22719883072283176,0.2819993723651777,100,966,0.10351966873706005,0.085853052119915,0.12432724948810019,73,966,0.07556935817805382,0.06053108577273733,0.09397002038727889,80,966,0.08281573498964803,0.06704404659699206,0.10189240653102388,81,966,0.08385093167701864,0.0679777482136661,0.10302089733834983,10,966,0.010351966873706004,0.0056325105332328575,0.01895047291478587,2,966,0.002070393374741201,0.0005679483859340547,0.00751749567008499,9,966,0.009316770186335404,0.004909164996429114,0.017611626027589655,68,966,0.07039337474120083,0.05590556460091242,0.088284579439104,620,966,0.6418219461697723,0.6110788994503736,0.671441462637621,73,966,0.07556935817805382,0.06053108577273733,0.09397002038727889,273,966,0.2826086956521739,0.25511824031679364,0.3118213506432146,600,966,0.6211180124223602,0.5901032290405651,0.6511732845674302,337,966,0.34886128364389235,0.31945760177678995,0.3794623043192159,2,966,0.002070393374741201,0.0005679483859340547,0.00751749567008499,0,966,0.0,0.0,0.003961059208019123,27,966,0.027950310559006212,0.01927903669965926,0.040361217956358796,425,966,0.43995859213250516,0.4089547510267967,0.4714380883812056,311 0.35; 363 0.17; 350 0.09; 150 0.06; 312 0.05; 364 0.05,6,38 0.19; 52 0.12; 44 0.11; 35 0.10; 53 0.10; 99 0.07; 41 0.03; 37 0.03,8,earned income 0.40; unearned income 0.21; shelter deduction 0.17,"wrong amount, known item 0.31; wrong include/exclude decision 0.25; unreported source of income 0.10; method or computation 0.08; change in circumstances 0.08",400,230,196,630,0.6349206349206349,0.5966123046472978,0.6715935057633788,0.36507936507936506,196,0.23728813559322035,826,200867.0
4+,HH_size_n >  4.500 & rawben_rel_max >  0.312 & rawben_rel_max <=  0.852 & total_deductions_by_hh_size > 10.500,test_2024,1410,392,601,256,601,0.4259567387687188,0.3870156761996776,0.4658383602951667,116,601,0.1930116472545757,0.1634481840251117,0.22647473132991675,105,601,0.17470881863560733,0.14644252750531844,0.20710722833158168,23,601,0.03826955074875208,0.025634142904673585,0.056770241978905844,3,601,0.004991680532445923,0.0016990127871031654,0.0145723547907883,38,601,0.0632279534109817,0.04640893245350018,0.08559521540934521,60,601,0.09983361064891846,0.07834938127426447,0.12640108562483768,250,601,0.415973377703827,0.3772222775940244,0.45579185370911357,125,601,0.2079866888519135,0.17744235530607375,0.24224041783651432,63,601,0.1048252911813644,0.0827934677922745,0.13187695170268085,44,601,0.07321131447587355,0.05498639966580443,0.09685765338874736,51,601,0.08485856905158069,0.06513042205247069,0.10986018705907188,30,601,0.04991680532445923,0.03518602560739657,0.07036491533317364,8,601,0.013311148086522463,0.006759980983817771,0.026044640920495687,2,601,0.0033277870216306157,0.0009130549864931597,0.012051661726113909,4,601,0.0066555740432612314,0.0025911357715955466,0.01698688267158032,24,601,0.03993344425956739,0.026979626840869856,0.05873140890799397,388,594,0.6531986531986532,0.6140487676375648,0.6903796963569113,30,594,0.050505050505050504,0.03560334153107872,0.0711834729027111,175,594,0.2946127946127946,0.2593658782988397,0.33249925788439005,359,601,0.5973377703826955,0.5576291479831942,0.6358099276359431,219,601,0.3643926788685524,0.32688996786117225,0.40361798661814935,2,601,0.0033277870216306157,0.0009130549864931597,0.012051661726113909,11,601,0.018302828618968387,0.010250065867311952,0.032474508632854705,10,601,0.016638935108153077,0.009062486811251253,0.030355436823630996,272,594,0.45791245791245794,0.41824374524290087,0.4981220613520233,311 0.36; 363 0.17; 350 0.10; 312 0.06; 150 0.05,5,38 0.18; 35 0.10; 44 0.10; 52 0.09; 56 0.09; 37 0.05; 53 0.05; 41 0.04; 99 0.04; 57 0.03,10,earned income 0.43; unearned income 0.19; shelter deduction 0.17,"wrong amount, known item 0.42; wrong include/exclude decision 0.21; unreported source of income 0.10; change in circumstances 0.08",262,130,117,392,0.6683673469387755,0.6203244935763147,0.7131422264450272,0.33163265306122447,117,0.22986247544204322,509,135434.0
4+,HH_size_n > 4.500 & HH_size_n <= 6.500 & rawben_rel_max > 0.415 & rawben_rel_max <= 0.928,all_2022_24,3489,908,1398,534,1398,0.38197424892703863,0.3568609116808807,0.4077344605780107,300,1398,0.2145922746781116,0.19386894962704657,0.23687985965354555,249,1398,0.1781115879828326,0.15894528138007927,0.19904209750780652,69,1398,0.04935622317596566,0.03918481016169644,0.06199752028134362,8,1398,0.005722460658082976,0.002902437165518008,0.011251515748991022,75,1398,0.0536480686695279,0.04301266985631712,0.06672982886821782,163,1398,0.11659513590844063,0.10081232090615548,0.13447931261363735,491,1398,0.3512160228898426,0.3266317147904759,0.37661578478436897,332,1398,0.2374821173104435,0.21591340089546424,0.2604896392197671,145,1398,0.10371959942775394,0.08880770473878315,0.12080342393652511,102,1398,0.07296137339055794,0.060466915120152245,0.08779634087110953,112,1398,0.08011444921316166,0.06700745426850924,0.09552274885857728,94,1398,0.06723891273247497,0.055261334530286525,0.08158836375231543,17,1398,0.012160228898426323,0.007605936483713838,0.019388268853037478,5,1398,0.00357653791130186,0.0015285987501055844,0.008345270023656017,15,1398,0.01072961373390558,0.006512924329262033,0.017627891580324326,85,1398,0.060801144492131615,0.04943741892279184,0.07457202693756784,914,1391,0.6570812365204889,0.6317334180970774,0.6815638050428118,92,1391,0.06613946800862688,0.054237137274422476,0.08043163084949922,384,1391,0.2760603882099209,0.25320802794123554,0.30014627408130223,868,1398,0.6208869814020028,0.5951556769864483,0.6459557296089902,482,1398,0.3447782546494993,0.32031882434162584,0.37008842281097687,3,1398,0.002145922746781116,0.0007300566566402445,0.006290422689956404,10,1398,0.00715307582260372,0.003889980016033994,0.013117362325639988,35,1398,0.02503576537911302,0.018055786632647938,0.03461892354858795,637,1391,0.45794392523364486,0.4319124962508551,0.484207011512607,311 0.32; 363 0.18; 350 0.11; 150 0.06; 312 0.05; 364 0.05,6,38 0.18; 52 0.11; 44 0.11; 35 0.10; 53 0.09; 99 0.06; 56 0.04; 37 0.03; 41 0.03; 12 0.02,10,earned income 0.38; unearned income 0.21; shelter deduction 0.18,"wrong amount, known item 0.35; wrong include/exclude decision 0.24; unreported source of income 0.10; change in circumstances 0.08",578,330,290,908,0.6365638766519823,0.6047633372655635,0.6672137254172533,0.3634361233480176,290,0.24207011686143573,1198,303279.0
4+,HH_size_n > 4.500 & HH_size_n <= 6.500 & rawben_rel_max > 0.415 & rawben_rel_max <= 0.928,train_2022_23,2233,566,869,327,869,0.3762945914844649,0.34469471886998454,0.408983382632052,192,869,0.22094361334867663,0.1946202978212594,0.24972332649728818,159,869,0.18296892980437285,0.15867581309728135,0.21005271679863563,48,869,0.05523590333716916,0.04191235678084453,0.07247449187531482,4,869,0.004602991944764097,0.0017913969822870328,0.011775325777031494,38,869,0.04372842347525892,0.03202248280067101,0.059450700878933616,101,869,0.11622554660529344,0.0965853688373865,0.139243904194513,265,869,0.3049482163406214,0.27525174730993857,0.3363616313374586,226,869,0.2600690448791715,0.23200352519708722,0.2902465600417464,90,869,0.10356731875719218,0.08502266581851209,0.12560157573917718,61,869,0.07019562715765247,0.055033258281548064,0.08914135484413246,72,869,0.08285385500575373,0.06630998854193923,0.10306965605795151,72,869,0.08285385500575373,0.06630998854193923,0.10306965605795151,9,869,0.010356731875719217,0.005458071413310793,0.019565483834285104,2,869,0.0023014959723820483,0.0006313670503754918,0.008352622713632088,9,869,0.010356731875719217,0.005458071413310793,0.019565483834285104,63,869,0.07249712313003452,0.05707299728437182,0.09168434883661966,564,869,0.6490218642117376,0.6166957518772247,0.680036209569159,67,869,0.07710011507479862,0.06116705710425714,0.09675575500735624,238,869,0.27387802071346373,0.24527149606733717,0.30447498714336213,536,869,0.616800920598389,0.584029532549479,0.6485441669625517,305,869,0.35097813578826237,0.31996379043084094,0.38330424812277514,2,869,0.0023014959723820483,0.0006313670503754918,0.008352622713632088,0,869,0.0,0.0,0.004401256768696633,26,869,0.02991944764096663,0.020498231062745582,0.04347855464499337,390,869,0.4487917146144994,0.4160197679034184,0.48201442295091285,311 0.32; 363 0.18; 350 0.10; 150 0.06; 364 0.06; 312 0.05,6,38 0.18; 52 0.13; 44 0.11; 35 0.10; 53 0.10; 99 0.07; 41 0.03; 12 0.02,8,earned income 0.38; unearned income 0.22; shelter deduction 0.18,"wrong amount, known item 0.30; wrong include/exclude decision 0.26; unreported source of income 0.10; method or computation 0.08",352,214,181,566,0.6219081272084805,0.5812633437549423,0.6609092178832393,0.37809187279151946,181,0.24230254350736277,747,179657.0
4+,HH_size_n > 4.500 & HH_size_n <= 6.500 & rawben_rel_max > 0.415 & rawben_rel_max <= 0.928,test_2024,1256,342,529,207,529,0.391304347826087,0.35064110176315055,0.433534908518329,108,529,0.20415879017013233,0.17199945361707308,0.24058394827947555,90,529,0.17013232514177692,0.14051732521873367,0.20450378424419113,21,529,0.03969754253308128,0.02610885887665848,0.05992346292404177,4,529,0.007561436672967864,0.002944262739227297,0.019279227318606026,37,529,0.06994328922495274,0.05116669288590943,0.09492099996690088,62,529,0.11720226843100189,0.0925108879564837,0.14741332216524855,226,529,0.42722117202268434,0.3857399370237141,0.4697518263821461,106,529,0.2003780718336484,0.16848175301944157,0.2365947274955933,55,529,0.10396975425330812,0.08075195199308102,0.13289803329335306,41,529,0.07750472589792061,0.05764330432267534,0.10345823129316248,40,529,0.07561436672967864,0.05601806458272904,0.1013300103423519,22,529,0.04158790170132325,0.027621886999187047,0.06216389549227008,8,529,0.015122873345935728,0.007682382930114489,0.02955494989074635,3,529,0.005671077504725898,0.0019304786631718258,0.016539550703904622,6,529,0.011342155009451797,0.005208221606666553,0.02452218983268053,22,529,0.04158790170132325,0.027621886999187047,0.06216389549227008,350,522,0.6704980842911877,0.6290581426518395,0.7094468367944425,25,522,0.04789272030651341,0.0326473722675806,0.0697439181894696,146,522,0.2796934865900383,0.2429048135729802,0.3197011118615992,332,529,0.6275992438563327,0.5856199051393565,0.6677386914867327,177,529,0.33459357277882795,0.2957038901378224,0.3758682994209507,1,529,0.001890359168241966,0.00033376419898895754,0.010629343786573731,10,529,0.01890359168241966,0.010299735889779558,0.03444451831259503,9,529,0.017013232514177693,0.008975933201155252,0.03201486031046246,247,522,0.4731800766283525,0.4307006228156424,0.5160514028894367,311 0.33; 363 0.17; 350 0.12; 150 0.06; 323 0.05; 312 0.05,6,38 0.18; 35 0.10; 44 0.10; 56 0.10; 52 0.08; 53 0.06; 37 0.04; 99 0.04; 57 0.03; 41 0.03,10,earned income 0.39; unearned income 0.20; shelter deduction 0.17,"wrong amount, known item 0.43; wrong include/exclude decision 0.20; unreported source of income 0.10; household composition 0.08",226,116,109,342,0.6608187134502924,0.6091033615354614,0.7089613247255321,0.3391812865497076,109,0.24168514412416853,451,123622.0
4+,rawben_rel_max >   0.331 & shelter_expenses_by_hh_size >  82.500 & shelter_expenses_by_hh_size <= 484.000 & unc_rawben_rel_max <=   0.852,all_2022_24,6632,1610,2472,932,2472,0.37702265372168287,0.358122139437656,0.39630479966862614,487,2472,0.1970064724919094,0.1818023724272996,0.2131508426733756,486,2472,0.1966019417475728,0.1814105968667712,0.21273481211254314,129,2472,0.05218446601941747,0.044091333450802274,0.061667290202665696,10,2472,0.0040453074433656954,0.002198813032402334,0.00743088217911685,157,2472,0.06351132686084142,0.05455811357465382,0.07381908147691973,271,2472,0.10962783171521036,0.09791197113741569,0.1225551217493021,844,2472,0.3414239482200647,0.3229897676813236,0.36035023274519806,632,2472,0.255663430420712,0.2388547904395308,0.2732303122584771,247,2472,0.09991909385113269,0.08871058784354628,0.11236915813050956,177,2472,0.07160194174757281,0.062088894762356905,0.08244442271643493,197,2472,0.0796925566343042,0.06965712343499773,0.09103231647101238,163,2472,0.06593851132686084,0.0568130509125772,0.07641098086716182,25,2472,0.010113268608414239,0.006859519708469661,0.014887267323463236,4,2472,0.0016181229773462784,0.0006294205795196598,0.004153437903834041,18,2472,0.007281553398058253,0.004610882806006663,0.011481261376399836,165,2472,0.06674757281553398,0.057565542598187205,0.07727410142427367,1561,2460,0.6345528455284553,0.6153269147622626,0.6533591890846728,194,2460,0.07886178861788617,0.06885564351922283,0.09018120365471888,703,2460,0.28577235772357723,0.26826394014387617,0.3039488189880421,1475,2470,0.597165991902834,0.5776867905802819,0.6163434173360213,904,2470,0.3659919028340081,0.3472163679655574,0.3851836369498745,8,2470,0.0032388663967611335,0.0016420773759077078,0.00637848465199254,19,2470,0.007692307692307693,0.004930070538895435,0.011983542685168708,64,2470,0.025910931174089068,0.020343471889047678,0.0329508053193233,1063,2460,0.4321138211382114,0.41265890679205036,0.4517804305419732,311 0.32; 363 0.20; 350 0.09; 150 0.06; 364 0.05; 312 0.05,6,38 0.17; 52 0.11; 44 0.10; 53 0.10; 35 0.10; 99 0.07; 56 0.04; 37 0.03; 41 0.03,9,earned income 0.38; unearned income 0.20; shelter deduction 0.20,"wrong amount, known item 0.34; wrong include/exclude decision 0.26; unreported source of income 0.10; change in circumstances 0.08",1020,590,560,1610,0.6335403726708074,0.6097117936202736,0.6567331908193392,0.36645962732919257,560,0.25806451612903225,2170,481313.0
4+,rawben_rel_max >   0.331 & shelter_expenses_by_hh_size >  82.500 & shelter_expenses_by_hh_size <= 484.000 & unc_rawben_rel_max <=   0.852,train_2022_23,4344,1020,1560,580,1560,0.3717948717948718,0.348154617244083,0.3960650019296235,320,1560,0.20512820512820512,0.1858260555714403,0.22587906852808484,299,1560,0.19166666666666668,0.1729006985905261,0.2119474855222383,88,1560,0.05641025641025641,0.04601329136105732,0.06898659097996748,6,1560,0.0038461538461538464,0.0017638586217935803,0.008366067580450942,95,1560,0.060897435897435896,0.050074459991077305,0.07387773567886777,172,1560,0.11025641025641025,0.09566066796631513,0.12676697432175288,463,1560,0.2967948717948718,0.2746458105810677,0.31994228580925715,434,1560,0.2782051282051282,0.2565332583682289,0.3009666828022835,157,1560,0.10064102564102564,0.08667858022668512,0.1165655334994109,111,1560,0.07115384615384615,0.059422038235087266,0.08499258790096129,129,1560,0.08269230769230769,0.07002845433630078,0.09740640607411416,119,1560,0.07628205128205129,0.0641253051663252,0.09052053620277509,11,1560,0.007051282051282051,0.003941823810054786,0.012582611912847071,4,1560,0.002564102564102564,0.0009975511855113525,0.006574571208470237,10,1560,0.00641025641025641,0.003485602456577137,0.011759931362193252,122,1560,0.0782051282051282,0.0658935582859884,0.09258898879550627,988,1558,0.6341463414634146,0.609925765461586,0.6577070085662029,131,1558,0.0840821566110398,0.07130405781872022,0.0989062887362697,439,1558,0.28177150192554556,0.25999089653948804,0.3046256433196116,937,1558,0.6014120667522465,0.576879275579706,0.6254459794269477,567,1558,0.36392811296534017,0.3403989157883685,0.38812669141789363,3,1558,0.0019255455712451862,0.0006550587270121597,0.0056462204808153185,0,1558,0.0,0.0,0.0024596604418783566,51,1558,0.03273427471116817,0.02498412239229314,0.042783057070720276,677,1558,0.4345314505776637,0.4101079611649627,0.4592770007927673,311 0.32; 363 0.19; 350 0.09; 364 0.06; 150 0.06; 312 0.05,6,38 0.18; 52 0.12; 53 0.12; 44 0.11; 35 0.10; 99 0.08; 41 0.03; 37 0.03,8,earned income 0.37; unearned income 0.21; shelter deduction 0.19,"wrong amount, known item 0.30; wrong include/exclude decision 0.28; unreported source of income 0.10; change in circumstances 0.08",635,385,351,1020,0.6225490196078431,0.5923924559761021,0.6517859403695826,0.37745098039215685,351,0.25601750547045954,1371,290675.0
4+,rawben_rel_max >   0.331 & shelter_expenses_by_hh_size >  82.500 & shelter_expenses_by_hh_size <= 484.000 & unc_rawben_rel_max <=   0.852,test_2024,2288,590,912,352,912,0.38596491228070173,0.3549101670202676,0.41797632339466867,167,912,0.18311403508771928,0.15935917755904686,0.2095273198439975,187,912,0.2050438596491228,0.18010368889967182,0.2324584834235771,41,912,0.044956140350877194,0.03330982650103314,0.060419918904722626,4,912,0.0043859649122807015,0.0017068706349973638,0.011222876168379987,62,912,0.06798245614035088,0.053391614240041976,0.08619758983192856,99,912,0.10855263157894737,0.0899806388697092,0.13040856380463975,381,912,0.41776315789473684,0.38616434309451775,0.4500518759547152,198,912,0.21710526315789475,0.1915642209915958,0.24501957253776563,90,912,0.09868421052631579,0.08097875979383985,0.11975638916641702,66,912,0.07236842105263158,0.05728594377494289,0.09103839528106855,68,912,0.07456140350877193,0.05923977821339588,0.09345212833463601,44,912,0.04824561403508772,0.03613344813642496,0.06414764850736149,14,912,0.015350877192982455,0.009165808426943381,0.025601775836536243,0,912,0.0,0.0,0.004194611819336444,8,912,0.008771929824561403,0.004451392027917259,0.017213489759501002,43,912,0.047149122807017545,0.035190239984080704,0.06290707291369552,573,902,0.6352549889135255,0.603328942600102,0.6660338245768526,63,902,0.06984478935698447,0.05497037534970141,0.08836770936621359,264,902,0.2926829268292683,0.2639188233991836,0.32320545969843517,538,912,0.5899122807017544,0.5576778732289929,0.6213923939438457,337,912,0.36951754385964913,0.33879928803161075,0.40133044619317226,5,912,0.005482456140350877,0.0023439488672190945,0.012769581682168483,19,912,0.020833333333333332,0.013377157306800704,0.03230934568673005,13,912,0.01425438596491228,0.008348929304891079,0.02423487121257831,386,902,0.4279379157427938,0.3960208613444369,0.46046618893013636,311 0.33; 363 0.21; 350 0.10; 150 0.06; 323 0.05,5,38 0.17; 56 0.10; 35 0.10; 44 0.09; 52 0.09; 53 0.06; 99 0.05; 37 0.04; 41 0.03; 57 0.03,10,earned income 0.39; shelter deduction 0.21; unearned income 0.18,"wrong amount, known item 0.42; wrong include/exclude decision 0.22; unreported source of income 0.10; change in circumstances 0.07",385,205,209,590,0.652542372881356,0.6132448594413737,0.6898662732243068,0.3474576271186441,209,0.2615769712140175,799,190638.0
4+,months_since_cert_n >   2.500 & unc_rawben_rel_max <=   0.851 & utilities > 331.000,all_2022_24,5053,1237,1969,762,1969,0.38699847638395124,0.36572447405966874,0.40871256133131245,393,1969,0.19959370238699847,0.18253140336879461,0.21782592891779137,360,1969,0.1828339258506856,0.166383705965918,0.200519343929218,80,1969,0.04062976130015236,0.03276631831891522,0.05028221431543312,10,1969,0.005078720162519045,0.002760981020107232,0.00932392229904419,122,1969,0.061960385982732354,0.05214078347219474,0.07348592675127176,242,1969,0.12290502793296089,0.10913240500780677,0.13814624118456872,664,1969,0.3372270187912646,0.31667968474248326,0.3584082696072222,471,1969,0.23920771965464702,0.22088388668883907,0.2585472039775378,199,1969,0.101066531234129,0.0885198963968956,0.11516680607328748,155,1969,0.0787201625190452,0.06762859639334365,0.09145239622157283,164,1969,0.08329101066531235,0.07188207585760086,0.09632281195498378,136,1969,0.06907059421025902,0.05868868907201919,0.08113074701448669,17,1969,0.008633824276282377,0.0053974869058477795,0.013783779344823333,8,1969,0.004062976130015236,0.002060176182731203,0.007997194870271736,13,1969,0.006602336211274758,0.003862488331483598,0.011263713386890547,142,1969,0.07211782630777044,0.0615056026462764,0.08439643023867492,1083,1961,0.5522692503824579,0.5301793004261941,0.5741548097636553,171,1961,0.08720040795512493,0.07550645715773795,0.10050854578193923,706,1961,0.36002039775624683,0.3390677463594446,0.38152041708334905,1144,1967,0.581596339603457,0.5596576673715679,0.6032169137210983,751,1967,0.38179969496695476,0.36057958126057515,0.4034806050070579,4,1967,0.0020335536349771225,0.0007910718836235619,0.005217325747114495,13,1967,0.0066090493136756485,0.003866419615095418,0.01127513209560523,55,1967,0.027961362480935434,0.02154488808113782,0.036218049336054915,844,1961,0.43039265680775113,0.4086349631414358,0.45242253889842327,311 0.33; 363 0.18; 350 0.08; 150 0.07; 312 0.05; 323 0.05,6,38 0.17; 52 0.11; 35 0.10; 44 0.10; 53 0.08; 99 0.07; 37 0.04; 56 0.03; 41 0.03; 98 0.02,10,earned income 0.39; unearned income 0.20; shelter deduction 0.18,"wrong amount, known item 0.34; wrong include/exclude decision 0.24; unreported source of income 0.10; change in circumstances 0.08",798,439,408,1237,0.645109135004042,0.6180327911203056,0.6712869737876406,0.35489086499595796,408,0.2480243161094225,1645,425478.0
4+,months_since_cert_n >   2.500 & unc_rawben_rel_max <=   0.851 & utilities > 331.000,train_2022_23,3280,773,1230,463,1230,0.37642276422764226,0.349770842009204,0.40384420873961163,267,1230,0.21707317073170732,0.1949339166078357,0.24097422589603185,229,1230,0.1861788617886179,0.16541417524219504,0.2088977299488765,51,1230,0.041463414634146344,0.03167578347227882,0.05410637851674797,5,1230,0.0040650406504065045,0.0017375288225659237,0.009480766945707734,72,1230,0.05853658536585366,0.04674006694139786,0.07308212093101624,143,1230,0.11626016260162601,0.09952946306256857,0.13538043136796446,376,1230,0.3056910569105691,0.2805823563735107,0.33200973000127176,313,1230,0.25447154471544714,0.23091996587882976,0.2795520428457908,111,1230,0.09024390243902439,0.07548073458973081,0.10755864420897396,90,1230,0.07317073170731707,0.05990805201211309,0.08909130090320437,109,1230,0.0886178861788618,0.07398949689448127,0.10580797467723425,101,1230,0.08211382113821138,0.0680408197754989,0.09878902288825951,10,1230,0.008130081300813009,0.004421992273277073,0.01490107156246975,5,1230,0.0040650406504065045,0.0017375288225659237,0.009480766945707734,8,1230,0.0065040650406504065,0.0032992969850874276,0.012781859623670129,107,1230,0.08699186991869919,0.0724998456726218,0.10405571867210445,677,1228,0.5513029315960912,0.5233677125849688,0.578918165729256,115,1228,0.09364820846905537,0.07859657577533,0.1112343245612068,436,1228,0.3550488599348534,0.3287740239296348,0.38222778019842846,725,1228,0.5903908794788274,0.5626454714703449,0.6175725046070989,452,1228,0.36807817589576547,0.34155371471279444,0.3954254553363417,2,1228,0.0016286644951140066,0.0004467428777003325,0.005919010641258598,0,1228,0.0,0.0,0.0031185827788248097,49,1228,0.039902280130293157,0.030312978391827214,0.05236128752028356,522,1228,0.4250814332247557,0.3977071696362688,0.4529229763175617,311 0.32; 363 0.19; 350 0.08; 150 0.06; 312 0.05; 364 0.04; 323 0.04,7,38 0.19; 52 0.12; 44 0.11; 53 0.10; 35 0.09; 99 0.09; 37 0.03; 41 0.03,8,earned income 0.38; unearned income 0.22; shelter deduction 0.19,"wrong amount, known item 0.31; wrong include/exclude decision 0.25; unreported source of income 0.09; change in circumstances 0.09; other 0.09",483,290,251,773,0.6248382923673997,0.5901680338140436,0.6582738621915256,0.37516170763260026,251,0.2451171875,1024,243539.0
4+,months_since_cert_n >   2.500 & unc_rawben_rel_max <=   0.851 & utilities > 331.000,test_2024,1773,464,739,299,739,0.40460081190798375,0.36979472304879385,0.4403936131994723,126,739,0.17050067658998647,0.14510654590865973,0.19930281404102534,131,739,0.17726657645466848,0.15142173273354562,0.20644944734037593,29,739,0.03924221921515562,0.027459758529172817,0.055790291010325246,5,739,0.006765899864682003,0.0028933065409775813,0.01574000640218554,50,739,0.06765899864682003,0.051695306003737736,0.08809438805755343,99,739,0.13396481732070364,0.11129008820683153,0.16042544307197673,288,739,0.38971583220568334,0.35521053771277683,0.4253617942621692,158,739,0.21380243572395127,0.18576180374066184,0.24480320500413652,88,739,0.11907983761840325,0.09767521912261438,0.14442430788287375,65,739,0.08795669824086604,0.06960833306671135,0.11056682136728913,55,739,0.07442489851150202,0.05762348435648097,0.09562802982904663,35,739,0.04736129905277402,0.03424870594706835,0.06515552774151344,7,739,0.009472259810554804,0.00459573021033845,0.019422310782519246,3,739,0.0040595399188092015,0.0013815248982337056,0.011867059995234835,5,739,0.006765899864682003,0.0028933065409775813,0.01574000640218554,35,739,0.04736129905277402,0.03424870594706835,0.06515552774151344,406,733,0.5538881309686221,0.5177137277879751,0.5895006314447284,56,733,0.07639836289222374,0.05929991424047239,0.09791379356321296,270,733,0.3683492496589359,0.33420015055422764,0.4038710984089145,419,739,0.5669824086603519,0.5310018889633673,0.6022701302665737,299,739,0.40460081190798375,0.36979472304879385,0.4403936131994723,2,739,0.0027063599458728013,0.0007424799819674118,0.009813740886653842,13,739,0.017591339648173207,0.0103087390433185,0.02986348609862293,6,739,0.008119079837618403,0.003726155622076015,0.017599521345934392,322,733,0.4392905866302865,0.40377017012155025,0.4754440327681888,311 0.35; 363 0.18; 150 0.08; 350 0.08; 323 0.05; 312 0.04,6,38 0.15; 35 0.12; 56 0.09; 52 0.09; 44 0.08; 53 0.05; 99 0.05; 37 0.04; 57 0.04; 13 0.03; 41 0.03,11,earned income 0.40; shelter deduction 0.18; unearned income 0.17,"wrong amount, known item 0.39; wrong include/exclude decision 0.21; unreported source of income 0.12; household composition 0.09",315,149,157,464,0.6788793103448276,0.6350755640322315,0.7197453839125431,0.32112068965517243,157,0.2528180354267311,621,181939.0
4+,rawben_rel_max >   0.123 & total_deductions_by_hh_size >  65.600 & total_deductions_by_hh_size <= 182.000 & unc_rawben_rel_max <=   0.970,all_2022_24,5280,1211,1804,731,1804,0.40521064301552107,0.38278047527890596,0.4280436588709002,350,1804,0.19401330376940132,0.1764232271707385,0.2129038023654775,333,1804,0.184589800443459,0.16736335200492045,0.2031567201075921,111,1804,0.061529933481152994,0.0513453679747191,0.073577966016489,8,1804,0.004434589800443459,0.002248745919959565,0.00872655191586853,58,1804,0.03215077605321508,0.024952801891018575,0.041337076602760967,213,1804,0.1180709534368071,0.10398516694883467,0.13377991158459437,619,1804,0.34312638580931265,0.32157233418529557,0.36534713929069934,427,1804,0.23669623059866962,0.21765388335321292,0.2568576003962484,183,1804,0.10144124168514412,0.08834507432627386,0.1162312558123843,153,1804,0.08481152993348115,0.07282075518634067,0.09856682655754663,154,1804,0.08536585365853659,0.07333607171605913,0.0991578016409872,120,1804,0.06651884700665188,0.05591625380414817,0.07896370470549116,22,1804,0.012195121951219513,0.0080671327926692,0.0183962476273853,3,1804,0.0016629711751662971,0.000565707635623905,0.004878132134409045,12,1804,0.0066518847006651885,0.003809213056796935,0.011591251231667276,111,1804,0.061529933481152994,0.0513453679747191,0.073577966016489,1113,1792,0.62109375,0.5983961257526468,0.6432732954257022,172,1792,0.09598214285714286,0.08319498207883254,0.11049782468096185,507,1792,0.28292410714285715,0.2625508794744734,0.30422605675420056,1085,1800,0.6027777777777777,0.579976361061698,0.6251414275512267,661,1800,0.3672222222222222,0.3452574536410884,0.3897525383670791,6,1800,0.0033333333333333335,0.001528543731905107,0.00725360210617735,12,1800,0.006666666666666667,0.003817686799055539,0.01161692785890556,36,1800,0.02,0.014481094127111828,0.027563395810363836,763,1792,0.42578125,0.40307010512443303,0.4488099270565788,311 0.35; 363 0.18; 350 0.09; 150 0.07; 364 0.06,5,38 0.18; 44 0.11; 52 0.10; 35 0.10; 53 0.09; 99 0.06; 41 0.03; 37 0.03; 56 0.03; 7 0.03,10,earned income 0.41; unearned income 0.19; shelter deduction 0.18,"wrong amount, known item 0.34; wrong include/exclude decision 0.24; unreported source of income 0.10; change in circumstances 0.09",760,451,394,1211,0.6275805119735756,0.5999879645026617,0.6543661833961262,0.37241948802642444,394,0.24548286604361372,1605,376404.0
4+,rawben_rel_max >   0.123 & total_deductions_by_hh_size >  65.600 & total_deductions_by_hh_size <= 182.000 & unc_rawben_rel_max <=   0.970,train_2022_23,3538,768,1149,474,1149,0.412532637075718,0.38440468930711513,0.44124351769721215,227,1149,0.19756309834638816,0.17556460906407279,0.2215772012245219,203,1149,0.17667536988685814,0.15571010968622986,0.1997954515287714,74,1149,0.06440382941688425,0.05161116244120657,0.08009956000322983,4,1149,0.0034812880765883376,0.001354590531349105,0.008917072115106402,33,1149,0.028720626631853787,0.02052259791071732,0.04005953236633028,134,1149,0.11662315056570931,0.09932833685211939,0.13647300827630063,362,1149,0.31505657093124456,0.2888498441742375,0.3424958671533203,281,1149,0.24456048738033073,0.22058494788716654,0.2702384228170135,122,1149,0.1061792863359443,0.08965979081611797,0.12532342977550534,95,1149,0.08268059181897303,0.06811284972717982,0.10002959065665087,100,1149,0.08703220191470844,0.07207831689542782,0.10473834204540147,88,1149,0.07658833768494343,0.06258308544118166,0.09341544896285092,10,1149,0.008703220191470844,0.004734163953943244,0.015946560960910627,3,1149,0.0026109660574412533,0.000888336640747884,0.007648482294307894,8,1149,0.006962576153176675,0.0035321542735785097,0.013678883218475903,80,1149,0.06962576153176675,0.05629792365595188,0.08582186105688289,710,1146,0.6195462478184991,0.5910816003810526,0.6472120915500794,108,1146,0.09424083769633508,0.07865473930101241,0.1125382041444152,328,1146,0.2862129144851658,0.2607918266756776,0.313062519870838,700,1146,0.6108202443280978,0.5822657530834978,0.6386342387066759,417,1146,0.36387434554973824,0.33651649294143676,0.39214178485961,2,1146,0.0017452006980802793,0.000478717493930793,0.006341004457336234,0,1146,0.0,0.0,0.0033409819230753174,27,1146,0.02356020942408377,0.01624168519687007,0.03406228710679332,489,1146,0.42670157068062825,0.3983570296797487,0.4555358891361995,311 0.36; 363 0.18; 350 0.09; 150 0.07; 364 0.06,5,38 0.19; 44 0.11; 52 0.11; 53 0.11; 35 0.11; 99 0.07; 41 0.03; 37 0.02; 7 0.02,9,earned income 0.41; unearned income 0.20; shelter deduction 0.18,"wrong amount, known item 0.32; wrong include/exclude decision 0.24; unreported source of income 0.11; change in circumstances 0.09",482,286,241,768,0.6276041666666666,0.5928566329603506,0.661081480766611,0.3723958333333333,241,0.23885034687809711,1009,233327.0
4+,rawben_rel_max >   0.123 & total_deductions_by_hh_size >  65.600 & total_deductions_by_hh_size <= 182.000 & unc_rawben_rel_max <=   0.970,test_2024,1742,443,655,257,655,0.39236641221374047,0.35570387810106857,0.430284134799149,123,655,0.18778625954198475,0.15972949784531246,0.21948395801418394,130,655,0.1984732824427481,0.1697245405967733,0.2307383324215667,37,655,0.05648854961832061,0.04125726058626697,0.07689192732172183,4,655,0.0061068702290076335,0.0023772913843666888,0.015596072774787802,25,655,0.03816793893129771,0.02598437101745476,0.05573724461823066,79,655,0.12061068702290076,0.09785617958480418,0.14778951127624643,257,655,0.39236641221374047,0.35570387810106857,0.430284134799149,146,655,0.22290076335877862,0.19269502298924995,0.25633794639216123,61,655,0.09312977099236641,0.07318443148201034,0.11781990097058523,58,655,0.08854961832061069,0.0691231720602869,0.11277426732423282,54,655,0.08244274809160305,0.06373491294146416,0.10602000235228776,32,655,0.04885496183206107,0.03481613744375746,0.06815489535077159,12,655,0.0183206106870229,0.010510558965930691,0.03174785337475939,0,655,0.0,0.0,0.005830840068386694,4,655,0.0061068702290076335,0.0023772913843666888,0.015596072774787802,31,655,0.04732824427480916,0.03354000202127991,0.0663953997505572,403,646,0.6238390092879257,0.5858540877048046,0.6603597588694989,64,646,0.09907120743034056,0.07834883936763612,0.12453383234805585,179,646,0.2770897832817337,0.24397072517282958,0.3128443509934239,385,654,0.5886850152905199,0.5505604105916296,0.6257738315724414,244,654,0.3730886850152905,0.3368647164978599,0.4107949024742452,4,654,0.0061162079510703364,0.002380930204096128,0.01561975567530098,12,654,0.01834862385321101,0.010526676605773064,0.031795973710047644,9,654,0.013761467889908258,0.007256456815511738,0.025945456836650123,274,646,0.4241486068111455,0.3865958554070746,0.4625981635661645,311 0.35; 363 0.20; 350 0.10; 150 0.08; 364 0.06,5,38 0.16; 44 0.11; 35 0.09; 52 0.09; 56 0.07; 53 0.06; 99 0.05; 37 0.05; 41 0.04; 57 0.03; 7 0.03,11,earned income 0.39; shelter deduction 0.20; unearned income 0.19,"wrong amount, known item 0.39; wrong include/exclude decision 0.22; unreported source of income 0.09; household composition 0.09",278,165,153,443,0.6275395033860045,0.5816025838358942,0.6712834500517295,0.3724604966139955,153,0.25671140939597314,596,143077.0
2-3,children_i >  0.500 & rawben_rel_max >  0.495 & rawben_rel_max <=  0.872 & total_deductions_by_hh_size > 56.300,all_2022_24,5165,1105,1656,631,1656,0.3810386473429952,0.3579487931894843,0.4046791587789445,296,1656,0.178743961352657,0.1610402747504324,0.19793470213892858,353,1656,0.21316425120772947,0.19411440456732282,0.2335418247981781,117,1656,0.07065217391304347,0.059278397393044066,0.08401334803615833,15,1656,0.009057971014492754,0.005496854977348284,0.01489159654718273,83,1656,0.050120772946859904,0.040613461551838495,0.06171051924247345,161,1656,0.09722222222222222,0.08387131230107753,0.11243754030268902,552,1656,0.3333333333333333,0.3110371795729687,0.3564009663320381,422,1656,0.25483091787439616,0.23442656868968248,0.27637012419956675,164,1656,0.09903381642512077,0.08556149777933382,0.11436215758633479,86,1656,0.051932367149758456,0.042244296048772584,0.06369448750744146,149,1656,0.08997584541062802,0.07712601067583094,0.10472363088032718,103,1656,0.06219806763285024,0.051548287569147484,0.07487437830451178,19,1656,0.011473429951690822,0.007357355363139582,0.017850833177260897,7,1656,0.004227053140096618,0.002049055637959168,0.008699921854832916,9,1656,0.005434782608695652,0.0028618557526414227,0.010296990248085393,145,1656,0.08756038647342995,0.07488337582672352,0.10214652871356514,1023,1645,0.6218844984802432,0.5981924490252868,0.6450085958779956,144,1645,0.08753799392097264,0.07482335477700988,0.10217460548794219,477,1645,0.2899696048632219,0.268551608341226,0.3123662918379058,921,1652,0.5575060532687651,0.5334487424169837,0.581296532734939,663,1652,0.4013317191283293,0.3779497642143336,0.4251715005249991,4,1652,0.002421307506053269,0.0009419744382819211,0.0062094342471865445,12,1652,0.007263922518159807,0.004160095743068509,0.012654072955193454,52,1652,0.031476997578692496,0.02408398498174128,0.04104398378048816,653,1645,0.39696048632218844,0.373582966566639,0.42081814509866594,311 0.34; 363 0.21; 350 0.08; 364 0.07; 150 0.04; 323 0.04,6,38 0.18; 53 0.11; 52 0.10; 35 0.10; 99 0.09; 44 0.08; 56 0.04; 37 0.03; 41 0.03,9,earned income 0.38; shelter deduction 0.21; unearned income 0.18,"wrong amount, known item 0.33; wrong include/exclude decision 0.25; unreported source of income 0.10; change in circumstances 0.09",706,399,393,1105,0.6389140271493212,0.6101572272195009,0.6667082872056432,0.3610859728506787,393,0.2623497997329773,1498,271521.0
2-3,children_i >  0.500 & rawben_rel_max >  0.495 & rawben_rel_max <=  0.872 & total_deductions_by_hh_size > 56.300,train_2022_23,3387,709,1089,403,1089,0.37006427915518825,0.34189116015821885,0.39915090851852253,190,1089,0.17447199265381083,0.1530859947856935,0.1981466083655774,224,1089,0.2056932966023875,0.18274030263047547,0.23071540769387522,84,1089,0.07713498622589532,0.06273301701992208,0.09450989906233541,9,1089,0.008264462809917356,0.004353933667520342,0.015632128356472888,52,1089,0.047750229568411386,0.03659771155819409,0.06208228012587064,127,1089,0.11662075298438934,0.09889075446130287,0.13704609128102607,311,1089,0.28558310376492196,0.2595456708229497,0.31312799020898757,293,1089,0.26905417814508725,0.24356049088390883,0.296171525174045,103,1089,0.0945821854912764,0.07859860800369244,0.11341604443999197,61,1089,0.05601469237832874,0.04385275008106948,0.07129806408998696,104,1089,0.09550045913682277,0.07943898968979236,0.11440575414133557,79,1089,0.07254361799816346,0.05859414820251463,0.08949831094252525,8,1089,0.0073461891643709825,0.00372700154350701,0.014428969093042695,6,1089,0.005509641873278237,0.0025274572972107156,0.011968330564451943,6,1089,0.005509641873278237,0.0025274572972107156,0.011968330564451943,118,1089,0.10835629017447199,0.09125272621635139,0.12821329703898587,663,1085,0.6110599078341014,0.5817081935262465,0.6396279493984911,102,1085,0.09400921658986175,0.07804765532530296,0.11283557323613334,319,1085,0.29400921658986173,0.2676646116211986,0.3218073556511759,617,1085,0.5686635944700461,0.5390025888558838,0.5978400887199913,430,1085,0.39631336405529954,0.367623356617773,0.42573501617033505,1,1085,0.0009216589861751152,0.00016270978771449262,0.0052022578990454545,0,1085,0.0,0.0,0.003528153222654241,37,1085,0.034101382488479264,0.024840376865101932,0.04664991152946346,457,1085,0.42119815668202765,0.3921469006788657,0.45080546264009635,311 0.32; 363 0.21; 350 0.08; 364 0.08; 150 0.05; 312 0.04,6,38 0.18; 53 0.12; 52 0.12; 99 0.11; 35 0.09; 44 0.09; 41 0.03; 64 0.02,8,earned income 0.37; shelter deduction 0.21; unearned income 0.17,"wrong amount, known item 0.29; wrong include/exclude decision 0.27; other 0.11; change in circumstances 0.10",452,257,258,709,0.6375176304654443,0.6014789565727126,0.672074102059107,0.3624823695345557,258,0.26680455015511895,967,175426.0
2-3,children_i >  0.500 & rawben_rel_max >  0.495 & rawben_rel_max <=  0.872 & total_deductions_by_hh_size > 56.300,test_2024,1778,396,567,228,567,0.4021164021164021,0.36254599443053614,0.4430042667977976,106,567,0.18694885361552027,0.15700333051487092,0.22110786530547571,129,567,0.2275132275132275,0.19490694838153028,0.2637870220649123,33,567,0.0582010582010582,0.04173921252635974,0.08060926382855202,6,567,0.010582010582010581,0.004858536772405013,0.022892769369263703,31,567,0.054673721340388004,0.03878139912696837,0.07655987943436984,34,567,0.059964726631393295,0.043225371137935675,0.08262670411376288,241,567,0.42504409171075835,0.3849914956561188,0.46610555123044306,129,567,0.2275132275132275,0.19490694838153028,0.2637870220649123,61,567,0.10758377425044091,0.08466898779910562,0.13578025766583596,25,567,0.04409171075837742,0.030040996586224875,0.06427868859439266,45,567,0.07936507936507936,0.059841231938966864,0.10455043117738624,24,567,0.042328042328042326,0.028606716017727556,0.062209370266103195,11,567,0.019400352733686066,0.01086661753794027,0.034402683087662346,1,567,0.001763668430335097,0.0003113906449599708,0.009921921012774853,3,567,0.005291005291005291,0.001800984157296113,0.015439525294012268,27,567,0.047619047619047616,0.03293011898930717,0.06839676398488392,360,560,0.6428571428571429,0.6023210030731863,0.681446636632717,42,560,0.075,0.05596267691701901,0.0998285949579189,158,560,0.28214285714285714,0.24644990655346324,0.3208044428950343,304,567,0.5361552028218695,0.49500112824581693,0.5768226491383119,233,567,0.4109347442680776,0.3711682611074698,0.4518999946047978,3,567,0.005291005291005291,0.001800984157296113,0.015439525294012268,12,567,0.021164021164021163,0.012147271490401623,0.036625628031987774,15,567,0.026455026455026454,0.016096345240324404,0.04318735097242533,196,560,0.35,0.3116384729832121,0.3904055053255894,311 0.36; 363 0.23; 350 0.07; 364 0.06; 323 0.05,5,38 0.17; 56 0.11; 35 0.11; 44 0.08; 53 0.08; 52 0.08; 37 0.05; 57 0.05; 99 0.05,9,earned income 0.40; shelter deduction 0.23; unearned income 0.19,"wrong amount, known item 0.43; wrong include/exclude decision 0.23; unreported source of income 0.11",254,142,135,396,0.6414141414141414,0.5930271652208009,0.6870837587050737,0.35858585858585856,135,0.2542372881355932,531,96095.0
2-3,elderly_disabled_i <= 0.500 & unc_rawben_rel_max > 0.495 & unc_rawben_rel_max <= 0.719,all_2022_24,2728,621,937,408,937,0.43543223052294555,0.4040125145279535,0.4673792266535589,157,937,0.16755602988260407,0.14501021010679507,0.19281668870380178,171,937,0.1824973319103522,0.1590782700800214,0.20850921754807672,49,937,0.052294557097118465,0.03978028658441071,0.06846492706260492,0,937,0.0,0.0,0.004083152785761174,56,937,0.05976520811099253,0.04630899661764617,0.07681651143812007,96,937,0.10245464247598719,0.08463277366304524,0.12352298815701034,314,937,0.33511205976520814,0.30561532760448373,0.3659553172309489,202,937,0.21558164354322304,0.190440208394081,0.24304572590134133,99,937,0.1056563500533618,0.08755808223554874,0.12697494861682856,61,937,0.06510138740661686,0.05101312755167829,0.08274116222462412,97,937,0.10352187833511206,0.08560724497029536,0.12467427319386747,60,937,0.064034151547492,0.05006982050070223,0.08155871293149293,10,937,0.010672358591248666,0.005807136944566459,0.019533579282267052,5,937,0.005336179295624333,0.0022813528094714113,0.01243058169682593,4,937,0.004268943436499467,0.0016612964478859163,0.010924881714304193,85,937,0.09071504802561366,0.07395811590841557,0.11081432612646043,559,933,0.5991425509110396,0.5673511994597831,0.6301208171543382,79,933,0.08467309753483387,0.06846778780176271,0.1042845750309723,294,933,0.31511254019292606,0.28611250294457274,0.3456288714777415,516,937,0.5506937033084311,0.5187008995944684,0.5822725267506252,380,937,0.4055496264674493,0.37455835332627274,0.43731221022023714,2,937,0.0021344717182497333,0.0005855321640380151,0.007749133309937626,7,937,0.007470651013874066,0.003623367247645489,0.015340079946866318,32,937,0.03415154749199573,0.02429349974770497,0.04781385604948769,387,933,0.41479099678456594,0.38358892045812026,0.44669188688433753,311 0.40; 363 0.18; 350 0.07; 364 0.05; 150 0.05,5,38 0.18; 35 0.11; 44 0.10; 99 0.09; 52 0.09; 53 0.09; 41 0.04; 56 0.03; 37 0.03,9,earned income 0.44; shelter deduction 0.18; unearned income 0.17,"wrong amount, known item 0.34; wrong include/exclude decision 0.22; unreported source of income 0.11; change in circumstances 0.10",381,240,177,621,0.6135265700483091,0.5746411885588102,0.6510160019995649,0.3864734299516908,177,0.22180451127819548,798,163679.0
2-3,elderly_disabled_i <= 0.500 & unc_rawben_rel_max > 0.495 & unc_rawben_rel_max <= 0.719,train_2022_23,1777,399,622,269,622,0.432475884244373,0.3940733887855024,0.47170734550892596,106,622,0.17041800643086816,0.14291314950270448,0.20196900598200598,104,622,0.16720257234726688,0.13993829601627494,0.1985524658634083,34,622,0.05466237942122187,0.03937752049236027,0.07541446521137049,0,622,0.0,4.336808689942018e-19,0.006138294418268136,32,622,0.05144694533762058,0.036675152044095896,0.07172544005460765,77,622,0.12379421221864952,0.10019693810547994,0.15201001010633594,199,622,0.319935691318328,0.28447908096031604,0.35760287715815986,121,622,0.1945337620578778,0.16533908456621602,0.22747852295619855,62,622,0.09967845659163987,0.07853690993744991,0.12573458623666187,45,622,0.07234726688102894,0.05450647216124717,0.09543817837013328,73,622,0.11736334405144695,0.09438664848560979,0.14503751251615168,44,622,0.0707395498392283,0.05311499799613939,0.09363395573272745,2,622,0.003215434083601286,0.0008822128640935496,0.011647475159201798,4,622,0.006430868167202572,0.002503557069909767,0.016417524558412798,3,622,0.00482315112540193,0.0016416041611823267,0.014083780664626632,69,622,0.11093247588424437,0.08860021337590956,0.13804116041579748,355,622,0.5707395498392283,0.5315233027434304,0.6090873565671683,54,622,0.08681672025723473,0.06714769340380168,0.11155822835020125,213,622,0.342443729903537,0.3062203733289165,0.38060134002475,337,622,0.5418006430868167,0.5025067168646024,0.5805814000007515,262,622,0.4212218649517685,0.38301805034070013,0.460392806336133,1,622,0.001607717041800643,0.000283850629615859,0.009050140591165885,0,622,0.0,4.336808689942018e-19,0.006138294418268136,22,622,0.03536977491961415,0.02347172483037642,0.05297189924319107,253,622,0.4067524115755627,0.3688341696779948,0.4458154157762158,311 0.39; 363 0.17; 350 0.08; 150 0.06; 364 0.05; 323 0.05,6,38 0.19; 44 0.12; 99 0.11; 35 0.10; 53 0.09; 52 0.09; 41 0.05; 64 0.03,8,earned income 0.43; unearned income 0.17; shelter deduction 0.17,"wrong amount, known item 0.32; wrong include/exclude decision 0.19; change in circumstances 0.12; other 0.11; unreported source of income 0.10",236,163,108,399,0.5914786967418546,0.5425956890255592,0.6386169762006735,0.40852130325814534,108,0.21301775147928995,507,108187.0
2-3,elderly_disabled_i <= 0.500 & unc_rawben_rel_max > 0.495 & unc_rawben_rel_max <= 0.719,test_2024,951,222,315,139,315,0.44126984126984126,0.38746969516210733,0.49648522163670433,51,315,0.1619047619047619,0.1253398111953533,0.20661687199780598,67,315,0.2126984126984127,0.17110872526498408,0.2612112731292029,15,315,0.047619047619047616,0.02906687994481555,0.07707234404603132,0,315,0.0,0.0,0.012048615989883377,24,315,0.0761904761904762,0.051731236797336655,0.11086235199408831,19,315,0.06031746031746032,0.038950988882991776,0.09227906390811202,115,315,0.36507936507936506,0.3138327800859903,0.4195771639112798,81,315,0.2571428571428571,0.21200551691485447,0.30813238228023165,37,315,0.11746031746031746,0.08642890923427532,0.15770987315798465,16,315,0.050793650793650794,0.031503719217636394,0.0809082119732747,24,315,0.0761904761904762,0.051731236797336655,0.11086235199408831,16,315,0.050793650793650794,0.031503719217636394,0.0809082119732747,8,315,0.025396825396825397,0.012923810848963702,0.049306462741433535,1,315,0.0031746031746031746,0.0005606009694730761,0.017760722220474534,1,315,0.0031746031746031746,0.0005606009694730761,0.017760722220474534,16,315,0.050793650793650794,0.031503719217636394,0.0809082119732747,204,311,0.6559485530546624,0.6015357268133036,0.7065557071014014,25,311,0.08038585209003216,0.055039285085566866,0.11597242365940204,81,311,0.2604501607717042,0.21480577163041498,0.31194037627380095,179,315,0.5682539682539682,0.5130560513669334,0.6218071534344475,118,315,0.3746031746031746,0.3229634931155793,0.4292645724818835,1,315,0.0031746031746031746,0.0005606009694730761,0.017760722220474534,7,315,0.022222222222222223,0.010805109085923924,0.04515245730440909,10,315,0.031746031746031744,0.017333341531224827,0.05744234645930088,134,311,0.43086816720257237,0.377005021024451,0.4864183639411953,311 0.40; 363 0.21; 350 0.07; 323 0.07; 364 0.05,5,38 0.16; 35 0.12; 52 0.10; 56 0.09; 53 0.08; 44 0.07; 37 0.06; 99 0.05; 57 0.03,9,earned income 0.44; shelter deduction 0.21; unearned income 0.16,"wrong amount, known item 0.37; wrong include/exclude decision 0.26; unreported source of income 0.12; change in circumstances 0.08",145,77,69,222,0.6531531531531531,0.588416386954069,0.7126796024473522,0.34684684684684686,69,0.23711340206185566,291,55492.0
4+,shelter_expenses_by_hh_size <= 176.0 & total_deductions_by_hh_size >  15.8 & utilities <= 468.0,all_2022_24,3365,687,1055,448,1055,0.4246445497630332,0.3951437703483127,0.4546921257857267,187,1055,0.17725118483412322,0.1553902004984019,0.2014541093587099,129,1055,0.12227488151658768,0.10386499289780152,0.14342563111999304,71,1055,0.06729857819905213,0.05369614225270902,0.0840407959257683,2,1055,0.0018957345971563982,0.0005200219517178602,0.006885807211019985,44,1055,0.04170616113744076,0.031212887641003717,0.05552492092261903,174,1055,0.16492890995260664,0.14375778911540105,0.1885313842604845,316,1055,0.2995260663507109,0.2726536853122223,0.3278531327047503,240,1055,0.22748815165876776,0.20320685830460583,0.25374685412981307,110,1055,0.10426540284360189,0.08723752960600678,0.12416481801614937,119,1055,0.11279620853080569,0.09509472689844875,0.1333073305953256,113,1055,0.10710900473933649,0.08985257389562244,0.1272163436837398,60,1055,0.05687203791469194,0.04443738509269814,0.07252212990935696,12,1055,0.011374407582938388,0.006518392630374264,0.019776003056383794,6,1055,0.005687203791469194,0.002608990027491263,0.012352265744854667,14,1055,0.013270142180094787,0.007920918484871024,0.022151190506691076,65,1055,0.061611374407582936,0.04863169716156235,0.07777210110250285,629,1052,0.5979087452471483,0.567974569593276,0.6271304537359811,109,1052,0.10361216730038023,0.08661517452059438,0.1234936145250352,312,1052,0.2965779467680608,0.2697573496925526,0.3248788154291854,610,1053,0.5792972459639126,0.5492437271842081,0.6087742766491004,402,1053,0.3817663817663818,0.35290254062746534,0.41148977701029604,3,1053,0.002849002849002849,0.0009693632967877055,0.008342912071630796,4,1053,0.003798670465337132,0.0014781664059263172,0.009726540146124625,34,1053,0.032288698955365625,0.023196714574900183,0.04478092748612391,437,1052,0.41539923954372626,0.38598063998785564,0.44543346606744677,311 0.37; 363 0.12; 350 0.09; 150 0.09; 364 0.07; 312 0.04,6,38 0.15; 44 0.11; 35 0.10; 52 0.10; 53 0.09; 99 0.06; 41 0.04; 13 0.03; 40 0.03; 37 0.03; 7 0.03,11,earned income 0.42; unearned income 0.18; other element 0.16,"wrong amount, known item 0.30; wrong include/exclude decision 0.23; household composition 0.11; change in circumstances 0.11; unreported source of income 0.10",412,275,213,687,0.5997088791848617,0.5626138751200748,0.6356949702071318,0.4002911208151383,213,0.23666666666666666,900,239158.0
4+,shelter_expenses_by_hh_size <= 176.0 & total_deductions_by_hh_size >  15.8 & utilities <= 468.0,train_2022_23,2458,502,763,329,763,0.43119266055045874,0.39648296257431337,0.4665917584632516,138,763,0.18086500655307994,0.15517367885396907,0.209753836815499,88,763,0.11533420707732635,0.09457075806445077,0.13995173002174593,52,763,0.06815203145478375,0.05234798708178817,0.0882828811444531,2,763,0.002621231979030144,0.0007191158602802734,0.00950672478268954,30,763,0.039318479685452164,0.027678103852479055,0.05557455223712275,124,763,0.16251638269986893,0.13804038820694467,0.1903737197392074,217,763,0.28440366972477066,0.2535350291320668,0.31743243011897015,176,763,0.2306684141546527,0.20217083249384868,0.2618645041389057,79,763,0.10353866317169069,0.08386996589273496,0.12717961722847285,78,763,0.10222804718217562,0.08268605089604597,0.12575543167349643,87,763,0.11402359108781127,0.09337791818648239,0.13853646934804886,48,763,0.06290956749672345,0.04777518400774668,0.08242328201183284,7,763,0.009174311926605505,0.004450948101545503,0.01881539529975146,4,763,0.005242463958060288,0.0020404912287054757,0.013401550517595194,10,763,0.01310615989515072,0.0071342501684344955,0.023956394887858744,57,763,0.07470511140235911,0.058105310145306,0.0955660608392624,446,762,0.5853018372703412,0.5499779802003864,0.619769915448009,71,762,0.09317585301837271,0.07452834181587556,0.11590477124562434,244,762,0.32020997375328086,0.28805561930565843,0.35416804678926245,447,762,0.5866141732283464,0.5512998710967283,0.6210595306385651,285,762,0.37401574803149606,0.34037194943074917,0.40892346622700554,2,762,0.0026246719160104987,0.0007200599692718402,0.009519133096239356,0,762,0.0,0.0,0.005016180891714421,28,762,0.03674540682414698,0.025543328675028208,0.05259502264984105,315,762,0.41338582677165353,0.3789404693614347,0.44870012890327154,311 0.39; 363 0.12; 350 0.09; 150 0.08; 364 0.07,5,38 0.16; 44 0.12; 35 0.10; 53 0.10; 52 0.10; 99 0.07; 40 0.03; 39 0.03; 41 0.03,9,earned income 0.43; unearned income 0.18; other element 0.16,"wrong amount, known item 0.28; wrong include/exclude decision 0.23; change in circumstances 0.11; unreported source of income 0.10; household composition 0.10",305,197,144,502,0.6075697211155379,0.5641921473443181,0.649313424360342,0.39243027888446214,144,0.22291021671826625,646,172656.0
4+,shelter_expenses_by_hh_size <= 176.0 & total_deductions_by_hh_size >  15.8 & utilities <= 468.0,test_2024,907,185,292,119,292,0.4075342465753425,0.35272824821673954,0.4647416410753682,49,292,0.1678082191780822,0.12932008173715043,0.21492359460856975,41,292,0.1404109589041096,0.10521711703615652,0.1849435635442622,19,292,0.06506849315068493,0.042048228175538174,0.09938421405030161,0,292,0.0,0.0,0.012985327283248874,14,292,0.04794520547945205,0.028771481491629478,0.0788590883808969,50,292,0.17123287671232876,0.13236269630152206,0.21864135451486075,99,292,0.339041095890411,0.287147132859007,0.39511526701984706,64,292,0.2191780821917808,0.17554257807061827,0.27010671533504205,31,292,0.10616438356164383,0.07580485651425914,0.1467520793595328,41,292,0.1404109589041096,0.10521711703615652,0.1849435635442622,26,292,0.08904109589041095,0.06148750999543546,0.12726755352504307,12,292,0.0410958904109589,0.023662113526685874,0.07044770740451514,5,292,0.017123287671232876,0.007335551356782339,0.03945164827977993,2,292,0.00684931506849315,0.0018803038555145375,0.024625772369059693,4,292,0.0136986301369863,0.005339594255973409,0.034687230909926176,8,292,0.0273972602739726,0.013946485974401568,0.053121837074148734,183,290,0.6310344827586207,0.5741227683188744,0.6845199834221997,38,290,0.1310344827586207,0.09697508100821665,0.1747413811945484,68,290,0.23448275862068965,0.1893866917282565,0.2865214165858828,163,291,0.5601374570446735,0.5026896708425787,0.6160181370108585,117,291,0.4020618556701031,0.34735583733953124,0.459320018442014,1,291,0.003436426116838488,0.0006068557561889065,0.019205816539715065,4,291,0.013745704467353952,0.0053579868782889645,0.034804595335347105,6,291,0.020618556701030927,0.00948297591902151,0.044246212906435954,122,290,0.4206896551724138,0.3652706467903261,0.478182424524287,311 0.33; 363 0.14; 150 0.10; 350 0.09; 364 0.07; 312 0.05,6,38 0.15; 35 0.11; 52 0.10; 44 0.09; 53 0.05; 57 0.05; 13 0.04; 37 0.04; 56 0.04; 7 0.04; 41 0.04; 40 0.03,12,earned income 0.41; other element 0.17; unearned income 0.17; shelter deduction 0.14,"wrong amount, known item 0.34; wrong include/exclude decision 0.22; household composition 0.14; unreported source of income 0.11",107,78,69,185,0.5783783783783784,0.5063331253593901,0.6472347325702186,0.42162162162162165,69,0.27165354330708663,254,66502.0
4+,rawben_rel_max >   0.174 & total_deductions_by_hh_size >  15.300 & total_deductions_by_hh_size <= 177.000 & utilities <= 468.000,all_2022_24,5500,1133,1738,693,1738,0.3987341772151899,0.37596178631969523,0.4219532479750422,355,1738,0.2042577675489068,0.1859654497974817,0.22385459354055776,269,1738,0.15477560414269276,0.13853401704019733,0.17253996351004333,114,1738,0.06559263521288838,0.05488484689643963,0.07821657862927983,8,1738,0.004602991944764097,0.0023342067250556944,0.009056955364539593,44,1738,0.02531645569620253,0.018912358259563535,0.033814364997017315,255,1738,0.14672036823935558,0.13086464490617275,0.16413439519024017,557,1738,0.3204833141542002,0.29896000085600277,0.3427984690301224,402,1738,0.23130034522439585,0.2120816739913996,0.2517042408702044,191,1738,0.10989643268124281,0.09604358340746538,0.12547001461430654,173,1738,0.09953970080552359,0.08633529684035102,0.11451052059792813,148,1738,0.08515535097813579,0.07293054301888126,0.09921002360899124,105,1738,0.06041426927502877,0.050152883968973785,0.07261465126499929,18,1738,0.010356731875719217,0.006561059201724832,0.016312203212033114,8,1738,0.004602991944764097,0.0023342067250556944,0.009056955364539593,18,1738,0.010356731875719217,0.006561059201724832,0.016312203212033114,118,1738,0.06789413118527042,0.05699466190318874,0.08069960375219576,1060,1734,0.6113033448673587,0.5881375568978333,0.6339770477934112,183,1734,0.10553633217993079,0.0919364979937104,0.12088013615752635,489,1734,0.2820069204152249,0.26132695748819557,0.3036506561216984,1017,1736,0.5858294930875576,0.5624931793296333,0.6087867808690424,661,1736,0.3807603686635945,0.3582052424133795,0.40384206120322563,5,1736,0.002880184331797235,0.0012308326253350258,0.0067248341434098975,5,1736,0.002880184331797235,0.0012308326253350258,0.0067248341434098975,48,1736,0.027649769585253458,0.020917710990707286,0.0364677429494675,717,1734,0.4134948096885813,0.3905314629116588,0.4368406059811562,311 0.34; 363 0.15; 350 0.09; 150 0.08; 364 0.07; 312 0.05,6,38 0.17; 35 0.11; 44 0.10; 53 0.09; 52 0.09; 99 0.07; 37 0.03; 7 0.03; 41 0.03; 12 0.02; 40 0.02,11,earned income 0.40; unearned income 0.20; shelter deduction 0.15,"wrong amount, known item 0.32; wrong include/exclude decision 0.23; unreported source of income 0.11; household composition 0.10",721,412,365,1133,0.6363636363636364,0.6079354841632053,0.663870192194873,0.36363636363636365,365,0.24365821094793058,1498,370636.0
4+,rawben_rel_max >   0.174 & total_deductions_by_hh_size >  15.300 & total_deductions_by_hh_size <= 177.000 & utilities <= 468.000,train_2022_23,4034,796,1225,495,1225,0.40408163265306124,0.3769428893618352,0.43182009522462417,258,1225,0.21061224489795918,0.18870107026446406,0.23433278536021526,176,1225,0.1436734693877551,0.1251440662984496,0.16443076580358862,80,1225,0.0653061224489796,0.05278436967767796,0.08054575195882914,6,1225,0.004897959183673469,0.002246623262374528,0.010644867390285667,30,1225,0.024489795918367346,0.017207367977065374,0.034745300291977595,180,1225,0.1469387755102041,0.12821626963685326,0.1678687587345821,364,1225,0.29714285714285715,0.27221719525100174,0.3233368615127016,289,1225,0.23591836734693877,0.21299078088989426,0.2604970958226129,134,1225,0.10938775510204081,0.09311455276934463,0.1281032185040237,113,1225,0.09224489795918367,0.07729003668398801,0.10974920417504538,109,1225,0.08897959183673469,0.07429369053562775,0.10623535405400854,86,1225,0.07020408163265306,0.057199563304387996,0.08589585273621478,11,1225,0.008979591836734694,0.005021331472070679,0.01600790451733593,6,1225,0.004897959183673469,0.002246623262374528,0.010644867390285667,13,1225,0.010612244897959184,0.006212196522262106,0.01807213760184307,100,1225,0.08163265306122448,0.06757573245594714,0.0983053705275456,743,1224,0.6070261437908496,0.5793698803690557,0.6340126927576406,125,1224,0.10212418300653595,0.08638553710710165,0.12035253073487406,355,1224,0.2900326797385621,0.2652990137512549,0.31608021301545514,739,1224,0.6037581699346405,0.5760728412963715,0.6307942334142426,443,1224,0.3619281045751634,0.3354765260325167,0.3892436658880047,2,1224,0.0016339869281045752,0.00044820319465292083,0.005938288352790985,0,1224,0.0,0.0,0.003128742339402737,40,1224,0.032679738562091505,0.02408985340168176,0.04419387309854434,507,1224,0.41421568627450983,0.3869298936234451,0.4420382729543938,311 0.35; 363 0.14; 350 0.09; 150 0.08; 364 0.07; 312 0.05,6,38 0.18; 53 0.11; 35 0.11; 44 0.11; 52 0.10; 99 0.08; 39 0.03; 7 0.03; 40 0.03,9,earned income 0.40; unearned income 0.21; other element 0.15,"wrong amount, known item 0.30; wrong include/exclude decision 0.24; unreported source of income 0.11; household composition 0.09; change in circumstances 0.09",506,290,239,796,0.635678391959799,0.6016688775400847,0.6683845930470915,0.36432160804020103,239,0.23091787439613526,1035,259173.0
4+,rawben_rel_max >   0.174 & total_deductions_by_hh_size >  15.300 & total_deductions_by_hh_size <= 177.000 & utilities <= 468.000,test_2024,1466,337,513,198,513,0.38596491228070173,0.3448331008309875,0.42879193244806735,97,513,0.18908382066276802,0.15755657525153044,0.2252330453982005,93,513,0.18128654970760233,0.15035674659992393,0.2169542438466655,34,513,0.06627680311890838,0.0478126281909244,0.09118856675932725,2,513,0.003898635477582846,0.0010697759545932085,0.01410237737052613,14,513,0.02729044834307992,0.01632455571694525,0.04528348821759871,75,513,0.14619883040935672,0.11825542547040052,0.17940172906205198,193,513,0.3762183235867446,0.3353631310875298,0.4189136144375981,113,513,0.2202729044834308,0.1865619414689817,0.25814219999331545,57,513,0.1111111111111111,0.08675348968706709,0.14124982893124843,60,513,0.11695906432748537,0.09195355617284814,0.14765873509782354,39,513,0.07602339181286549,0.056108704177201436,0.10224077852697716,19,513,0.037037037037037035,0.02383677963884108,0.057119552049629804,7,513,0.01364522417153996,0.006625042757439739,0.02789539832160652,2,513,0.003898635477582846,0.0010697759545932085,0.01410237737052613,5,513,0.009746588693957114,0.004170081666137139,0.022611044311338355,18,513,0.03508771929824561,0.022307829343434844,0.05477884479425065,317,510,0.6215686274509804,0.5787146236518873,0.6626048802574888,58,510,0.11372549019607843,0.08901111462140204,0.1442156229568711,134,510,0.2627450980392157,0.22642204221480916,0.3026157001556023,278,512,0.54296875,0.49965846975600153,0.5856390324229619,218,512,0.42578125,0.38365968851029675,0.4690082622714936,3,512,0.005859375,0.001994639685501602,0.017084085256418552,5,512,0.009765625,0.004178240073313046,0.022654803248512878,8,512,0.015625,0.00793812955919791,0.03052639133248667,210,510,0.4117647058823529,0.3698651481616615,0.45498359900088814,311 0.32; 363 0.18; 350 0.09; 150 0.09; 364 0.07,5,38 0.16; 35 0.11; 52 0.08; 44 0.08; 56 0.07; 53 0.06; 37 0.05; 57 0.04; 99 0.04; 7 0.03; 13 0.03,11,earned income 0.39; unearned income 0.19; shelter deduction 0.18,"wrong amount, known item 0.38; wrong include/exclude decision 0.22; household composition 0.12; unreported source of income 0.11",215,122,126,337,0.6379821958456974,0.5853823062757139,0.6874717115437073,0.3620178041543027,126,0.27213822894168466,463,111463.0
4+,total_deductions_by_hh_size >   2.860 & total_deductions_by_hh_size <= 201.000 & unc_rawben_rel_max >   0.129 & utilities <= 468.000,all_2022_24,6288,1299,1990,784,1990,0.39396984924623113,0.3727250420364752,0.4156232399935515,410,1990,0.20603015075376885,0.18883425804872453,0.22435884615774807,317,1990,0.1592964824120603,0.14387620101161827,0.1760296530943448,126,1990,0.06331658291457286,0.053435185374278105,0.07488072497687515,9,1990,0.004522613065326633,0.0023811682267483327,0.00857336296569945,52,1990,0.02613065326633166,0.019982171832737525,0.03410517392231142,292,1990,0.14673366834170853,0.13186774891233916,0.16296088742466974,636,1990,0.31959798994974875,0.2994736757363438,0.34041747710147435,461,1990,0.23165829145728642,0.21364933954557752,0.2507012889095615,224,1990,0.11256281407035176,0.0994160209183527,0.1272025830871009,201,1990,0.10100502512562815,0.0885244752726043,0.11502308838541143,163,1990,0.08190954773869347,0.07065110300443389,0.09477908964477152,119,1990,0.05979899497487437,0.05020462579897604,0.07108966357687005,20,1990,0.010050251256281407,0.00651533908488135,0.015473167925906264,8,1990,0.004020100502512563,0.0020384210951566177,0.007913021386533001,20,1990,0.010050251256281407,0.00651533908488135,0.015473167925906264,138,1990,0.06934673366834171,0.05899455924512724,0.08135841563512401,1230,1986,0.6193353474320241,0.5977692847662998,0.6404406310380536,204,1986,0.1027190332326284,0.09012458751482977,0.11684746493396816,550,1986,0.2769385699899295,0.2577025685123078,0.2970358589082466,1151,1988,0.5789738430583501,0.5571383276609874,0.6005047298994131,772,1988,0.38832997987927564,0.36714062609999865,0.4099500823177792,6,1988,0.0030181086519114686,0.0013839189081266317,0.006569323960181772,6,1988,0.0030181086519114686,0.0013839189081266317,0.006569323960181772,53,1988,0.02665995975855131,0.02043979714947555,0.03470595339615018,802,1986,0.4038267875125881,0.3824525614386016,0.4255723587359488,311 0.33; 363 0.16; 350 0.10; 150 0.08; 364 0.06; 312 0.05,6,38 0.17; 35 0.11; 44 0.10; 53 0.10; 52 0.09; 99 0.07; 37 0.03; 7 0.03; 12 0.02; 39 0.02,10,earned income 0.39; unearned income 0.21; shelter deduction 0.16,"wrong amount, known item 0.32; wrong include/exclude decision 0.23; unreported source of income 0.11; household composition 0.10",837,462,428,1299,0.6443418013856813,0.6179180054305055,0.6699143757277258,0.3556581986143187,428,0.2478286045165026,1727,437056.0
4+,total_deductions_by_hh_size >   2.860 & total_deductions_by_hh_size <= 201.000 & unc_rawben_rel_max >   0.129 & utilities <= 468.000,train_2022_23,4619,912,1407,551,1407,0.3916133617626155,0.3664363934187335,0.4173805850429167,304,1407,0.21606254442075337,0.19534606623228928,0.23832529701642696,213,1407,0.1513859275053305,0.13360794806935894,0.17106239904827641,90,1407,0.06396588486140725,0.05232967168046038,0.07797666462263703,6,1407,0.0042643923240938165,0.0019558037340371244,0.009272671524985576,35,1407,0.024875621890547265,0.01793994839697709,0.034398740793928545,208,1407,0.1478322672352523,0.13024539610659214,0.16733698309175304,423,1407,0.3006396588486141,0.27724921456214036,0.32511578516568174,331,1407,0.23525230987917556,0.21382832106123223,0.2581180689516509,157,1407,0.11158493248045487,0.09617892137593922,0.1291061850456463,134,1407,0.09523809523809523,0.0809830728466148,0.11169738114623598,120,1407,0.08528784648187633,0.07179858771402048,0.10103555610481788,96,1407,0.06823027718550106,0.05619643750724347,0.08261546029900212,12,1407,0.008528784648187633,0.004885457444951869,0.014848579317219019,6,1407,0.0042643923240938165,0.0019558037340371244,0.009272671524985576,14,1407,0.009950248756218905,0.005936284596775508,0.016632939333111448,114,1407,0.08102345415778252,0.06787982398632869,0.09644875832936148,864,1406,0.6145092460881935,0.5887889702769269,0.6396054819792698,142,1406,0.10099573257467995,0.08631634742052187,0.11784956738863116,399,1406,0.28378378378378377,0.26083205234489965,0.307913826624766,835,1406,0.5938833570412517,0.567990462645951,0.6192646162224834,524,1406,0.37268847795163584,0.34779322052010403,0.3982775437416399,3,1406,0.0021337126600284497,0.0007259012208596701,0.006254741143502397,0,1406,0.0,0.0,0.00272484511735219,44,1406,0.031294452347083924,0.0233936346998887,0.041749570040275005,564,1406,0.4011379800853485,0.37582119503425404,0.42699353252095495,311 0.33; 363 0.15; 350 0.10; 150 0.08; 364 0.06; 312 0.05,6,38 0.18; 53 0.11; 35 0.11; 44 0.11; 52 0.09; 99 0.08; 39 0.03; 7 0.03; 37 0.02,9,earned income 0.39; unearned income 0.22; shelter deduction 0.15,"wrong amount, known item 0.30; wrong include/exclude decision 0.24; unreported source of income 0.11; household composition 0.10; change in circumstances 0.09",585,327,284,912,0.6414473684210527,0.6097882846195092,0.6719198186158101,0.35855263157894735,284,0.23745819397993312,1196,301279.0
4+,total_deductions_by_hh_size >   2.860 & total_deductions_by_hh_size <= 201.000 & unc_rawben_rel_max >   0.129 & utilities <= 468.000,test_2024,1669,387,583,233,583,0.3996569468267582,0.36067700523337876,0.43995062580027666,106,583,0.18181818181818182,0.15262555950196643,0.21517658676714607,104,583,0.1783876500857633,0.1494465184680453,0.21153947843469645,36,583,0.06174957118353345,0.04493352671374659,0.08430339173238946,3,583,0.005145797598627788,0.0017515147747717745,0.015018939126246831,17,583,0.029159519725557463,0.018283993904825067,0.04619950556078883,84,583,0.14408233276157806,0.11790388968871292,0.1749206135503213,213,583,0.3653516295025729,0.32726320791674673,0.40520292945320097,130,583,0.22298456260720412,0.19107106242507085,0.2585248762404907,67,583,0.11492281303602059,0.09151664461296272,0.14337058901192,67,583,0.11492281303602059,0.09151664461296272,0.14337058901192,43,583,0.07375643224699828,0.05521597512009699,0.09787746610833667,23,583,0.03945111492281304,0.02642985983983402,0.05850208772489213,8,583,0.0137221269296741,0.00696917305097121,0.026841654265974284,2,583,0.003430531732418525,0.0009412604940950992,0.012421118723738127,6,583,0.010291595197255575,0.004724962769849378,0.02226971518072536,24,583,0.0411663807890223,0.027817253536773508,0.06052276871113802,366,580,0.6310344827586207,0.5910221523262204,0.6693224342876832,62,580,0.10689655172413794,0.08428653076033675,0.13467970939795276,151,580,0.2603448275862069,0.22629110371598757,0.29755234971384686,316,582,0.5429553264604811,0.5023334619012291,0.5830138401681356,248,582,0.4261168384879725,0.3865539650191002,0.4666486754215923,3,582,0.005154639175257732,0.001754526855620572,0.015044553305296646,6,582,0.010309278350515464,0.004733095599847607,0.022307660809393386,9,582,0.015463917525773196,0.008156451621272764,0.029125981036292013,238,580,0.4103448275862069,0.37102954122157483,0.45083995214785955,311 0.33; 363 0.18; 350 0.09; 150 0.09; 364 0.06,5,38 0.16; 35 0.11; 52 0.08; 44 0.07; 56 0.07; 53 0.06; 37 0.05; 99 0.04; 57 0.04; 7 0.03; 13 0.03,11,earned income 0.40; unearned income 0.18; shelter deduction 0.18,"wrong amount, known item 0.37; wrong include/exclude decision 0.22; household composition 0.11; unreported source of income 0.11",252,135,144,387,0.6511627906976745,0.6024025564158377,0.6969514529833665,0.3488372093023256,144,0.2711864406779661,531,135777.0
2-3,count_divisible_by_100 <=   0.5 & HH_size_n <=   2.5 & medical_deductions > 366.0 & total_deductions_by_hh_size > 519.0,all_2022_24,56,28,47,0,47,0.0,6.938893903907228e-18,0.0755601711983887,9,47,0.19148936170212766,0.10415815605310119,0.325442800643777,8,47,0.1702127659574468,0.0888625809126393,0.3014005107288512,0,47,0.0,6.938893903907228e-18,0.0755601711983887,27,47,0.574468085106383,0.43281668771211546,0.7048658399817417,1,47,0.02127659574468085,0.003765671010464995,0.11113236524331144,2,47,0.0425531914893617,0.01174802937056972,0.1424878719385944,5,47,0.10638297872340426,0.046304099555199416,0.22594539692012788,29,47,0.6170212765957447,0.47426308443976317,0.7420951733648692,5,47,0.10638297872340426,0.046304099555199416,0.22594539692012788,1,47,0.02127659574468085,0.003765671010464995,0.11113236524331144,0,47,0.0,6.938893903907228e-18,0.0755601711983887,3,47,0.06382978723404255,0.0219449870207728,0.17162877934377904,0,47,0.0,6.938893903907228e-18,0.0755601711983887,1,47,0.02127659574468085,0.003765671010464995,0.11113236524331144,0,47,0.0,6.938893903907228e-18,0.0755601711983887,3,47,0.06382978723404255,0.0219449870207728,0.17162877934377904,28,47,0.5957446808510638,0.45341868236312644,0.7236017103861182,12,47,0.2553191489361702,0.15253006046383732,0.3950844913992039,7,47,0.14893617021276595,0.07406626087497505,0.2768589657111277,31,47,0.6595744680851063,0.5167065950530297,0.7783273928623781,16,47,0.3404255319148936,0.22167260713762188,0.4832934049469702,0,47,0.0,6.938893903907228e-18,0.0755601711983887,0,47,0.0,6.938893903907228e-18,0.0755601711983887,0,47,0.0,6.938893903907228e-18,0.0755601711983887,25,47,0.5319148936170213,0.39232141926770786,0.6666853783153737,365 0.57; 363 0.17; 331 0.11,3,53 0.49; 35 0.11; 99 0.06; 52 0.06; 98 0.06,5,medical deduction 0.57; unearned income 0.19,"wrong include/exclude decision 0.62; unreported source of income 0.11; wrong amount, known item 0.11",28,0,24,28,1.0,0.8793527963418923,1.0,0.0,24,0.46153846153846156,52,8183.0
2-3,count_divisible_by_100 <=   0.5 & HH_size_n <=   2.5 & medical_deductions > 366.0 & total_deductions_by_hh_size > 519.0,train_2022_23,38,22,40,0,40,0.0,0.0,0.08762453925039232,8,40,0.2,0.10499864973166874,0.34757607381856676,8,40,0.2,0.10499864973166874,0.34757607381856676,0,40,0.0,0.0,0.08762453925039232,21,40,0.525,0.37497106853929735,0.6706477044981831,1,40,0.025,0.0044267174077949195,0.1288165948800778,2,40,0.05,0.013820377146101098,0.165041708179252,1,40,0.025,0.0044267174077949195,0.1288165948800778,26,40,0.65,0.4950559699353738,0.7786566682895086,5,40,0.125,0.05459419773541284,0.26112420670238146,1,40,0.025,0.0044267174077949195,0.1288165948800778,0,40,0.0,0.0,0.08762453925039232,3,40,0.075,0.025835556771858226,0.19864530159097524,0,40,0.0,0.0,0.08762453925039232,1,40,0.025,0.0044267174077949195,0.1288165948800778,0,40,0.0,0.0,0.08762453925039232,3,40,0.075,0.025835556771858226,0.19864530159097524,24,40,0.6,0.445956198273935,0.7365188938759863,11,40,0.275,0.1610785343314309,0.4283525083312457,5,40,0.125,0.05459419773541284,0.26112420670238146,25,40,0.625,0.47032160054531913,0.7577722646420829,15,40,0.375,0.2422277353579172,0.529678399454681,0,40,0.0,0.0,0.08762453925039232,0,40,0.0,0.0,0.08762453925039232,0,40,0.0,0.0,0.08762453925039232,19,40,0.475,0.32935229550181694,0.6250289314607027,365 0.53; 363 0.20; 331 0.10,3,53 0.53; 35 0.12; 99 0.07; 52 0.07,4,medical deduction 0.53; shelter deduction 0.20; unearned income 0.20,wrong include/exclude decision 0.65; unreported source of income 0.12,22,0,19,22,1.0,0.8513404742740388,1.0,0.0,19,0.4634146341463415,41,6372.0
2-3,count_divisible_by_100 <=   0.5 & HH_size_n <=   2.5 & medical_deductions > 366.0 & total_deductions_by_hh_size > 519.0,test_2024,18,6,7,0,7,0.0,0.0,0.35433884297520657,1,7,0.14285714285714285,0.02567895594897479,0.51313450331903,0,7,0.0,0.0,0.35433884297520657,0,7,0.0,0.0,0.35433884297520657,6,7,0.8571428571428571,0.48686549668097007,0.9743210440510253,0,7,0.0,0.0,0.35433884297520657,0,7,0.0,0.0,0.35433884297520657,4,7,0.5714285714285714,0.2504542304090258,0.8417830777373732,3,7,0.42857142857142855,0.15821692226262685,0.7495457695909742,0,7,0.0,0.0,0.35433884297520657,0,7,0.0,0.0,0.35433884297520657,0,7,0.0,0.0,0.35433884297520657,0,7,0.0,0.0,0.35433884297520657,0,7,0.0,0.0,0.35433884297520657,0,7,0.0,0.0,0.35433884297520657,0,7,0.0,0.0,0.35433884297520657,0,7,0.0,0.0,0.35433884297520657,4,7,0.5714285714285714,0.2504542304090258,0.8417830777373732,1,7,0.14285714285714285,0.02567895594897479,0.51313450331903,2,7,0.2857142857142857,0.0822171657090155,0.6410709098517873,6,7,0.8571428571428571,0.48686549668097007,0.9743210440510253,1,7,0.14285714285714285,0.02567895594897479,0.51313450331903,0,7,0.0,0.0,0.35433884297520657,0,7,0.0,0.0,0.35433884297520657,0,7,0.0,0.0,0.35433884297520657,6,7,0.8571428571428571,0.48686549668097007,0.9743210440510253,365 0.86,1,56 0.43; 53 0.29; 57 0.14,3,medical deduction 0.86,"wrong amount, known item 0.57; wrong include/exclude decision 0.43",6,0,5,6,1.0,0.6096569663469354,0.9999999999999999,0.0,5,0.45454545454545453,11,1811.0
1,cat_elig >   0.500 & medical_deductions > 602.000 & rawben_rel_max <=   0.991,all_2022_24,57,32,52,1,52,0.019230769230769232,0.0034027204090655225,0.10120746268024422,4,52,0.07692307692307693,0.03031885429734589,0.1817381068212467,10,52,0.19230769230769232,0.10795930648521072,0.31899121069194747,4,52,0.07692307692307693,0.03031885429734589,0.1817381068212467,30,52,0.5769230769230769,0.4419408497943149,0.7013215209113954,0,52,0.0,0.0,0.06879459041288215,3,52,0.057692307692307696,0.019813812690573196,0.15642755575159178,16,52,0.3076923076923077,0.19914562391353519,0.4426984493221887,30,52,0.5769230769230769,0.4419408497943149,0.7013215209113954,1,52,0.019230769230769232,0.0034027204090655225,0.10120746268024422,0,52,0.0,0.0,0.06879459041288215,0,52,0.0,0.0,0.06879459041288215,4,52,0.07692307692307693,0.03031885429734589,0.1817381068212467,0,52,0.0,0.0,0.06879459041288215,0,52,0.0,0.0,0.06879459041288215,0,52,0.0,0.0,0.06879459041288215,1,52,0.019230769230769232,0.0034027204090655225,0.10120746268024422,35,52,0.6730769230769231,0.5375593513988892,0.7847809826889593,5,52,0.09615384615384616,0.041773735183410265,0.20609881861160995,12,52,0.23076923076923078,0.13724127341871611,0.3613404291112973,37,52,0.7115384615384616,0.5772695428589907,0.816701976581713,10,52,0.19230769230769232,0.10795930648521072,0.31899121069194747,2,52,0.038461538461538464,0.010611488322077554,0.12981428744365978,0,52,0.0,0.0,0.06879459041288215,3,52,0.057692307692307696,0.019813812690573196,0.15642755575159178,30,52,0.5769230769230769,0.4419408497943149,0.7013215209113954,365 0.58; 363 0.19,2,53 0.50; 56 0.13; 57 0.10; 52 0.08,4,medical deduction 0.58; shelter deduction 0.19,"wrong include/exclude decision 0.58; wrong amount, known item 0.31",29,3,30,32,0.90625,0.7578150066422116,0.9675990373736805,0.09375,30,0.4838709677419355,62,9439.0
1,cat_elig >   0.500 & medical_deductions > 602.000 & rawben_rel_max <=   0.991,train_2022_23,34,20,30,1,30,0.03333333333333333,0.0059084379948573795,0.16670751396958874,3,30,0.1,0.03459925995971615,0.25621441315266624,3,30,0.1,0.03459925995971615,0.25621441315266624,2,30,0.06666666666666667,0.01847663532769335,0.21323817721072091,18,30,0.6,0.42320052498273836,0.7540960567391659,0,30,0.0,0.0,0.113517091390478,3,30,0.1,0.03459925995971615,0.25621441315266624,3,30,0.1,0.03459925995971615,0.25621441315266624,23,30,0.7666666666666667,0.5907132766967574,0.8820776078949878,1,30,0.03333333333333333,0.0059084379948573795,0.16670751396958874,0,30,0.0,0.0,0.113517091390478,0,30,0.0,0.0,0.113517091390478,2,30,0.06666666666666667,0.01847663532769335,0.21323817721072091,0,30,0.0,0.0,0.113517091390478,0,30,0.0,0.0,0.113517091390478,0,30,0.0,0.0,0.113517091390478,1,30,0.03333333333333333,0.0059084379948573795,0.16670751396958874,19,30,0.6333333333333333,0.45513246433604937,0.7812629779598231,5,30,0.16666666666666666,0.07336434240351683,0.33564705185680177,6,30,0.2,0.09504978102401235,0.37306047381027446,22,30,0.7333333333333333,0.5555169795568831,0.8581750444608938,5,30,0.16666666666666666,0.07336434240351683,0.33564705185680177,2,30,0.06666666666666667,0.01847663532769335,0.21323817721072091,0,30,0.0,0.0,0.113517091390478,1,30,0.03333333333333333,0.0059084379948573795,0.16670751396958874,16,30,0.5333333333333333,0.3614201328152505,0.6976787277587178,365 0.60; 363 0.10; 364 0.07,3,53 0.67; 38 0.10,2,medical deduction 0.60; unearned income 0.10; shelter deduction 0.10,wrong include/exclude decision 0.77,20,0,18,20,1.0,0.8388698745050667,1.0,0.0,18,0.47368421052631576,38,5732.0
1,cat_elig >   0.500 & medical_deductions > 602.000 & rawben_rel_max <=   0.991,test_2024,23,12,22,0,22,0.0,1.3877787807814457e-17,0.14865952572596125,1,22,0.045454545454545456,0.008069219301147859,0.21798489499518053,7,22,0.3181818181818182,0.1636038735469248,0.5268177721716065,2,22,0.09090909090909091,0.025294896282837792,0.2781538065838578,12,22,0.5454545454545454,0.34659473289041554,0.7307998556799515,0,22,0.0,1.3877787807814457e-17,0.14865952572596125,0,22,0.0,1.3877787807814457e-17,0.14865952572596125,13,22,0.5909090909090909,0.38734477382893806,0.7674444033117963,7,22,0.3181818181818182,0.1636038735469248,0.5268177721716065,0,22,0.0,1.3877787807814457e-17,0.14865952572596125,0,22,0.0,1.3877787807814457e-17,0.14865952572596125,0,22,0.0,1.3877787807814457e-17,0.14865952572596125,2,22,0.09090909090909091,0.025294896282837792,0.2781538065838578,0,22,0.0,1.3877787807814457e-17,0.14865952572596125,0,22,0.0,1.3877787807814457e-17,0.14865952572596125,0,22,0.0,1.3877787807814457e-17,0.14865952572596125,0,22,0.0,1.3877787807814457e-17,0.14865952572596125,16,22,0.7272727272727273,0.5184787630099802,0.8684941798418556,0,22,0.0,1.3877787807814457e-17,0.14865952572596125,6,22,0.2727272727272727,0.1315058201581444,0.4815212369900198,15,22,0.6818181818181818,0.47318222782839336,0.8363961264530752,5,22,0.22727272727272727,0.10122890794820358,0.4344035606295935,0,22,0.0,1.3877787807814457e-17,0.14865952572596125,0,22,0.0,1.3877787807814457e-17,0.14865952572596125,2,22,0.09090909090909091,0.025294896282837792,0.2781538065838578,14,22,0.6363636363636364,0.4295134934371804,0.802670272273921,365 0.55; 363 0.32,2,56 0.32; 53 0.27; 57 0.23,3,medical deduction 0.55; shelter deduction 0.32,"wrong amount, known item 0.59; wrong include/exclude decision 0.32",9,3,12,12,0.75,0.46768966087934005,0.9110599603710386,0.25,12,0.5,24,3707.0
2-3,married <=   0.5 & medical_deductions > 140.0 & total_deductions_by_hh_size > 411.0,all_2022_24,56,26,48,2,48,0.041666666666666664,0.011501652078965613,0.13975911147771472,13,48,0.2708333333333333,0.16565803561632889,0.40997234616201117,15,48,0.3125,0.19945512167731494,0.4533333725049633,1,48,0.020833333333333332,0.003687015979399688,0.10899469137531158,12,48,0.25,0.1492048880971003,0.3878464374792707,2,48,0.041666666666666664,0.011501652078965613,0.13975911147771472,3,48,0.0625,0.021482843131227225,0.1683569766274222,11,48,0.22916666666666666,0.13307691028989044,0.36539535908451154,22,48,0.4583333333333333,0.3257502185455351,0.5970916690505266,3,48,0.0625,0.021482843131227225,0.1683569766274222,1,48,0.020833333333333332,0.003687015979399688,0.10899469137531158,1,48,0.020833333333333332,0.003687015979399688,0.10899469137531158,2,48,0.041666666666666664,0.011501652078965613,0.13975911147771472,2,48,0.041666666666666664,0.011501652078965613,0.13975911147771472,0,48,0.0,0.0,0.0741026511527422,0,48,0.0,0.0,0.0741026511527422,6,48,0.125,0.05856971750400844,0.24700727086054822,30,48,0.625,0.48362506125249566,0.7478492759593187,6,48,0.125,0.05856971750400844,0.24700727086054822,12,48,0.25,0.1492048880971003,0.3878464374792707,28,48,0.5833333333333334,0.44281082215364653,0.7115054026542299,18,48,0.375,0.2521507240406812,0.5163749387475043,0,48,0.0,0.0,0.0741026511527422,1,48,0.020833333333333332,0.003687015979399688,0.10899469137531158,1,48,0.020833333333333332,0.003687015979399688,0.10899469137531158,16,48,0.3333333333333333,0.2167660137089678,0.47460153667527943,363 0.31; 365 0.25; 331 0.19,3,53 0.33; 38 0.15; 99 0.12; 52 0.08; 56 0.08,5,shelter deduction 0.31; unearned income 0.27; medical deduction 0.25,"wrong include/exclude decision 0.46; wrong amount, known item 0.23; other 0.12",24,2,18,26,0.9230769230769231,0.7585805251948495,0.9786453608166245,0.07692307692307693,18,0.4090909090909091,44,9029.0
2-3,married <=   0.5 & medical_deductions > 140.0 & total_deductions_by_hh_size > 411.0,train_2022_23,36,19,36,0,36,0.0,0.0,0.09642183044857634,9,36,0.25,0.13750323839225387,0.41070767683203424,10,36,0.2777777777777778,0.15848170025813796,0.43992800216345146,1,36,0.027777777777777776,0.004920280295569679,0.141700337350308,11,36,0.3055555555555556,0.18004270282805354,0.46856578679083716,2,36,0.05555555555555555,0.015369663767066846,0.18144974107611211,3,36,0.08333333333333333,0.0287480892712918,0.21827010276918848,5,36,0.1388888888888889,0.060817253631150966,0.2865985128039319,20,36,0.5555555555555556,0.3958078731600341,0.7045897012345685,2,36,0.05555555555555555,0.015369663767066846,0.18144974107611211,1,36,0.027777777777777776,0.004920280295569679,0.141700337350308,1,36,0.027777777777777776,0.004920280295569679,0.141700337350308,1,36,0.027777777777777776,0.004920280295569679,0.141700337350308,1,36,0.027777777777777776,0.004920280295569679,0.141700337350308,0,36,0.0,0.0,0.09642183044857634,0,36,0.0,0.0,0.09642183044857634,5,36,0.1388888888888889,0.060817253631150966,0.2865985128039319,24,36,0.6666666666666666,0.5033369709296683,0.7978557522541395,6,36,0.16666666666666666,0.07870340628564097,0.3189111473467432,6,36,0.16666666666666666,0.07870340628564097,0.3189111473467432,21,36,0.5833333333333334,0.4219996966427768,0.7285966649491271,14,36,0.3888888888888889,0.24784655417822943,0.5513582970325652,0,36,0.0,0.0,0.09642183044857634,0,36,0.0,0.0,0.09642183044857634,1,36,0.027777777777777776,0.004920280295569679,0.141700337350308,13,36,0.3611111111111111,0.2247538679218132,0.5242521960916802,365 0.31; 363 0.28; 331 0.17,3,53 0.42; 38 0.14; 99 0.14; 52 0.11,4,medical deduction 0.31; shelter deduction 0.28; unearned income 0.25,"wrong include/exclude decision 0.56; wrong amount, known item 0.14; other 0.14",17,2,15,19,0.8947368421052632,0.686054495051583,0.9706420586049034,0.10526315789473684,15,0.4411764705882353,34,6180.0
2-3,married <=   0.5 & medical_deductions > 140.0 & total_deductions_by_hh_size > 411.0,test_2024,20,7,12,2,12,0.16666666666666666,0.04696414761482223,0.44803635738467273,4,12,0.3333333333333333,0.13811783989736134,0.609382412602386,5,12,0.4166666666666667,0.19325746190524656,0.6804926643446272,0,12,0.0,0.0,0.2425007574992425,1,12,0.08333333333333333,0.014864709450773478,0.35388592179859524,0,12,0.0,0.0,0.2425007574992425,0,12,0.0,0.0,0.2425007574992425,6,12,0.5,0.2537781703934222,0.7462218296065778,2,12,0.16666666666666666,0.04696414761482223,0.44803635738467273,1,12,0.08333333333333333,0.014864709450773478,0.35388592179859524,0,12,0.0,0.0,0.2425007574992425,0,12,0.0,0.0,0.2425007574992425,1,12,0.08333333333333333,0.014864709450773478,0.35388592179859524,1,12,0.08333333333333333,0.014864709450773478,0.35388592179859524,0,12,0.0,0.0,0.2425007574992425,0,12,0.0,0.0,0.2425007574992425,1,12,0.08333333333333333,0.014864709450773478,0.35388592179859524,6,12,0.5,0.2537781703934222,0.7462218296065778,0,12,0.0,0.0,0.2425007574992425,6,12,0.5,0.2537781703934222,0.7462218296065778,7,12,0.5833333333333334,0.3195073356553728,0.8067425380947535,4,12,0.3333333333333333,0.13811783989736134,0.609382412602386,0,12,0.0,0.0,0.2425007574992425,1,12,0.08333333333333333,0.014864709450773478,0.35388592179859524,0,12,0.0,0.0,0.2425007574992425,3,12,0.25,0.08894003962896138,0.53231033912066,363 0.42; 331 0.25; 311 0.08,3,56 0.33; 38 0.17; 35 0.08; 53 0.08; 37 0.08,5,shelter deduction 0.42; unearned income 0.33,"wrong amount, known item 0.50; wrong include/exclude decision 0.17; unreported source of income 0.08",7,0,3,7,1.0,0.6456611570247934,1.0,0.0,3,0.3,10,2849.0
2-3,medical_deductions > 143 & total_deductions_by_hh_size > 503,all_2022_24,168,76,123,7,123,0.056910569105691054,0.027837625142034084,0.1128228521777096,27,123,0.21951219512195122,0.1554740213505587,0.30054040924634323,32,123,0.2601626016260163,0.19073051899065777,0.34412239992553384,2,123,0.016260162601626018,0.004470414833255703,0.057351574167198396,45,123,0.36585365853658536,0.2859930738091735,0.4538399147371709,2,123,0.016260162601626018,0.004470414833255703,0.057351574167198396,8,123,0.06504065040650407,0.033322237047724246,0.12310593793587735,26,123,0.21138211382113822,0.14853303153973924,0.2917137013933048,63,123,0.5121951219512195,0.4248356555093271,0.5988158909864598,11,123,0.08943089430894309,0.05067040745524363,0.1530608605199317,4,123,0.032520325203252036,0.0127175527444634,0.08063983158370654,2,123,0.016260162601626018,0.004470414833255703,0.057351574167198396,5,123,0.04065040650406504,0.017486098599673525,0.09163898339235432,2,123,0.016260162601626018,0.004470414833255703,0.057351574167198396,2,123,0.016260162601626018,0.004470414833255703,0.057351574167198396,0,123,0.0,0.0,0.03028659367273828,8,123,0.06504065040650407,0.033322237047724246,0.12310593793587735,74,123,0.6016260162601627,0.5132936289239914,0.6838025918742326,19,123,0.15447154471544716,0.10117712466277537,0.2286957246232633,30,123,0.24390243902439024,0.17652266116613052,0.3267948624223452,73,123,0.5934959349593496,0.5051369744531611,0.6761915486812049,48,123,0.3902439024390244,0.308610087268568,0.47852599426935016,1,123,0.008130081300813009,0.0014365665731900235,0.04461772476340617,1,123,0.008130081300813009,0.0014365665731900235,0.04461772476340617,0,123,0.0,0.0,0.03028659367273828,54,123,0.43902439024390244,0.354485645582187,0.5272566219388787,365 0.37; 363 0.26; 331 0.15,3,53 0.39; 56 0.11; 38 0.10; 35 0.09; 99 0.07; 52 0.07,6,medical deduction 0.37; shelter deduction 0.26; unearned income 0.22,"wrong include/exclude decision 0.51; wrong amount, known item 0.21; unreported source of income 0.09",73,3,57,76,0.9605263157894737,0.8902503272853766,0.9864856098701913,0.039473684210526314,57,0.42857142857142855,133,21400.0
2-3,medical_deductions > 143 & total_deductions_by_hh_size > 503,train_2022_23,107,48,84,3,84,0.03571428571428571,0.01221944777306612,0.09981858432106694,17,84,0.20238095238095238,0.1303734963013758,0.30042011401537616,21,84,0.25,0.16972188801500593,0.35214474465106566,2,84,0.023809523809523808,0.006553765293517748,0.0827160112132854,33,84,0.39285714285714285,0.2953018006281275,0.49978389908590315,2,84,0.023809523809523808,0.006553765293517748,0.0827160112132854,6,84,0.07142857142857142,0.033145358330644366,0.14719744052547845,9,84,0.10714285714285714,0.05739956319523237,0.1912480024228802,52,84,0.6190476190476191,0.5121524397704628,0.7155301161028366,6,84,0.07142857142857142,0.033145358330644366,0.14719744052547845,2,84,0.023809523809523808,0.006553765293517748,0.0827160112132854,1,84,0.011904761904761904,0.002104528901587875,0.06439699201788535,4,84,0.047619047619047616,0.018671444654442905,0.11613484302702007,1,84,0.011904761904761904,0.002104528901587875,0.06439699201788535,2,84,0.023809523809523808,0.006553765293517748,0.0827160112132854,0,84,0.0,0.0,0.043733265332143306,7,84,0.08333333333333333,0.04095202982832851,0.16215902461512421,52,84,0.6190476190476191,0.5121524397704628,0.7155301161028366,16,84,0.19047619047619047,0.12078595196346183,0.2872394027659602,16,84,0.19047619047619047,0.12078595196346183,0.2872394027659602,50,84,0.5952380952380952,0.4883404055387379,0.6938056391599015,34,84,0.40476190476190477,0.3061943608400985,0.511659594461262,0,84,0.0,0.0,0.043733265332143306,0,84,0.0,0.0,0.043733265332143306,0,84,0.0,0.0,0.043733265332143306,35,84,0.4166666666666667,0.3171466976499569,0.5234755132387336,365 0.39; 363 0.25; 331 0.12,3,53 0.49; 38 0.11; 52 0.10; 99 0.08,4,medical deduction 0.39; shelter deduction 0.25; unearned income 0.20,"wrong include/exclude decision 0.62; wrong amount, known item 0.11; other 0.08",46,2,39,48,0.9583333333333334,0.8602408885222853,0.9884983479210344,0.041666666666666664,39,0.4482758620689655,87,13478.0
2-3,medical_deductions > 143 & total_deductions_by_hh_size > 503,test_2024,61,28,39,4,39,0.10256410256410256,0.04061265558286986,0.2357915870224483,10,39,0.2564102564102564,0.14568625843452188,0.410819567678415,11,39,0.28205128205128205,0.16543325013943294,0.43775617322477384,0,39,0.0,0.0,0.08966985360023902,12,39,0.3076923076923077,0.1856575344598306,0.464215486155646,0,39,0.0,0.0,0.08966985360023902,2,39,0.05128205128205128,0.014177657646399527,0.1688593904563791,17,39,0.4358974358974359,0.2930452416170466,0.5902457652547789,11,39,0.28205128205128205,0.16543325013943294,0.43775617322477384,5,39,0.1282051282051282,0.05602734948028318,0.26706049037630475,2,39,0.05128205128205128,0.014177657646399527,0.1688593904563791,1,39,0.02564102564102564,0.00454058606523737,0.13181286478627147,1,39,0.02564102564102564,0.00454058606523737,0.13181286478627147,1,39,0.02564102564102564,0.00454058606523737,0.13181286478627147,0,39,0.0,0.0,0.08966985360023902,0,39,0.0,0.0,0.08966985360023902,1,39,0.02564102564102564,0.00454058606523737,0.13181286478627147,22,39,0.5641025641025641,0.40975423474522105,0.7069547583829534,3,39,0.07692307692307693,0.026506914073495688,0.2032137312805527,14,39,0.358974358974359,0.22741884696491105,0.515821368153105,23,39,0.5897435897435898,0.43418348473344903,0.7292091056459952,14,39,0.358974358974359,0.22741884696491105,0.515821368153105,1,39,0.02564102564102564,0.00454058606523737,0.13181286478627147,1,39,0.02564102564102564,0.00454058606523737,0.13181286478627147,0,39,0.0,0.0,0.08966985360023902,19,39,0.48717948717948717,0.3386492878313309,0.6380089135430342,365 0.31; 363 0.28; 331 0.21,3,56 0.33; 53 0.18; 35 0.13; 37 0.10; 38 0.08,5,medical deduction 0.31; shelter deduction 0.28; unearned income 0.26,"wrong amount, known item 0.44; wrong include/exclude decision 0.28; unreported source of income 0.13",27,1,18,28,0.9642857142857143,0.8228742388150135,0.9936676435024582,0.03571428571428571,18,0.391304347826087,46,7922.0
1,cat_elig >   0.500 & medical_deductions > 498.000 & months_since_cert_n <=  10.500 & unc_rawben_rel_max <=   0.998,all_2022_24,69,27,43,1,43,0.023255813953488372,0.004116981177419918,0.12059267861216882,2,43,0.046511627906976744,0.012848990317319689,0.15455775923863058,8,43,0.18604651162790697,0.0974163558010598,0.3261729323530596,5,43,0.11627906976744186,0.050703529948620846,0.24479448890641395,24,43,0.5581395348837209,0.4110735806551171,0.6956691437607867,0,43,0.0,0.0,0.08201257002322722,3,43,0.06976744186046512,0.024011153791962503,0.18609268553034927,9,43,0.20930232558139536,0.11422705997811457,0.35205931794236645,29,43,0.6744186046511628,0.5251593250655096,0.7950688481822019,0,43,0.0,0.0,0.08201257002322722,0,43,0.0,0.0,0.08201257002322722,0,43,0.0,0.0,0.08201257002322722,4,43,0.09302325581395349,0.036771045103346514,0.2160298839853268,0,43,0.0,0.0,0.08201257002322722,0,43,0.0,0.0,0.08201257002322722,0,43,0.0,0.0,0.08201257002322722,1,43,0.023255813953488372,0.004116981177419918,0.12059267861216882,31,43,0.7209302325581395,0.5730868709987059,0.8325354817817284,5,43,0.11627906976744186,0.050703529948620846,0.24479448890641395,7,43,0.16279069767441862,0.08116524502857546,0.2997269533591824,30,43,0.6976744186046512,0.5489435424759017,0.8139817205381712,9,43,0.20930232558139536,0.11422705997811457,0.35205931794236645,2,43,0.046511627906976744,0.012848990317319689,0.15455775923863058,0,43,0.0,0.0,0.08201257002322722,2,43,0.046511627906976744,0.012848990317319689,0.15455775923863058,25,43,0.5813953488372093,0.43328315755711777,0.7161566566251477,365 0.56; 363 0.19; 364 0.12,3,53 0.58; 52 0.09; 38 0.07; 57 0.07,4,medical deduction 0.56; shelter deduction 0.19; utility allowance 0.12,"wrong include/exclude decision 0.67; wrong amount, known item 0.21",26,1,26,27,0.9629629629629629,0.8171614606584348,0.9934320234669025,0.037037037037037035,26,0.49056603773584906,53,7285.0
1,cat_elig >   0.500 & medical_deductions > 498.000 & months_since_cert_n <=  10.500 & unc_rawben_rel_max <=   0.998,train_2022_23,40,20,30,1,30,0.03333333333333333,0.0059084379948573795,0.16670751396958874,2,30,0.06666666666666667,0.01847663532769335,0.21323817721072091,4,30,0.13333333333333333,0.05309569424218104,0.2968168394441695,3,30,0.1,0.03459925995971615,0.25621441315266624,17,30,0.5666666666666667,0.3919700954540873,0.7262276256938489,0,30,0.0,0.0,0.113517091390478,3,30,0.1,0.03459925995971615,0.25621441315266624,4,30,0.13333333333333333,0.05309569424218104,0.2968168394441695,23,30,0.7666666666666667,0.5907132766967574,0.8820776078949878,0,30,0.0,0.0,0.113517091390478,0,30,0.0,0.0,0.113517091390478,0,30,0.0,0.0,0.113517091390478,2,30,0.06666666666666667,0.01847663532769335,0.21323817721072091,0,30,0.0,0.0,0.113517091390478,0,30,0.0,0.0,0.113517091390478,0,30,0.0,0.0,0.113517091390478,1,30,0.03333333333333333,0.0059084379948573795,0.16670751396958874,21,30,0.7,0.5212387898833981,0.8333543735604105,4,30,0.13333333333333333,0.05309569424218104,0.2968168394441695,5,30,0.16666666666666666,0.07336434240351683,0.33564705185680177,21,30,0.7,0.5212387898833981,0.8333543735604105,7,30,0.23333333333333334,0.11792239210501232,0.40928672330324267,2,30,0.06666666666666667,0.01847663532769335,0.21323817721072091,0,30,0.0,0.0,0.113517091390478,0,30,0.0,0.0,0.113517091390478,14,30,0.4666666666666667,0.30232127224128236,0.6385798671847496,365 0.57; 363 0.13; 364 0.10,3,53 0.67; 38 0.10,2,medical deduction 0.57; shelter deduction 0.13; utility allowance 0.10,wrong include/exclude decision 0.77,20,0,19,20,1.0,0.8388698745050667,1.0,0.0,19,0.48717948717948717,39,5171.0
1,cat_elig >   0.500 & medical_deductions > 498.000 & months_since_cert_n <=  10.500 & unc_rawben_rel_max <=   0.998,test_2024,29,7,13,0,13,0.0,0.0,0.22810184305529166,0,13,0.0,0.0,0.22810184305529166,4,13,0.3076923076923077,0.12680497161618087,0.5763111218666236,2,13,0.15384615384615385,0.04325726318273798,0.4223517050863101,7,13,0.5384615384615384,0.2914343243183205,0.7679424569851186,0,13,0.0,0.0,0.22810184305529166,0,13,0.0,0.0,0.22810184305529166,5,13,0.38461538461538464,0.17709446581236818,0.6447751902773146,6,13,0.46153846153846156,0.2320575430148814,0.7085656756816796,0,13,0.0,0.0,0.22810184305529166,0,13,0.0,0.0,0.22810184305529166,0,13,0.0,0.0,0.22810184305529166,2,13,0.15384615384615385,0.04325726318273798,0.4223517050863101,0,13,0.0,0.0,0.22810184305529166,0,13,0.0,0.0,0.22810184305529166,0,13,0.0,0.0,0.22810184305529166,0,13,0.0,0.0,0.22810184305529166,10,13,0.7692307692307693,0.49743126004873084,0.918206209075343,1,13,0.07692307692307693,0.013710066379696323,0.3331453392824736,2,13,0.15384615384615385,0.04325726318273798,0.4223517050863101,9,13,0.6923076923076923,0.4236888781333764,0.8731950283838191,2,13,0.15384615384615385,0.04325726318273798,0.4223517050863101,0,13,0.0,0.0,0.22810184305529166,0,13,0.0,0.0,0.22810184305529166,2,13,0.15384615384615385,0.04325726318273798,0.4223517050863101,11,13,0.8461538461538461,0.5776482949136899,0.9567427368172621,365 0.54; 363 0.31,2,53 0.38; 57 0.23; 98 0.15,3,medical deduction 0.54; shelter deduction 0.31,"wrong include/exclude decision 0.46; wrong amount, known item 0.38",6,1,7,7,0.8571428571428571,0.48686549668097007,0.9743210440510253,0.14285714285714285,7,0.5,14,2114.0
1,medical_deductions >   2.500 & medical_deductions <= 203.000 & rawben_rel_max >   0.565 & rawben_rel_max <=   0.973,all_2022_24,1153,249,342,15,342,0.043859649122807015,0.02675673002840422,0.0710961598495052,60,342,0.17543859649122806,0.13879613122737064,0.21929150195498795,58,342,0.1695906432748538,0.13353925906431546,0.21298238552673432,31,342,0.09064327485380116,0.06459180084450332,0.12578899776387695,164,342,0.47953216374269003,0.4271060104744779,0.5324130294559412,2,342,0.005847953216374269,0.0016051537631270336,0.021068810271274843,12,342,0.03508771929824561,0.020183389099730702,0.060320517891215425,60,342,0.17543859649122806,0.13879613122737064,0.21929150195498795,229,342,0.6695906432748538,0.618097699663092,0.7173159694848648,15,342,0.043859649122807015,0.02675673002840422,0.0710961598495052,2,342,0.005847953216374269,0.0016051537631270336,0.021068810271274843,8,342,0.023391812865497075,0.011899491152413982,0.045472438655914445,9,342,0.02631578947368421,0.013905228526170613,0.04924969557781224,1,342,0.0029239766081871343,0.0005163269912675048,0.01637464274747994,1,342,0.0029239766081871343,0.0005163269912675048,0.01637464274747994,0,342,0.0,0.0,0.011107975443093023,17,342,0.049707602339181284,0.031263264605233765,0.07815561386398451,224,342,0.6549707602339181,0.6031176354710641,0.7033810621986205,38,342,0.1111111111111111,0.08202811909492191,0.14883363958303933,79,342,0.2309941520467836,0.1894614413726651,0.2785030834271276,243,342,0.7105263157894737,0.6603323633877654,0.7560432258993532,87,342,0.2543859649122807,0.2111323432224698,0.3030961359425584,2,342,0.005847953216374269,0.0016051537631270336,0.021068810271274843,2,342,0.005847953216374269,0.0016051537631270336,0.021068810271274843,8,342,0.023391812865497075,0.011899491152413982,0.045472438655914445,175,342,0.5116959064327485,0.45888305746080554,0.5642489197218122,365 0.48; 363 0.17; 331 0.11,3,53 0.50; 52 0.12; 38 0.08; 99 0.05,4,medical deduction 0.48; unearned income 0.18; shelter deduction 0.17,"wrong include/exclude decision 0.67; wrong amount, known item 0.18",226,23,196,249,0.9076305220883534,0.8652133801500607,0.937660830422883,0.09236947791164658,196,0.4404494382022472,445,34285.0
1,medical_deductions >   2.500 & medical_deductions <= 203.000 & rawben_rel_max >   0.565 & rawben_rel_max <=   0.973,train_2022_23,765,169,226,5,226,0.022123893805309734,0.009486017193248993,0.050736327238742426,42,226,0.18584070796460178,0.14052991835841855,0.24165328955520543,36,226,0.1592920353982301,0.11733426398615567,0.2126390741736901,17,226,0.0752212389380531,0.04749157776509461,0.11715050617445333,115,226,0.5088495575221239,0.44407005185864984,0.5733332380592763,2,226,0.008849557522123894,0.0024301812332489566,0.031687228321853333,9,226,0.03982300884955752,0.021089880151482214,0.07393904411636137,28,226,0.12389380530973451,0.08712504371266508,0.17323513477547633,159,226,0.7035398230088495,0.6409967890128146,0.7592788790994852,9,226,0.03982300884955752,0.021089880151482214,0.07393904411636137,1,226,0.004424778761061947,0.0007814894820824484,0.024634275114056803,5,226,0.022123893805309734,0.009486017193248993,0.050736327238742426,9,226,0.03982300884955752,0.021089880151482214,0.07393904411636137,1,226,0.004424778761061947,0.0007814894820824484,0.024634275114056803,0,226,0.0,0.0,0.01671411963717621,0,226,0.0,0.0,0.01671411963717621,14,226,0.061946902654867256,0.03725520630598272,0.10128194275667607,141,226,0.6238938053097345,0.5591631401994932,0.6844829186514718,30,226,0.13274336283185842,0.0945889369904229,0.18317453141564463,54,226,0.23893805309734514,0.187998252572096,0.2986046948490845,163,226,0.7212389380530974,0.6594540920452833,0.7756281559028689,53,226,0.2345132743362832,0.18399470923519967,0.2939065932270178,2,226,0.008849557522123894,0.0024301812332489566,0.031687228321853333,0,226,0.0,0.0,0.01671411963717621,8,226,0.035398230088495575,0.01804375775592643,0.06828352155295411,115,226,0.5088495575221239,0.44407005185864984,0.5733332380592763,365 0.51; 363 0.16; 331 0.11,3,53 0.53; 52 0.14; 38 0.08; 99 0.06,4,medical deduction 0.51; unearned income 0.19; shelter deduction 0.16,"wrong include/exclude decision 0.70; wrong amount, known item 0.12",153,16,134,169,0.9053254437869822,0.8517499472157147,0.940883307741425,0.09467455621301775,134,0.44224422442244227,303,22070.0
1,medical_deductions >   2.500 & medical_deductions <= 203.000 & rawben_rel_max >   0.565 & rawben_rel_max <=   0.973,test_2024,388,80,116,10,116,0.08620689655172414,0.04749884203823806,0.15144376219935554,18,116,0.15517241379310345,0.10046527191229783,0.23198689828569685,22,116,0.1896551724137931,0.1287128868844165,0.27049406629377865,14,116,0.1206896551724138,0.0732692940620856,0.19242809315570858,49,116,0.4224137931034483,0.3364297752944397,0.5133719630001092,0,116,0.0,0.0,0.03205564678709229,3,116,0.02586206896551724,0.00883372783851618,0.07328800618372652,32,116,0.27586206896551724,0.20270313957428146,0.3633907710544151,70,116,0.603448275862069,0.512485935226102,0.6877784137144995,6,116,0.05172413793103448,0.02391832740361237,0.10826949385378072,1,116,0.008620689655172414,0.0015233485646961933,0.04722099396744623,3,116,0.02586206896551724,0.00883372783851618,0.07328800618372652,0,116,0.0,0.0,0.03205564678709229,0,116,0.0,0.0,0.03205564678709229,1,116,0.008620689655172414,0.0015233485646961933,0.04722099396744623,0,116,0.0,0.0,0.03205564678709229,3,116,0.02586206896551724,0.00883372783851618,0.07328800618372652,83,116,0.7155172413793104,0.6275363265631698,0.7896810670630835,8,116,0.06896551724137931,0.03535706703611625,0.1302081457113771,25,116,0.21551724137931033,0.15045569151310173,0.2988173489002438,80,116,0.6896551724137931,0.6005222969408555,0.7666290094502475,34,116,0.29310344827586204,0.2179694115452436,0.3815018905735531,0,116,0.0,0.0,0.03205564678709229,2,116,0.017241379310344827,0.004740913854513688,0.06069212442267886,0,116,0.0,0.0,0.03205564678709229,60,116,0.5172413793103449,0.427219773046112,0.6061576184439884,365 0.42; 363 0.19; 364 0.12; 331 0.09,4,53 0.44; 56 0.11; 52 0.09; 38 0.09; 35 0.05,5,medical deduction 0.42; shelter deduction 0.19; unearned income 0.16,"wrong include/exclude decision 0.60; wrong amount, known item 0.28",73,7,62,80,0.9125,0.8302301722291654,0.95696854535256,0.0875,62,0.43661971830985913,142,12215.0
1,elderly_disabled_i >=   1.00 & expedited_i <   1.00 & shelter_expenses_by_hh_size < 922.00 & unc_rawben_rel_max >=   1.82,all_2022_24,287,116,172,10,172,0.05813953488372093,0.03188308865655954,0.10370257480419148,117,172,0.6802325581395349,0.6072474589202723,0.7453425994049476,30,172,0.1744186046511628,0.12499412236734236,0.23806899807742155,6,172,0.03488372093023256,0.016083546768227094,0.07400662529572136,6,172,0.03488372093023256,0.016083546768227094,0.07400662529572136,1,172,0.005813953488372093,0.0010270174299284191,0.03219379038801682,2,172,0.011627906976744186,0.003194538170137408,0.04140014249700848,44,172,0.2558139534883721,0.19643754616740405,0.32585979416616895,76,172,0.4418604651162791,0.3697174220555406,0.516543849452453,23,172,0.13372093023255813,0.0907840775709472,0.1926619329294122,0,172,0.0,0.0,0.021846934968744597,6,172,0.03488372093023256,0.016083546768227094,0.07400662529572136,5,172,0.029069767441860465,0.012479266745217172,0.06623703246953064,5,172,0.029069767441860465,0.012479266745217172,0.06623703246953064,0,172,0.0,0.0,0.021846934968744597,0,172,0.0,0.0,0.021846934968744597,13,172,0.0755813953488372,0.04469900592107299,0.12500827608727996,65,172,0.37790697674418605,0.3088583487278011,0.45229032143898534,18,172,0.10465116279069768,0.06722702717226192,0.15934961908209427,89,172,0.5174418604651163,0.4432012621557232,0.5909203563918789,120,172,0.6976744186046512,0.6253359071449048,0.761375769727917,44,172,0.2558139534883721,0.19643754616740405,0.32585979416616895,4,172,0.023255813953488372,0.009079888383639646,0.05826253798190753,0,172,0.0,0.0,0.021846934968744597,4,172,0.023255813953488372,0.009079888383639646,0.05826253798190753,92,172,0.5348837209302325,0.4603942181092858,0.6078490189859179,331 0.48; 363 0.17; 333 0.12,3,37 0.27; 38 0.20; 35 0.13; 53 0.10; 99 0.08,5,unearned income 0.68; shelter deduction 0.17,"wrong include/exclude decision 0.44; wrong amount, known item 0.26; unreported source of income 0.13",116,0,0,116,1.0,0.9679443532129076,0.9999999999999999,0.0,0,0.0,116,25944.0
1,elderly_disabled_i >=   1.00 & expedited_i <   1.00 & shelter_expenses_by_hh_size < 922.00 & unc_rawben_rel_max >=   1.82,train_2022_23,204,81,118,7,118,0.059322033898305086,0.029029395306249407,0.11740335015999528,81,118,0.6864406779661016,0.5979732456935727,0.7631513619937851,19,118,0.16101694915254236,0.10557198487865982,0.23783781932614373,4,118,0.03389830508474576,0.01325961911756434,0.08392886166404062,4,118,0.03389830508474576,0.01325961911756434,0.08392886166404062,1,118,0.00847457627118644,0.0014975019757751395,0.04644671412119009,2,118,0.01694915254237288,0.004660344845762193,0.059698626146082956,30,118,0.2542372881355932,0.18428115742871232,0.33969095061977017,53,118,0.4491525423728814,0.36241878244216363,0.5390926881885568,12,118,0.1016949152542373,0.05913498018835978,0.16937153975228444,0,118,0.0,0.0,0.03152946120208532,4,118,0.03389830508474576,0.01325961911756434,0.08392886166404062,5,118,0.0423728813559322,0.01823255465383118,0.09537068102265368,4,118,0.03389830508474576,0.01325961911756434,0.08392886166404062,0,118,0.0,0.0,0.03152946120208532,0,118,0.0,0.0,0.03152946120208532,10,118,0.0847457627118644,0.046682191106169606,0.14899481904471476,40,118,0.3389830508474576,0.2598535833447239,0.4282660736525577,12,118,0.1016949152542373,0.05913498018835978,0.16937153975228444,66,118,0.559322033898305,0.4692762021154777,0.6456270821486816,85,118,0.7203389830508474,0.6333924622678074,0.79339116499907,26,118,0.22033898305084745,0.15503376394311624,0.30327932452584666,3,118,0.025423728813559324,0.00868335709742743,0.07209036878929763,0,118,0.0,0.0,0.03152946120208532,4,118,0.03389830508474576,0.01325961911756434,0.08392886166404062,68,118,0.576271186440678,0.48608979324826823,0.6616430008056511,331 0.52; 363 0.16; 333 0.11,3,37 0.27; 38 0.23; 53 0.13; 35 0.10; 99 0.08,5,unearned income 0.69; shelter deduction 0.16,"wrong include/exclude decision 0.45; wrong amount, known item 0.25; unreported source of income 0.10",81,0,0,81,1.0,0.954720325877871,0.9999999999999999,0.0,0,0.0,81,16917.0
1,elderly_disabled_i >=   1.00 & expedited_i <   1.00 & shelter_expenses_by_hh_size < 922.00 & unc_rawben_rel_max >=   1.82,test_2024,83,35,54,3,54,0.05555555555555555,0.019072922503838907,0.15107451463482943,36,54,0.6666666666666666,0.5336071462745029,0.7775875647984964,11,54,0.2037037037037037,0.1177393408658538,0.32902561722659174,2,54,0.037037037037037035,0.010216153585413057,0.12535409343403314,2,54,0.037037037037037035,0.010216153585413057,0.12535409343403314,0,54,0.0,6.938893903907228e-18,0.06641586678100189,0,54,0.0,6.938893903907228e-18,0.06641586678100189,14,54,0.25925925925925924,0.16118507964793902,0.38931144880217294,23,54,0.42592592592592593,0.30331621798657443,0.5583750215365371,11,54,0.2037037037037037,0.1177393408658538,0.32902561722659174,0,54,0.0,6.938893903907228e-18,0.06641586678100189,2,54,0.037037037037037035,0.010216153585413057,0.12535409343403314,0,54,0.0,6.938893903907228e-18,0.06641586678100189,1,54,0.018518518518518517,0.0032764033153519848,0.09771665358487208,0,54,0.0,6.938893903907228e-18,0.06641586678100189,0,54,0.0,6.938893903907228e-18,0.06641586678100189,3,54,0.05555555555555555,0.019072922503838907,0.15107451463482943,25,54,0.46296296296296297,0.33689688992410527,0.5939487298374504,6,54,0.1111111111111111,0.05192951817556753,0.2219494893207673,23,54,0.42592592592592593,0.30331621798657443,0.5583750215365371,35,54,0.6481481481481481,0.5148458381779774,0.7617716827757998,18,54,0.3333333333333333,0.22241243520150356,0.466392853725497,1,54,0.018518518518518517,0.0032764033153519848,0.09771665358487208,0,54,0.0,6.938893903907228e-18,0.06641586678100189,0,54,0.0,6.938893903907228e-18,0.06641586678100189,24,54,0.4444444444444444,0.3200225687559781,0.5762458608863554,331 0.39; 363 0.20; 333 0.15; 346 0.11,4,37 0.28; 35 0.20; 38 0.13; 56 0.07; 52 0.07,5,unearned income 0.67; shelter deduction 0.20,"wrong include/exclude decision 0.43; wrong amount, known item 0.26; unreported source of income 0.20",35,0,0,35,1.0,0.9010957324106112,1.0,0.0,0,0.0,35,9027.0
1,months_since_cert_n <=    5.500 & rawben_rel_max <=    0.998 & total_deductions_by_hh_size > 1330.000,all_2022_24,101,43,69,7,69,0.10144927536231885,0.050016002571615495,0.19492095652867886,9,69,0.13043478260869565,0.07016548568804834,0.22968514911404272,22,69,0.3188405797101449,0.2209460520472577,0.4358434748165124,4,69,0.057971014492753624,0.022772020303367495,0.13979442524423166,21,69,0.30434782608695654,0.2084947626304856,0.42083792638238626,1,69,0.014492753623188406,0.002562858644330375,0.07763307335057362,5,69,0.07246376811594203,0.03134730921766905,0.15867597418082852,16,69,0.2318840579710145,0.14807779670568114,0.3439707030526986,38,69,0.5507246376811594,0.43378559191253313,0.6623133405656112,6,69,0.08695652173913043,0.04046307012090733,0.1770170511284886,1,69,0.014492753623188406,0.002562858644330375,0.07763307335057362,2,69,0.028985507246376812,0.007985035233144928,0.09966773461265746,4,69,0.057971014492753624,0.022772020303367495,0.13979442524423166,0,69,0.0,0.0,0.05273909414400562,0,69,0.0,0.0,0.05273909414400562,0,69,0.0,0.0,0.05273909414400562,2,69,0.028985507246376812,0.007985035233144928,0.09966773461265746,54,69,0.782608695652174,0.671814807665879,0.8635935304266396,4,69,0.057971014492753624,0.022772020303367495,0.13979442524423166,11,69,0.15942028985507245,0.09141730642401869,0.26334700407986916,44,69,0.6376811594202898,0.5197955221181357,0.7410444374653989,22,69,0.3188405797101449,0.2209460520472577,0.4358434748165124,2,69,0.028985507246376812,0.007985035233144928,0.09966773461265746,0,69,0.0,0.0,0.05273909414400562,1,69,0.014492753623188406,0.002562858644330375,0.07763307335057362,31,69,0.4492753623188406,0.3376866594343888,0.5662144080874668,363 0.32; 365 0.30; 311 0.10; 346 0.07,4,53 0.33; 52 0.20; 38 0.09; 35 0.09; 56 0.09,5,shelter deduction 0.32; medical deduction 0.30; unearned income 0.13,"wrong include/exclude decision 0.55; wrong amount, known item 0.23",36,7,34,43,0.8372093023255814,0.7002730466408176,0.9188347549714246,0.16279069767441862,34,0.44155844155844154,77,10696.0
1,months_since_cert_n <=    5.500 & rawben_rel_max <=    0.998 & total_deductions_by_hh_size > 1330.000,train_2022_23,54,25,39,4,39,0.10256410256410256,0.04061265558286986,0.2357915870224483,3,39,0.07692307692307693,0.026506914073495688,0.2032137312805527,13,39,0.3333333333333333,0.20632766106915157,0.4902289567975947,2,39,0.05128205128205128,0.014177657646399527,0.1688593904563791,13,39,0.3333333333333333,0.20632766106915157,0.4902289567975947,0,39,0.0,0.0,0.08966985360023902,4,39,0.10256410256410256,0.04061265558286986,0.2357915870224483,4,39,0.10256410256410256,0.04061265558286986,0.2357915870224483,26,39,0.6666666666666666,0.5097710432024052,0.7936723389308484,2,39,0.05128205128205128,0.014177657646399527,0.1688593904563791,1,39,0.02564102564102564,0.00454058606523737,0.13181286478627147,1,39,0.02564102564102564,0.00454058606523737,0.13181286478627147,3,39,0.07692307692307693,0.026506914073495688,0.2032137312805527,0,39,0.0,0.0,0.08966985360023902,0,39,0.0,0.0,0.08966985360023902,0,39,0.0,0.0,0.08966985360023902,2,39,0.05128205128205128,0.014177657646399527,0.1688593904563791,28,39,0.717948717948718,0.5622438267752261,0.8345667498605671,3,39,0.07692307692307693,0.026506914073495688,0.2032137312805527,8,39,0.20512820512820512,0.10779590197911117,0.3553427296312862,22,39,0.5641025641025641,0.40975423474522105,0.7069547583829534,14,39,0.358974358974359,0.22741884696491105,0.515821368153105,2,39,0.05128205128205128,0.014177657646399527,0.1688593904563791,0,39,0.0,0.0,0.08966985360023902,1,39,0.02564102564102564,0.00454058606523737,0.13181286478627147,17,39,0.4358974358974359,0.2930452416170466,0.5902457652547789,363 0.33; 365 0.33; 311 0.10,3,53 0.44; 52 0.23; 38 0.10,3,shelter deduction 0.33; medical deduction 0.33; other element 0.10,"wrong include/exclude decision 0.67; wrong amount, known item 0.10",22,3,21,25,0.88,0.7004380781662651,0.9583325864293191,0.12,21,0.45652173913043476,46,6122.0
1,months_since_cert_n <=    5.500 & rawben_rel_max <=    0.998 & total_deductions_by_hh_size > 1330.000,test_2024,47,18,30,3,30,0.1,0.03459925995971615,0.25621441315266624,6,30,0.2,0.09504978102401235,0.37306047381027446,9,30,0.3,0.16664562643958933,0.4787612101166018,2,30,0.06666666666666667,0.01847663532769335,0.21323817721072091,8,30,0.26666666666666666,0.14182495553910618,0.4444830204431169,1,30,0.03333333333333333,0.0059084379948573795,0.16670751396958874,1,30,0.03333333333333333,0.0059084379948573795,0.16670751396958874,12,30,0.4,0.24590394326083403,0.5767994750172616,12,30,0.4,0.24590394326083403,0.5767994750172616,4,30,0.13333333333333333,0.05309569424218104,0.2968168394441695,0,30,0.0,0.0,0.113517091390478,1,30,0.03333333333333333,0.0059084379948573795,0.16670751396958874,1,30,0.03333333333333333,0.0059084379948573795,0.16670751396958874,0,30,0.0,0.0,0.113517091390478,0,30,0.0,0.0,0.113517091390478,0,30,0.0,0.0,0.113517091390478,0,30,0.0,0.0,0.113517091390478,26,30,0.8666666666666667,0.7031831605558306,0.9469043057578189,1,30,0.03333333333333333,0.0059084379948573795,0.16670751396958874,3,30,0.1,0.03459925995971615,0.25621441315266624,22,30,0.7333333333333333,0.5555169795568831,0.8581750444608938,8,30,0.26666666666666666,0.14182495553910618,0.4444830204431169,0,30,0.0,0.0,0.113517091390478,0,30,0.0,0.0,0.113517091390478,0,30,0.0,0.0,0.113517091390478,14,30,0.4666666666666667,0.30232127224128236,0.6385798671847496,363 0.30; 365 0.27; 346 0.13; 311 0.10,4,56 0.20; 53 0.20; 52 0.17; 35 0.13; 57 0.10,5,shelter deduction 0.30; medical deduction 0.27; unearned income 0.20,"wrong amount, known item 0.40; wrong include/exclude decision 0.40",14,4,13,18,0.7777777777777778,0.5478497354769452,0.90999218086618,0.2222222222222222,13,0.41935483870967744,31,4574.0
1,medical_deductions > 610.00 & total_deductions_by_hh_size >   8.80 & unc_rawben_rel_max <=   1.05 & utilities <= 636.00,all_2022_24,60,30,46,1,46,0.021739130434782608,0.0038477551112426345,0.11335554494333024,3,46,0.06521739130434782,0.02242745446634356,0.17503009103781358,8,46,0.17391304347826086,0.09085683568889254,0.3072363234392253,4,46,0.08695652173913043,0.03433531187670748,0.20324935635224178,28,46,0.6086956521739131,0.4645658371764493,0.7360697764475116,0,46,0.0,0.0,0.07707617732978073,2,46,0.043478260869565216,0.012005193588830829,0.1453252291905342,11,46,0.2391304347826087,0.13912036561131397,0.37935416169118025,30,46,0.6521739130434783,0.5076979217727255,0.7731919373008194,1,46,0.021739130434782608,0.0038477551112426345,0.11335554494333024,0,46,0.0,0.0,0.07707617732978073,0,46,0.0,0.0,0.07707617732978073,2,46,0.043478260869565216,0.012005193588830829,0.1453252291905342,0,46,0.0,0.0,0.07707617732978073,0,46,0.0,0.0,0.07707617732978073,0,46,0.0,0.0,0.07707617732978073,2,46,0.043478260869565216,0.012005193588830829,0.1453252291905342,34,46,0.7391304347826086,0.5974057019172069,0.8439926480555066,6,46,0.13043478260869565,0.06117757137492025,0.2566613423036133,6,46,0.13043478260869565,0.06117757137492025,0.2566613423036133,34,46,0.7391304347826086,0.5974057019172069,0.8439926480555066,7,46,0.15217391304347827,0.07572186234017478,0.28224417406315094,2,46,0.043478260869565216,0.012005193588830829,0.1453252291905342,0,46,0.0,0.0,0.07707617732978073,3,46,0.06521739130434782,0.02242745446634356,0.17503009103781358,27,46,0.5869565217391305,0.4433924238701789,0.7171160670289898,365 0.61; 363 0.17,2,53 0.57; 56 0.13; 52 0.09,3,medical deduction 0.61; shelter deduction 0.17,"wrong include/exclude decision 0.65; wrong amount, known item 0.24",28,2,28,30,0.9333333333333333,0.7867618227892791,0.9815233646723066,0.06666666666666667,28,0.4827586206896552,58,8747.0
1,medical_deductions > 610.00 & total_deductions_by_hh_size >   8.80 & unc_rawben_rel_max <=   1.05 & utilities <= 636.00,train_2022_23,37,21,30,1,30,0.03333333333333333,0.0059084379948573795,0.16670751396958874,3,30,0.1,0.03459925995971615,0.25621441315266624,3,30,0.1,0.03459925995971615,0.25621441315266624,2,30,0.06666666666666667,0.01847663532769335,0.21323817721072091,19,30,0.6333333333333333,0.45513246433604937,0.7812629779598231,0,30,0.0,0.0,0.113517091390478,2,30,0.06666666666666667,0.01847663532769335,0.21323817721072091,3,30,0.1,0.03459925995971615,0.25621441315266624,23,30,0.7666666666666667,0.5907132766967574,0.8820776078949878,1,30,0.03333333333333333,0.0059084379948573795,0.16670751396958874,0,30,0.0,0.0,0.113517091390478,0,30,0.0,0.0,0.113517091390478,1,30,0.03333333333333333,0.0059084379948573795,0.16670751396958874,0,30,0.0,0.0,0.113517091390478,0,30,0.0,0.0,0.113517091390478,0,30,0.0,0.0,0.113517091390478,2,30,0.06666666666666667,0.01847663532769335,0.21323817721072091,19,30,0.6333333333333333,0.45513246433604937,0.7812629779598231,6,30,0.2,0.09504978102401235,0.37306047381027446,5,30,0.16666666666666666,0.07336434240351683,0.33564705185680177,23,30,0.7666666666666667,0.5907132766967574,0.8820776078949878,4,30,0.13333333333333333,0.05309569424218104,0.2968168394441695,2,30,0.06666666666666667,0.01847663532769335,0.21323817721072091,0,30,0.0,0.0,0.113517091390478,1,30,0.03333333333333333,0.0059084379948573795,0.16670751396958874,16,30,0.5333333333333333,0.3614201328152505,0.6976787277587178,365 0.63; 363 0.10; 364 0.07,3,53 0.67; 38 0.10,2,medical deduction 0.63; unearned income 0.10; shelter deduction 0.10,wrong include/exclude decision 0.77,20,1,19,21,0.9523809523809523,0.7733018341376452,0.9915442305280766,0.047619047619047616,19,0.475,40,5509.0
1,medical_deductions > 610.00 & total_deductions_by_hh_size >   8.80 & unc_rawben_rel_max <=   1.05 & utilities <= 636.00,test_2024,23,9,16,0,16,0.0,0.0,0.19361341827271994,0,16,0.0,0.0,0.19361341827271994,5,16,0.3125,0.14164435051961052,0.5559606813326594,2,16,0.125,0.034976749337057134,0.3602333143674828,9,16,0.5625,0.33178195606776517,0.7690163666481448,0,16,0.0,0.0,0.19361341827271994,0,16,0.0,0.0,0.19361341827271994,8,16,0.5,0.2799923761135083,0.7200076238864916,7,16,0.4375,0.2309836333518552,0.6682180439322347,0,16,0.0,0.0,0.19361341827271994,0,16,0.0,0.0,0.19361341827271994,0,16,0.0,0.0,0.19361341827271994,1,16,0.0625,0.01111905730833121,0.2832926836802987,0,16,0.0,0.0,0.19361341827271994,0,16,0.0,0.0,0.19361341827271994,0,16,0.0,0.0,0.19361341827271994,0,16,0.0,0.0,0.19361341827271994,15,16,0.9375,0.7167073163197013,0.9888809426916687,0,16,0.0,0.0,0.19361341827271994,1,16,0.0625,0.01111905730833121,0.2832926836802987,11,16,0.6875,0.4440393186673406,0.8583556494803894,3,16,0.1875,0.06591478773586765,0.4300935986845823,0,16,0.0,0.0,0.19361341827271994,0,16,0.0,0.0,0.19361341827271994,2,16,0.125,0.034976749337057134,0.3602333143674828,11,16,0.6875,0.4440393186673406,0.8583556494803894,365 0.56; 363 0.31,2,53 0.38; 56 0.38,2,medical deduction 0.56; shelter deduction 0.31,"wrong amount, known item 0.50; wrong include/exclude decision 0.44",8,1,9,9,0.8888888888888888,0.5649937852319399,0.9801096286728695,0.1111111111111111,9,0.5,18,3238.0
4+,rawben_rel_max >   0.55 & shelter_expenses_by_hh_size > 161.00 & total_deductions_by_hh_size <= 168.00 & unc_rawben_rel_max <=   1.23,all_2022_24,2713,586,860,289,860,0.336046511627907,0.30526741253624856,0.3682838496395948,218,860,0.2534883720930233,0.2255546920041219,0.28361458162196884,177,860,0.2058139534883721,0.18012941213617178,0.23411505120062515,49,860,0.056976744186046514,0.043364022067903726,0.07452981402426873,6,860,0.0069767441860465115,0.003201268735900236,0.015137278516281182,11,860,0.012790697674418604,0.007156821788086775,0.02275792184083779,110,860,0.12790697674418605,0.10722790412889735,0.1518955277595415,272,860,0.31627906976744186,0.2860744856634138,0.3481177088315029,215,860,0.25,0.22221420922866555,0.2800093465713793,103,860,0.11976744186046512,0.09973999893717221,0.14317675802382618,80,860,0.09302325581395349,0.07537861252893027,0.11428764109904968,65,860,0.0755813953488372,0.059740973308981454,0.09519669118876906,52,860,0.06046511627906977,0.04640550071316193,0.07843405320505642,10,860,0.011627906976744186,0.00632805721998788,0.021271447133588053,1,860,0.0011627906976744186,0.00020528532713560543,0.006557065548302669,6,860,0.0069767441860465115,0.003201268735900236,0.015137278516281182,56,860,0.06511627906976744,0.0504833217422839,0.08361718927732897,521,856,0.6086448598130841,0.5755335626794224,0.6407853500133341,84,856,0.09813084112149532,0.07996061009424887,0.11989201392394241,251,856,0.2932242990654206,0.26370511443820804,0.32459114850138465,517,858,0.6025641025641025,0.5694315964671394,0.6347822637132,319,858,0.3717948717948718,0.3400953030283748,0.4046373717462009,3,858,0.0034965034965034965,0.001189802374241192,0.010229465389115787,3,858,0.0034965034965034965,0.001189802374241192,0.010229465389115787,16,858,0.018648018648018648,0.011510521431787588,0.03007670294911953,379,856,0.4427570093457944,0.40981072025885,0.47621479886002027,311 0.27; 363 0.21; 350 0.10; 150 0.07; 312 0.06; 364 0.06,6,38 0.17; 35 0.12; 53 0.11; 44 0.08; 52 0.08; 99 0.07; 37 0.05; 7 0.03; 56 0.03; 39 0.03,10,earned income 0.34; unearned income 0.25; shelter deduction 0.21,"wrong amount, known item 0.32; wrong include/exclude decision 0.25; unreported source of income 0.12; household composition 0.09",412,174,209,586,0.7030716723549488,0.6648518995193263,0.7386462599865479,0.29692832764505117,209,0.2628930817610063,795,191151.0
4+,rawben_rel_max >   0.55 & shelter_expenses_by_hh_size > 161.00 & total_deductions_by_hh_size <= 168.00 & unc_rawben_rel_max <=   1.23,train_2022_23,1823,374,550,185,550,0.33636363636363636,0.2981333704602332,0.3768639572955728,136,550,0.24727272727272728,0.21305190195131563,0.28499952647154037,109,550,0.19818181818181818,0.16700975126027248,0.2335408754893252,33,550,0.06,0.043038951421954436,0.083064974321435,2,550,0.0036363636363636364,0.0009977682574326173,0.01316079260184556,6,550,0.01090909090909091,0.005008990446110783,0.023594133624020464,79,550,0.14363636363636365,0.1167942673674542,0.17542213530074552,146,550,0.26545454545454544,0.23026917956661336,0.30389365688337516,142,550,0.2581818181818182,0.22337246623629206,0.29634580700284346,60,550,0.10909090909090909,0.08569700908383424,0.13790771833281343,59,550,0.10727272727272727,0.08408009357753077,0.13591349303640363,50,550,0.09090909090909091,0.06963653700863308,0.11785678238088192,37,550,0.06727272727272728,0.0491972293874605,0.09135125956678201,7,550,0.012727272727272728,0.006178396019337456,0.026035868853507053,1,550,0.0018181818181818182,0.0003210176102927155,0.010226402446272194,4,550,0.007272727272727273,0.0028317049426503284,0.01854913752205438,44,550,0.08,0.06013172933451716,0.10569474523871825,323,548,0.5894160583941606,0.5477438237323162,0.6298433679545736,63,548,0.11496350364963503,0.09089531090576139,0.14439249632008022,162,548,0.2956204379562044,0.25894342823823463,0.33514299076315995,336,548,0.6131386861313869,0.5717079244528378,0.6529942364571044,198,548,0.3613138686131387,0.32218703024133866,0.4023716112238933,0,548,0.0,0.0,0.006961417914126081,0,548,0.0,0.0,0.006961417914126081,14,548,0.025547445255474453,0.015277842202011222,0.04242277333694053,243,548,0.44343065693430656,0.4023728929583145,0.48527602658671426,311 0.27; 363 0.20; 350 0.09; 150 0.08; 364 0.06; 312 0.06,6,38 0.17; 53 0.13; 35 0.11; 44 0.08; 99 0.08; 52 0.08; 37 0.04; 7 0.04; 39 0.04,9,earned income 0.34; unearned income 0.25; shelter deduction 0.20,"wrong amount, known item 0.27; wrong include/exclude decision 0.26; unreported source of income 0.11; household composition 0.11; change in circumstances 0.09",261,113,136,374,0.6978609625668449,0.6495047239705984,0.7421938079009582,0.30213903743315507,136,0.26666666666666666,510,120443.0
4+,rawben_rel_max >   0.55 & shelter_expenses_by_hh_size > 161.00 & total_deductions_by_hh_size <= 168.00 & unc_rawben_rel_max <=   1.23,test_2024,890,212,310,104,310,0.33548387096774196,0.2852204972084103,0.38977478703689056,82,310,0.2645161290322581,0.2185142434583961,0.3162829281084071,68,310,0.21935483870967742,0.176878710459982,0.2687014803114135,16,310,0.05161290322580645,0.032015811921023,0.08218702161028706,4,310,0.012903225806451613,0.00502886353872989,0.03270227216794507,5,310,0.016129032258064516,0.006908426626105869,0.03719535056595535,31,310,0.1,0.07134590262343073,0.13844655318867322,126,310,0.4064516129032258,0.35324292439682203,0.4619504725269764,73,310,0.23548387096774193,0.19166675027870722,0.28577664791961954,43,310,0.13870967741935483,0.10463623350670245,0.18162792013003656,21,310,0.06774193548387097,0.044730655516586774,0.10133538544165457,15,310,0.04838709677419355,0.029539177020583514,0.07829101502534028,15,310,0.04838709677419355,0.029539177020583514,0.07829101502534028,3,310,0.00967741935483871,0.0032964887798659585,0.02806200544142274,0,310,0.0,0.0,0.012240569765129924,2,310,0.0064516129032258064,0.001771014542147913,0.023214838193754528,12,310,0.03870967741935484,0.022279693230821542,0.06643257435894348,198,308,0.6428571428571429,0.58788584629371,0.6943087037599072,21,308,0.06818181818181818,0.04502394262088401,0.10197889471704653,89,308,0.288961038961039,0.24118359096065492,0.3419380964601383,181,310,0.5838709677419355,0.5282999345820965,0.6373887440379462,121,310,0.3903225806451613,0.3376771210588647,0.44565306843800245,3,310,0.00967741935483871,0.0032964887798659585,0.02806200544142274,3,310,0.00967741935483871,0.0032964887798659585,0.02806200544142274,2,310,0.0064516129032258064,0.001771014542147913,0.023214838193754528,136,308,0.44155844155844154,0.3871584068735545,0.4973983681045113,311 0.27; 363 0.22; 350 0.10; 150 0.06; 312 0.06; 364 0.05,6,38 0.17; 35 0.14; 56 0.09; 44 0.08; 52 0.07; 53 0.07; 37 0.05; 99 0.04; 54 0.03,9,earned income 0.34; unearned income 0.26; shelter deduction 0.22,"wrong amount, known item 0.41; wrong include/exclude decision 0.24; unreported source of income 0.14",151,61,73,212,0.7122641509433962,0.6479724774701868,0.768999968990551,0.28773584905660377,73,0.256140350877193,285,70708.0
4+,HH_size_n >   5.5 & months_since_cert_n >   0.5 & shelter_expenses_by_hh_size > 154.0,all_2022_24,1724,449,680,279,680,0.4102941176470588,0.3739271122275726,0.44766900008849586,123,680,0.18088235294117647,0.15376916024802656,0.21158094422061063,127,680,0.18676470588235294,0.15926125355899684,0.21778746649547193,26,680,0.03823529411764706,0.0262242077387946,0.05543446877342694,2,680,0.0029411764705882353,0.0008069306759095679,0.010660052321322538,38,680,0.05588235294117647,0.04098156125216625,0.07577296201755002,85,680,0.125,0.10222950803364195,0.15198374836959533,224,680,0.32941176470588235,0.29513002767296914,0.3656101203379153,160,680,0.23529411764705882,0.20495342502817246,0.2686088736094068,76,680,0.11176470588235295,0.09022982292700434,0.13766154840811184,67,680,0.09852941176470588,0.0783335491926885,0.12323593707430663,52,680,0.07647058823529412,0.05879000351376304,0.09890967430636372,59,680,0.08676470588235294,0.06786080222647148,0.11031145286886052,4,680,0.0058823529411764705,0.002289802692083194,0.0150264880980647,0,680,0.0,0.0,0.005617675204316321,2,680,0.0029411764705882353,0.0008069306759095679,0.010660052321322538,36,680,0.052941176470588235,0.03848297073199933,0.07242224474480115,406,678,0.5988200589970502,0.5614688831635104,0.6350577001367752,52,678,0.07669616519174041,0.05896485728474844,0.09919739036925214,219,678,0.3230088495575221,0.2888914046645811,0.3591206849468477,419,680,0.6161764705882353,0.57906805933224,0.6519795984879336,245,680,0.3602941176470588,0.3250874067584995,0.39707047307800064,2,680,0.0029411764705882353,0.0008069306759095679,0.010660052321322538,4,680,0.0058823529411764705,0.002289802692083194,0.0150264880980647,10,680,0.014705882352941176,0.008007125557582692,0.026857088611312557,274,678,0.40412979351032446,0.36783183563718647,0.44150804623567075,311 0.32; 363 0.19; 312 0.08; 150 0.08; 350 0.07; 364 0.04,6,38 0.19; 35 0.11; 53 0.09; 52 0.09; 44 0.09; 99 0.05; 37 0.03; 7 0.03; 56 0.03; 41 0.03; 98 0.03,11,earned income 0.41; shelter deduction 0.19; unearned income 0.18,"wrong amount, known item 0.33; wrong include/exclude decision 0.24; unreported source of income 0.11; household composition 0.10",307,142,155,449,0.6837416481069042,0.6393243711963253,0.7250414467850615,0.31625835189309576,155,0.25662251655629137,604,172972.0
4+,HH_size_n >   5.5 & months_since_cert_n >   0.5 & shelter_expenses_by_hh_size > 154.0,train_2022_23,1078,266,406,168,406,0.41379310344827586,0.36691113502177447,0.46229117143027926,70,406,0.1724137931034483,0.13878437927706766,0.21218438524073635,69,406,0.16995073891625614,0.1365499003562111,0.20953893006022298,17,406,0.04187192118226601,0.026304416893831818,0.06602784025136768,1,406,0.0024630541871921183,0.00043491075124721217,0.013818400772033978,27,406,0.0665024630541872,0.04610340147827913,0.09502819668061935,54,406,0.1330049261083744,0.10338858023607399,0.1695012386598117,119,406,0.29310344827586204,0.25093078745207337,0.33915474803285545,103,406,0.2536945812807882,0.21381294257748718,0.29819364728552344,40,406,0.09852216748768473,0.0731878902666383,0.13138285121006882,41,406,0.10098522167487685,0.07531494469709218,0.13413573088098482,32,406,0.07881773399014778,0.056381080892206566,0.10915018777354138,40,406,0.09852216748768473,0.0731878902666383,0.13138285121006882,2,406,0.0049261083743842365,0.001351929404163189,0.017781316220487897,0,406,0.0,8.673617379884035e-19,0.009373377421911293,1,406,0.0024630541871921183,0.00043491075124721217,0.013818400772033978,28,406,0.06896551724137931,0.04814251259041493,0.09786901966985342,257,406,0.6330049261083743,0.5850775965556354,0.678438844918339,34,406,0.08374384236453201,0.060544824535293335,0.1147463123331944,115,406,0.2832512315270936,0.2416124233491929,0.3289533757302564,269,406,0.6625615763546798,0.6152343013918612,0.706841349298552,126,406,0.3103448275862069,0.2672967319983735,0.35694834219614463,1,406,0.0024630541871921183,0.00043491075124721217,0.013818400772033978,0,406,0.0,8.673617379884035e-19,0.009373377421911293,10,406,0.024630541871921183,0.013432631659579228,0.044740086776031016,178,406,0.43842364532019706,0.3909577498538538,0.4870438976118989,311 0.32; 363 0.17; 312 0.08; 150 0.07; 350 0.06; 364 0.04; 323 0.04,7,38 0.19; 52 0.11; 53 0.11; 35 0.10; 44 0.10; 99 0.07; 7 0.03; 37 0.03; 12 0.02,9,earned income 0.41; unearned income 0.17; shelter deduction 0.17,"wrong amount, known item 0.29; wrong include/exclude decision 0.25; household composition 0.10; method or computation 0.10; unreported source of income 0.10",176,90,89,266,0.6616541353383458,0.6028514862320739,0.7158540061753237,0.3383458646616541,89,0.2507042253521127,355,97951.0
4+,HH_size_n >   5.5 & months_since_cert_n >   0.5 & shelter_expenses_by_hh_size > 154.0,test_2024,646,183,274,111,274,0.4051094890510949,0.3486818285369814,0.46416117265506474,53,274,0.19343065693430658,0.1510312264836308,0.24430770044451824,58,274,0.2116788321167883,0.16746629766618237,0.26386435980195777,9,274,0.032846715328467155,0.017375033826610653,0.061236664349616374,1,274,0.0036496350364963502,0.0006445243915113707,0.02038040492072985,11,274,0.040145985401459854,0.022562091422150574,0.07044629897007292,31,274,0.11313868613138686,0.0808585762362588,0.15611673631592923,105,274,0.38321167883211676,0.32763672998010734,0.4420161945639493,57,274,0.20802919708029197,0.1641676296895356,0.25996468167060627,36,274,0.13138686131386862,0.0964344788413295,0.17653256425084968,26,274,0.0948905109489051,0.06557920821223767,0.1354043737999592,20,274,0.072992700729927,0.04774502156382475,0.11004848380038278,19,274,0.06934306569343066,0.044838601955396615,0.1057565573008127,2,274,0.0072992700729927005,0.0020039687957283947,0.026219306624511052,0,274,0.0,0.0,0.013826583204242992,1,274,0.0036496350364963502,0.0006445243915113707,0.02038040492072985,8,274,0.029197080291970802,0.014867195324012216,0.05654615674421658,149,272,0.5477941176470589,0.48838891369585585,0.6058680801730894,18,272,0.0661764705882353,0.042265934008624065,0.10217058318095139,104,272,0.38235294117647056,0.32661862924197216,0.44136415508062454,150,274,0.5474452554744526,0.4882576190808707,0.6053208803231064,119,274,0.4343065693430657,0.3769242299881179,0.49350554006791403,1,274,0.0036496350364963502,0.0006445243915113707,0.02038040492072985,4,274,0.014598540145985401,0.005691254002802331,0.03692871363343357,0,274,0.0,0.0,0.013826583204242992,96,272,0.35294117647058826,0.29855594271683844,0.4114225376864075,311 0.33; 363 0.21; 150 0.09; 350 0.09; 312 0.07,5,38 0.18; 35 0.13; 56 0.08; 44 0.07; 53 0.07; 52 0.07; 37 0.04; 7 0.03; 41 0.03; 98 0.03; 57 0.03,11,earned income 0.41; shelter deduction 0.21; unearned income 0.19,"wrong amount, known item 0.38; wrong include/exclude decision 0.21; unreported source of income 0.13; household composition 0.09",131,52,66,183,0.7158469945355191,0.6465865296692125,0.7762315151345144,0.28415300546448086,66,0.26506024096385544,249,75021.0
4+,months_since_cert_n >   3.50 & shelter_expenses_by_hh_size > 204.00 & unc_rawben_rel_max <=   1.08 & utilities > 590.00,all_2022_24,1379,377,568,231,568,0.40669014084507044,0.3670505327398274,0.4475834498175801,99,568,0.1742957746478873,0.1453131400896206,0.20765453487491503,98,568,0.17253521126760563,0.1436877343589518,0.2057824685783651,29,568,0.051056338028169015,0.03578084964132555,0.07236378341789924,2,568,0.0035211267605633804,0.0009661314200846314,0.01274675690423455,30,568,0.0528169014084507,0.03724404044690392,0.07439806463953959,79,568,0.13908450704225353,0.1130436042516829,0.1699746301684782,176,568,0.30985915492957744,0.27321237268309756,0.34906064837727985,126,568,0.22183098591549297,0.18959462075391914,0.2578047989455221,66,568,0.11619718309859155,0.09238331665934449,0.14516778140697315,43,568,0.07570422535211267,0.05668683366948048,0.10042240777080645,57,568,0.10035211267605634,0.0782636581341887,0.1278101916871604,47,568,0.08274647887323944,0.06279553445717972,0.10830359509198212,7,568,0.01232394366197183,0.005982192684484527,0.025218055775928283,2,568,0.0035211267605633804,0.0009661314200846314,0.01274675690423455,2,568,0.0035211267605633804,0.0009661314200846314,0.01274675690423455,42,568,0.07394366197183098,0.05516771820646076,0.09844405120660743,276,564,0.48936170212765956,0.4483172983937621,0.530550047711208,41,564,0.0726950354609929,0.05403576979461787,0.09713596542168186,246,564,0.43617021276595747,0.3958106191952998,0.477393457434521,334,566,0.5901060070671378,0.5491127337254378,0.6298843770506095,217,566,0.3833922261484099,0.3442492577278898,0.4241074224442844,0,566,0.0,0.0,0.0067415225564437554,4,566,0.007067137809187279,0.002751559548392516,0.01802895208852553,11,566,0.019434628975265017,0.010885876268429281,0.03446286625931878,253,564,0.44858156028368795,0.4080203578184252,0.48983848168893035,311 0.34; 363 0.17; 350 0.07; 150 0.06; 312 0.06; 364 0.05,6,38 0.15; 35 0.12; 44 0.09; 53 0.08; 52 0.08; 99 0.07; 37 0.04; 56 0.04; 41 0.04; 39 0.03; 54 0.03,11,earned income 0.41; unearned income 0.17; shelter deduction 0.17,"wrong amount, known item 0.31; wrong include/exclude decision 0.22; unreported source of income 0.12; change in circumstances 0.10; method or computation 0.08",259,118,122,377,0.6870026525198939,0.6385052326393337,0.7317274310192583,0.3129973474801061,122,0.24448897795591182,499,134153.0
4+,months_since_cert_n >   3.50 & shelter_expenses_by_hh_size > 204.00 & unc_rawben_rel_max <=   1.08 & utilities > 590.00,train_2022_23,799,216,326,130,326,0.3987730061349693,0.347096069545494,0.45280788435237707,65,326,0.19938650306748465,0.1596273704975168,0.24614800774464551,59,326,0.18098159509202455,0.1429816882119179,0.2264125907389483,18,326,0.05521472392638037,0.035207681132860394,0.08558241932748178,1,326,0.003067484662576687,0.0005416778083986527,0.017168641326604332,16,326,0.049079754601226995,0.030432824126272455,0.078230243236971,37,326,0.11349693251533742,0.08347149434013731,0.15252542054264281,92,326,0.2822085889570552,0.23610679377112595,0.33338353128186915,79,326,0.24233128834355827,0.1989918403334089,0.29167276958844457,33,326,0.10122699386503067,0.07298985082521463,0.13875299786336803,21,326,0.06441717791411043,0.042515119383828834,0.09646553072216148,32,326,0.09815950920245399,0.07039081428374358,0.13528851785628973,35,326,0.10736196319018405,0.07821420863305376,0.14565567315262765,4,326,0.012269938650306749,0.004781526208940838,0.031119342571710243,0,326,0.0,0.0,0.01164680258645362,2,326,0.006134969325153374,0.0016840100332528342,0.022089825650299516,28,326,0.08588957055214724,0.06009103720442617,0.12133422874140969,164,324,0.5061728395061729,0.45198006516452743,0.5602209489837685,25,324,0.07716049382716049,0.05280758580148974,0.1114229450402338,135,324,0.4166666666666667,0.36426672674793725,0.4710195822500667,191,324,0.5895061728395061,0.5351967889929474,0.6417179161573445,123,324,0.37962962962962965,0.3284884929939977,0.43359173111423027,0,324,0.0,0.0,0.011717853988023486,0,324,0.0,0.0,0.011717853988023486,10,324,0.030864197530864196,0.016849423300918206,0.05587350142858531,152,324,0.4691358024691358,0.4154749518760158,0.5235199773825041,311 0.33; 363 0.18; 350 0.09; 312 0.06; 364 0.06; 150 0.04,6,38 0.15; 44 0.11; 53 0.10; 35 0.10; 52 0.09; 99 0.09; 37 0.04; 39 0.04; 41 0.02,9,earned income 0.40; unearned income 0.20; shelter deduction 0.18,"wrong amount, known item 0.28; wrong include/exclude decision 0.24; method or computation 0.11; unreported source of income 0.10; change in circumstances 0.10",144,72,66,216,0.6666666666666666,0.6013709194282025,0.7261376139885848,0.3333333333333333,66,0.23404255319148937,282,74288.0
4+,months_since_cert_n >   3.50 & shelter_expenses_by_hh_size > 204.00 & unc_rawben_rel_max <=   1.08 & utilities > 590.00,test_2024,580,161,242,101,242,0.41735537190082644,0.3569903487303071,0.4803032582100969,34,242,0.14049586776859505,0.10231241737204486,0.18991477281871214,39,242,0.16115702479338842,0.12018649865843281,0.21271728979722318,11,242,0.045454545454545456,0.025567561958883746,0.07954727621333771,1,242,0.004132231404958678,0.0007297943345591293,0.023031847307864284,14,242,0.05785123966942149,0.034769717793887274,0.09475107933727361,42,242,0.17355371900826447,0.13103818234427403,0.2262715650703214,84,242,0.34710743801652894,0.2899398445084157,0.4090533283313317,47,242,0.19421487603305784,0.14931138003444108,0.24867496564505334,33,242,0.13636363636363635,0.09877263510344333,0.18531923543433385,22,242,0.09090909090909091,0.06080103706565295,0.13380231728934636,25,242,0.10330578512396695,0.07095663427265267,0.14805267904128608,12,242,0.049586776859504134,0.028589853213848722,0.08466030461135254,3,242,0.012396694214876033,0.004224710065100178,0.03580757088328285,2,242,0.008264462809917356,0.0022692998150906363,0.02962766148031258,0,242,0.0,0.0,0.01562632198944361,14,242,0.05785123966942149,0.034769717793887274,0.09475107933727361,112,240,0.4666666666666667,0.4045707875624967,0.5298128450908322,16,240,0.06666666666666667,0.041448541622887115,0.10553868287039048,111,240,0.4625,0.4005063165740798,0.5256752701609153,143,242,0.5909090909090909,0.5280112409261728,0.6509657914393829,94,242,0.3884297520661157,0.32922152478008165,0.4511248445894637,0,242,0.0,0.0,0.01562632198944361,4,242,0.01652892561983471,0.00644596454774005,0.04172163605362278,1,242,0.004132231404958678,0.0007297943345591293,0.023031847307864284,101,240,0.42083333333333334,0.36010122078912743,0.48405990676252897,311 0.36; 363 0.16; 150 0.09; 323 0.05; 312 0.05; 350 0.05,6,38 0.14; 35 0.14; 56 0.10; 44 0.07; 99 0.06; 52 0.06; 53 0.05; 41 0.05; 54 0.04; 7 0.04; 37 0.04,11,earned income 0.42; other element 0.17; shelter deduction 0.16,"wrong amount, known item 0.35; wrong include/exclude decision 0.19; unreported source of income 0.14; change in circumstances 0.10",115,46,56,161,0.7142857142857143,0.6401469098599128,0.7784367486340595,0.2857142857142857,56,0.25806451612903225,217,59865.0
4+,shelter_expenses_by_hh_size > 198 & total_deductions_by_hh_size <= 136,all_2022_24,1826,397,625,185,625,0.296,0.26154507327397597,0.3329474030507456,186,625,0.2976,0.2630800485101398,0.33459287898066237,120,625,0.192,0.16303894577423456,0.22472420475524701,39,625,0.0624,0.045979801802442294,0.08416680427450937,5,625,0.008,0.003421772777055486,0.01858949365315524,9,625,0.0144,0.007593955470723333,0.027139115623809856,81,625,0.1296,0.10551434272650864,0.15821121232582888,213,625,0.3408,0.30471357665789,0.37883153231708877,158,625,0.2528,0.22030684239132692,0.28831345244921813,60,625,0.096,0.07531084704287999,0.1216252335217646,59,625,0.0944,0.07389106691698102,0.11986456248158295,49,625,0.0784,0.05980882708715061,0.1021422906506072,32,625,0.0512,0.03649798616333649,0.07138546175105086,6,625,0.0096,0.004406923258058549,0.02078479433823279,2,625,0.0032,0.0008779761224267752,0.011591936809542104,4,625,0.0064,0.0024915267873279797,0.016339288476802133,42,625,0.0672,0.0500973642042301,0.0895905953709634,386,624,0.6185897435897436,0.5798620100532755,0.6558662373263183,47,624,0.07532051282051282,0.05711261848605119,0.09872541454648441,191,624,0.3060897435897436,0.2712065611324122,0.34334589923338715,392,624,0.6282051282051282,0.5896089096380037,0.665232438880476,216,624,0.34615384615384615,0.3098695403578712,0.38432084141995304,4,624,0.00641025641025641,0.0024955240144875646,0.01636528418936513,1,624,0.0016025641025641025,0.0002829406717122394,0.009021316962697458,11,624,0.017628205128205128,0.009871193311957547,0.031288232887262124,286,624,0.4583333333333333,0.4196122962229456,0.4975642655085484,311 0.25; 363 0.19; 350 0.11; 150 0.07; 364 0.06; 331 0.04; 312 0.04,7,38 0.17; 44 0.12; 35 0.10; 52 0.09; 53 0.09; 99 0.07; 37 0.05; 7 0.03; 39 0.03; 12 0.02,10,unearned income 0.30; earned income 0.30; shelter deduction 0.19,"wrong amount, known item 0.34; wrong include/exclude decision 0.25; unreported source of income 0.10; household composition 0.09",268,129,138,397,0.6750629722921915,0.6275042908795823,0.719266104209151,0.3249370277078086,138,0.25794392523364484,535,142895.0
4+,shelter_expenses_by_hh_size > 198 & total_deductions_by_hh_size <= 136,train_2022_23,1206,248,395,120,395,0.3037974683544304,0.2605124885437069,0.3508620521260728,118,395,0.29873417721518986,0.25571094839497766,0.3456345481630544,74,395,0.18734177215189873,0.1519413487347956,0.2287651773647888,26,395,0.06582278481012659,0.04531151073326522,0.09469795668437628,2,395,0.005063291139240506,0.0013896079199045355,0.0182713301567655,7,395,0.017721518987341773,0.008610129611088247,0.03612341874495084,48,395,0.12151898734177215,0.0928919691426645,0.15743698350420077,128,395,0.3240506329113924,0.27978168071085,0.3717090364059202,101,395,0.25569620253164554,0.21516997635309226,0.30092864525508495,32,395,0.0810126582278481,0.05796736325938525,0.1121292364934991,36,395,0.09113924050632911,0.06655811942463938,0.12359656855174023,32,395,0.0810126582278481,0.05796736325938525,0.1121292364934991,22,395,0.05569620253164557,0.037065099329958676,0.08288627986418756,5,395,0.012658227848101266,0.005418549977418748,0.029285954266872718,2,395,0.005063291139240506,0.0013896079199045355,0.0182713301567655,3,395,0.007594936708860759,0.0025862113779409456,0.0220892487546029,34,395,0.08607594936708861,0.06224904472522268,0.1178765991394093,248,394,0.6294416243654822,0.5807175293760036,0.6756659156935918,33,394,0.08375634517766498,0.06025880730425934,0.11529246737390403,113,394,0.2868020304568528,0.24437067488366065,0.3333507097075938,255,394,0.6472081218274112,0.5988101109910706,0.6927632186959203,129,394,0.32741116751269034,0.28293468688505025,0.37522071968882237,0,394,0.0,8.673617379884035e-19,0.009656104339013316,0,394,0.0,8.673617379884035e-19,0.009656104339013316,10,394,0.025380710659898477,0.013843443300851504,0.046083924777298196,176,394,0.4467005076142132,0.3983596763766204,0.4960706697711932,311 0.26; 363 0.19; 350 0.10; 364 0.07; 150 0.07; 331 0.04; 346 0.04,7,38 0.18; 44 0.13; 53 0.10; 52 0.09; 99 0.09; 35 0.08; 37 0.05; 40 0.03; 39 0.03,9,earned income 0.30; unearned income 0.30; shelter deduction 0.19,"wrong amount, known item 0.32; wrong include/exclude decision 0.26; household composition 0.09; other 0.09",165,83,82,248,0.6653225806451613,0.6044659232043467,0.7211355659856838,0.3346774193548387,82,0.24848484848484848,330,87820.0
4+,shelter_expenses_by_hh_size > 198 & total_deductions_by_hh_size <= 136,test_2024,620,149,230,65,230,0.2826086956521739,0.22835766728577167,0.34400242604236164,68,230,0.2956521739130435,0.2404232930245511,0.3575951947038942,46,230,0.2,0.15342308500687896,0.2564338437859449,13,230,0.05652173913043478,0.03332537829309887,0.09428921209629293,3,230,0.013043478260869565,0.0044456146083413535,0.03764099444667708,2,230,0.008695652173913044,0.002387859558887871,0.031145951362693235,33,230,0.14347826086956522,0.10402297260318488,0.19464758045495362,85,230,0.3695652173913043,0.3098036802895648,0.4336123757073152,57,230,0.24782608695652175,0.1964754457425746,0.3074622625180601,28,230,0.12173913043478261,0.08558466942916917,0.1703218929617827,23,230,0.1,0.067562041870206,0.14558052985355918,17,230,0.07391304347826087,0.0466563940903741,0.11516938883276705,10,230,0.043478260869565216,0.023785037609777793,0.078171158379302,1,230,0.004347826086956522,0.0007678910476641258,0.024213121740479644,0,230,0.0,0.0,0.01642821465470643,1,230,0.004347826086956522,0.0007678910476641258,0.024213121740479644,8,230,0.034782608695652174,0.017728102745003565,0.06712249697720155,138,230,0.6,0.5355441991473282,0.6611701579217304,14,230,0.06086956521739131,0.03660110069194115,0.099566287830888,78,230,0.3391304347826087,0.2810369849958751,0.4025094840669436,137,230,0.5956521739130435,0.5311584809607017,0.6570030779749196,87,230,0.3782608695652174,0.31807095142053365,0.442450700843221,4,230,0.017391304347826087,0.006783286481654556,0.04385612070680123,1,230,0.004347826086956522,0.0007678910476641258,0.024213121740479644,1,230,0.004347826086956522,0.0007678910476641258,0.024213121740479644,110,230,0.4782608695652174,0.4145913117750078,0.5426446975578056,311 0.25; 363 0.20; 350 0.12; 150 0.09; 364 0.06; 331 0.05,6,38 0.15; 35 0.12; 44 0.10; 52 0.09; 56 0.06; 53 0.06; 7 0.05; 37 0.05; 33 0.04; 54 0.04,10,unearned income 0.30; earned income 0.28; shelter deduction 0.20,"wrong amount, known item 0.37; wrong include/exclude decision 0.25; unreported source of income 0.12; household composition 0.10",103,46,56,149,0.6912751677852349,0.6130702395804885,0.7598648775603948,0.3087248322147651,56,0.2731707317073171,205,55075.0
1,shelter_expenses_by_hh_size < 961.00 & total_deductions_by_hh_size >=   5.00 & unc_rawben_rel_max >=   2.01 & utilities < 681.00,all_2022_24,185,79,120,16,120,0.13333333333333333,0.0837653717755315,0.20564949366548352,67,120,0.5583333333333333,0.46904360820302915,0.6440040268404459,16,120,0.13333333333333333,0.0837653717755315,0.20564949366548352,6,120,0.05,0.023114049304474235,0.10480419464586234,4,120,0.03333333333333333,0.013037340166920576,0.0825815794852803,3,120,0.025,0.00853802009878548,0.07093123740434756,8,120,0.06666666666666667,0.03416489747129058,0.12605267077718166,26,120,0.21666666666666667,0.15236622842757383,0.2985452585041196,54,120,0.45,0.3639158452162006,0.5391861818893925,13,120,0.10833333333333334,0.0644107989410726,0.1765550800527389,1,120,0.008333333333333333,0.001472517830674952,0.045697415374322405,7,120,0.058333333333333334,0.02854064663137293,0.1155272594680315,2,120,0.016666666666666666,0.004582468541151394,0.058737126812913806,2,120,0.016666666666666666,0.004582468541151394,0.058737126812913806,4,120,0.03333333333333333,0.013037340166920576,0.0825815794852803,0,120,0.0,0.0,0.031020271055929513,11,120,0.09166666666666666,0.0519566467894248,0.15670990790625097,46,120,0.38333333333333336,0.30124387764148153,0.47266085227156884,14,120,0.11666666666666667,0.07078052921096241,0.18633501193191693,60,120,0.5,0.411937137430229,0.588062862569771,80,120,0.6666666666666666,0.5783093452093498,0.744683897772007,34,120,0.2833333333333333,0.2104050919824472,0.369703692141789,2,120,0.016666666666666666,0.004582468541151394,0.058737126812913806,0,120,0.0,0.0,0.031020271055929513,4,120,0.03333333333333333,0.013037340166920576,0.0825815794852803,54,120,0.45,0.3639158452162006,0.5391861818893925,331 0.45; 363 0.13; 311 0.12; 333 0.06,4,37 0.26; 38 0.17; 35 0.11; 53 0.10; 99 0.09; 52 0.09,6,unearned income 0.56; shelter deduction 0.13; earned income 0.13,"wrong include/exclude decision 0.45; wrong amount, known item 0.22; unreported source of income 0.11",79,0,1,79,1.0,0.9536271631644004,1.0,0.0,1,0.0125,80,19586.0
1,shelter_expenses_by_hh_size < 961.00 & total_deductions_by_hh_size >=   5.00 & unc_rawben_rel_max >=   2.01 & utilities < 681.00,train_2022_23,150,63,93,12,93,0.12903225806451613,0.07537662016293771,0.21211966242636277,55,93,0.5913978494623656,0.4897977403042717,0.6857466538403933,12,93,0.12903225806451613,0.07537662016293771,0.21211966242636277,4,93,0.043010752688172046,0.016850881320861148,0.10542714795581334,3,93,0.03225806451612903,0.011030412935116203,0.09059533467748004,1,93,0.010752688172043012,0.001900593097955601,0.05842059118648415,6,93,0.06451612903225806,0.029901024142029796,0.13368156846280116,22,93,0.23655913978494625,0.16172548448287755,0.3322936147472054,39,93,0.41935483870967744,0.3242204927602262,0.520887394759187,10,93,0.10752688172043011,0.059462429584426144,0.1867292896767178,1,93,0.010752688172043012,0.001900593097955601,0.05842059118648415,6,93,0.06451612903225806,0.029901024142029796,0.13368156846280116,2,93,0.021505376344086023,0.005917375771978241,0.07505609017653975,1,93,0.010752688172043012,0.001900593097955601,0.05842059118648415,2,93,0.021505376344086023,0.005917375771978241,0.07505609017653975,0,93,0.0,0.0,0.0396689026203615,10,93,0.10752688172043011,0.059462429584426144,0.1867292896767178,31,93,0.3333333333333333,0.24582243182201943,0.4340672023847677,13,93,0.13978494623655913,0.08354643741721157,0.22460212683616715,49,93,0.5268817204301075,0.4263683964671289,0.6252623076930667,59,93,0.6344086021505376,0.5330090301523664,0.7251444906486115,28,93,0.3010752688172043,0.21726167583661843,0.400671113377934,2,93,0.021505376344086023,0.005917375771978241,0.07505609017653975,0,93,0.0,0.0,0.0396689026203615,4,93,0.043010752688172046,0.016850881320861148,0.10542714795581334,45,93,0.4838709677419355,0.3849752909016495,0.5840462866022331,331 0.46; 363 0.13; 311 0.13; 333 0.06,4,37 0.26; 38 0.19; 53 0.12; 99 0.11; 35 0.11,5,unearned income 0.59; shelter deduction 0.13; earned income 0.13,"wrong include/exclude decision 0.42; wrong amount, known item 0.24; other 0.11",63,0,1,63,1.0,0.9425268096514744,0.9999999999999999,0.0,1,0.015625,64,14819.0
1,shelter_expenses_by_hh_size < 961.00 & total_deductions_by_hh_size >=   5.00 & unc_rawben_rel_max >=   2.01 & utilities < 681.00,test_2024,35,16,27,4,27,0.14814814814814814,0.059158318596448906,0.32479063346829484,12,27,0.4444444444444444,0.2758559767007283,0.6268728052042312,4,27,0.14814814814814814,0.059158318596448906,0.32479063346829484,2,27,0.07407407407407407,0.020554221697383523,0.2336997729073062,1,27,0.037037037037037035,0.006567976533097597,0.1828385393415652,2,27,0.07407407407407407,0.020554221697383523,0.2336997729073062,2,27,0.07407407407407407,0.020554221697383523,0.2336997729073062,4,27,0.14814814814814814,0.059158318596448906,0.32479063346829484,15,27,0.5555555555555556,0.37312719479576884,0.7241440232992717,3,27,0.1111111111111111,0.03851964789498724,0.2805818254397295,0,27,0.0,6.938893903907228e-18,0.12455903714463581,1,27,0.037037037037037035,0.006567976533097597,0.1828385393415652,0,27,0.0,6.938893903907228e-18,0.12455903714463581,1,27,0.037037037037037035,0.006567976533097597,0.1828385393415652,2,27,0.07407407407407407,0.020554221697383523,0.2336997729073062,0,27,0.0,6.938893903907228e-18,0.12455903714463581,1,27,0.037037037037037035,0.006567976533097597,0.1828385393415652,15,27,0.5555555555555556,0.37312719479576884,0.7241440232992717,1,27,0.037037037037037035,0.006567976533097597,0.1828385393415652,11,27,0.4074074074074074,0.24514513372857344,0.5927361694463591,21,27,0.7777777777777778,0.5924270453692919,0.8939290451059105,6,27,0.2222222222222222,0.10607095489408958,0.4075729546307081,0,27,0.0,6.938893903907228e-18,0.12455903714463581,0,27,0.0,6.938893903907228e-18,0.12455903714463581,0,27,0.0,6.938893903907228e-18,0.12455903714463581,9,27,0.3333333333333333,0.1864305444359335,0.5217558012789452,331 0.41; 363 0.15; 311 0.11; 364 0.07; 366 0.07,5,52 0.26; 37 0.26; 35 0.11; 38 0.11; 29 0.07,5,unearned income 0.44; shelter deduction 0.15; earned income 0.15; utility allowance 0.07,"wrong include/exclude decision 0.56; wrong amount, known item 0.15; unreported source of income 0.11",16,0,0,16,1.0,0.8063865817272802,1.0,0.0,0,0.0,16,4767.0
1,rawben_rel_max >   0.112 & shelter_expenses_by_hh_size <= 592.000 & unc_rawben_rel_max <=   0.978 & utilities >  55.500,all_2022_24,5863,549,751,70,751,0.09320905459387484,0.07443615879341017,0.11612249616148368,137,751,0.18242343541944075,0.15644160128074092,0.21163774145818604,237,751,0.3155792276964048,0.28334990205296234,0.3496856911098946,192,751,0.255659121171771,0.22575743654117753,0.288047843930911,58,751,0.07723035952063914,0.06021632966995738,0.09854757523406485,9,751,0.011984021304926764,0.006317355383019816,0.02261798681327673,48,751,0.06391478029294274,0.04854392854926516,0.0837243513123641,154,751,0.20505992010652463,0.17771899791362855,0.23540290739736647,424,751,0.5645805592543276,0.528879552095988,0.599624229359618,32,751,0.0426098535286285,0.030342025624998003,0.05953325416880244,10,751,0.013315579227696404,0.007248492260483887,0.024336412440051955,35,751,0.04660452729693742,0.03369837119744014,0.06412559610907821,24,751,0.03195739014647137,0.021567684224804817,0.04711109553508122,14,751,0.018641810918774968,0.011136371035949668,0.03104678368154338,7,751,0.009320905459387484,0.004522180613193188,0.01911403657462476,1,751,0.0013315579227696406,0.00023508530537600823,0.007503756857006138,50,751,0.06657789613848203,0.05086331487834825,0.0867040899917596,471,749,0.6288384512683578,0.593663931108965,0.6626980977693541,60,749,0.0801068090787717,0.06274009097550348,0.10175878900137347,218,749,0.2910547396528705,0.25965468456247254,0.32458720642761085,528,751,0.7030625832223701,0.6694172648955732,0.7346410170009199,183,751,0.2436750998668442,0.21432600406124458,0.27563321387269013,5,751,0.006657789613848202,0.0028470222944536857,0.01549006988488566,3,751,0.0039946737683089215,0.001359435132577043,0.011678532038283704,32,751,0.0426098535286285,0.030342025624998003,0.05953325416880244,336,749,0.4485981308411215,0.41333175438107894,0.48438909420114606,363 0.32; 364 0.26; 311 0.08; 365 0.08; 333 0.07,5,52 0.35; 53 0.18; 38 0.07; 99 0.07; 44 0.06; 54 0.06,6,shelter deduction 0.32; utility allowance 0.26; unearned income 0.18,"wrong include/exclude decision 0.56; wrong amount, known item 0.21",231,318,389,549,0.4207650273224044,0.3801587998608127,0.4624724348364315,0.5792349726775956,389,0.4147121535181237,938,81180.0
1,rawben_rel_max >   0.112 & shelter_expenses_by_hh_size <= 592.000 & unc_rawben_rel_max <=   0.978 & utilities >  55.500,train_2022_23,4204,385,530,49,530,0.09245283018867924,0.07063896915839599,0.1201322258927203,96,530,0.1811320754716981,0.1506758099079393,0.21617757881261,165,530,0.3113207547169811,0.2733758787162362,0.351981156029651,136,530,0.25660377358490566,0.2212636244121874,0.2954469504100071,38,530,0.07169811320754717,0.05267917897078909,0.0968812899023748,7,530,0.013207547169811321,0.006412065286924297,0.027009084357464602,39,530,0.07358490566037736,0.05429325764346209,0.09901364088224292,104,530,0.19622641509433963,0.16465199688227994,0.23217282905859843,295,530,0.5566037735849056,0.5140521084081132,0.5983407811681206,23,530,0.04339622641509434,0.029088553324452166,0.0642754707605948,6,530,0.011320754716981131,0.0051983757047180165,0.024476344287129755,27,530,0.0509433962264151,0.03524440100193227,0.07310534169327922,17,530,0.03207547169811321,0.020121026566043518,0.050764419603756675,9,530,0.016981132075471698,0.008958949998274726,0.03195505895119643,7,530,0.013207547169811321,0.006412065286924297,0.027009084357464602,1,530,0.0018867924528301887,0.00033313430830900475,0.010609437420833125,41,530,0.07735849056603773,0.05753355871525637,0.1032661991155309,330,530,0.6226415094339622,0.580630170070012,0.6628877573451613,39,530,0.07358490566037736,0.05429325764346209,0.09901364088224292,161,530,0.30377358490566037,0.2661479402132526,0.3442233759224701,367,530,0.6924528301886792,0.6518962114538307,0.7302396131053643,136,530,0.25660377358490566,0.2212636244121874,0.2954469504100071,3,530,0.005660377358490566,0.0019268327870322014,0.016508598247192183,0,530,0.0,4.336808689942018e-19,0.007196142076600999,24,530,0.045283018867924525,0.030616042925269843,0.06649441081231824,227,530,0.42830188679245285,0.38683797124317104,0.4707977019602662,363 0.31; 364 0.26; 311 0.08; 365 0.07; 333 0.07,5,52 0.34; 53 0.18; 38 0.08; 99 0.08; 44 0.06; 54 0.05,6,shelter deduction 0.31; utility allowance 0.26; unearned income 0.18; earned income 0.09,"wrong include/exclude decision 0.56; wrong amount, known item 0.20",166,219,272,385,0.43116883116883115,0.38261923155374344,0.48107847980224305,0.5688311688311688,272,0.4140030441400304,657,55223.0
1,rawben_rel_max >   0.112 & shelter_expenses_by_hh_size <= 592.000 & unc_rawben_rel_max <=   0.978 & utilities >  55.500,test_2024,1659,164,221,21,221,0.09502262443438914,0.06299147076932333,0.14089250799617203,41,221,0.18552036199095023,0.13979966859682924,0.24198733167358338,72,221,0.3257918552036199,0.2674349674400037,0.3901017161630307,56,221,0.25339366515837103,0.20059716083804532,0.3146171055610552,20,221,0.09049773755656108,0.05934667137366479,0.13564215631658472,2,221,0.00904977375565611,0.002485240773447509,0.032390867562376476,9,221,0.04072398190045249,0.021570282464229172,0.07557188339831586,50,221,0.22624434389140272,0.17603195588013265,0.2858114040674928,129,221,0.583710407239819,0.5178304029964649,0.6467298918955837,9,221,0.04072398190045249,0.021570282464229172,0.07557188339831586,4,221,0.01809954751131222,0.007060393321571233,0.045606017164744474,8,221,0.03619909502262444,0.0184544943883985,0.06979252039890067,7,221,0.03167420814479638,0.015425869270221718,0.06392599444183159,5,221,0.02262443438914027,0.009701476694402425,0.05186008486715914,0,221,0.0,1.734723475976807e-18,0.01708580618533225,0,221,0.0,1.734723475976807e-18,0.01708580618533225,9,221,0.04072398190045249,0.021570282464229172,0.07557188339831586,141,219,0.6438356164383562,0.5784331960139543,0.7042788290298437,21,219,0.0958904109589041,0.06357475847056406,0.14213907593019415,57,219,0.2602739726027397,0.20664716674850794,0.32216612484516216,161,221,0.7285067873303167,0.666339771038941,0.7828653582609749,47,221,0.21266968325791855,0.16386703340268116,0.27129087331920665,2,221,0.00904977375565611,0.002485240773447509,0.032390867562376476,3,221,0.013574660633484163,0.004627072352362524,0.03914418705870732,8,221,0.03619909502262444,0.0184544943883985,0.06979252039890067,109,219,0.4977168949771689,0.4321079525849644,0.5634045549540226,363 0.33; 364 0.25; 365 0.09; 311 0.07; 333 0.06,5,52 0.37; 53 0.17; 38 0.06; 54 0.06; 44 0.06; 99 0.04,6,shelter deduction 0.33; utility allowance 0.25; unearned income 0.19,"wrong include/exclude decision 0.58; wrong amount, known item 0.23",65,99,117,164,0.39634146341463417,0.3246751541915624,0.4727528970186263,0.6036585365853658,117,0.41637010676156583,281,25957.0
4+,months_since_cert_n >  10.5 & shelter_expenses_by_hh_size > 349.0 & total_deductions_by_hh_size > 168.0,all_2022_24,137,56,100,37,100,0.37,0.28182212569509163,0.46779652424866885,18,100,0.18,0.11700131654251038,0.26667536024213084,17,100,0.17,0.10893476059773155,0.25548181233642975,6,100,0.06,0.02778574526665662,0.12476968531222507,0,100,0.0,0.0,0.03699480747600191,6,100,0.06,0.02778574526665662,0.12476968531222507,16,100,0.16,0.10095202349473717,0.24420444558894414,31,100,0.31,0.22779563206132378,0.40626239477955695,23,100,0.23,0.15843154746876406,0.32154564856827694,12,100,0.12,0.06999337365267776,0.19812268002908368,8,100,0.08,0.04109296948581091,0.14998266879403072,12,100,0.12,0.06999337365267776,0.19812268002908368,8,100,0.08,0.04109296948581091,0.14998266879403072,1,100,0.01,0.0017673865655472645,0.0544875247609346,0,100,0.0,0.0,0.03699480747600191,0,100,0.0,0.0,0.03699480747600191,5,100,0.05,0.02154336145631356,0.11175196527208817,36,100,0.36,0.2727107459049014,0.45764780018837914,5,100,0.05,0.02154336145631356,0.11175196527208817,59,100,0.59,0.4920125056109662,0.6813284290433533,50,100,0.5,0.40382982859014716,0.5961701714098528,48,100,0.48,0.38464384320080547,0.5768359490982345,0,100,0.0,0.0,0.03699480747600191,0,100,0.0,0.0,0.03699480747600191,2,100,0.02,0.005501852234968185,0.07001316294199365,34,100,0.34,0.25461379497543,0.43722454341689065,311 0.32; 363 0.17; 350 0.06; 364 0.06; 150 0.06; 323 0.05; 361 0.05,7,38 0.15; 35 0.12; 52 0.10; 44 0.07; 37 0.06; 39 0.05; 99 0.05; 53 0.05; 54 0.04; 41 0.04; 13 0.03,11,earned income 0.37; unearned income 0.18; shelter deduction 0.17; other element 0.16,"wrong amount, known item 0.31; wrong include/exclude decision 0.23; unreported source of income 0.12; change in circumstances 0.12",41,15,16,56,0.7321428571428571,0.6040519481066103,0.8304284133810503,0.26785714285714285,16,0.2222222222222222,72,24238.0
4+,months_since_cert_n >  10.5 & shelter_expenses_by_hh_size > 349.0 & total_deductions_by_hh_size > 168.0,train_2022_23,92,39,66,24,66,0.36363636363636365,0.25806811940620944,0.4842058262078659,12,66,0.18181818181818182,0.10718501425764242,0.2914541921751999,11,66,0.16666666666666666,0.09569485409199655,0.274308124075743,5,66,0.07575757575757576,0.03279155406460817,0.16539405451251493,0,66,0.0,0.0,0.05500446725160935,2,66,0.030303030303030304,0.008349735075946503,0.10392718870586834,12,66,0.18181818181818182,0.10718501425764242,0.2914541921751999,16,66,0.24242424242424243,0.15509054458269061,0.35809357491056265,14,66,0.21212121212121213,0.1307786687568397,0.3251329942062081,6,66,0.09090909090909091,0.042332398591397716,0.18448943825082814,6,66,0.09090909090909091,0.042332398591397716,0.18448943825082814,11,66,0.16666666666666666,0.09569485409199655,0.274308124075743,8,66,0.12121212121212122,0.06271770703368283,0.22137658633874846,1,66,0.015151515151515152,0.0026795715344567483,0.08096112398225534,0,66,0.0,0.0,0.05500446725160935,0,66,0.0,0.0,0.05500446725160935,4,66,0.06060606060606061,0.023818229304678556,0.14573115100734177,28,66,0.42424242424242425,0.31242322955377905,0.5443956291207072,4,66,0.06060606060606061,0.023818229304678556,0.14573115100734177,34,66,0.5151515151515151,0.39710384843935753,0.6315323798257452,36,66,0.5454545454545454,0.4261479973870641,0.659760687408244,29,66,0.4393939393939394,0.32627930124012827,0.5591757856994607,0,66,0.0,0.0,0.05500446725160935,0,66,0.0,0.0,0.05500446725160935,1,66,0.015151515151515152,0.0026795715344567483,0.08096112398225534,25,66,0.3787878787878788,0.271492715804161,0.49941745807501703,311 0.30; 363 0.17; 364 0.08; 150 0.08; 350 0.06; 361 0.06; 312 0.05,7,38 0.15; 52 0.12; 35 0.09; 39 0.08; 44 0.06; 99 0.06; 37 0.06; 41 0.05; 43 0.03; 123 0.03; 54 0.03,11,earned income 0.36; other element 0.18; unearned income 0.18; shelter deduction 0.17,"wrong amount, known item 0.24; wrong include/exclude decision 0.21; change in circumstances 0.17; method or computation 0.12; unreported source of income 0.09",27,12,11,39,0.6923076923076923,0.535784513844354,0.8143424655401694,0.3076923076923077,11,0.22,50,13364.0
4+,months_since_cert_n >  10.5 & shelter_expenses_by_hh_size > 349.0 & total_deductions_by_hh_size > 168.0,test_2024,45,17,34,13,34,0.38235294117647056,0.23899964851608782,0.5495928000061734,6,34,0.17647058823529413,0.08348855603569685,0.33514067740052156,6,34,0.17647058823529413,0.08348855603569685,0.33514067740052156,1,34,0.029411764705882353,0.00521077192559663,0.1491590221634482,0,34,0.0,0.0,0.10151790621961015,4,34,0.11764705882352941,0.04671370973436122,0.26621174796298774,4,34,0.11764705882352941,0.04671370973436122,0.26621174796298774,15,34,0.4411764705882353,0.28883240215296746,0.6054638221081631,9,34,0.2647058823529412,0.14601027541553796,0.4311746216289845,6,34,0.17647058823529413,0.08348855603569685,0.33514067740052156,2,34,0.058823529411764705,0.016282313063842452,0.1909393688946371,1,34,0.029411764705882353,0.00521077192559663,0.1491590221634482,0,34,0.0,0.0,0.10151790621961015,0,34,0.0,0.0,0.10151790621961015,0,34,0.0,0.0,0.10151790621961015,0,34,0.0,0.0,0.10151790621961015,1,34,0.029411764705882353,0.00521077192559663,0.1491590221634482,8,34,0.23529411764705882,0.12436838109244344,0.3999646280826443,1,34,0.029411764705882353,0.00521077192559663,0.1491590221634482,25,34,0.7352941176470589,0.5688253783710155,0.8539897245844621,14,34,0.4117647058823529,0.26365737785688864,0.5777869585348072,19,34,0.5588235294117647,0.3945361778918369,0.7111675978470325,0,34,0.0,0.0,0.10151790621961015,0,34,0.0,0.0,0.10151790621961015,1,34,0.029411764705882353,0.00521077192559663,0.1491590221634482,9,34,0.2647058823529412,0.14601027541553796,0.4311746216289845,311 0.35; 363 0.18; 323 0.09; 350 0.06; 130 0.03; 334 0.03; 520 0.03,7,35 0.18; 38 0.15; 53 0.09; 44 0.09; 57 0.09; 56 0.06; 52 0.06; 37 0.06,8,earned income 0.38; shelter deduction 0.18; unearned income 0.18; dep care or child support deduction 0.12,"wrong amount, known item 0.44; wrong include/exclude decision 0.26; unreported source of income 0.18",14,3,5,17,0.8235294117647058,0.5897007098262422,0.9380898628745101,0.17647058823529413,5,0.22727272727272727,22,10874.0
1,shelter_expenses_by_hh_size < 601 & total_deductions_by_hh_size < 199 & utilities >= 240,all_2022_24,5121,318,421,15,421,0.035629453681710214,0.021708619991332,0.05794836275235411,82,421,0.19477434679334918,0.15977445983345379,0.23529419634334242,188,421,0.44655581947743467,0.39976315973575105,0.49431500963372677,88,421,0.20902612826603326,0.1729022964455034,0.2504121812327653,13,421,0.030878859857482184,0.01813284622464106,0.05210886268522086,4,421,0.009501187648456057,0.003700794728353895,0.02417218192929921,31,421,0.07363420427553444,0.052356580064050334,0.10262259335022922,77,421,0.1828978622327791,0.1488927692127582,0.22263770237947753,256,421,0.6080760095011877,0.5606666076623156,0.6535308720571845,12,421,0.028503562945368172,0.016378866578158954,0.04915520541479089,8,421,0.019002375296912115,0.009659440873915237,0.03704408345138623,15,421,0.035629453681710214,0.021708619991332,0.05794836275235411,13,421,0.030878859857482184,0.01813284622464106,0.05210886268522086,9,421,0.021377672209026127,0.011286688844400644,0.040124472397812916,0,421,0.0,0.0,0.009042428990004743,0,421,0.0,0.0,0.009042428990004743,31,421,0.07363420427553444,0.052356580064050334,0.10262259335022922,241,420,0.5738095238095238,0.5260553915670723,0.6202256719245718,49,420,0.11666666666666667,0.08938167290023713,0.1509005457399341,130,420,0.30952380952380953,0.2672039309329812,0.35529655037890506,318,421,0.7553444180522565,0.7120920467967186,0.7939789217713312,74,421,0.17577197149643706,0.14239086090729275,0.21501669993420675,2,421,0.004750593824228029,0.001303725071028463,0.01715397775280046,2,421,0.004750593824228029,0.001303725071028463,0.01715397775280046,25,421,0.05938242280285035,0.04054235670622458,0.08619099520658244,211,420,0.5023809523809524,0.454758007045408,0.5499607369381934,363 0.45; 364 0.21; 333 0.08; 331 0.05,4,52 0.51; 53 0.08; 99 0.07; 44 0.07; 38 0.05,5,shelter deduction 0.45; utility allowance 0.21; unearned income 0.19,"wrong include/exclude decision 0.61; wrong amount, known item 0.18",68,250,240,318,0.2138364779874214,0.17232688679733496,0.2621775402251507,0.7861635220125787,240,0.43010752688172044,558,49994.0
1,shelter_expenses_by_hh_size < 601 & total_deductions_by_hh_size < 199 & utilities >= 240,train_2022_23,3624,223,295,12,295,0.04067796610169491,0.023419917869188955,0.06974515687274792,59,295,0.2,0.15834091331563188,0.24937206908039333,125,295,0.423728813559322,0.36867426308185897,0.48074429176458805,64,295,0.21694915254237288,0.1737148452204077,0.2674606805430737,8,295,0.02711864406779661,0.013804008397806804,0.0525910316501651,4,295,0.013559322033898305,0.005285166317945109,0.03433983903606183,23,295,0.07796610169491526,0.052511836543671475,0.11427083360666906,52,295,0.17627118644067796,0.13702930551706596,0.22383611616452057,171,295,0.5796610169491525,0.5226618462538255,0.6346121075732185,10,295,0.03389830508474576,0.018515022603817533,0.06126503479113686,3,295,0.010169491525423728,0.0034643938938835397,0.029468102786632158,13,295,0.04406779661016949,0.025931343517053267,0.07392623989837484,13,295,0.04406779661016949,0.025931343517053267,0.07392623989837484,6,295,0.020338983050847456,0.009353942425891507,0.04365608027509791,0,295,0.0,0.0,0.012854970660041976,0,295,0.0,0.0,0.012854970660041976,27,295,0.09152542372881356,0.06366375596534962,0.12988894887895588,166,295,0.5627118644067797,0.5056577113755086,0.6181536990840794,30,295,0.1016949152542373,0.07216605557500504,0.14146417528977417,99,295,0.33559322033898303,0.28412733343048546,0.3912859959051893,220,295,0.7457627118644068,0.6931333241674799,0.7920735546606351,53,295,0.17966101694915254,0.14005756521270646,0.22750036514237132,1,295,0.003389830508474576,0.0005986237528442448,0.01894885558068897,0,295,0.0,0.0,0.012854970660041976,21,295,0.0711864406779661,0.04702824637977539,0.10636940642358265,145,295,0.4915254237288136,0.4349525213065638,0.5483162070097082,363 0.42; 364 0.22; 333 0.09; 331 0.06,4,52 0.49; 99 0.09; 44 0.08; 53 0.08; 38 0.05,5,shelter deduction 0.42; utility allowance 0.22; unearned income 0.20,"wrong include/exclude decision 0.58; wrong amount, known item 0.18",46,177,165,223,0.2062780269058296,0.15836091944679526,0.26414359471639176,0.7937219730941704,165,0.4252577319587629,388,32657.0
1,shelter_expenses_by_hh_size < 601 & total_deductions_by_hh_size < 199 & utilities >= 240,test_2024,1497,95,126,3,126,0.023809523809523808,0.008129804755225335,0.06766716632338121,23,126,0.18253968253968253,0.12482691576112775,0.25903773162460997,63,126,0.5,0.4139959017945411,0.5860040982054588,24,126,0.19047619047619047,0.13147240067177074,0.26779563052932354,5,126,0.03968253968253968,0.017066861379560185,0.08953687732975948,0,126,0.0,0.0,0.029586819632536877,8,126,0.06349206349206349,0.03252015021503829,0.12029373994035106,25,126,0.1984126984126984,0.1381601427162113,0.27651127230023953,85,126,0.6746031746031746,0.588682034860208,0.7501924090776364,2,126,0.015873015873015872,0.00436371038878235,0.05602987687446764,5,126,0.03968253968253968,0.017066861379560185,0.08953687732975948,2,126,0.015873015873015872,0.00436371038878235,0.05602987687446764,0,126,0.0,0.0,0.029586819632536877,3,126,0.023809523809523808,0.008129804755225335,0.06766716632338121,0,126,0.0,0.0,0.029586819632536877,0,126,0.0,0.0,0.029586819632536877,4,126,0.031746031746031744,0.012413078146214646,0.07878727674774846,75,125,0.6,0.5123729773518758,0.6816637312888115,19,125,0.152,0.09952005306579641,0.22523220086461115,31,125,0.248,0.18056639010525916,0.3304611041202084,98,126,0.7777777777777778,0.6975778577959347,0.841540575741545,21,126,0.16666666666666666,0.11167105726171629,0.24138682249330834,1,126,0.007936507936507936,0.0014023289659406447,0.04358787448195278,2,126,0.015873015873015872,0.00436371038878235,0.05602987687446764,4,126,0.031746031746031744,0.012413078146214646,0.07878727674774846,66,125,0.528,0.4409593674217741,0.6133709109976185,363 0.50; 364 0.19; 333 0.07,3,52 0.56; 53 0.08; 38 0.07; 54 0.05,4,shelter deduction 0.50; utility allowance 0.19; unearned income 0.18,"wrong include/exclude decision 0.67; wrong amount, known item 0.20",22,73,75,95,0.23157894736842105,0.15819566451338007,0.3258272570095415,0.7684210526315789,75,0.4411764705882353,170,17337.0
1,shelter_expenses_by_hh_size > 2070.000 & unc_rawben_rel_max <=    0.991,all_2022_24,181,67,95,25,95,0.2631578947368421,0.18506401390488098,0.3596620933212263,20,95,0.21052631578947367,0.14062079660997456,0.30293333444415654,28,95,0.29473684210526313,0.21247799848789717,0.39295129444139576,7,95,0.07368421052631578,0.03614850970030849,0.1443584833066845,7,95,0.07368421052631578,0.03614850970030849,0.1443584833066845,1,95,0.010526315789473684,0.0018605283639709959,0.05724009323665061,7,95,0.07368421052631578,0.03614850970030849,0.1443584833066845,27,95,0.28421052631578947,0.20328290657032794,0.3819119911245698,31,95,0.3263157894736842,0.2403857202573143,0.4257467583751644,21,95,0.22105263157894736,0.1493724298392572,0.31441609644926916,1,95,0.010526315789473684,0.0018605283639709959,0.05724009323665061,6,95,0.06315789473684211,0.029264489538080835,0.13100810823451697,2,95,0.021052631578947368,0.0057923854515239195,0.07354263138349293,1,95,0.010526315789473684,0.0018605283639709959,0.05724009323665061,2,95,0.021052631578947368,0.0057923854515239195,0.07354263138349293,0,95,0.0,0.0,0.038866226366226365,4,95,0.042105263157894736,0.016493505976432808,0.10331030132737451,47,95,0.49473684210526314,0.3963740546246646,0.5935087477581378,11,95,0.11578947368421053,0.06589789764646398,0.19554667629811,37,95,0.3894736842105263,0.29753940072627755,0.4899994493125726,45,95,0.47368421052631576,0.37626571872029346,0.5731482931937185,47,95,0.49473684210526314,0.3963740546246646,0.5935087477581378,0,95,0.0,0.0,0.038866226366226365,1,95,0.010526315789473684,0.0018605283639709959,0.05724009323665061,2,95,0.021052631578947368,0.0057923854515239195,0.07354263138349293,30,95,0.3157894736842105,0.2310308812871305,0.4148672021109529,363 0.29; 311 0.24; 365 0.07; 364 0.07; 346 0.07,5,35 0.22; 53 0.19; 38 0.12; 52 0.09; 56 0.08; 44 0.04; 99 0.04,7,shelter deduction 0.29; earned income 0.26; unearned income 0.21,"wrong include/exclude decision 0.33; wrong amount, known item 0.28; unreported source of income 0.22",57,10,33,67,0.8507462686567164,0.7465938251018798,0.9168581579137494,0.14925373134328357,33,0.33,100,16714.0
1,shelter_expenses_by_hh_size > 2070.000 & unc_rawben_rel_max <=    0.991,train_2022_23,90,38,48,11,48,0.22916666666666666,0.13307691028989044,0.36539535908451154,10,48,0.20833333333333334,0.11730147795889813,0.3425917352135348,16,48,0.3333333333333333,0.2167660137089678,0.47460153667527943,2,48,0.041666666666666664,0.011501652078965613,0.13975911147771472,4,48,0.08333333333333333,0.03288322434995555,0.19553565161066291,1,48,0.020833333333333332,0.003687015979399688,0.10899469137531158,4,48,0.08333333333333333,0.03288322434995555,0.19553565161066291,8,48,0.16666666666666666,0.08695410039453222,0.29578100037396254,22,48,0.4583333333333333,0.3257502185455351,0.5970916690505266,9,48,0.1875,0.10191276348200173,0.31940139348846214,1,48,0.020833333333333332,0.003687015979399688,0.10899469137531158,3,48,0.0625,0.021482843131227225,0.1683569766274222,2,48,0.041666666666666664,0.011501652078965613,0.13975911147771472,0,48,0.0,0.0,0.0741026511527422,0,48,0.0,0.0,0.0741026511527422,0,48,0.0,0.0,0.0741026511527422,3,48,0.0625,0.021482843131227225,0.1683569766274222,25,48,0.5208333333333334,0.3832899563598438,0.6552890998421255,7,48,0.14583333333333334,0.07248157413793963,0.27167447042858606,16,48,0.3333333333333333,0.2167660137089678,0.47460153667527943,27,48,0.5625,0.4227477150100165,0.6929894535958907,19,48,0.3958333333333333,0.2702062649595057,0.5368984540306487,0,48,0.0,0.0,0.0741026511527422,0,48,0.0,0.0,0.0741026511527422,2,48,0.041666666666666664,0.011501652078965613,0.13975911147771472,19,48,0.3958333333333333,0.2702062649595057,0.5368984540306487,363 0.33; 311 0.21; 365 0.08; 346 0.06; 332 0.04; 364 0.04,6,53 0.25; 35 0.19; 52 0.17; 38 0.10; 44 0.06,5,shelter deduction 0.33; earned income 0.23; unearned income 0.21,"wrong include/exclude decision 0.46; unreported source of income 0.19; wrong amount, known item 0.17",30,8,19,38,0.7894736842105263,0.6365391162355784,0.8892533964790407,0.21052631578947367,19,0.3333333333333333,57,8060.0
1,shelter_expenses_by_hh_size > 2070.000 & unc_rawben_rel_max <=    0.991,test_2024,91,29,47,14,47,0.2978723404255319,0.18651084151016262,0.439779440463654,10,47,0.2127659574468085,0.11989580124247315,0.34904302050979275,12,47,0.2553191489361702,0.15253006046383732,0.3950844913992039,5,47,0.10638297872340426,0.046304099555199416,0.22594539692012788,3,47,0.06382978723404255,0.0219449870207728,0.17162877934377904,0,47,0.0,6.938893903907228e-18,0.0755601711983887,3,47,0.06382978723404255,0.0219449870207728,0.17162877934377904,19,47,0.40425531914893614,0.27639828961388174,0.5465813176368735,9,47,0.19148936170212766,0.10415815605310119,0.325442800643777,12,47,0.2553191489361702,0.15253006046383732,0.3950844913992039,0,47,0.0,6.938893903907228e-18,0.0755601711983887,3,47,0.06382978723404255,0.0219449870207728,0.17162877934377904,0,47,0.0,6.938893903907228e-18,0.0755601711983887,1,47,0.02127659574468085,0.003765671010464995,0.11113236524331144,2,47,0.0425531914893617,0.01174802937056972,0.1424878719385944,0,47,0.0,6.938893903907228e-18,0.0755601711983887,1,47,0.02127659574468085,0.003765671010464995,0.11113236524331144,22,47,0.46808510638297873,0.33331462168462633,0.6076785807322921,4,47,0.0851063829787234,0.033593579469713086,0.19931805195022648,21,47,0.44680851063829785,0.31410747474911305,0.5875478626124176,18,47,0.3829787234042553,0.2579048266351308,0.5257369155602367,28,47,0.5957446808510638,0.45341868236312644,0.7236017103861182,0,47,0.0,6.938893903907228e-18,0.0755601711983887,1,47,0.02127659574468085,0.003765671010464995,0.11113236524331144,0,47,0.0,6.938893903907228e-18,0.0755601711983887,11,47,0.23404255319148937,0.13603136423924592,0.3722453225684077,311 0.28; 363 0.26; 364 0.11; 346 0.09; 365 0.06,5,35 0.26; 56 0.17; 38 0.13; 53 0.13; 57 0.06; 29 0.04,6,earned income 0.30; shelter deduction 0.26; unearned income 0.21,"wrong amount, known item 0.40; unreported source of income 0.26; wrong include/exclude decision 0.19",27,2,14,29,0.9310344827586207,0.7803505240414808,0.9808791359020055,0.06896551724137931,14,0.32558139534883723,43,8654.0
2-3,cat_elig >=   1.000 & medical_deductions >= 179.000 & rawben_rel_max >=   0.137 & total_deductions_by_hh_size >= 242.000,all_2022_24,220,85,133,4,133,0.03007518796992481,0.011756335717357333,0.07477875302758571,30,133,0.22556390977443608,0.16281725221077797,0.30371923961626873,35,133,0.2631578947368421,0.1957272138754272,0.343886470852024,1,133,0.007518796992481203,0.0013284534153853028,0.04136031958931502,56,133,0.42105263157894735,0.3405146523621463,0.506023242547004,1,133,0.007518796992481203,0.0013284534153853028,0.04136031958931502,6,133,0.045112781954887216,0.020836924674096327,0.09492904123100854,26,133,0.19548872180451127,0.13704293942095674,0.27103179808576633,73,133,0.5488721804511278,0.4641145463782404,0.6308858043922856,7,133,0.05263157894736842,0.025725400701750632,0.10465600378343515,3,133,0.022556390977443608,0.0077002833384402225,0.06421936682642192,4,133,0.03007518796992481,0.011756335717357333,0.07477875302758571,5,133,0.03759398496240601,0.016162680948680702,0.08498784637634325,2,133,0.015037593984962405,0.0041334978576213245,0.05317071372715991,1,133,0.007518796992481203,0.0013284534153853028,0.04136031958931502,0,133,0.0,0.0,0.028073334424619414,12,133,0.09022556390977443,0.05236602199372364,0.15109257539186668,79,133,0.5939849624060151,0.509022020202548,0.6736709620484634,19,133,0.14285714285714285,0.09340160831673866,0.21236505912941805,35,133,0.2631578947368421,0.1957272138754272,0.343886470852024,88,133,0.6616541353383458,0.5777099539192392,0.7365219755525003,41,133,0.3082706766917293,0.23609463056882224,0.3912116856391144,1,133,0.007518796992481203,0.0013284534153853028,0.04136031958931502,0,133,0.0,0.0,0.028073334424619414,3,133,0.022556390977443608,0.0077002833384402225,0.06421936682642192,67,133,0.5037593984962406,0.4198806659491524,0.5874270533408882,365 0.42; 363 0.26; 331 0.15,3,53 0.39; 38 0.11; 52 0.10; 99 0.09; 56 0.08,5,medical deduction 0.42; shelter deduction 0.26; unearned income 0.23,"wrong include/exclude decision 0.55; wrong amount, known item 0.20; other 0.09",79,6,67,85,0.9294117647058824,0.8544376544343328,0.9672494831228478,0.07058823529411765,67,0.4407894736842105,152,20281.0
2-3,cat_elig >=   1.000 & medical_deductions >= 179.000 & rawben_rel_max >=   0.137 & total_deductions_by_hh_size >= 242.000,train_2022_23,146,58,98,4,98,0.04081632653061224,0.015984990527160958,0.10028969486662705,17,98,0.17346938775510204,0.11122039941721075,0.26035271019614964,27,98,0.2755102040816326,0.19679426941928943,0.3711622434398958,1,98,0.01020408163265306,0.0018035013277367812,0.055556163092303754,43,98,0.4387755102040816,0.3446781918182551,0.53749176623425,1,98,0.01020408163265306,0.0018035013277367812,0.055556163092303754,5,98,0.05102040816326531,0.02198698716599006,0.11392603855238045,11,98,0.11224489795918367,0.0638420422031541,0.18990102546271131,58,98,0.5918367346938775,0.49285190219841635,0.683893160722826,5,98,0.05102040816326531,0.02198698716599006,0.11392603855238045,2,98,0.02040816326530612,0.005614496475772293,0.07138350826885075,3,98,0.030612244897959183,0.010464701465554671,0.08617164360365084,5,98,0.05102040816326531,0.02198698716599006,0.11392603855238045,1,98,0.01020408163265306,0.0018035013277367812,0.055556163092303754,1,98,0.01020408163265306,0.0018035013277367812,0.055556163092303754,0,98,0.0,0.0,0.037721324095458045,12,98,0.12244897959183673,0.07145129752202053,0.20193011046842743,60,98,0.6122448979591837,0.5132848977039014,0.7027368458665061,15,98,0.15306122448979592,0.0950059903962593,0.23729043856793613,23,98,0.23469387755102042,0.1617836559088351,0.3276194956520202,63,98,0.6428571428571429,0.5442506434892469,0.730686121054908,32,98,0.32653061224489793,0.2417611712469177,0.42438704323518,0,98,0.0,0.0,0.037721324095458045,0,98,0.0,0.0,0.037721324095458045,3,98,0.030612244897959183,0.010464701465554671,0.08617164360365084,46,98,0.46938775510204084,0.37360789598305366,0.567477083043199,365 0.44; 363 0.28; 331 0.11,3,53 0.45; 99 0.12; 52 0.12; 38 0.11,4,medical deduction 0.44; shelter deduction 0.28; unearned income 0.17,"wrong include/exclude decision 0.59; other 0.12; wrong amount, known item 0.11",54,4,49,58,0.9310344827586207,0.8356610516539494,0.9728561924018316,0.06896551724137931,49,0.45794392523364486,107,14501.0
2-3,cat_elig >=   1.000 & medical_deductions >= 179.000 & rawben_rel_max >=   0.137 & total_deductions_by_hh_size >= 242.000,test_2024,74,27,35,0,35,0.0,0.0,0.09890426758938868,13,35,0.37142857142857144,0.23165607368891059,0.5366335951197893,8,35,0.22857142857142856,0.12065736746179101,0.39017637780102,0,35,0.0,0.0,0.09890426758938868,13,35,0.37142857142857144,0.23165607368891059,0.5366335951197893,0,35,0.0,0.0,0.09890426758938868,1,35,0.02857142857142857,0.005061361365853362,0.1453340909327131,15,35,0.42857142857142855,0.27984333081678914,0.5914287074102662,15,35,0.42857142857142855,0.27984333081678914,0.5914287074102662,2,35,0.05714285714285714,0.015812829614043955,0.1860738073937003,1,35,0.02857142857142857,0.005061361365853362,0.1453340909327131,1,35,0.02857142857142857,0.005061361365853362,0.1453340909327131,0,35,0.0,0.0,0.09890426758938868,1,35,0.02857142857142857,0.005061361365853362,0.1453340909327131,0,35,0.0,0.0,0.09890426758938868,0,35,0.0,0.0,0.09890426758938868,0,35,0.0,0.0,0.09890426758938868,19,35,0.5428571428571428,0.38189451340137515,0.6953422636623914,4,35,0.11428571428571428,0.0453510585448975,0.2595179478812023,12,35,0.34285714285714286,0.20831495282688925,0.5084835312726328,25,35,0.7142857142857143,0.5494475193017891,0.8367363660170444,9,35,0.2571428571428571,0.1416286872655014,0.4206962427064873,1,35,0.02857142857142857,0.005061361365853362,0.1453340909327131,0,35,0.0,0.0,0.09890426758938868,0,35,0.0,0.0,0.09890426758938868,21,35,0.6,0.43572419581519467,0.7444949506669274,365 0.37; 331 0.26; 363 0.23,3,56 0.29; 53 0.23; 37 0.17; 38 0.11,4,unearned income 0.37; medical deduction 0.37; shelter deduction 0.23,"wrong include/exclude decision 0.43; wrong amount, known item 0.43",25,2,18,27,0.9259259259259259,0.7663002270926937,0.9794457783026165,0.07407407407407407,18,0.4,45,5780.0
1,total_deductions_by_hh_size <= 209.0000 & unc_rawben_rel_max >  -0.0302 & utilities > 222.0000,all_2022_24,4872,357,475,18,475,0.037894736842105266,0.024102308597457,0.059101824042647785,92,475,0.1936842105263158,0.1606600235943837,0.23162335362263342,208,475,0.4378947368421053,0.3939522649450507,0.4828337118790181,101,475,0.21263157894736842,0.17821553044497707,0.2516585657070699,20,475,0.042105263157894736,0.027419358028346823,0.06413826770843126,4,475,0.008421052631578947,0.003279463488242743,0.021450217475148907,32,475,0.06736842105263158,0.04812118942228871,0.09355739489452919,94,475,0.19789473684210526,0.1645506285587005,0.23608624175498988,287,475,0.6042105263157894,0.5595652595588085,0.6471836945838556,11,475,0.023157894736842106,0.012979127482127567,0.04098777931962065,7,475,0.014736842105263158,0.007156371913980103,0.030103548694421507,16,475,0.03368421052631579,0.020838238062707966,0.05401240148072351,15,475,0.031578947368421054,0.019228863367893295,0.05144502962720153,11,475,0.023157894736842106,0.012979127482127567,0.04098777931962065,0,475,0.0,0.0,0.008022694770045042,0,475,0.0,0.0,0.008022694770045042,34,475,0.07157894736842105,0.05167155327177926,0.09836052414171194,278,474,0.5864978902953587,0.5416413762165211,0.6299636075270458,54,474,0.11392405063291139,0.08837161952457315,0.14568418474194528,142,474,0.29957805907172996,0.2600854598308209,0.3422932363731094,362,475,0.7621052631578947,0.7218063608311029,0.7981985844368102,84,475,0.17684210526315788,0.14516259983943008,0.21370680499089378,3,475,0.00631578947368421,0.002150176513672105,0.018402757901382894,2,475,0.004210526315789474,0.0011554144294034447,0.0152207734373149,24,475,0.05052631578947368,0.034185397226891866,0.07407921470323284,238,474,0.5021097046413502,0.45726155413030645,0.5469239332780731,363 0.44; 364 0.21; 333 0.08; 331 0.05,4,52 0.50; 53 0.08; 44 0.07; 99 0.07; 38 0.06,5,shelter deduction 0.44; utility allowance 0.21; unearned income 0.19,"wrong include/exclude decision 0.60; wrong amount, known item 0.20",74,283,268,357,0.20728291316526612,0.16845805033481293,0.2523404385312159,0.7927170868347339,268,0.4288,625,56316.0
1,total_deductions_by_hh_size <= 209.0000 & unc_rawben_rel_max >  -0.0302 & utilities > 222.0000,train_2022_23,3374,243,321,14,321,0.04361370716510903,0.026154582573930787,0.07186734565201072,66,321,0.205607476635514,0.1650014669330651,0.25317650042086987,132,321,0.411214953271028,0.358744860908892,0.46578500226134245,70,321,0.21806853582554517,0.1763734098524376,0.26643194512672763,11,321,0.03426791277258567,0.019240280353588452,0.060311107153430354,4,321,0.012461059190031152,0.004856164754629069,0.03159729440823677,24,321,0.07476635514018691,0.05075430164342487,0.1088360956455923,60,321,0.18691588785046728,0.14806241377071427,0.2331744721453753,184,321,0.573208722741433,0.5185481055558838,0.6261377967423438,9,321,0.028037383177570093,0.014819154778298347,0.05241853891610533,3,321,0.009345794392523364,0.003183347264280977,0.027113264992277293,13,321,0.040498442367601244,0.023817598221328184,0.06804748309830576,15,321,0.04672897196261682,0.02851968564731251,0.07565908948493656,8,321,0.024922118380062305,0.012681229926815345,0.04839961686128076,0,321,0.0,0.0,0.011826071537635574,0,321,0.0,0.0,0.011826071537635574,29,321,0.09034267912772585,0.06363818810895208,0.12673644371160292,187,321,0.5825545171339563,0.5279417281143972,0.6352147149027532,31,321,0.09657320872274143,0.06887033972838033,0.1338179859047898,103,321,0.32087227414330216,0.27218174180689725,0.3737995610804177,241,321,0.7507788161993769,0.7006795371262086,0.7949466388315506,58,321,0.1806853582554517,0.14245005195681182,0.2264731401466626,2,321,0.006230529595015576,0.0017102663246246364,0.02242949902562607,0,321,0.0,0.0,0.011826071537635574,20,321,0.06230529595015576,0.0406913609688247,0.09427164869496221,157,321,0.48909657320872274,0.4348644236277702,0.5435866122001534,363 0.41; 364 0.22; 333 0.09; 331 0.06,4,52 0.47; 99 0.09; 53 0.09; 44 0.09; 38 0.05,5,shelter deduction 0.41; utility allowance 0.22; unearned income 0.21,"wrong include/exclude decision 0.57; wrong amount, known item 0.19",48,195,176,243,0.19753086419753085,0.15234741092939896,0.2521289820286761,0.8024691358024691,176,0.4200477326968974,419,35932.0
1,total_deductions_by_hh_size <= 209.0000 & unc_rawben_rel_max >  -0.0302 & utilities > 222.0000,test_2024,1498,114,154,4,154,0.025974025974025976,0.010145959753091315,0.06487608766660033,26,154,0.16883116883116883,0.11789724559020548,0.2358852806893051,76,154,0.4935064935064935,0.41566722863099825,0.5716618405117372,31,154,0.2012987012987013,0.14559314266639012,0.271544037899443,9,154,0.05844155844155844,0.031047327848349175,0.10732937385766492,0,154,0.0,1.734723475976807e-18,0.024338323990633647,8,154,0.05194805194805195,0.026554613997815328,0.09915115685093431,34,154,0.22077922077922077,0.16251159892911632,0.29263837420851024,103,154,0.6688311688311688,0.5911848538845942,0.7382593484042826,2,154,0.012987012987012988,0.003568687884314088,0.04611149782084855,4,154,0.025974025974025976,0.010145959753091315,0.06487608766660033,3,154,0.01948051948051948,0.006646780059633529,0.055704336502793605,0,154,0.0,1.734723475976807e-18,0.024338323990633647,3,154,0.01948051948051948,0.006646780059633529,0.055704336502793605,0,154,0.0,1.734723475976807e-18,0.024338323990633647,0,154,0.0,1.734723475976807e-18,0.024338323990633647,5,154,0.032467532467532464,0.013946155323193665,0.07374682295376246,91,153,0.5947712418300654,0.5155814171802062,0.6693185073296177,23,153,0.1503267973856209,0.1023063933961076,0.2154766437573007,39,153,0.2549019607843137,0.19243618337159418,0.329374356689206,121,154,0.7857142857142857,0.7143699945550044,0.8431509631646334,26,154,0.16883116883116883,0.11789724559020548,0.2358852806893051,1,154,0.006493506493506494,0.0011471549639692283,0.03586209988392892,2,154,0.012987012987012988,0.003568687884314088,0.04611149782084855,4,154,0.025974025974025976,0.010145959753091315,0.06487608766660033,81,153,0.5294117647058824,0.45057154775066105,0.606811187442043,363 0.49; 364 0.20; 333 0.07,3,52 0.56; 53 0.08; 38 0.07; 54 0.06,4,shelter deduction 0.49; utility allowance 0.20; unearned income 0.17,"wrong include/exclude decision 0.67; wrong amount, known item 0.22",26,88,92,114,0.22807017543859648,0.16065986333040766,0.3132101452234477,0.7719298245614035,92,0.44660194174757284,206,20384.0
1,cat_elig >=    1 & rawben_rel_max <    1 & total_deductions_by_hh_size >= 1340,all_2022_24,235,89,137,17,137,0.12408759124087591,0.07893557234581083,0.18974640797818437,18,137,0.13138686131386862,0.08474946760988773,0.198132862610729,42,137,0.30656934306569344,0.2355151585395569,0.3881755691999747,10,137,0.072992700729927,0.04012818886554231,0.1291513421821027,38,137,0.2773722627737226,0.20925573554693994,0.3576335926061058,3,137,0.021897810218978103,0.0074746229459378005,0.06240245882535704,9,137,0.06569343065693431,0.03494294222088862,0.12013623893013495,32,137,0.23357664233576642,0.17058889348268463,0.3110983352906324,67,137,0.48905109489051096,0.4067917131500425,0.5719077620050255,14,137,0.10218978102189781,0.061852260870062785,0.16422866976406805,1,137,0.0072992700729927005,0.0012896313769595533,0.040186750601092384,8,137,0.058394160583941604,0.029882773445485754,0.11099605780891636,8,137,0.058394160583941604,0.029882773445485754,0.11099605780891636,1,137,0.0072992700729927005,0.0012896313769595533,0.040186750601092384,2,137,0.014598540145985401,0.004012534577063031,0.05166419729761036,0,137,0.0,0.0,0.027276032081430486,4,137,0.029197080291970802,0.011411340550450556,0.07266609111746575,90,137,0.656934306569343,0.5741326387672145,0.7311748840101466,10,137,0.072992700729927,0.04012818886554231,0.1291513421821027,37,137,0.27007299270072993,0.20274861096279786,0.34994036729362643,84,137,0.6131386861313869,0.5295580648841366,0.6905473585134959,47,137,0.34306569343065696,0.26882511598985337,0.42586736123278557,2,137,0.014598540145985401,0.004012534577063031,0.05166419729761036,1,137,0.0072992700729927005,0.0012896313769595533,0.040186750601092384,3,137,0.021897810218978103,0.0074746229459378005,0.06240245882535704,65,137,0.4744525547445255,0.39267702082264716,0.5576217545391778,363 0.31; 365 0.28; 311 0.12; 364 0.07,4,53 0.31; 52 0.15; 35 0.10; 56 0.10; 38 0.08; 57 0.04,6,shelter deduction 0.31; medical deduction 0.28; unearned income 0.13; earned income 0.12,"wrong include/exclude decision 0.49; wrong amount, known item 0.23; unreported source of income 0.10",77,12,67,89,0.8651685393258427,0.7789591241958206,0.9211580646505587,0.1348314606741573,67,0.42948717948717946,156,21136.0
1,cat_elig >=    1 & rawben_rel_max <    1 & total_deductions_by_hh_size >= 1340,train_2022_23,125,50,74,8,74,0.10810810810810811,0.055806661696501225,0.1990904627202631,8,74,0.10810810810810811,0.055806661696501225,0.1990904627202631,24,74,0.32432432432432434,0.22863921647459506,0.43734914964326477,4,74,0.05405405405405406,0.021218668760240082,0.1309056452312503,22,74,0.2972972972972973,0.20527071065162364,0.4093312502535993,2,74,0.02702702702702703,0.007443196562309684,0.09329471221654377,6,74,0.08108108108108109,0.03768933680933338,0.16582138239479394,7,74,0.0945945945945946,0.04657934593059061,0.1826245758798552,46,74,0.6216216216216216,0.507712489269153,0.7235263341877133,8,74,0.10810810810810811,0.055806661696501225,0.1990904627202631,1,74,0.013513513513513514,0.0023894018749393217,0.07265530429759565,4,74,0.05405405405405406,0.021218668760240082,0.1309056452312503,4,74,0.05405405405405406,0.021218668760240082,0.1309056452312503,0,74,0.0,0.0,0.049351503566216516,0,74,0.0,0.0,0.049351503566216516,0,74,0.0,0.0,0.049351503566216516,4,74,0.05405405405405406,0.021218668760240082,0.1309056452312503,47,74,0.6351351351351351,0.5213160229966365,0.7356160030665482,7,74,0.0945945945945946,0.04657934593059061,0.1826245758798552,20,74,0.2702702702702703,0.18230091797074338,0.3809146377218426,45,74,0.6081081081081081,0.4941931053499984,0.7113525155005493,26,74,0.35135135135135137,0.2523802753489206,0.46499449598157616,2,74,0.02702702702702703,0.007443196562309684,0.09329471221654377,0,74,0.0,0.0,0.049351503566216516,1,74,0.013513513513513514,0.0023894018749393217,0.07265530429759565,37,74,0.5,0.38892400848268727,0.6110759915173127,363 0.32; 365 0.30; 311 0.09; 364 0.05,4,53 0.43; 52 0.19; 35 0.11; 38 0.08,4,shelter deduction 0.32; medical deduction 0.30; unearned income 0.11; earned income 0.11,"wrong include/exclude decision 0.62; unreported source of income 0.11; wrong amount, known item 0.09",43,7,40,50,0.86,0.738135428014719,0.9304925473797714,0.14,40,0.4444444444444444,90,11907.0
1,cat_elig >=    1 & rawben_rel_max <    1 & total_deductions_by_hh_size >= 1340,test_2024,110,39,63,9,63,0.14285714285714285,0.07701861407975047,0.24974795045491055,10,63,0.15873015873015872,0.0885699743235259,0.2681180762318168,18,63,0.2857142857142857,0.18903043457341695,0.4070295041473797,6,63,0.09523809523809523,0.0443828799438878,0.19261922652872804,16,63,0.25396825396825395,0.16280274583098153,0.37341422084845166,1,63,0.015873015873015872,0.0028074219075510873,0.0845872544616561,3,63,0.047619047619047616,0.016325872842212416,0.13091177556835826,25,63,0.3968253968253968,0.28531728147309304,0.5201930593924757,21,63,0.3333333333333333,0.22949449812708317,0.4563298986557586,6,63,0.09523809523809523,0.0443828799438878,0.19261922652872804,0,63,0.0,0.0,0.057473190348525466,4,63,0.06349206349206349,0.02496521390048502,0.15219392053076736,4,63,0.06349206349206349,0.02496521390048502,0.15219392053076736,1,63,0.015873015873015872,0.0028074219075510873,0.0845872544616561,2,63,0.031746031746031744,0.00874934404029698,0.10856681834959193,0,63,0.0,0.0,0.057473190348525466,0,63,0.0,0.0,0.057473190348525466,43,63,0.6825396825396826,0.559962360918752,0.7841347283190879,3,63,0.047619047619047616,0.016325872842212416,0.13091177556835826,17,63,0.2698412698412698,0.17583701687980413,0.39030143582031074,39,63,0.6190476190476191,0.49558404006594975,0.7288271050891633,21,63,0.3333333333333333,0.22949449812708317,0.4563298986557586,0,63,0.0,0.0,0.057473190348525466,1,63,0.015873015873015872,0.0028074219075510873,0.0845872544616561,2,63,0.031746031746031744,0.00874934404029698,0.10856681834959193,28,63,0.4444444444444444,0.3284690053363267,0.5668057935912871,363 0.29; 365 0.25; 311 0.14; 364 0.10,4,56 0.22; 53 0.17; 52 0.10; 35 0.10; 38 0.08; 57 0.08; 98 0.05,7,shelter deduction 0.29; medical deduction 0.25; unearned income 0.16; earned income 0.14,"wrong amount, known item 0.40; wrong include/exclude decision 0.33; unreported source of income 0.10",34,5,27,39,0.8717948717948718,0.7329395096236953,0.9439726505197168,0.1282051282051282,27,0.4090909090909091,66,9229.0
2-3,rawben_rel_max <   0.749 & total_deductions_by_hh_size >= 602.000 & total_deductions_by_hh_size < 683.000,all_2022_24,153,50,89,27,89,0.30337078651685395,0.21764052928150573,0.40537329210890544,23,89,0.25842696629213485,0.1788141889199488,0.358031363073985,11,89,0.12359550561797752,0.07043444583719613,0.20790629796730528,4,89,0.0449438202247191,0.01761420103381913,0.10993207132684676,2,89,0.02247191011235955,0.006184269063094168,0.07827786859933303,9,89,0.10112359550561797,0.05411793406379983,0.1811386750424629,13,89,0.14606741573033707,0.08739377564182575,0.2340311028609144,27,89,0.30337078651685395,0.21764052928150573,0.40537329210890544,20,89,0.2247191011235955,0.1504438211830463,0.32177552876352933,19,89,0.21348314606741572,0.14114687024752387,0.3095304123499324,4,89,0.0449438202247191,0.01761420103381913,0.10993207132684676,6,89,0.06741573033707865,0.03126095907688764,0.139369447982017,3,89,0.033707865168539325,0.01152901222365258,0.09447519278789399,0,89,0.0,0.0,0.04137800296418846,4,89,0.0449438202247191,0.01761420103381913,0.10993207132684676,0,89,0.0,0.0,0.04137800296418846,6,89,0.06741573033707865,0.03126095907688764,0.139369447982017,50,89,0.5617977528089888,0.45828020628709,0.6602011641330666,14,89,0.15730337078651685,0.09607722097921384,0.24688972487264566,25,89,0.2808988764044944,0.19809358040575942,0.38183610628641307,41,89,0.4606741573033708,0.3608954818482133,0.563707282429869,43,89,0.48314606741573035,0.3821909362267175,0.5854959627496036,0,89,0.0,0.0,0.04137800296418846,0,89,0.0,0.0,0.04137800296418846,5,89,0.056179775280898875,0.024232521079919085,0.1248558186298662,29,89,0.3258426966292135,0.2374382846345705,0.42865967145407946,311 0.27; 363 0.12; 323 0.10; 350 0.07; 342 0.07; 150 0.06; 364 0.04; 334 0.03,8,35 0.21; 53 0.11; 44 0.11; 38 0.10; 52 0.09; 99 0.07; 56 0.06,7,earned income 0.30; unearned income 0.26; other element 0.15; shelter deduction 0.12,"wrong amount, known item 0.30; wrong include/exclude decision 0.22; unreported source of income 0.21; change in circumstances 0.07",42,8,16,50,0.84,0.7148551903823401,0.9166267863791231,0.16,16,0.24242424242424243,66,15192.0
2-3,rawben_rel_max <   0.749 & total_deductions_by_hh_size >= 602.000 & total_deductions_by_hh_size < 683.000,train_2022_23,77,32,67,20,67,0.29850746268656714,0.2023136115497689,0.41655439820720996,17,67,0.2537313432835821,0.16487779577697392,0.36929421614822255,7,67,0.1044776119402985,0.05153704291423214,0.20031497623835617,4,67,0.05970149253731343,0.023458971433043548,0.1436970498877623,2,67,0.029850746268656716,0.008224522347453904,0.10246750041883029,6,67,0.08955223880597014,0.04169038288133413,0.18192963699399334,11,67,0.16417910447761194,0.09422515633762062,0.27055485992401096,17,67,0.2537313432835821,0.16487779577697392,0.36929421614822255,19,67,0.2835820895522388,0.18970136157200856,0.40093464890770947,12,67,0.1791044776119403,0.10553487941259442,0.28747713612629794,3,67,0.04477611940298507,0.015343696938151803,0.12358032510539321,5,67,0.07462686567164178,0.032295572977927914,0.16309244762013875,2,67,0.029850746268656716,0.008224522347453904,0.10246750041883029,0,67,0.0,0.0,0.05422802421176257,4,67,0.05970149253731343,0.023458971433043548,0.1436970498877623,0,67,0.0,0.0,0.05422802421176257,5,67,0.07462686567164178,0.032295572977927914,0.16309244762013875,38,67,0.5671641791044776,0.4480852301650392,0.6789587665826343,8,67,0.11940298507462686,0.06176158770587534,0.21832243072397375,21,67,0.31343283582089554,0.2150519322660779,0.4320480767681618,34,67,0.5074626865671642,0.39063570911024414,0.6234802905283863,29,67,0.43283582089552236,0.32104123341736546,0.5519147698349607,0,67,0.0,0.0,0.05422802421176257,0,67,0.0,0.0,0.05422802421176257,4,67,0.05970149253731343,0.023458971433043548,0.1436970498877623,21,67,0.31343283582089554,0.2150519322660779,0.4320480767681618,311 0.25; 363 0.10; 323 0.09; 342 0.07; 364 0.06; 350 0.04; 334 0.04; 150 0.04; 331 0.03; 365 0.03,10,35 0.18; 44 0.15; 53 0.13; 52 0.12; 38 0.07; 99 0.07; 29 0.06,7,earned income 0.30; unearned income 0.25; other element 0.16; shelter deduction 0.10,"wrong include/exclude decision 0.28; wrong amount, known item 0.25; unreported source of income 0.18; change in circumstances 0.07",24,8,9,32,0.75,0.5789310822975338,0.8674775601737845,0.25,9,0.21951219512195122,41,11154.0
2-3,rawben_rel_max <   0.749 & total_deductions_by_hh_size >= 602.000 & total_deductions_by_hh_size < 683.000,test_2024,76,18,22,7,22,0.3181818181818182,0.1636038735469248,0.5268177721716065,6,22,0.2727272727272727,0.1315058201581444,0.4815212369900198,4,22,0.18181818181818182,0.07306766024105121,0.38517021976637866,0,22,0.0,1.3877787807814457e-17,0.14865952572596125,0,22,0.0,1.3877787807814457e-17,0.14865952572596125,3,22,0.13636363636363635,0.04748917264236269,0.3333541187947,2,22,0.09090909090909091,0.025294896282837792,0.2781538065838578,10,22,0.45454545454545453,0.26920014432004846,0.6534052671095845,1,22,0.045454545454545456,0.008069219301147859,0.21798489499518053,7,22,0.3181818181818182,0.1636038735469248,0.5268177721716065,1,22,0.045454545454545456,0.008069219301147859,0.21798489499518053,1,22,0.045454545454545456,0.008069219301147859,0.21798489499518053,1,22,0.045454545454545456,0.008069219301147859,0.21798489499518053,0,22,0.0,1.3877787807814457e-17,0.14865952572596125,0,22,0.0,1.3877787807814457e-17,0.14865952572596125,0,22,0.0,1.3877787807814457e-17,0.14865952572596125,1,22,0.045454545454545456,0.008069219301147859,0.21798489499518053,12,22,0.5454545454545454,0.34659473289041554,0.7307998556799515,6,22,0.2727272727272727,0.1315058201581444,0.4815212369900198,4,22,0.18181818181818182,0.07306766024105121,0.38517021976637866,7,22,0.3181818181818182,0.1636038735469248,0.5268177721716065,14,22,0.6363636363636364,0.4295134934371804,0.802670272273921,0,22,0.0,1.3877787807814457e-17,0.14865952572596125,0,22,0.0,1.3877787807814457e-17,0.14865952572596125,1,22,0.045454545454545456,0.008069219301147859,0.21798489499518053,8,22,0.36363636363636365,0.19732972772607899,0.5704865065628195,311 0.32; 363 0.18; 323 0.14; 350 0.14,4,35 0.32; 56 0.23; 38 0.18; 7 0.05,4,earned income 0.32; unearned income 0.27; shelter deduction 0.18,"wrong amount, known item 0.45; unreported source of income 0.32",18,0,7,18,1.0,0.8241154494176252,1.0,0.0,7,0.28,25,4038.0
4+,expedited_i >   0.500 & months_since_cert_n >   5.500 & total_deductions_by_hh_size <= 181.000 & unc_rawben_rel_max <=   0.935,all_2022_24,118,43,69,24,69,0.34782608695652173,0.24617977948252023,0.46552342308304673,16,69,0.2318840579710145,0.14807779670568114,0.3439707030526986,12,69,0.17391304347826086,0.10238268593034995,0.27983846242443633,4,69,0.057971014492753624,0.022772020303367495,0.13979442524423166,0,69,0.0,0.0,0.05273909414400562,1,69,0.014492753623188406,0.002562858644330375,0.07763307335057362,12,69,0.17391304347826086,0.10238268593034995,0.27983846242443633,23,69,0.3333333333333333,0.23350891006988278,0.4507374546447857,17,69,0.2463768115942029,0.15989647451132608,0.35960886309795215,3,69,0.043478260869565216,0.014895633850267168,0.1202139738464336,9,69,0.13043478260869565,0.07016548568804834,0.22968514911404272,7,69,0.10144927536231885,0.050016002571615495,0.19492095652867886,3,69,0.043478260869565216,0.014895633850267168,0.1202139738464336,0,69,0.0,0.0,0.05273909414400562,0,69,0.0,0.0,0.05273909414400562,3,69,0.043478260869565216,0.014895633850267168,0.1202139738464336,4,69,0.057971014492753624,0.022772020303367495,0.13979442524423166,23,69,0.3333333333333333,0.23350891006988278,0.4507374546447857,4,69,0.057971014492753624,0.022772020303367495,0.13979442524423166,42,69,0.6086956521739131,0.4907377603589871,0.7151885235227509,46,69,0.6666666666666666,0.5492625453552142,0.7664910899301172,21,69,0.30434782608695654,0.2084947626304856,0.42083792638238626,1,69,0.014492753623188406,0.002562858644330375,0.07763307335057362,0,69,0.0,0.0,0.05273909414400562,1,69,0.014492753623188406,0.002562858644330375,0.07763307335057362,37,69,0.5362318840579711,0.4197820076036184,0.6488600870236277,311 0.35; 363 0.17; 150 0.13; 350 0.09; 364 0.06,5,38 0.22; 53 0.14; 44 0.10; 52 0.07; 99 0.06; 39 0.06; 13 0.06; 35 0.04,8,earned income 0.35; unearned income 0.23; other element 0.17,"wrong amount, known item 0.33; wrong include/exclude decision 0.25; household composition 0.13; change in circumstances 0.10",27,16,14,43,0.627906976744186,0.47859538265273166,0.7562386110622568,0.37209302325581395,14,0.24561403508771928,57,17714.0
4+,expedited_i >   0.500 & months_since_cert_n >   5.500 & total_deductions_by_hh_size <= 181.000 & unc_rawben_rel_max <=   0.935,train_2022_23,83,34,55,18,55,0.32727272727272727,0.21812895688825168,0.45897023823900523,13,55,0.23636363636363636,0.14366521587457487,0.36348618721439613,11,55,0.2,0.1155209712045974,0.3236513150690593,3,55,0.05454545454545454,0.01872287596750008,0.14853294304489928,0,55,0.0,0.0,0.06528714378942788,1,55,0.01818181818181818,0.003216697592252786,0.09606000460483224,9,55,0.16363636363636364,0.08855320558522452,0.28263996387311785,18,55,0.32727272727272727,0.21812895688825168,0.45897023823900523,16,55,0.2909090909090909,0.18771037010850328,0.4214097082034393,2,55,0.03636363636363636,0.010029330855724924,0.1232369297490173,7,55,0.12727272727272726,0.06304130417480197,0.24017274846822606,5,55,0.09090909090909091,0.039457573336373924,0.19577736249133978,2,55,0.03636363636363636,0.010029330855724924,0.1232369297490173,0,55,0.0,0.0,0.06528714378942788,0,55,0.0,0.0,0.06528714378942788,1,55,0.01818181818181818,0.003216697592252786,0.09606000460483224,4,55,0.07272727272727272,0.028643596503688543,0.17260178091636796,20,55,0.36363636363636365,0.24930349342940838,0.49577481851316285,4,55,0.07272727272727272,0.028643596503688543,0.17260178091636796,31,55,0.5636363636363636,0.43269584078681317,0.686267613639987,35,55,0.6363636363636364,0.5042251814868371,0.7506965065705916,18,55,0.32727272727272727,0.21812895688825168,0.45897023823900523,1,55,0.01818181818181818,0.003216697592252786,0.09606000460483224,0,55,0.0,0.0,0.06528714378942788,1,55,0.01818181818181818,0.003216697592252786,0.09606000460483224,31,55,0.5636363636363636,0.43269584078681317,0.686267613639987,311 0.33; 363 0.20; 150 0.13; 350 0.07; 364 0.05,5,38 0.20; 53 0.18; 44 0.13; 52 0.07; 99 0.07; 13 0.05; 7 0.04; 35 0.04,8,earned income 0.33; unearned income 0.24; shelter deduction 0.20,"wrong amount, known item 0.33; wrong include/exclude decision 0.29; household composition 0.13; change in circumstances 0.09",20,14,12,34,0.5882352941176471,0.42221304146519273,0.7363426221431113,0.4117647058823529,12,0.2608695652173913,46,13962.0
4+,expedited_i >   0.500 & months_since_cert_n >   5.500 & total_deductions_by_hh_size <= 181.000 & unc_rawben_rel_max <=   0.935,test_2024,35,9,14,6,14,0.42857142857142855,0.21380509930400526,0.6740973309713064,3,14,0.21428571428571427,0.0757124833691637,0.4758972377320828,1,14,0.07142857142857142,0.012721886112291636,0.3146926955395781,1,14,0.07142857142857142,0.012721886112291636,0.3146926955395781,0,14,0.0,0.0,0.21531701192718142,0,14,0.0,0.0,0.21531701192718142,3,14,0.21428571428571427,0.0757124833691637,0.4758972377320828,5,14,0.35714285714285715,0.16344490737202735,0.6123599531785959,1,14,0.07142857142857142,0.012721886112291636,0.3146926955395781,1,14,0.07142857142857142,0.012721886112291636,0.3146926955395781,2,14,0.14285714285714285,0.040093073737921175,0.39941907763863693,2,14,0.14285714285714285,0.040093073737921175,0.39941907763863693,1,14,0.07142857142857142,0.012721886112291636,0.3146926955395781,0,14,0.0,0.0,0.21531701192718142,0,14,0.0,0.0,0.21531701192718142,2,14,0.14285714285714285,0.040093073737921175,0.39941907763863693,0,14,0.0,0.0,0.21531701192718142,3,14,0.21428571428571427,0.0757124833691637,0.4758972377320828,0,14,0.0,0.0,0.21531701192718142,11,14,0.7857142857142857,0.5241027622679172,0.9242875166308363,11,14,0.7857142857142857,0.5241027622679172,0.9242875166308363,3,14,0.21428571428571427,0.0757124833691637,0.4758972377320828,0,14,0.0,0.0,0.21531701192718142,0,14,0.0,0.0,0.21531701192718142,0,14,0.0,0.0,0.21531701192718142,6,14,0.42857142857142855,0.21380509930400526,0.6740973309713064,311 0.43; 150 0.14; 350 0.14; 520 0.07,4,38 0.29; 39 0.14; 13 0.07; 75 0.07; 111 0.07; 56 0.07; 35 0.07,7,earned income 0.43; other element 0.21; unearned income 0.21,"wrong amount, known item 0.36; household composition 0.14; change in circumstances 0.14; child support handling 0.14",7,2,2,9,0.7777777777777778,0.4525833436728054,0.9367762376877727,0.2222222222222222,2,0.18181818181818182,11,3752.0
1,rawben_rel_max <   0.968 & shelter_expenses_by_hh_size < 595.000 & utilities >= 149.000,all_2022_24,7015,544,739,77,739,0.10419485791610285,0.08417622018501583,0.12830730254715214,142,739,0.19215155615696888,0.16536574917698682,0.22212143517025495,246,739,0.33288227334235454,0.29984683196987383,0.3676462109614861,161,739,0.2178619756427605,0.18959998663695632,0.24904211418238392,54,739,0.07307171853856563,0.05643411312931475,0.09412503703136556,10,739,0.013531799729364006,0.0073664526800729605,0.02472868038732661,49,739,0.06630581867388363,0.05051552454552803,0.08658180549091583,143,739,0.19350473612990526,0.16663667430025803,0.223542874071831,419,739,0.5669824086603519,0.5310018889633673,0.6022701302665737,35,739,0.04736129905277402,0.03424870594706835,0.06515552774151344,11,739,0.014884979702300407,0.00833142669960063,0.026456070392646226,35,739,0.04736129905277402,0.03424870594706835,0.06515552774151344,24,739,0.03247631935047361,0.021919433413460525,0.047868796001801085,15,739,0.02029769959404601,0.012338504147579605,0.03321844904405641,7,739,0.009472259810554804,0.00459573021033845,0.019422310782519246,0,739,0.0,0.0,0.005171492818926673,50,739,0.06765899864682003,0.051695306003737736,0.08809438805755343,457,737,0.6200814111261872,0.5845019136302834,0.6544155553671378,65,737,0.08819538670284939,0.06979889433199976,0.11086266678983789,215,737,0.29172320217096337,0.26005280829651767,0.3255536155328137,532,739,0.7198917456021651,0.6864418493053273,0.7510673047323573,163,739,0.22056833558863329,0.19216110011064236,0.25186572875839247,4,739,0.005412719891745603,0.002106820438168418,0.013834128480147416,3,739,0.0040595399188092015,0.0013815248982337056,0.011867059995234835,37,739,0.05006765899864682,0.03653967423312594,0.06824928750515043,341,737,0.4626865671641791,0.42697488391449756,0.49878522458912855,363 0.33; 364 0.22; 311 0.09; 365 0.07; 333 0.07,5,52 0.36; 53 0.17; 44 0.07; 38 0.07; 99 0.07; 35 0.05,6,shelter deduction 0.33; utility allowance 0.22; unearned income 0.19; earned income 0.10,"wrong include/exclude decision 0.57; wrong amount, known item 0.19",222,322,368,544,0.40808823529411764,0.36757160858807664,0.44989387778608697,0.5919117647058824,368,0.40350877192982454,912,83674.0
1,rawben_rel_max <   0.968 & shelter_expenses_by_hh_size < 595.000 & utilities >= 149.000,train_2022_23,5073,389,534,53,534,0.09925093632958802,0.07668215026063468,0.12754452168143898,107,534,0.20037453183520598,0.16861768359411994,0.23641160383920612,170,534,0.31835205992509363,0.28025836933607806,0.35904063617037585,121,534,0.22659176029962547,0.1931109613015521,0.26397826348135794,35,534,0.06554307116104868,0.047501609117497894,0.08979085766082492,8,534,0.0149812734082397,0.007610270068874516,0.0292808889638221,40,534,0.0749063670411985,0.0554889208436933,0.10039638070233808,104,534,0.1947565543071161,0.16339718036905718,0.23047640620364376,294,534,0.550561797752809,0.5081586963521081,0.5922426113935182,28,534,0.052434456928838954,0.036523624176215436,0.07473887392731542,6,534,0.011235955056179775,0.005159361569229687,0.024294663556383503,26,534,0.04868913857677903,0.03344035467510423,0.0703850095213432,18,534,0.033707865168539325,0.02142625391894733,0.05265057464916641,9,534,0.016853932584269662,0.008891655038452887,0.031718070947785434,7,534,0.013108614232209739,0.006363928046038641,0.026808664033116263,0,534,0.0,0.0,0.00714262340436292,42,534,0.07865168539325842,0.058712323209263534,0.10461011224385128,326,534,0.6104868913857678,0.5684777529311994,0.6509176973277616,42,534,0.07865168539325842,0.058712323209263534,0.10461011224385128,166,534,0.31086142322097376,0.2730720447248178,0.35135269296746924,379,534,0.7097378277153558,0.6698509958658828,0.7466285029307888,124,534,0.23220973782771537,0.19838585357616526,0.2698590720673699,2,534,0.003745318352059925,0.0010276814566000927,0.013552075854846253,0,534,0.0,0.0,0.00714262340436292,29,534,0.054307116104868915,0.038074973182646424,0.07690609187442614,237,534,0.4438202247191011,0.40223014472872504,0.48621284666502357,363 0.32; 364 0.23; 311 0.09; 333 0.07; 365 0.07,5,52 0.35; 53 0.18; 99 0.08; 44 0.08; 38 0.08,5,shelter deduction 0.32; utility allowance 0.23; unearned income 0.20; earned income 0.10,"wrong include/exclude decision 0.55; wrong amount, known item 0.19; other 0.08",162,227,260,389,0.41645244215938304,0.368513332272981,0.4660255760300094,0.583547557840617,260,0.40061633281972264,649,57807.0
1,rawben_rel_max <   0.968 & shelter_expenses_by_hh_size < 595.000 & utilities >= 149.000,test_2024,1942,155,205,24,205,0.11707317073170732,0.07994654210580535,0.16828752620242446,35,205,0.17073170731707318,0.12539723689424878,0.2281798282115539,76,205,0.37073170731707317,0.30755827632529487,0.4386608677532795,40,205,0.1951219512195122,0.14668991695050224,0.2547703285178336,19,205,0.09268292682926829,0.06013785786229498,0.1402130300834017,2,205,0.00975609756097561,0.002679507763058954,0.03486856695002503,9,205,0.04390243902439024,0.02326621896164316,0.0813183082589872,39,205,0.1902439024390244,0.14240483836462434,0.24947877103120483,125,205,0.6097560975609756,0.5415466308092906,0.6739276808221085,7,205,0.03414634146341464,0.016636899864866765,0.06879435521075036,5,205,0.024390243902439025,0.01046187675897248,0.05581610617163138,9,205,0.04390243902439024,0.02326621896164316,0.0813183082589872,6,205,0.02926829268292683,0.013481339617691643,0.06237327938541885,6,205,0.02926829268292683,0.013481339617691643,0.06237327938541885,0,205,0.0,0.0,0.018394802568070728,0,205,0.0,0.0,0.018394802568070728,8,205,0.03902439024390244,0.019904392827067848,0.0751034983210559,131,203,0.645320197044335,0.5773660661909803,0.7078763608643122,23,203,0.11330049261083744,0.0766937609838535,0.1642713060046053,49,203,0.2413793103448276,0.18766753222645577,0.3046976399632778,153,205,0.7463414634146341,0.682624235605743,0.8009958860558417,39,205,0.1902439024390244,0.14240483836462434,0.24947877103120483,2,205,0.00975609756097561,0.002679507763058954,0.03486856695002503,3,205,0.014634146341463415,0.004989101745671687,0.04213560903991893,8,205,0.03902439024390244,0.019904392827067848,0.0751034983210559,104,203,0.5123152709359606,0.44396604708469745,0.5802070399538867,363 0.37; 364 0.20; 365 0.09; 311 0.09,4,52 0.40; 53 0.17; 44 0.06; 38 0.06; 54 0.04; 99 0.04,6,shelter deduction 0.37; utility allowance 0.20; unearned income 0.17; earned income 0.12,"wrong include/exclude decision 0.61; wrong amount, known item 0.19",60,95,108,155,0.3870967741935484,0.3140286675909342,0.46562603243726985,0.6129032258064516,108,0.41064638783269963,263,25867.0
4+,rawben_rel_max <=   0.783 & total_deductions_by_hh_size >  11.600 & total_deductions_by_hh_size <= 129.000 & unc_rawben_rel_max >   0.527,all_2022_24,1655,407,638,256,638,0.4012539184952978,0.36391991679751995,0.4397699655659791,154,638,0.2413793103448276,0.20978522728839125,0.2760692265207729,97,638,0.15203761755485892,0.1262639869619811,0.1819765508903488,37,638,0.05799373040752351,0.04236421548980926,0.07891430556585308,1,638,0.001567398119122257,0.00027673073917279176,0.008824580238488986,15,638,0.023510971786833857,0.01429870110292343,0.038427080460627455,78,638,0.12225705329153605,0.09907402381325933,0.1499618753867925,212,638,0.3322884012539185,0.2968370514291577,0.3697473519501185,155,638,0.24294670846394983,0.2112707757439658,0.2776997116784761,67,638,0.10501567398119123,0.08354429795433789,0.13121523149965827,53,638,0.08307210031347963,0.06407026250231652,0.10706479636579051,68,638,0.10658307210031348,0.08494858716915603,0.1329269758981179,37,638,0.05799373040752351,0.04236421548980926,0.07891430556585308,5,638,0.007836990595611285,0.0033519560086633596,0.01821348942210959,2,638,0.003134796238244514,0.0008600775536085495,0.011357267037331021,5,638,0.007836990595611285,0.0033519560086633596,0.01821348942210959,34,638,0.05329153605015674,0.038383542308197065,0.0735468779076319,391,637,0.6138147566718996,0.5754301372759674,0.6508348242995607,68,637,0.10675039246467818,0.08508335998186412,0.13313218657441436,178,637,0.2794348508634223,0.24598967816158507,0.31552443078514997,379,637,0.5949764521193093,0.5563952140938921,0.632418995220859,237,637,0.37205651491365777,0.33539203750774066,0.4102549367211484,4,637,0.006279434850863423,0.0024445400312110626,0.016033661134256347,1,637,0.0015698587127158557,0.0002771652516457713,0.008838347848627368,16,637,0.02511773940345369,0.015518869696758824,0.040410083729485666,275,637,0.4317111459968603,0.3937686309107665,0.47047239214391656,311 0.35; 363 0.15; 350 0.11; 150 0.06; 364 0.06; 312 0.04,6,38 0.18; 44 0.12; 52 0.11; 35 0.11; 53 0.08; 99 0.05; 40 0.04; 41 0.04; 37 0.04,9,earned income 0.40; unearned income 0.24; shelter deduction 0.15,"wrong amount, known item 0.33; wrong include/exclude decision 0.24; change in circumstances 0.11; unreported source of income 0.11",243,164,109,407,0.597051597051597,0.5487058231995074,0.6435823968833663,0.40294840294840295,109,0.21124031007751937,516,129261.0
4+,rawben_rel_max <=   0.783 & total_deductions_by_hh_size >  11.600 & total_deductions_by_hh_size <= 129.000 & unc_rawben_rel_max >   0.527,train_2022_23,1147,285,445,187,445,0.4202247191011236,0.37523775171011653,0.46657726721861026,104,445,0.23370786516853934,0.19676970793189008,0.27520436933724013,67,445,0.15056179775280898,0.1203325784465447,0.18677264531168092,26,445,0.058426966292134834,0.04018050864196854,0.08423220176633588,0,445,0.0,0.0,0.008558921454695822,6,445,0.01348314606741573,0.006193620625350744,0.029100790587870132,55,445,0.12359550561797752,0.09619885558235826,0.1574353886588173,141,445,0.31685393258426964,0.2753505929371261,0.3614923378429085,108,445,0.24269662921348314,0.20517561823169114,0.2846221188764557,39,445,0.08764044943820225,0.0647723730666715,0.1175672318184372,36,445,0.08089887640449438,0.05900536635740718,0.10996649364843898,55,445,0.12359550561797752,0.09619885558235826,0.1574353886588173,31,445,0.0696629213483146,0.049507732264582396,0.09718455294249288,5,445,0.011235955056179775,0.004808543049365619,0.026029953204101085,0,445,0.0,0.0,0.008558921454695822,3,445,0.006741573033707865,0.002295296484406569,0.019631369849551782,27,445,0.060674157303370786,0.04203039113260019,0.08683823423545842,257,444,0.5788288288288288,0.5324179442084496,0.6238873208674165,53,444,0.11936936936936937,0.092428699804827,0.15284016311456236,134,444,0.30180180180180183,0.26095278152227636,0.34605112342983174,272,444,0.6126126126126126,0.5665172683090759,0.6567759675135899,160,444,0.36036036036036034,0.31707586006845606,0.4060405275114382,1,444,0.0022522522522522522,0.00039767829305330845,0.012646219370763542,0,444,0.0,0.0,0.00857803294736353,11,444,0.024774774774774775,0.013888934327136539,0.04381361050121348,177,444,0.39864864864864863,0.35416223164616056,0.4448738561134401,311 0.37; 363 0.15; 350 0.11; 150 0.07; 364 0.06,5,38 0.18; 44 0.13; 52 0.11; 35 0.09; 53 0.08; 99 0.06; 40 0.05; 41 0.04; 37 0.04,9,earned income 0.42; unearned income 0.23; shelter deduction 0.15,"wrong amount, known item 0.32; wrong include/exclude decision 0.24; change in circumstances 0.12; unreported source of income 0.09",164,121,68,285,0.5754385964912281,0.5174236634006796,0.6314468594048998,0.4245614035087719,68,0.19263456090651557,353,87857.0
4+,rawben_rel_max <=   0.783 & total_deductions_by_hh_size >  11.600 & total_deductions_by_hh_size <= 129.000 & unc_rawben_rel_max >   0.527,test_2024,508,122,193,69,193,0.35751295336787564,0.2932821626639457,0.42730535542166215,50,193,0.25906735751295334,0.2023831886141687,0.32515570560331364,30,193,0.15544041450777202,0.11110337669376555,0.2132264397677954,11,193,0.05699481865284974,0.03211933237397776,0.09916186021945778,1,193,0.0051813471502590676,0.0009151977360702616,0.028761455979404514,9,193,0.046632124352331605,0.02472416363338991,0.08623612118445345,23,193,0.11917098445595854,0.08073567658489572,0.17247096266209272,71,193,0.36787564766839376,0.3030375407306363,0.43787088513056366,47,193,0.24352331606217617,0.18835964449479692,0.3086978880592973,28,193,0.14507772020725387,0.10231967466414255,0.2016892340218262,17,193,0.08808290155440414,0.05572082436293392,0.13652309155727804,13,193,0.06735751295336788,0.0397828557442091,0.11181924462481856,6,193,0.031088082901554404,0.01432407677048586,0.06615484638396928,0,193,0.0,0.0,0.019516199827678698,2,193,0.010362694300518135,0.0028463803033692073,0.03699072729990164,2,193,0.010362694300518135,0.0028463803033692073,0.03699072729990164,7,193,0.03626943005181347,0.017677770766951817,0.0729616062752994,134,193,0.694300518134715,0.6260364993274972,0.7549805214648557,15,193,0.07772020725388601,0.04766221141923623,0.12426079672538357,44,193,0.22797927461139897,0.1744397477000323,0.2921364231906737,107,193,0.5544041450777202,0.48389878685730914,0.6227859789645497,77,193,0.39896373056994816,0.33249793610691103,0.4693732130810654,3,193,0.015544041450777202,0.005300119263662775,0.04469744222740414,1,193,0.0051813471502590676,0.0009151977360702616,0.028761455979404514,5,193,0.025906735751295335,0.011115289552693669,0.059203179713965395,98,193,0.5077720207253886,0.4377784181819439,0.5774622626497503,311 0.30; 363 0.16; 350 0.11; 364 0.06; 150 0.06; 312 0.05; 323 0.04,7,38 0.18; 35 0.15; 52 0.11; 44 0.09; 53 0.06; 56 0.05; 99 0.04; 37 0.04; 41 0.03; 54 0.03,10,earned income 0.36; unearned income 0.26; shelter deduction 0.16,"wrong amount, known item 0.37; wrong include/exclude decision 0.24; unreported source of income 0.15",79,43,41,122,0.6475409836065574,0.5594452460573333,0.7266286754439827,0.3524590163934426,41,0.25153374233128833,163,41404.0
4+,count_divisible_by_100 <= 0.500 & months_since_cert_n > 3.500 & unc_rawben_rel_max > 0.440 & unc_rawben_rel_max <= 0.772,all_2022_24,2556,668,1046,405,1046,0.38718929254302104,0.35813334676234804,0.41707083642109616,212,1046,0.20267686424474188,0.17942331478589127,0.22810635445182995,188,1046,0.17973231357552583,0.15764812689829807,0.20416035925808976,45,1046,0.043021032504780114,0.032305843609516695,0.05708059335392617,3,1046,0.0028680688336520078,0.0009758535524531011,0.008398513018656293,53,1046,0.05066921606118547,0.03894484923722015,0.06568198208666719,140,1046,0.1338432122370937,0.1145431590354339,0.15582296095828707,351,1046,0.3355640535372849,0.3075961185482358,0.3647354027022082,249,1046,0.23804971319311663,0.2132277236422253,0.2647887695125516,102,1046,0.09751434034416825,0.08098157687500364,0.1169926699066061,83,1046,0.07934990439770555,0.06446697453103954,0.0973113356445146,97,1046,0.09273422562141491,0.07661519072731424,0.1118338095790177,69,1046,0.06596558317399617,0.0524547364720532,0.0826528835727231,17,1046,0.016252390057361378,0.010171548012429194,0.02587350868945803,7,1046,0.006692160611854685,0.003245361866899921,0.013749201884431708,8,1046,0.0076481835564053535,0.0038804100966990636,0.015019202949688126,63,1046,0.06022944550669216,0.04735735833742748,0.07631996593701545,532,1038,0.51252408477842,0.48212575534914237,0.5428300536721139,83,1038,0.07996146435452794,0.06496742669307035,0.09805313228633689,422,1038,0.40655105973025046,0.37706699704185986,0.43672427410722836,604,1044,0.578544061302682,0.5483559985157396,0.6081562071458795,396,1044,0.3793103448275862,0.35037009067737607,0.40913554452550177,4,1044,0.0038314176245210726,0.001490917592282261,0.009810027130660594,10,1044,0.009578544061302681,0.005211038677089024,0.01754201865524059,30,1044,0.028735632183908046,0.02020139170998154,0.040725374320303945,445,1038,0.42870905587668595,0.3989193429313587,0.45902451340918277,311 0.34; 363 0.18; 350 0.08; 150 0.07; 364 0.04; 323 0.04; 312 0.04,7,38 0.18; 52 0.11; 44 0.11; 35 0.10; 53 0.08; 99 0.06; 41 0.04; 37 0.04; 56 0.03; 7 0.02,10,earned income 0.39; unearned income 0.20; shelter deduction 0.18,"wrong amount, known item 0.34; wrong include/exclude decision 0.24; unreported source of income 0.10; change in circumstances 0.09",427,241,217,668,0.6392215568862275,0.6021032184185691,0.6747477535962629,0.36077844311377244,217,0.24519774011299436,885,216979.0
4+,count_divisible_by_100 <= 0.500 & months_since_cert_n > 3.500 & unc_rawben_rel_max > 0.440 & unc_rawben_rel_max <= 0.772,train_2022_23,1679,440,694,269,694,0.38760806916426516,0.35207311433194033,0.42438045335448016,149,694,0.21469740634005763,0.18576194512755886,0.24677403438412396,123,694,0.17723342939481268,0.15062183762880169,0.20739866444502134,32,694,0.04610951008645533,0.032848378450291815,0.06436795259102185,2,694,0.002881844380403458,0.0007906451976906056,0.010446288799938655,30,694,0.043227665706051875,0.030445021544926558,0.06103934969347482,89,694,0.1282420749279539,0.10539637347316788,0.1551808119511462,212,694,0.30547550432276654,0.2723544970334161,0.3407382162700039,170,694,0.24495677233429394,0.21442126616925664,0.27830029127300526,63,694,0.09077809798270893,0.0715962707475227,0.11446543723893152,48,694,0.069164265129683,0.0525613236334108,0.09051068583120124,71,694,0.10230547550432277,0.0819035206443281,0.12708602655377532,59,694,0.08501440922190202,0.06647981457545976,0.10811797380516988,10,694,0.01440922190201729,0.007845220898842821,0.026319552310435618,5,694,0.007204610951008645,0.003081145587817773,0.016753728114179925,5,694,0.007204610951008645,0.003081145587817773,0.016753728114179925,51,694,0.07348703170028818,0.056332967110193796,0.09533698205878667,356,692,0.5144508670520231,0.47723548870796434,0.55150668479819,62,692,0.08959537572254335,0.07051976184881427,0.11320251057640436,274,692,0.3959537572254335,0.36018587113830225,0.4328704796173871,413,692,0.596820809248555,0.559834512315413,0.6327380501758207,251,692,0.3627167630057804,0.3277433887767899,0.39920596291474464,2,692,0.002890173410404624,0.0007929313324548295,0.010476300055838139,0,692,0.0,0.0,0.0055207966870621135,26,692,0.03757225433526012,0.0257671995217564,0.05448324828130683,301,692,0.434971098265896,0.39849287372924386,0.472167345493062,311 0.34; 363 0.18; 350 0.08; 150 0.05; 364 0.05; 312 0.04; 323 0.03,7,38 0.18; 52 0.12; 44 0.11; 53 0.09; 35 0.09; 99 0.07; 41 0.04; 37 0.03; 98 0.03,9,earned income 0.39; unearned income 0.21; shelter deduction 0.18,"wrong amount, known item 0.31; wrong include/exclude decision 0.24; change in circumstances 0.10; unreported source of income 0.09; method or computation 0.09",267,173,136,440,0.6068181818181818,0.5604411170254957,0.6513461512251595,0.3931818181818182,136,0.2361111111111111,576,133718.0
4+,count_divisible_by_100 <= 0.500 & months_since_cert_n > 3.500 & unc_rawben_rel_max > 0.440 & unc_rawben_rel_max <= 0.772,test_2024,877,228,352,136,352,0.38636363636363635,0.3369836161897906,0.43819725080271393,63,352,0.17897727272727273,0.14246303333536656,0.22242291591845872,65,352,0.1846590909090909,0.14760348815777796,0.2285234177464221,13,352,0.036931818181818184,0.0217078614247264,0.06215417156972956,1,352,0.002840909090909091,0.0005016534566580928,0.015914639635549226,23,352,0.06534090909090909,0.04393099682706815,0.09613581941926168,51,352,0.14488636363636365,0.1119473220679173,0.18549288728365937,139,352,0.39488636363636365,0.3452180033505805,0.4468242986174862,79,352,0.22443181818181818,0.18395575352190874,0.2708578489349147,39,352,0.11079545454545454,0.08211476669563306,0.14787970275369497,35,352,0.09943181818181818,0.0723649797793191,0.13514757636925936,26,352,0.07386363636363637,0.05090178836838115,0.10602646285351085,10,352,0.028409090909090908,0.015502892661357976,0.051497705357535825,7,352,0.019886363636363636,0.009665495945948227,0.04047366709738341,2,352,0.005681818181818182,0.0015595122193720317,0.020477259198022672,3,352,0.008522727272727272,0.002902593571266378,0.02475465617131571,12,352,0.03409090909090909,0.0196068867569533,0.058634667912315266,176,346,0.5086705202312138,0.45618804047700834,0.560962578546001,21,346,0.06069364161849711,0.040036377677354545,0.09099892515684241,148,346,0.4277456647398844,0.3766879185588462,0.4803902562494098,191,352,0.5426136363636364,0.4903891114038854,0.5939180634739254,145,352,0.4119318181818182,0.3617345140350148,0.4640306578841762,2,352,0.005681818181818182,0.0015595122193720317,0.020477259198022672,10,352,0.028409090909090908,0.015502892661357976,0.051497705357535825,4,352,0.011363636363636364,0.004427653914332936,0.02885007415343654,144,346,0.4161849710982659,0.36544347307903563,0.4687672096985413,311 0.35; 363 0.18; 150 0.09; 350 0.08; 323 0.05,5,38 0.16; 35 0.11; 44 0.10; 52 0.09; 56 0.08; 53 0.06; 37 0.05; 7 0.04; 41 0.04; 99 0.03,10,earned income 0.39; shelter deduction 0.18; unearned income 0.18,"wrong amount, known item 0.39; wrong include/exclude decision 0.22; unreported source of income 0.11; household composition 0.10",160,68,81,228,0.7017543859649122,0.639426728279024,0.7573959299496975,0.2982456140350877,81,0.2621359223300971,309,83261.0
4+,HH_size_n >  4.500 & rawben_rel_max >  0.541 & rawben_rel_max <=  0.783 & total_deductions_by_hh_size > 40.800,all_2022_24,1708,460,692,304,692,0.4393063583815029,0.4027636050383483,0.4765192662358039,130,692,0.18786127167630057,0.16051092431279332,0.21865812795427433,121,692,0.17485549132947978,0.14837036836905498,0.2049307277424739,26,692,0.03757225433526012,0.0257671995217564,0.05448324828130683,4,692,0.005780346820809248,0.0022500557253693357,0.014767610364154488,40,692,0.057803468208092484,0.04273375686286686,0.07775573384881236,67,692,0.0968208092485549,0.07696209066608332,0.12113126851221244,233,692,0.33670520231213874,0.30248124734491627,0.3727321920355406,172,692,0.24855491329479767,0.21780159285127768,0.28208458814163795,75,692,0.10838150289017341,0.08734492036438965,0.13374217761882956,44,692,0.06358381502890173,0.047703338127509876,0.08428302198663107,64,692,0.09248554913294797,0.07309204109083439,0.11637866603561509,57,692,0.08236994219653179,0.06411820519143357,0.10523298048070792,7,692,0.010115606936416185,0.004908402425831638,0.020731915715538465,0,692,0.0,0.0,0.0055207966870621135,6,692,0.008670520231213872,0.0039796081391394195,0.018786492651615257,34,692,0.049132947976878616,0.03537028108099223,0.06787390552699443,457,692,0.6604046242774566,0.6243205507735912,0.6947175751447212,49,692,0.0708092485549133,0.05397307636696168,0.09238437050025643,185,692,0.26734104046242774,0.23571642800982295,0.30153457854109333,409,692,0.5910404624277457,0.5540043904794701,0.6270713026093019,263,692,0.3800578034682081,0.34464762560704365,0.416792334291876,3,692,0.004335260115606936,0.001475425075101757,0.012668023663806637,3,692,0.004335260115606936,0.001475425075101757,0.012668023663806637,14,692,0.02023121387283237,0.012088794351695683,0.033671045243982414,288,692,0.4161849710982659,0.3800194302049829,0.4532759634593225,311 0.38; 363 0.17; 350 0.08; 150 0.05; 312 0.05; 323 0.04,6,38 0.20; 35 0.11; 53 0.10; 52 0.10; 44 0.09; 99 0.05; 41 0.04; 37 0.03; 56 0.03,9,earned income 0.44; unearned income 0.19; shelter deduction 0.17,"wrong amount, known item 0.34; wrong include/exclude decision 0.25; unreported source of income 0.11; change in circumstances 0.09",311,149,137,460,0.6760869565217391,0.6320156686743377,0.717241491528628,0.3239130434782609,137,0.22948073701842547,597,151648.0
4+,HH_size_n >  4.500 & rawben_rel_max >  0.541 & rawben_rel_max <=  0.783 & total_deductions_by_hh_size > 40.800,train_2022_23,1075,286,435,185,435,0.42528735632183906,0.3796806879323206,0.47220208708262773,89,435,0.2045977011494253,0.1693513280767082,0.2450159515977803,76,435,0.17471264367816092,0.1419185741498626,0.2132018155306053,17,435,0.03908045977011494,0.024540641243446747,0.06169001692569673,2,435,0.004597701149425287,0.0012617359015576705,0.01660712612063895,21,435,0.04827586206896552,0.031789094763917385,0.0726713757110786,45,435,0.10344827586206896,0.07821511895541966,0.13562422535469132,139,435,0.3195402298850575,0.27746328816926,0.3647766453283847,112,435,0.2574712643678161,0.21862988837094277,0.3005588120621976,43,435,0.09885057471264368,0.07421747722053666,0.13050696093664804,27,435,0.06206896551724138,0.04300454680994428,0.08880064212383046,40,435,0.09195402298850575,0.06825515175528782,0.12279692717250754,42,435,0.09655172413793103,0.07222534323604467,0.12794164184467693,7,435,0.016091954022988506,0.007816227901955653,0.032839899502556585,0,435,0.0,8.673617379884035e-19,0.008753955869270368,2,435,0.004597701149425287,0.0012617359015576705,0.01660712612063895,23,435,0.052873563218390804,0.03548744100362372,0.07808793562429851,280,435,0.6436781609195402,0.5975945302473747,0.6872462870315704,34,435,0.07816091954022988,0.05646914413021029,0.10723821633880631,121,435,0.27816091954022987,0.23813319189419838,0.32207258622711005,266,435,0.6114942528735632,0.5649044077856453,0.6561320664228161,157,435,0.36091954022988504,0.31718551232833325,0.4070885765456477,1,435,0.0022988505747126436,0.0004059084587466188,0.012905500486986875,0,435,0.0,8.673617379884035e-19,0.008753955869270368,11,435,0.02528735632183908,0.014177459557849968,0.044708480152514773,185,435,0.42528735632183906,0.3796806879323206,0.47220208708262773,311 0.37; 363 0.17; 350 0.09; 150 0.06; 312 0.05; 364 0.04,6,38 0.21; 53 0.12; 52 0.11; 44 0.10; 35 0.10; 99 0.05; 41 0.04; 40 0.03,8,earned income 0.43; unearned income 0.20; shelter deduction 0.17,"wrong amount, known item 0.32; wrong include/exclude decision 0.26; unreported source of income 0.10; method or computation 0.10",184,102,81,286,0.6433566433566433,0.5862772595983818,0.6966358902048209,0.35664335664335667,81,0.22070844686648503,367,92302.0
4+,HH_size_n >  4.500 & rawben_rel_max >  0.541 & rawben_rel_max <=  0.783 & total_deductions_by_hh_size > 40.800,test_2024,633,174,257,119,257,0.46303501945525294,0.4030641390148255,0.524094719081429,41,257,0.15953307392996108,0.11982748570727353,0.20926725991612394,45,257,0.17509727626459143,0.13351273220466534,0.22625196790451965,9,257,0.03501945525291829,0.018531072387113233,0.0652040373499839,2,257,0.007782101167315175,0.0021366887793855555,0.027926000607583393,19,257,0.07392996108949416,0.047836820491761224,0.11257317545980478,22,257,0.08560311284046693,0.057208941782124885,0.12620352003378177,94,257,0.3657587548638132,0.30925135351122596,0.4262202890488564,60,257,0.23346303501945526,0.18590014726607965,0.28887688216480867,32,257,0.1245136186770428,0.08959557046723404,0.1704917775631415,17,257,0.06614785992217899,0.041705827995768344,0.10336919071290389,24,257,0.0933852140077821,0.0635578662893156,0.1351895727694848,15,257,0.058365758754863814,0.03568563010411753,0.09405441136166091,0,257,0.0,0.0,0.014727712144075176,0,257,0.0,0.0,0.014727712144075176,4,257,0.01556420233463035,0.006068729729755248,0.03932893690010747,11,257,0.042801556420233464,0.024064902619207594,0.07500518436078332,177,257,0.688715953307393,0.6296769833451011,0.7421962147950728,15,257,0.058365758754863814,0.03568563010411753,0.09405441136166091,64,257,0.2490272373540856,0.20011236096264112,0.30533462295403463,143,257,0.556420233463035,0.49529222279165536,0.6158863622193245,106,257,0.41245136186770426,0.3539853672504719,0.47349613876697305,2,257,0.007782101167315175,0.0021366887793855555,0.027926000607583393,3,257,0.011673151750972763,0.003977646450290983,0.033752531558124854,3,257,0.011673151750972763,0.003977646450290983,0.033752531558124854,103,257,0.40077821011673154,0.3427494396174554,0.46172960053564893,311 0.41; 363 0.18; 350 0.08; 323 0.06; 150 0.05,5,38 0.18; 35 0.12; 52 0.09; 56 0.08; 53 0.08; 44 0.07; 41 0.05; 37 0.05; 99 0.04,9,earned income 0.46; shelter deduction 0.18; unearned income 0.16,"wrong amount, known item 0.37; wrong include/exclude decision 0.23; unreported source of income 0.12; change in circumstances 0.09",127,47,56,174,0.7298850574712644,0.6594715154990002,0.7903669924766367,0.27011494252873564,56,0.24347826086956523,230,59346.0
4+,count_divisible_by_100 <=   0.500 & total_deductions_by_hh_size <= 132.000 & unc_rawben_rel_max >   0.541 & unc_rawben_rel_max <=   0.780,all_2022_24,1815,415,636,233,636,0.3663522012578616,0.32981297146895217,0.4044962700683282,166,636,0.2610062893081761,0.22838067215112612,0.2965017362449519,95,636,0.14937106918238993,0.12377616239417744,0.17917631834480546,33,636,0.05188679245283019,0.03718179833943948,0.07197271740320683,0,636,0.0,0.0,0.006003985986531667,13,636,0.020440251572327043,0.011983530618248766,0.034655512544934125,96,636,0.1509433962264151,0.12522079052613092,0.1808574638418252,208,636,0.3270440251572327,0.2917166289205387,0.3644482718924125,157,636,0.2468553459119497,0.21493037578498056,0.2818200699503389,66,636,0.10377358490566038,0.08240262110015824,0.12990242439860272,59,636,0.09276729559748427,0.07260075310266956,0.11782387699327918,59,636,0.09276729559748427,0.07260075310266956,0.11782387699327918,41,636,0.06446540880503145,0.04787264449412408,0.0862880602803076,6,636,0.009433962264150943,0.004330579771139599,0.02042804798923109,4,636,0.006289308176100629,0.002448387798979933,0.016058692703444417,4,636,0.006289308176100629,0.002448387798979933,0.016058692703444417,32,636,0.050314465408805034,0.035862768436080064,0.07016597367759307,384,635,0.6047244094488189,0.5661764250919533,0.6420128975820866,65,635,0.10236220472440945,0.081125986089803,0.12838072105012024,186,635,0.2929133858267717,0.2588455970278481,0.3294717573836367,393,635,0.6188976377952756,0.5805150598027883,0.6558502614286407,223,635,0.35118110236220473,0.31504942111703793,0.38910259403037895,4,635,0.006299212598425197,0.002452247698829054,0.016083802552125173,0,635,0.0,0.0,0.0060133842254480605,15,635,0.023622047244094488,0.014366494769501977,0.03860688705159421,281,635,0.44251968503937006,0.40434784165970705,0.4813828308575492,311 0.32; 363 0.15; 350 0.12; 150 0.07; 364 0.05; 312 0.03; 331 0.03,7,38 0.18; 44 0.12; 52 0.12; 35 0.10; 53 0.07; 99 0.05; 37 0.04; 40 0.04; 41 0.03,9,earned income 0.37; unearned income 0.26; other element 0.15,"wrong amount, known item 0.33; wrong include/exclude decision 0.25; unreported source of income 0.10; household composition 0.09",248,167,113,415,0.5975903614457831,0.54972251366197,0.6436680187015774,0.40240963855421685,113,0.21401515151515152,528,128099.0
4+,count_divisible_by_100 <=   0.500 & total_deductions_by_hh_size <= 132.000 & unc_rawben_rel_max >   0.541 & unc_rawben_rel_max <=   0.780,train_2022_23,1238,290,451,171,451,0.37915742793791574,0.3355775121259819,0.4247786206463942,110,451,0.24390243902439024,0.2065402268708537,0.2855906600137233,69,451,0.15299334811529933,0.12271154575025024,0.1891367988162978,23,451,0.050997782705099776,0.0342196143997036,0.07536051195637289,0,451,0.0,0.0,0.008446017250840732,5,451,0.011086474501108648,0.0047444488948204175,0.025687244248462873,73,451,0.16186252771618626,0.1307483276966304,0.19868855758387163,143,451,0.3170731707317073,0.2758248470829265,0.36141150069177136,107,451,0.23725055432372505,0.20031186640593912,0.2786276149431723,39,451,0.08647450110864745,0.06390173214730206,0.1160325570645906,42,451,0.09312638580931264,0.06963501708469397,0.12349067766266422,46,451,0.10199556541019955,0.07734120053942352,0.13337303492188873,37,451,0.082039911308204,0.06010384005655187,0.1110361787983638,6,451,0.013303769401330377,0.006111033991945427,0.028717794329826376,2,451,0.004434589800443459,0.0012169425783327189,0.016023345029485034,1,451,0.0022172949002217295,0.0003915042103414274,0.012451648218987815,28,451,0.06208425720620843,0.04329979900645483,0.08826600324206421,259,450,0.5755555555555556,0.5294380516788748,0.6203939601948716,54,450,0.12,0.09314645875374195,0.1532866579988872,137,450,0.30444444444444446,0.2637300338300373,0.3484694648496784,285,450,0.6333333333333333,0.587854425045853,0.6765550076725227,152,450,0.3377777777777778,0.2956160364573287,0.38268582040198096,1,450,0.0022222222222222222,0.00039237445876736613,0.012479076725963167,0,450,0.0,8.673617379884035e-19,0.008464627306090936,12,450,0.02666666666666667,0.015318880682340656,0.04602763316742544,184,450,0.4088888888888889,0.36442202086774883,0.4548982001080279,311 0.34; 363 0.15; 350 0.11; 150 0.07; 364 0.05; 312 0.03,6,38 0.18; 44 0.12; 52 0.12; 35 0.09; 53 0.08; 99 0.06; 40 0.04; 37 0.04; 41 0.03,9,earned income 0.38; unearned income 0.24; other element 0.16,"wrong amount, known item 0.32; wrong include/exclude decision 0.24; change in circumstances 0.10; household composition 0.09; unreported source of income 0.09",165,125,76,290,0.5689655172413793,0.511432982139279,0.6246947819349705,0.43103448275862066,76,0.20765027322404372,366,87191.0
4+,count_divisible_by_100 <=   0.500 & total_deductions_by_hh_size <= 132.000 & unc_rawben_rel_max >   0.541 & unc_rawben_rel_max <=   0.780,test_2024,577,125,185,62,185,0.33513513513513515,0.2710793234843535,0.4058986305257799,56,185,0.3027027027027027,0.2410658962262088,0.37236673726132785,26,185,0.14054054054054055,0.09774635086476383,0.19795968000978922,10,185,0.05405405405405406,0.02962248683456714,0.09662935597972802,0,185,0.0,0.0,0.02034297527663396,8,185,0.043243243243243246,0.02207206208317771,0.08299800722358522,23,185,0.12432432432432433,0.08428964287782095,0.17964372773543377,65,185,0.35135135135135137,0.28621827384622156,0.42253234042521015,50,185,0.2702702702702703,0.21143012559026098,0.338457187374679,27,185,0.14594594594594595,0.10228057965247506,0.20401633797584412,17,185,0.0918918918918919,0.05816425726646693,0.14222379282419106,13,185,0.07027027027027027,0.041522562178670855,0.11650194089692266,4,185,0.021621621621621623,0.008439451064916212,0.05426707122678223,0,185,0.0,0.0,0.02034297527663396,2,185,0.010810810810810811,0.002969675963139271,0.03855507282102694,3,185,0.016216216216216217,0.0055299415368799225,0.046585694001052405,4,185,0.021621621621621623,0.008439451064916212,0.05426707122678223,125,185,0.6756756756756757,0.6052386771157265,0.7389651423816723,11,185,0.05945945945945946,0.033521838279429846,0.10332089128863142,49,185,0.2648648648648649,0.2065301411723448,0.332766285038829,108,185,0.5837837837837838,0.5117526576609971,0.6524060870223779,71,185,0.3837837837837838,0.3167464061080523,0.45554952868597615,3,185,0.016216216216216217,0.0055299415368799225,0.046585694001052405,0,185,0.0,0.0,0.02034297527663396,3,185,0.016216216216216217,0.0055299415368799225,0.046585694001052405,97,185,0.5243243243243243,0.45259781480851113,0.5950611755834364,311 0.28; 350 0.14; 363 0.14; 150 0.06; 364 0.05; 331 0.04; 312 0.04,7,38 0.17; 35 0.15; 52 0.11; 44 0.11; 53 0.06; 37 0.05; 56 0.04; 7 0.04; 41 0.03,9,earned income 0.34; unearned income 0.30; shelter deduction 0.14,"wrong amount, known item 0.35; wrong include/exclude decision 0.27; unreported source of income 0.15",83,42,37,125,0.664,0.5774028071114738,0.7408173950592536,0.336,37,0.22839506172839505,162,40908.0
4+,elderly_disabled_i <   1.000 & rawben_rel_max <   0.918 & shelter_expenses_by_hh_size >=  64.000 & shelter_expenses_by_hh_size < 152.000,all_2022_24,1515,351,556,241,556,0.43345323741007197,0.39285740062381547,0.47496235410680854,95,556,0.17086330935251798,0.1418612200721535,0.20438243170363454,74,556,0.13309352517985612,0.10736113550515711,0.16386129598260665,32,556,0.05755395683453238,0.04106003148097648,0.08011995943073856,0,556,0.0,0.0,0.006861940949011292,31,556,0.05575539568345324,0.039554064627246366,0.07805348722313418,83,556,0.14928057553956833,0.12206912159264682,0.18130526144712733,169,556,0.3039568345323741,0.2671763521137929,0.3434277902007476,131,556,0.2356115107913669,0.2022246179896419,0.2726268399941879,52,556,0.09352517985611511,0.07203429515621218,0.1205944769821927,57,556,0.10251798561151079,0.07997112834428369,0.13051983910079365,66,556,0.11870503597122302,0.09440117356779472,0.14824174542929303,34,556,0.06115107913669065,0.04408699082566789,0.08423787820871614,7,556,0.012589928057553957,0.006111580351455117,0.025757434026897615,3,556,0.00539568345323741,0.0018366474305198995,0.015742610702494872,3,556,0.00539568345323741,0.0018366474305198995,0.015742610702494872,34,556,0.06115107913669065,0.04408699082566789,0.08423787820871614,357,552,0.6467391304347826,0.6059752301405784,0.6854747081152125,45,552,0.08152173913043478,0.06148240984250146,0.10734554402061351,149,552,0.26992753623188404,0.23457823809305425,0.30845704390095263,330,555,0.5945945945945946,0.5532323380487578,0.6346563230673796,194,555,0.34954954954954953,0.31103603198911073,0.3901315260452231,2,555,0.0036036036036036037,0.000988774285630786,0.013043108809686383,5,555,0.009009009009009009,0.003854017780899624,0.02091436023533968,24,555,0.043243243243243246,0.029228861126043323,0.06353731805603618,237,552,0.42934782608695654,0.38868312653636855,0.470989125414547,311 0.38; 363 0.13; 350 0.10; 150 0.08; 364 0.06,5,38 0.14; 44 0.13; 52 0.13; 35 0.09; 53 0.06; 99 0.06; 41 0.04; 12 0.04; 40 0.04; 13 0.03,10,earned income 0.43; unearned income 0.17; other element 0.15,"wrong amount, known item 0.30; wrong include/exclude decision 0.24; change in circumstances 0.12; household composition 0.10",180,171,105,351,0.5128205128205128,0.4606740272194644,0.5646894025475077,0.48717948717948717,105,0.23026315789473684,456,122765.0
4+,elderly_disabled_i <   1.000 & rawben_rel_max <   0.918 & shelter_expenses_by_hh_size >=  64.000 & shelter_expenses_by_hh_size < 152.000,train_2022_23,1048,241,360,157,360,0.4361111111111111,0.38582522383572887,0.48774613249076043,63,360,0.175,0.13923774326804447,0.2176252432623578,45,360,0.125,0.09474675048994562,0.16317208012205697,23,360,0.06388888888888888,0.04294608551772852,0.09404099897178558,0,360,0.0,0.0,0.010558440816003448,19,360,0.05277777777777778,0.034044735609293726,0.08095475867613158,53,360,0.14722222222222223,0.11434832461112049,0.18754568640905978,103,360,0.2861111111111111,0.24187559631318697,0.3348632922581033,88,360,0.24444444444444444,0.20290095156397822,0.2913844737419791,32,360,0.08888888888888889,0.06366702103539015,0.12279214141332379,34,360,0.09444444444444444,0.06837284291372384,0.1290801146370345,48,360,0.13333333333333333,0.1020611355906819,0.17234838767438732,22,360,0.06111111111111111,0.04069952243954391,0.09079066449894801,2,360,0.005555555555555556,0.001524826236302344,0.02002740968174551,2,360,0.005555555555555556,0.001524826236302344,0.02002740968174551,1,360,0.002777777777777778,0.0004905017720812479,0.015564836594944405,28,360,0.07777777777777778,0.05435723069908242,0.11011434154554271,226,360,0.6277777777777778,0.576739198022903,0.6761180893241184,24,360,0.06666666666666667,0.04520541590536091,0.0972785661351754,110,360,0.3055555555555556,0.2602311139770829,0.3549860574513629,216,360,0.6,0.5485939761514368,0.6492943356853625,128,360,0.35555555555555557,0.3078704740378502,0.4062908533089953,1,360,0.002777777777777778,0.0004905017720812479,0.015564836594944405,0,360,0.0,0.0,0.010558440816003448,15,360,0.041666666666666664,0.025410381640356798,0.0676015224409797,144,360,0.4,0.3507056643146375,0.45140602384856326,311 0.40; 363 0.12; 350 0.11; 150 0.08; 364 0.06,5,44 0.15; 52 0.13; 38 0.13; 35 0.09; 53 0.08; 99 0.08; 41 0.05; 12 0.04,8,earned income 0.44; unearned income 0.17; other element 0.15,"wrong amount, known item 0.29; wrong include/exclude decision 0.24; change in circumstances 0.13; household composition 0.09",119,122,67,241,0.49377593360995853,0.4312482138154988,0.556498966402242,0.5062240663900415,67,0.21753246753246752,308,77917.0
4+,elderly_disabled_i <   1.000 & rawben_rel_max <   0.918 & shelter_expenses_by_hh_size >=  64.000 & shelter_expenses_by_hh_size < 152.000,test_2024,467,110,196,84,196,0.42857142857142855,0.3613178893712176,0.4985711427422161,32,196,0.16326530612244897,0.11808592830387411,0.22139093737374255,29,196,0.14795918367346939,0.10503533186445976,0.2044177549803213,9,196,0.04591836734693878,0.02434281028877652,0.08495175100376716,0,196,0.0,0.0,0.019223224794036875,12,196,0.061224489795918366,0.03536603821021792,0.10395230191516139,30,196,0.15306122448979592,0.10936729611474798,0.21009371700764495,66,196,0.336734693877551,0.27427401443041904,0.4054723446860011,43,196,0.2193877551020408,0.16715212607932206,0.28241192865202513,20,196,0.10204081632653061,0.0670303732396597,0.15235137710661456,23,196,0.11734693877551021,0.07947904176250928,0.16992648741660055,18,196,0.09183673469387756,0.058880585398154675,0.14048531239289586,12,196,0.061224489795918366,0.03536603821021792,0.10395230191516139,5,196,0.025510204081632654,0.010944401954660631,0.05831845422743559,1,196,0.00510204081632653,0.0009011807600492975,0.028329970311599444,2,196,0.01020408163265306,0.002802743465822266,0.036436333883438345,6,196,0.030612244897959183,0.014103666502553219,0.06516711595715485,131,192,0.6822916666666666,0.613409582762551,0.7440221375665312,21,192,0.109375,0.07265800329326073,0.16141688171584861,39,192,0.203125,0.15230009131255312,0.26559682129437,114,195,0.5846153846153846,0.5144655032371728,0.6514957443086125,66,195,0.3384615384615385,0.2757374096311208,0.4074274814178348,1,195,0.005128205128205128,0.0009058051336621794,0.028472353159169905,5,195,0.02564102564102564,0.011000777633825627,0.05861041036707559,9,195,0.046153846153846156,0.024468614069101245,0.08537560363986912,93,192,0.484375,0.41468672562976333,0.5546762697706009,311 0.35; 363 0.15; 150 0.10; 350 0.10; 312 0.06,5,38 0.15; 52 0.12; 44 0.10; 35 0.10; 56 0.06; 13 0.06; 40 0.04; 33 0.03; 53 0.03; 12 0.03; 99 0.03,11,earned income 0.43; unearned income 0.16; other element 0.15; shelter deduction 0.15,"wrong amount, known item 0.34; wrong include/exclude decision 0.22; household composition 0.12; unreported source of income 0.10",61,49,38,110,0.5545454545454546,0.4613851929493401,0.644024428840937,0.44545454545454544,38,0.25675675675675674,148,44848.0
4+,elderly_disabled_i <=   0.500 & rawben_rel_max <=   0.783 & total_deductions_by_hh_size <= 122.000 & unc_rawben_rel_max >   0.474,all_2022_24,1570,374,591,243,591,0.41116751269035534,0.3721948615089483,0.451287558012484,137,591,0.23181049069373943,0.1995860948563546,0.267498924079779,80,591,0.1353637901861252,0.11012493338842383,0.16531242674240765,31,591,0.05245346869712352,0.03719609080148177,0.07349152754935313,0,591,0.0,0.0,0.006458189877775865,15,591,0.025380710659898477,0.015440180080856044,0.04145160421936775,85,591,0.14382402707275804,0.11783039088310583,0.17441816738854166,184,591,0.311336717428088,0.27532396716386914,0.3497863142959346,136,591,0.23011844331641285,0.1979911038479923,0.26573167545997806,60,591,0.10152284263959391,0.07968906032441661,0.12850350724315096,52,591,0.08798646362098139,0.06772753827666378,0.11356711226559824,70,591,0.11844331641285956,0.09482298920107114,0.14699197464812835,44,591,0.07445008460236886,0.05592469088352893,0.0984720426334275,5,591,0.008460236886632826,0.003618912988070721,0.01965047503052112,6,591,0.01015228426395939,0.004660892658348565,0.021970734988406473,5,591,0.008460236886632826,0.003618912988070721,0.01965047503052112,29,591,0.049069373942470386,0.034379576324402715,0.0695835627701058,372,589,0.631578947368421,0.5918864773431318,0.6695661602585479,43,589,0.0730050933786078,0.0546487876402895,0.0968952335620013,174,589,0.29541595925297115,0.2599920371717991,0.3334912811378471,358,590,0.6067796610169491,0.5667953367133891,0.6453824561525872,210,590,0.3559322033898305,0.3183432059785269,0.3953851687261081,3,590,0.005084745762711864,0.0017307163456227025,0.014842053227947084,3,590,0.005084745762711864,0.0017307163456227025,0.014842053227947084,16,590,0.02711864406779661,0.016760111025912596,0.04359537771047772,255,589,0.432937181663837,0.3934839052278507,0.4732595891558091,311 0.36; 363 0.14; 350 0.11; 150 0.07; 364 0.05; 312 0.04,6,38 0.16; 44 0.12; 52 0.11; 35 0.10; 53 0.07; 99 0.05; 41 0.05; 40 0.05; 37 0.03; 7 0.03,10,earned income 0.41; unearned income 0.23; other element 0.14,"wrong amount, known item 0.31; wrong include/exclude decision 0.23; change in circumstances 0.12; unreported source of income 0.10",199,175,92,374,0.5320855614973262,0.48144586993688226,0.582072810907154,0.4679144385026738,92,0.19742489270386265,466,123550.0
4+,elderly_disabled_i <=   0.500 & rawben_rel_max <=   0.783 & total_deductions_by_hh_size <= 122.000 & unc_rawben_rel_max >   0.474,train_2022_23,1075,262,418,173,418,0.4138755980861244,0.36765192499914345,0.4616678955211655,96,418,0.22966507177033493,0.19191232092592606,0.2723415601517106,55,418,0.13157894736842105,0.10250187898761959,0.16736624212703577,25,418,0.05980861244019139,0.040835684514248696,0.08679895370066419,0,418,0.0,0.0,0.009106735798460844,6,418,0.014354066985645933,0.0065946729806342,0.030958759397775128,63,418,0.1507177033492823,0.11960862987548321,0.1881884200124368,128,418,0.3062200956937799,0.263963959115843,0.3520056370548522,94,418,0.22488038277511962,0.18746509004076603,0.2673065588435545,38,418,0.09090909090909091,0.06694880093537967,0.12232034653608831,34,418,0.08133971291866028,0.05878903574665226,0.11151564733818334,52,418,0.12440191387559808,0.09614178282673519,0.15950298999794588,36,418,0.0861244019138756,0.06285700931116733,0.11692990596698447,3,418,0.007177033492822967,0.0024437361516257937,0.020886347936809293,4,418,0.009569377990430622,0.003727399187101379,0.02434380099799179,4,418,0.009569377990430622,0.003727399187101379,0.02434380099799179,25,418,0.05980861244019139,0.040835684514248696,0.08679895370066419,248,417,0.5947242206235012,0.5469454135791216,0.6407736712261827,34,417,0.0815347721822542,0.05893145168328408,0.11177790784771287,135,417,0.3237410071942446,0.28061643012273974,0.3700835006825799,262,417,0.6282973621103117,0.5809395252701314,0.6733129060484454,144,417,0.34532374100719426,0.30128578491715335,0.39218558293241285,1,417,0.002398081534772182,0.00042343488313457533,0.01345732215229158,0,417,0.0,0.0,0.00912837514162098,10,417,0.023980815347721823,0.013076906562167248,0.04357528751750547,170,417,0.407673860911271,0.36155929823383753,0.4554739988546633,311 0.38; 363 0.13; 350 0.11; 150 0.07; 364 0.06; 346 0.04,6,38 0.17; 44 0.13; 52 0.11; 35 0.09; 53 0.08; 99 0.06; 40 0.05; 41 0.05; 37 0.03,9,earned income 0.41; unearned income 0.23; other element 0.15,"wrong amount, known item 0.31; wrong include/exclude decision 0.22; change in circumstances 0.12; unreported source of income 0.09; method or computation 0.09",133,129,61,262,0.5076335877862596,0.44742462706661584,0.5676219269715782,0.49236641221374045,61,0.18885448916408668,323,83507.0
4+,elderly_disabled_i <=   0.500 & rawben_rel_max <=   0.783 & total_deductions_by_hh_size <= 122.000 & unc_rawben_rel_max >   0.474,test_2024,495,112,173,70,173,0.4046242774566474,0.33432535246435724,0.47906697151371136,41,173,0.23699421965317918,0.17977239376924556,0.3056428026551252,25,173,0.14450867052023122,0.09983638514782188,0.20462591331588803,6,173,0.03468208092485549,0.015990017623966596,0.07359071451145854,0,173,0.0,0.0,0.021723395400177335,9,173,0.05202312138728324,0.027607516565911747,0.09590188393713732,22,173,0.12716763005780346,0.08549928232801371,0.1850343477680723,56,173,0.3236994219653179,0.25846182158740416,0.3965967166750862,42,173,0.24277456647398843,0.18492149300193772,0.3118032595449744,22,173,0.12716763005780346,0.08549928232801371,0.1850343477680723,18,173,0.10404624277456648,0.06683227364642583,0.15846313195949496,18,173,0.10404624277456648,0.06683227364642583,0.15846313195949496,8,173,0.046242774566473986,0.023615152637950027,0.08858469174255772,2,173,0.011560693641618497,0.003176039095965432,0.04116646854929451,2,173,0.011560693641618497,0.003176039095965432,0.04116646854929451,1,173,0.005780346820809248,0.0010210766639910194,0.03201187485872761,4,173,0.023121387283236993,0.009027193027358965,0.057934426862983585,124,172,0.7209302325581395,0.6496304488202622,0.7825767194493622,9,172,0.05232558139534884,0.0277694432649553,0.09644234734659511,39,172,0.22674418604651161,0.17053610472369474,0.29489187136387496,96,173,0.5549132947976878,0.4804621796042874,0.6269786035598548,66,173,0.3815028901734104,0.31243596740848334,0.45571813207942,2,173,0.011560693641618497,0.003176039095965432,0.04116646854929451,3,173,0.017341040462427744,0.0059146456907766265,0.04973741807702461,6,173,0.03468208092485549,0.015990017623966596,0.07359071451145854,85,172,0.4941860465116279,0.42041440726677903,0.5682117198840203,311 0.34; 363 0.14; 350 0.12; 150 0.06; 312 0.05; 334 0.04,6,38 0.14; 35 0.13; 52 0.11; 44 0.11; 53 0.05; 56 0.05; 41 0.05; 40 0.04; 33 0.03; 37 0.03; 12 0.03,11,earned income 0.40; unearned income 0.24; shelter deduction 0.14,"wrong amount, known item 0.32; wrong include/exclude decision 0.24; unreported source of income 0.13; change in circumstances 0.10",66,46,31,112,0.5892857142857143,0.49668645187137966,0.6759630971679984,0.4107142857142857,31,0.21678321678321677,143,40043.0
4+,months_since_cert_n >=   1.000 & rawben_rel_max <   0.776 & total_deductions_by_hh_size >=  11.500 & total_deductions_by_hh_size < 122.000,all_2022_24,2540,579,931,372,931,0.3995703544575725,0.36858142101984614,0.4313846908861708,218,931,0.23415682062298604,0.208081009147569,0.2624175223683584,126,931,0.13533834586466165,0.11485664142503202,0.15881710180590677,52,931,0.055853920515574654,0.042845492318962966,0.07251266033491979,3,931,0.00322234156820623,0.0010964591623379063,0.009431099731061788,25,931,0.02685284640171858,0.018253684258037202,0.03934067183394672,135,931,0.14500537056928034,0.12384555958449299,0.1690827825004121,316,931,0.3394199785177229,0.3097185098034577,0.3704412092334357,204,931,0.21911922663802363,0.19373164565231477,0.24681528764633176,81,931,0.08700322234156821,0.07055370041508185,0.10684704854602556,96,931,0.10311493018259936,0.08518308403846474,0.12430866301258646,98,931,0.10526315789473684,0.08714540698028272,0.1266251398160943,54,931,0.05800214822771214,0.04472457662182914,0.07491237577737946,9,931,0.00966702470461869,0.00509401325812771,0.0182699448712495,6,931,0.00644468313641246,0.0029568643864799947,0.01398889412490846,8,931,0.008592910848549946,0.004360417101936664,0.016864141154777627,59,931,0.06337271750805586,0.049446383513882,0.08088756824864118,547,928,0.5894396551724138,0.5574828842922595,0.6206589801619569,78,928,0.08405172413793104,0.06786884386790334,0.10366417204381384,303,928,0.3265086206896552,0.29710621910661633,0.35734148960267503,563,929,0.6060279870828849,0.5742315485620471,0.6369511431189414,331,929,0.356297093649085,0.3261504697040494,0.38762730349989005,4,929,0.004305705059203444,0.0016756131190318315,0.011018503438377271,4,929,0.004305705059203444,0.0016756131190318315,0.011018503438377271,27,929,0.02906350914962325,0.02004977109434846,0.04195603996725085,412,928,0.44396551724137934,0.4122942318817686,0.4760988168939032,311 0.35; 363 0.14; 350 0.10; 150 0.08; 364 0.06; 312 0.04,6,38 0.17; 44 0.13; 52 0.10; 35 0.09; 53 0.07; 99 0.06; 37 0.04; 41 0.04; 40 0.04; 13 0.03,10,earned income 0.40; unearned income 0.23; other element 0.15,"wrong amount, known item 0.34; wrong include/exclude decision 0.22; change in circumstances 0.11; household composition 0.10",338,241,163,579,0.5837651122625216,0.543189930026812,0.623236076627483,0.4162348877374784,163,0.2196765498652291,742,196096.0
4+,months_since_cert_n >=   1.000 & rawben_rel_max <   0.776 & total_deductions_by_hh_size >=  11.500 & total_deductions_by_hh_size < 122.000,train_2022_23,1793,410,656,272,656,0.4146341463414634,0.3775369849653877,0.4527253082880234,152,656,0.23170731707317074,0.20103785398019758,0.26550078195909455,87,656,0.1326219512195122,0.10879355088974187,0.16072810400440246,37,656,0.056402439024390245,0.04119394450580861,0.07677618650745274,1,656,0.001524390243902439,0.0002691360867258007,0.008583897732299856,15,656,0.022865853658536585,0.013905005609078645,0.03738245489659423,92,656,0.1402439024390244,0.11576062736400446,0.16891617991822813,213,656,0.3246951219512195,0.28997191075227025,0.361459584321699,142,656,0.21646341463414634,0.1866470791717247,0.24958125199139078,51,656,0.07774390243902439,0.059623648664380746,0.10078090903552783,60,656,0.09146341463414634,0.07171832501325481,0.11596550698521269,76,656,0.11585365853658537,0.09356753786463569,0.14261278177571438,47,656,0.07164634146341463,0.05430441285133246,0.09397602293810546,6,656,0.009146341463414634,0.00419834316931359,0.019809843037800354,4,656,0.006097560975609756,0.002373663670229901,0.015572461581648728,7,656,0.010670731707317074,0.0051782526882044235,0.021860963996527184,50,656,0.07621951219512195,0.05829031401122367,0.09908321321106725,374,654,0.5718654434250765,0.5336311958010962,0.6092603452628926,59,654,0.09021406727828746,0.07058385522463678,0.11463033615517257,221,654,0.3379204892966361,0.3027088038039591,0.37502516741342823,407,654,0.6223241590214067,0.5845550581254911,0.6586645862387449,223,654,0.3409785932721712,0.3056703027634842,0.3781441595630089,1,654,0.0015290519877675841,0.00026995928843956494,0.008609989927298691,0,654,0.0,0.0,0.005839703661185306,23,654,0.035168195718654434,0.02354678767134842,0.05221856374455473,275,654,0.42048929663608564,0.3832279852829176,0.458679245880329,311 0.37; 363 0.13; 350 0.10; 150 0.07; 364 0.06; 312 0.04,6,38 0.18; 44 0.13; 52 0.10; 35 0.08; 99 0.08; 53 0.07; 40 0.04; 41 0.04; 37 0.04,9,earned income 0.41; unearned income 0.23; other element 0.14,"wrong amount, known item 0.32; wrong include/exclude decision 0.22; change in circumstances 0.12; household composition 0.09; unreported source of income 0.08",232,178,108,410,0.5658536585365853,0.5174845091287663,0.6130001980635507,0.43414634146341463,108,0.2084942084942085,518,132422.0
4+,months_since_cert_n >=   1.000 & rawben_rel_max <   0.776 & total_deductions_by_hh_size >=  11.500 & total_deductions_by_hh_size < 122.000,test_2024,747,169,275,100,275,0.36363636363636365,0.30902084221616566,0.42200924798558326,66,275,0.24,0.19332512736666183,0.2938389112846728,39,275,0.14181818181818182,0.1055085642688587,0.18799713932773526,15,275,0.05454545454545454,0.03333021820435303,0.08803474312136021,2,275,0.007272727272727273,0.001996673328640069,0.026125385933679468,10,275,0.03636363636363636,0.019869619744910933,0.06563268694103551,43,275,0.15636363636363637,0.11820510655918579,0.20399072074922162,103,275,0.37454545454545457,0.31943721004623116,0.4331104729393779,62,275,0.22545454545454546,0.18004232395897396,0.2784315909805473,30,275,0.10909090909090909,0.07749009076251231,0.15146283448250134,36,275,0.13090909090909092,0.0960779928932988,0.1759101179194351,22,275,0.08,0.05342171737573043,0.11815096044565634,7,275,0.025454545454545455,0.012383593542073867,0.05160112036001248,3,275,0.01090909090909091,0.0037168128255643407,0.03157777736470856,2,275,0.007272727272727273,0.001996673328640069,0.026125385933679468,1,275,0.0036363636363636364,0.0006421796120139201,0.020307348722352257,9,275,0.03272727272727273,0.017311507102405175,0.061018268655587904,173,274,0.6313868613138686,0.5728140456400588,0.6863264142478773,19,274,0.06934306569343066,0.044838601955396615,0.1057565573008127,82,274,0.29927007299270075,0.2481266444785671,0.35596431958153046,156,275,0.5672727272727273,0.5081844213577502,0.6245074008093869,108,275,0.3927272727272727,0.33686499454774244,0.4515453430776334,3,275,0.01090909090909091,0.0037168128255643407,0.03157777736470856,4,275,0.014545454545454545,0.00567050659015512,0.03679661452807114,4,275,0.014545454545454545,0.00567050659015512,0.03679661452807114,137,274,0.5,0.4412067537802109,0.5587932462197891,311 0.30; 363 0.14; 350 0.11; 150 0.10; 364 0.05; 312 0.05,6,38 0.16; 44 0.11; 35 0.11; 52 0.09; 13 0.05; 53 0.05; 56 0.05; 37 0.04; 33 0.04; 41 0.04; 99 0.03,11,earned income 0.36; unearned income 0.24; other element 0.16,"wrong amount, known item 0.37; wrong include/exclude decision 0.23; household composition 0.13; unreported source of income 0.11",106,63,55,169,0.6272189349112426,0.5522470115042576,0.6965356889567426,0.3727810650887574,55,0.24553571428571427,224,63674.0
4+,HH_size_n > 4.500 & months_since_cert_n > 1.500 & unc_rawben_rel_max <= 0.783,all_2022_24,3362,865,1362,544,1362,0.39941262848751835,0.37371904174779097,0.42567204430494027,285,1362,0.2092511013215859,0.18848044767559485,0.2316572901118616,227,1362,0.16666666666666666,0.14781731054218553,0.18739110601212064,61,1362,0.044787077826725405,0.03502356608066926,0.05711127590979289,6,1362,0.004405286343612335,0.0020204713888415235,0.00957794529432291,70,1362,0.0513950073421439,0.040878925219859356,0.0644346045481606,169,1362,0.12408223201174744,0.10762354396456725,0.14265555135658864,467,1362,0.34287812041116006,0.3181423680049256,0.3684977226175888,321,1362,0.2356828193832599,0.21390494627671391,0.2589475426209738,142,1362,0.10425844346549193,0.08912632953005988,0.12161670245842256,121,1362,0.08883994126284875,0.07486323664191318,0.10512952386560102,115,1362,0.08443465491923642,0.07081168344032901,0.10039528521548,92,1362,0.06754772393538913,0.05539869528007603,0.082129404610863,16,1362,0.011747430249632892,0.007243726146279496,0.018997676956393608,2,1362,0.0014684287812041115,0.00040278011242537645,0.005338442002935585,11,1362,0.008076358296622614,0.0045156000928966615,0.014404309800022108,75,1362,0.05506607929515418,0.044155371136693954,0.06847965184108035,808,1355,0.596309963099631,0.5699488086039987,0.6221265591209814,94,1355,0.06937269372693727,0.05702543066626834,0.08415482168985619,452,1355,0.3335793357933579,0.30897592413990566,0.35912372779892215,802,1361,0.5892725936811168,0.5629195448959718,0.6151230938981564,508,1361,0.3732549595885378,0.34794884085224737,0.3992745732054718,2,1361,0.0014695077149155032,0.00040307612464391676,0.005342352502385036,12,1361,0.00881704628949302,0.005050807392045144,0.01534833636207255,37,1361,0.02718589272593681,0.019786849041564344,0.03724658253027519,576,1355,0.42509225092250924,0.39901790740361304,0.45159013992140257,311 0.35; 363 0.17; 350 0.09; 150 0.07; 364 0.04; 312 0.04,6,38 0.19; 52 0.12; 44 0.11; 35 0.10; 53 0.07; 99 0.06; 41 0.04; 37 0.03; 13 0.03; 56 0.03,10,earned income 0.40; unearned income 0.21; shelter deduction 0.17,"wrong amount, known item 0.34; wrong include/exclude decision 0.24; unreported source of income 0.10; household composition 0.09",549,316,282,865,0.6346820809248555,0.6020626627826454,0.6661105001966593,0.3653179190751445,282,0.24585876198779424,1147,302855.0
4+,HH_size_n > 4.500 & months_since_cert_n > 1.500 & unc_rawben_rel_max <= 0.783,train_2022_23,2155,539,852,320,852,0.3755868544600939,0.3436952899689709,0.40859532081695016,189,852,0.22183098591549297,0.19521556847752844,0.25094362733627634,151,852,0.1772300469483568,0.1530539379739938,0.20430377868759403,42,852,0.04929577464788732,0.03667445796876259,0.06596322638778189,4,852,0.004694835680751174,0.001827169610224351,0.012009035594103178,43,852,0.05046948356807512,0.03768257056544253,0.06729199482142345,103,852,0.12089201877934272,0.10068618186731168,0.1445012453388442,279,852,0.3274647887323944,0.2967885017982941,0.35968998674444563,215,852,0.25234741784037557,0.22433677284021292,0.28258132976195083,77,852,0.0903755868544601,0.07291696773854023,0.11151155267925669,68,852,0.07981220657276995,0.06344408982442068,0.09995250132048275,69,852,0.08098591549295775,0.06449236705685607,0.10124110511836887,70,852,0.08215962441314555,0.06554175789693026,0.10252859530861619,9,852,0.01056338028169014,0.005567165755484994,0.019953444600450027,0,852,0.0,0.0,0.004488681083041534,7,852,0.008215962441314555,0.0039853555514416045,0.01686149274385042,58,852,0.06807511737089202,0.053027872946035184,0.08699990789565325,508,851,0.5969447708578144,0.5636238902042576,0.6293943251001919,62,851,0.07285546415981199,0.05724679457481717,0.09230325072012403,281,851,0.3301997649823737,0.2994272100310077,0.36249846134483554,522,851,0.6133960047003525,0.5802374174622105,0.6455354040757211,300,851,0.3525264394829612,0.3211550351969141,0.38522331606722654,1,851,0.0011750881316098707,0.0002074566976410187,0.006626090008555778,0,851,0.0,0.0,0.004493931975233774,28,851,0.03290246768507638,0.022860621483439897,0.04714252295875852,357,851,0.4195064629847238,0.3867850166957892,0.45295137423324366,311 0.32; 363 0.18; 350 0.08; 150 0.06; 364 0.05; 312 0.04; 323 0.03,7,38 0.19; 52 0.13; 44 0.12; 35 0.09; 53 0.09; 99 0.07; 41 0.03; 98 0.03,8,earned income 0.38; unearned income 0.22; shelter deduction 0.18,"wrong amount, known item 0.33; wrong include/exclude decision 0.25; unreported source of income 0.09; method or computation 0.08",321,218,178,539,0.5955473098330241,0.5535787736780832,0.6361635010480983,0.4044526901669759,178,0.2482566248256625,717,170453.0
4+,HH_size_n > 4.500 & months_since_cert_n > 1.500 & unc_rawben_rel_max <= 0.783,test_2024,1207,326,510,224,510,0.4392156862745098,0.3967557638702121,0.48258448417509986,96,510,0.18823529411764706,0.15668659832824516,0.22444564164609715,76,510,0.14901960784313725,0.12074107372243903,0.18254616499081422,19,510,0.03725490196078431,0.023977746861048328,0.057451238258101237,2,510,0.00392156862745098,0.001076072616312546,0.014184661430911346,27,510,0.052941176470588235,0.036636163541851466,0.0759308220817337,66,510,0.12941176470588237,0.10302792928886258,0.16133680879384618,188,510,0.3686274509803922,0.3278844180961007,0.4113348276792511,106,510,0.20784313725490197,0.1748749780707496,0.2451797625341372,65,510,0.12745098039215685,0.10126783115053845,0.1592046568691159,53,510,0.10392156862745099,0.08033148213491915,0.13343400512808173,46,510,0.09019607843137255,0.06830206119781998,0.11821767562379976,22,510,0.043137254901960784,0.028657095175950165,0.06444864013236275,7,510,0.013725490196078431,0.006664104351913391,0.02805788001058275,2,510,0.00392156862745098,0.001076072616312546,0.014184661430911346,4,510,0.00784313725490196,0.003054098823353585,0.01999113534997921,17,510,0.03333333333333333,0.020913962955964944,0.05273052203707572,300,504,0.5952380952380952,0.5518205053871431,0.6372148158626324,32,504,0.06349206349206349,0.04533017170249508,0.0882579392360338,171,504,0.3392857142857143,0.2993039581989283,0.3816989371920755,280,510,0.5490196078431373,0.5056272268114036,0.5916790247649578,208,510,0.40784313725490196,0.3660346133576487,0.45102963367879206,1,510,0.00196078431372549,0.00034620156602834136,0.011022282418141098,12,510,0.023529411764705882,0.013509953100372509,0.040673281577395894,9,510,0.01764705882352941,0.009311305227584108,0.03319517926102094,219,504,0.43452380952380953,0.3919034974326843,0.47813471920809497,311 0.39; 363 0.15; 350 0.09; 150 0.09; 312 0.04,5,38 0.18; 35 0.13; 52 0.09; 44 0.08; 56 0.07; 41 0.05; 37 0.05; 53 0.04; 99 0.03; 13 0.03; 7 0.03,11,earned income 0.44; unearned income 0.19; shelter deduction 0.15,"wrong amount, known item 0.37; wrong include/exclude decision 0.21; unreported source of income 0.13; household composition 0.10",228,98,104,326,0.6993865030674846,0.6475256669928667,0.746602908662842,0.3006134969325153,104,0.24186046511627907,430,132402.0
4+,shelter_expenses_by_hh_size <= 151.000 & total_deductions_by_hh_size >  40.800 & unc_rawben_rel_max <=   0.783,all_2022_24,1527,325,509,258,509,0.5068762278978389,0.4635540426546831,0.550095396080396,71,509,0.13948919449901767,0.11208274323329606,0.17229668308469367,42,509,0.0825147347740668,0.06162371541542891,0.10966036138333313,25,509,0.04911591355599214,0.033486695657654345,0.07150010728500865,1,509,0.0019646365422396855,0.00034688189149651057,0.01104376972490902,28,509,0.0550098231827112,0.038330375471587304,0.07835594638685789,84,509,0.1650294695481336,0.1353130504469377,0.1997642911727749,165,509,0.3241650294695481,0.2849502453267282,0.3660141070191033,100,509,0.19646365422396855,0.1642741895408017,0.23320058629641582,54,509,0.10609037328094302,0.08222504847220058,0.13585710398969017,66,509,0.12966601178781925,0.10323302110910719,0.1616472070159123,60,509,0.11787819253438114,0.09268511647955974,0.1487960738138954,31,509,0.060903732809430254,0.04323458643797377,0.08515125433625359,7,509,0.0137524557956778,0.006677227445337712,0.02811246200263219,2,509,0.003929273084479371,0.001078188007903989,0.014212303247095603,3,509,0.005893909626719057,0.0020064075531393546,0.0171839233404543,21,509,0.0412573673870334,0.02714068604630384,0.06224675834198292,325,506,0.642292490118577,0.5995992821662486,0.6828413817576053,46,506,0.09090909090909091,0.06884756723955016,0.11913552397936958,135,506,0.26679841897233203,0.23012328670330912,0.3069878474214858,288,509,0.5658153241650294,0.5224212833507171,0.6082233445421839,196,509,0.3850687622789784,0.34380491593942064,0.42805446520282686,3,509,0.005893909626719057,0.0020064075531393546,0.0171839233404543,5,509,0.009823182711198428,0.004202907961005179,0.022787102209776595,17,509,0.03339882121807466,0.020955253616153805,0.05283283221775671,196,506,0.38735177865612647,0.34590603341671877,0.43049510764356347,311 0.45; 150 0.10; 350 0.09; 363 0.08; 364 0.05,5,38 0.17; 44 0.13; 35 0.11; 52 0.09; 53 0.06; 13 0.06; 40 0.05; 41 0.05; 99 0.04,9,earned income 0.51; other element 0.17; unearned income 0.14,"wrong amount, known item 0.32; wrong include/exclude decision 0.20; household composition 0.13; change in circumstances 0.12",183,142,84,325,0.563076923076923,0.5087245801525961,0.6159555089845445,0.4369230769230769,84,0.20537897310513448,409,116415.0
4+,shelter_expenses_by_hh_size <= 151.000 & total_deductions_by_hh_size >  40.800 & unc_rawben_rel_max <=   0.783,train_2022_23,1061,227,347,184,347,0.5302593659942363,0.47770254763327674,0.5821535241666466,47,347,0.13544668587896252,0.10340857492890218,0.17546827433868753,29,347,0.08357348703170028,0.05881743859523887,0.11744900187248218,17,347,0.04899135446685879,0.030809498171025233,0.07705000309678339,1,347,0.002881844380403458,0.0005088844691584719,0.016141364532100216,16,347,0.04610951008645533,0.02857825223290595,0.07358067076824329,53,347,0.15273775216138327,0.11870573743333784,0.1943745814342081,110,347,0.3170028818443804,0.2702752255616964,0.3677380545054337,67,347,0.1930835734870317,0.15500415635371173,0.23788425824706544,37,347,0.10662824207492795,0.07835327248185661,0.14351779411913942,37,347,0.10662824207492795,0.07835327248185661,0.14351779411913942,44,347,0.12680115273775217,0.09582939216515579,0.16594572230245586,25,347,0.07204610951008646,0.04927293909938226,0.10419118830170132,3,347,0.008645533141210375,0.002944478528801817,0.025106927005775617,2,347,0.005763688760806916,0.0015820038645166425,0.020768823403401415,3,347,0.008645533141210375,0.002944478528801817,0.025106927005775617,19,347,0.05475504322766571,0.03533033434583265,0.08393032345529472,215,347,0.6195965417867435,0.567468539776477,0.6691054582898869,29,347,0.08357348703170028,0.05881743859523887,0.11744900187248218,103,347,0.2968299711815562,0.2511966433431414,0.3469125888573731,206,347,0.5936599423631124,0.5412299525500327,0.6440388411163968,126,347,0.3631123919308357,0.3142675773999044,0.41495495493377554,2,347,0.005763688760806916,0.0015820038645166425,0.020768823403401415,0,347,0.0,8.673617379884035e-19,0.010949670734599317,13,347,0.037463976945244955,0.022022493709388097,0.06303469449178305,133,347,0.38328530259365995,0.3336723183015295,0.43545426189876607,311 0.49; 150 0.09; 350 0.08; 363 0.08; 364 0.05,5,38 0.18; 44 0.13; 35 0.11; 52 0.09; 53 0.07; 40 0.06; 99 0.05; 41 0.05; 13 0.04,9,earned income 0.53; other element 0.15; unearned income 0.14,"wrong amount, known item 0.32; wrong include/exclude decision 0.19; change in circumstances 0.13; household composition 0.11; unreported source of income 0.11",127,100,51,227,0.5594713656387665,0.49443051650074615,0.622532803802007,0.44052863436123346,51,0.18345323741007194,278,80908.0
4+,shelter_expenses_by_hh_size <= 151.000 & total_deductions_by_hh_size >  40.800 & unc_rawben_rel_max <=   0.783,test_2024,466,98,162,74,162,0.4567901234567901,0.3819700748348308,0.5336120227812077,24,162,0.14814814814814814,0.10161978367050263,0.21097729691723893,13,162,0.08024691358024691,0.04749389441160792,0.13244648242990834,8,162,0.04938271604938271,0.025232188799837046,0.09440968633884951,0,162,0.0,0.0,0.023164272414159054,12,162,0.07407407407407407,0.04287802502319975,0.12500265147775058,31,162,0.19135802469135801,0.13821190769127087,0.2588030752804322,55,162,0.3395061728395062,0.27105591086960734,0.4153918802756784,33,162,0.2037037037037037,0.14888616182272285,0.27224822183011216,17,162,0.10493827160493827,0.06655560748839522,0.1616235707153848,29,162,0.17901234567901234,0.12762885071134883,0.2452667315792224,16,162,0.09876543209876543,0.06171046647748883,0.15440901138572521,6,162,0.037037037037037035,0.017082758173970532,0.07843971628358415,4,162,0.024691358024691357,0.009642776775314481,0.06176029700110833,0,162,0.0,0.0,0.023164272414159054,0,162,0.0,0.0,0.023164272414159054,2,162,0.012345679012345678,0.003392114427184602,0.043891558668106324,110,159,0.6918238993710691,0.6162340329128716,0.7583631216225789,17,159,0.1069182389937107,0.06783213976385669,0.1645507402864499,32,159,0.20125786163522014,0.14632162477883665,0.2702893640593964,82,162,0.5061728395061729,0.4299364477015512,0.5821232526390148,70,162,0.43209876543209874,0.3582611622067933,0.5090821340469813,1,162,0.006172839506172839,0.00109046202853268,0.034133510726192307,5,162,0.030864197530864196,0.013253742630974955,0.0702090314860138,4,162,0.024691358024691357,0.009642776775314481,0.06176029700110833,63,159,0.39622641509433965,0.3235100641336299,0.4738390161996512,311 0.37; 150 0.14; 350 0.09; 363 0.08; 312 0.07; 364 0.05,6,38 0.15; 44 0.13; 35 0.10; 52 0.10; 13 0.09; 41 0.05; 33 0.04; 37 0.04; 56 0.03; 12 0.03,10,earned income 0.46; other element 0.19; unearned income 0.15,"wrong amount, known item 0.34; wrong include/exclude decision 0.20; household composition 0.18; unreported source of income 0.10",56,42,33,98,0.5714285714285714,0.4725825662207811,0.6648858160512964,0.42857142857142855,33,0.25190839694656486,131,35507.0
4+,elderly_disabled_i <=  0.500 & rawben_rel_max <=  0.944 & total_deductions_by_hh_size > 11.800 & total_deductions_by_hh_size <= 89.000,all_2022_24,1423,378,580,250,580,0.43103448275862066,0.3913151762597742,0.47166135710132917,136,580,0.23448275862068965,0.20181845851599148,0.27064119492425676,68,580,0.11724137931034483,0.09354286874019514,0.14597689141392886,41,580,0.0706896551724138,0.05253284270136658,0.09449607747150224,0,580,0.0,0.0,0.006579866867999813,17,580,0.029310344827586206,0.018378973899305043,0.04643586629022582,68,580,0.11724137931034483,0.09354286874019514,0.14597689141392886,200,580,0.3448275862068966,0.3072794931373846,0.3844177069250981,126,580,0.21724137931034482,0.18560037350488287,0.25260341327564123,59,580,0.10172413793103448,0.07968481930718009,0.12900466085319218,48,580,0.08275862068965517,0.06298707646351896,0.10802095037115673,63,580,0.10862068965517241,0.085824488611456,0.13656733821280592,34,580,0.05862068965517241,0.042249537676883935,0.08080027583417798,3,580,0.005172413793103448,0.0017605822038695273,0.015096044662047529,2,580,0.0034482758620689655,0.0009461317095591495,0.012484908490385492,6,580,0.010344827586206896,0.004749445541994688,0.022383941321839608,39,580,0.06724137931034482,0.04957552858859983,0.09060221825232413,378,579,0.6528497409326425,0.613179452903517,0.6905051159398874,48,579,0.08290155440414508,0.063096865373409,0.10820456540984327,152,579,0.26252158894645944,0.22833038870727446,0.29984330376766216,359,579,0.6200345423143351,0.5798295752077663,0.6586571765958112,198,579,0.34196891191709844,0.3044843257269364,0.3815367132654759,2,579,0.0034542314335060447,0.0009477666716503066,0.012506317594126192,2,579,0.0034542314335060447,0.0009477666716503066,0.012506317594126192,18,579,0.031088082901554404,0.01975348116113068,0.048604027980289566,247,579,0.4265975820379965,0.38692531184708145,0.4672374658269898,311 0.37; 350 0.12; 363 0.12; 364 0.07; 150 0.06; 312 0.05,6,38 0.18; 44 0.13; 52 0.11; 35 0.10; 99 0.07; 53 0.07; 40 0.05; 41 0.03; 12 0.03,9,earned income 0.43; unearned income 0.23; shelter deduction 0.12,"wrong amount, known item 0.34; wrong include/exclude decision 0.22; change in circumstances 0.11; unreported source of income 0.10",189,189,91,378,0.5,0.4498484390171442,0.5501515609828558,0.5,91,0.19402985074626866,469,123453.0
4+,elderly_disabled_i <=  0.500 & rawben_rel_max <=  0.944 & total_deductions_by_hh_size > 11.800 & total_deductions_by_hh_size <= 89.000,train_2022_23,1006,262,395,173,395,0.4379746835443038,0.3898763641393862,0.48726784549170543,96,395,0.2430379746835443,0.20334536053186072,0.2876806507969475,43,395,0.10886075949367088,0.08182907485054944,0.14342726751694684,31,395,0.07848101265822785,0.05583749646945882,0.10924458122755173,0,395,0.0,0.0,0.009631893964922415,8,395,0.020253164556962026,0.01029741468065465,0.03945065573125825,44,395,0.11139240506329114,0.08403213712026336,0.14623872730310672,127,395,0.32151898734177214,0.27736762441619484,0.36910857064470154,86,395,0.21772151898734177,0.17984623964194185,0.2610345511281283,39,395,0.09873417721518987,0.07306881985532718,0.13212943428867385,30,395,0.0759493670886076,0.05371536323496098,0.10635219240617577,49,395,0.1240506329113924,0.0951181819967748,0.1602252927059643,26,395,0.06582278481012659,0.04531151073326522,0.09469795668437628,2,395,0.005063291139240506,0.0013896079199045355,0.0182713301567655,0,395,0.0,0.0,0.009631893964922415,5,395,0.012658227848101266,0.005418549977418748,0.029285954266872718,31,395,0.07848101265822785,0.05583749646945882,0.10924458122755173,246,394,0.6243654822335025,0.5755608207162406,0.6707683716055277,34,394,0.08629441624365482,0.06240874459913702,0.11816965645293996,114,394,0.2893401015228426,0.2467687715098791,0.3359797394552889,253,394,0.6421319796954315,0.5936337292858012,0.6878853476533626,130,394,0.3299492385786802,0.2853582236743328,0.3778243092734535,1,394,0.0025380710659898475,0.0004481609216457627,0.014235069791281191,0,394,0.0,8.673617379884035e-19,0.009656104339013316,10,394,0.025380710659898477,0.013843443300851504,0.046083924777298196,159,394,0.4035532994923858,0.3562655917646021,0.45270360602667964,311 0.39; 350 0.13; 363 0.11; 364 0.08; 150 0.06,5,38 0.16; 44 0.15; 52 0.11; 35 0.10; 53 0.09; 99 0.08; 40 0.06; 41 0.03,8,earned income 0.44; unearned income 0.24; other element 0.11,"wrong amount, known item 0.32; wrong include/exclude decision 0.22; change in circumstances 0.12; unreported source of income 0.10",125,137,57,262,0.4770992366412214,0.4173867801439871,0.5374735577414304,0.5229007633587787,57,0.1786833855799373,319,83822.0
4+,elderly_disabled_i <=  0.500 & rawben_rel_max <=  0.944 & total_deductions_by_hh_size > 11.800 & total_deductions_by_hh_size <= 89.000,test_2024,417,116,185,77,185,0.41621621621621624,0.3475939129776222,0.488247342339003,40,185,0.21621621621621623,0.16299103803367937,0.2809874073935994,25,185,0.13513513513513514,0.09323567080582337,0.19187947331496355,10,185,0.05405405405405406,0.02962248683456714,0.09662935597972802,0,185,0.0,0.0,0.02034297527663396,9,185,0.04864864864864865,0.025802073282576415,0.08985888277795262,24,185,0.12972972972972974,0.0887496822727435,0.18577457509427736,73,185,0.3945945945945946,0.32699414022643614,0.4664835680751246,40,185,0.21621621621621623,0.16299103803367937,0.2809874073935994,20,185,0.10810810810810811,0.07107989344043078,0.16108081691152557,18,185,0.0972972972972973,0.062433156063950765,0.14854578078047337,14,185,0.07567567567567568,0.04561041020171801,0.12300497962764163,8,185,0.043243243243243246,0.02207206208317771,0.08299800722358522,1,185,0.005405405405405406,0.0009548003385717804,0.0299790616918283,2,185,0.010810810810810811,0.002969675963139271,0.03855507282102694,1,185,0.005405405405405406,0.0009548003385717804,0.0299790616918283,8,185,0.043243243243243246,0.02207206208317771,0.08299800722358522,132,185,0.7135135135135136,0.6445386445361068,0.773801382237655,14,185,0.07567567567567568,0.04561041020171801,0.12300497962764163,38,185,0.20540540540540542,0.15346583999549976,0.2693308319242468,106,185,0.572972972972973,0.5009220625233591,0.6420549086524835,68,185,0.3675675675675676,0.3014414394509983,0.4390818350817318,1,185,0.005405405405405406,0.0009548003385717804,0.0299790616918283,2,185,0.010810810810810811,0.002969675963139271,0.03855507282102694,8,185,0.043243243243243246,0.02207206208317771,0.08299800722358522,88,185,0.4756756756756757,0.40493882441656365,0.547402185191489,311 0.32; 363 0.14; 350 0.10; 312 0.06; 364 0.05; 150 0.05; 334 0.04,7,38 0.21; 52 0.12; 35 0.11; 44 0.09; 99 0.04; 57 0.04; 56 0.04; 37 0.04; 40 0.03; 41 0.03,10,earned income 0.42; unearned income 0.22; shelter deduction 0.14,"wrong amount, known item 0.39; wrong include/exclude decision 0.22; unreported source of income 0.11; household composition 0.10",64,52,34,116,0.5517241379310345,0.4610104889496263,0.6391216855206745,0.4482758620689655,34,0.22666666666666666,150,39631.0
4+,married <=   0.500 & shelter_expenses_by_hh_size <= 122.000 & total_deductions_by_hh_size >  11.900 & unc_rawben_rel_max <=   0.947,all_2022_24,1190,302,465,206,465,0.443010752688172,0.398510396672305,0.4884450270784883,90,465,0.1935483870967742,0.16020892592852526,0.23190986216536397,47,465,0.1010752688172043,0.07686368920863398,0.13182427704692012,28,465,0.060215053763440864,0.041985873210210994,0.085651264791195,2,465,0.004301075268817204,0.0011802787795997735,0.015545199505603586,20,465,0.043010752688172046,0.028012631469757947,0.0654978420035857,72,465,0.15483870967741936,0.12479941887937562,0.1905343740263733,162,465,0.34838709677419355,0.30648254815695164,0.3927762206894988,97,465,0.2086021505376344,0.17413339667168037,0.2478462228842634,41,465,0.08817204301075268,0.06565921330962693,0.11743375454988039,49,465,0.1053763440860215,0.08062939811779504,0.13659023426977465,52,465,0.11182795698924732,0.08630410806640035,0.14371302351919274,22,465,0.047311827956989246,0.03144859927451832,0.07059354033084092,8,465,0.017204301075268817,0.00874279170235364,0.03357768497889648,4,465,0.008602150537634409,0.003350093905373084,0.02190705051184586,5,465,0.010752688172043012,0.00460134021972412,0.024921637263502622,25,465,0.053763440860215055,0.036678258152002374,0.07816138065138024,313,463,0.6760259179265659,0.6320997386843268,0.7170550924189854,29,463,0.06263498920086392,0.04396099790920517,0.0885070597788843,121,463,0.2613390928725702,0.22339844219492896,0.30320758434597905,271,464,0.584051724137931,0.5386927959988651,0.6280303000233783,175,464,0.3771551724137931,0.3342328867755203,0.42209489596120076,1,464,0.0021551724137931034,0.0003805324192400752,0.01210574498747194,3,464,0.00646551724137931,0.002201205914372546,0.018834973852454515,14,464,0.03017241379310345,0.018056480221732115,0.050004162525727716,193,463,0.4168466522678186,0.3728006292716526,0.46226119898015705,311 0.41; 350 0.13; 363 0.10; 150 0.09; 364 0.06,5,38 0.16; 44 0.15; 52 0.10; 35 0.09; 53 0.07; 99 0.05; 40 0.05; 13 0.04; 41 0.04,9,earned income 0.44; unearned income 0.19; other element 0.15,"wrong amount, known item 0.35; wrong include/exclude decision 0.21; change in circumstances 0.11; household composition 0.11",154,148,74,302,0.5099337748344371,0.4537825440244668,0.5658354543119269,0.4900662251655629,74,0.19680851063829788,376,105400.0
4+,married <=   0.500 & shelter_expenses_by_hh_size <= 122.000 & total_deductions_by_hh_size >  11.900 & unc_rawben_rel_max <=   0.947,train_2022_23,828,215,327,143,327,0.43730886850152906,0.38457847378452414,0.49149515178130565,65,327,0.19877675840978593,0.15912875863996903,0.24542012517633463,32,327,0.09785932721712538,0.07017284116563216,0.13488480575664122,21,327,0.06422018348623854,0.04238391416679789,0.09617665379079875,2,327,0.0061162079510703364,0.0016788552207663687,0.02202312179784314,11,327,0.03363914373088685,0.0188853282150329,0.05922334977467576,53,327,0.1620795107033639,0.12609886628165748,0.20590774957318062,108,327,0.3302752293577982,0.28152821543447265,0.3829637952437493,71,327,0.21712538226299694,0.1758617089931245,0.2649583088039119,27,327,0.08256880733944955,0.0573644552448956,0.11746724669343382,33,327,0.10091743119266056,0.07276376408079804,0.13833907183826416,38,327,0.1162079510703364,0.08584466030913712,0.15548412059386904,19,327,0.0581039755351682,0.037509487925569324,0.08896070203844972,6,327,0.01834862385321101,0.008435679386395249,0.03944705361936945,2,327,0.0061162079510703364,0.0016788552207663687,0.02202312179784314,5,327,0.01529051987767584,0.0065483226073228505,0.035289221401653054,18,327,0.05504587155963303,0.03509913868454757,0.08532586228268267,220,326,0.6748466257668712,0.6222158622937369,0.7234045809735768,22,326,0.06748466257668712,0.044984572206067684,0.10005959444847196,84,326,0.25766871165644173,0.2132077547924931,0.30777443787210723,208,326,0.6380368098159509,0.5845411154853741,0.6883171291993473,109,326,0.3343558282208589,0.28533549299930216,0.3872346133790323,1,326,0.003067484662576687,0.0005416778083986527,0.017168641326604332,0,326,0.0,0.0,0.01164680258645362,8,326,0.024539877300613498,0.012485928555014163,0.047669006419834375,139,326,0.4263803680981595,0.37385885506992955,0.4806167477648857,311 0.42; 350 0.13; 363 0.10; 150 0.08; 364 0.06,5,44 0.18; 38 0.15; 53 0.10; 52 0.09; 35 0.08; 99 0.06; 40 0.06; 13 0.03; 41 0.03,9,earned income 0.44; unearned income 0.20; other element 0.16,"wrong amount, known item 0.33; wrong include/exclude decision 0.22; change in circumstances 0.12; household composition 0.10",107,108,50,215,0.49767441860465117,0.4314697214722968,0.5639607634080915,0.5023255813953489,50,0.18867924528301888,265,73604.0
4+,married <=   0.500 & shelter_expenses_by_hh_size <= 122.000 & total_deductions_by_hh_size >  11.900 & unc_rawben_rel_max <=   0.947,test_2024,362,87,138,63,138,0.45652173913043476,0.3757168442459045,0.5396817412184445,25,138,0.18115942028985507,0.12582458991984352,0.25376503681871554,15,138,0.10869565217391304,0.06698480317598648,0.17160246600315418,7,138,0.050724637681159424,0.024785107968775345,0.10100027516283061,0,138,0.0,0.0,0.027083732840013083,9,138,0.06521739130434782,0.034686920773421094,0.11929893387006854,19,138,0.13768115942028986,0.08994576408901436,0.2050424481138937,54,138,0.391304347826087,0.3138765187016417,0.47461994495923077,26,138,0.18840579710144928,0.13194064080494428,0.26174922168955667,14,138,0.10144927536231885,0.06139672581345134,0.1630903076097475,16,138,0.11594202898550725,0.07263840593820414,0.18004909899687838,14,138,0.10144927536231885,0.06139672581345134,0.1630903076097475,3,138,0.021739130434782608,0.007420259437195154,0.06196418067064344,2,138,0.014492753623188406,0.003983391943439229,0.05130081240845753,2,138,0.014492753623188406,0.003983391943439229,0.05130081240845753,0,138,0.0,0.0,0.027083732840013083,7,138,0.050724637681159424,0.024785107968775345,0.10100027516283061,93,137,0.6788321167883211,0.5966853501218425,0.751223222345383,7,137,0.051094890510948905,0.024967626448697156,0.10171085490908352,37,137,0.27007299270072993,0.20274861096279786,0.34994036729362643,63,138,0.45652173913043476,0.3757168442459045,0.5396817412184445,66,138,0.4782608695652174,0.3966396690369733,0.5610596236952011,0,138,0.0,0.0,0.027083732840013083,3,138,0.021739130434782608,0.007420259437195154,0.06196418067064344,6,138,0.043478260869565216,0.020076222874206656,0.09160892450145745,54,137,0.39416058394160586,0.3162898229154807,0.47780510358350836,311 0.41; 350 0.12; 363 0.11; 150 0.11; 323 0.05,5,38 0.20; 52 0.11; 35 0.10; 44 0.09; 13 0.06; 56 0.05; 99 0.05; 40 0.05; 41 0.05,9,earned income 0.46; unearned income 0.18; other element 0.14,"wrong amount, known item 0.39; wrong include/exclude decision 0.19; household composition 0.12; unreported source of income 0.10",47,40,24,87,0.5402298850574713,0.4360264044396558,0.6410308028310219,0.45977011494252873,24,0.21621621621621623,111,31796.0
2-3,medical_deductions >= 179.00 & rawben_rel_max >=   0.57 & shelter_expenses_by_hh_size >= 261.00 & utilities < 921.00,all_2022_24,102,46,77,1,77,0.012987012987012988,0.0022961581721549496,0.06996366845176145,20,77,0.2597402597402597,0.17489066479540777,0.3674241830057244,16,77,0.2077922077922078,0.13214965937388248,0.3112062366004674,1,77,0.012987012987012988,0.0022961581721549496,0.06996366845176145,33,77,0.42857142857142855,0.32403475215621097,0.5398966890819635,2,77,0.025974025974025976,0.0071520098481384214,0.08984755473247355,4,77,0.05194805194805195,0.02038438860493938,0.12609465188906374,14,77,0.18181818181818182,0.11151152010047759,0.28236489996048114,43,77,0.5584415584415584,0.44738036790961955,0.6639484528955104,4,77,0.05194805194805195,0.02038438860493938,0.12609465188906374,2,77,0.025974025974025976,0.0071520098481384214,0.08984755473247355,2,77,0.025974025974025976,0.0071520098481384214,0.08984755473247355,3,77,0.03896103896103896,0.013337708283515264,0.10840159425379228,2,77,0.025974025974025976,0.0071520098481384214,0.08984755473247355,0,77,0.0,3.469446951953614e-18,0.047520088667220836,0,77,0.0,3.469446951953614e-18,0.047520088667220836,7,77,0.09090909090909091,0.04473514189357164,0.17596311247051816,47,77,0.6103896103896104,0.4987086179545712,0.7115791546773411,14,77,0.18181818181818182,0.11151152010047759,0.28236489996048114,16,77,0.2077922077922078,0.13214965937388248,0.3112062366004674,53,77,0.6883116883116883,0.5779975455912919,0.7807286547807938,21,77,0.2727272727272727,0.1858435554011884,0.3812110303566392,1,77,0.012987012987012988,0.0022961581721549496,0.06996366845176145,0,77,0.0,3.469446951953614e-18,0.047520088667220836,2,77,0.025974025974025976,0.0071520098481384214,0.08984755473247355,40,77,0.5194805194805194,0.40963811196379796,0.6274714949712452,365 0.43; 363 0.21; 331 0.19,3,53 0.47; 38 0.13; 99 0.09; 35 0.05; 37 0.05,5,medical deduction 0.43; unearned income 0.26; shelter deduction 0.21,"wrong include/exclude decision 0.56; wrong amount, known item 0.18; other 0.09",44,2,38,46,0.9565217391304348,0.8546747708094659,0.9879948064111691,0.043478260869565216,38,0.4523809523809524,84,13959.0
2-3,medical_deductions >= 179.00 & rawben_rel_max >=   0.57 & shelter_expenses_by_hh_size >= 261.00 & utilities < 921.00,train_2022_23,69,31,58,1,58,0.017241379310344827,0.003049959884541764,0.09141072677298324,14,58,0.2413793103448276,0.14958739726966278,0.3653022562968685,13,58,0.22413793103448276,0.13593533332871566,0.3466136304755843,1,58,0.017241379310344827,0.003049959884541764,0.09141072677298324,24,58,0.41379310344827586,0.29627832678138283,0.5420182244074607,2,58,0.034482758620689655,0.009507728866485675,0.11729364755327057,3,58,0.05172413793103448,0.017745812831795674,0.14139625335019185,8,58,0.13793103448275862,0.07158401626482185,0.24926149872832187,32,58,0.5517241379310345,0.4245185822161052,0.6725034870705885,4,58,0.06896551724137931,0.027143807598168326,0.16433894834605045,1,58,0.017241379310344827,0.003049959884541764,0.09141072677298324,2,58,0.034482758620689655,0.009507728866485675,0.11729364755327057,3,58,0.05172413793103448,0.017745812831795674,0.14139625335019185,1,58,0.017241379310344827,0.003049959884541764,0.09141072677298324,0,58,0.0,0.0,0.062119996895293766,0,58,0.0,0.0,0.062119996895293766,7,58,0.1206896551724138,0.059708902448596696,0.22879592278231584,37,58,0.6379310344827587,0.5092728615828533,0.7494526565149967,11,58,0.1896551724137931,0.10934140042567436,0.3085261838541631,10,58,0.1724137931034483,0.09644189395085108,0.2890850005667552,39,58,0.6724137931034483,0.5442381364257336,0.779168761196579,17,58,0.29310344827586204,0.1917802782864472,0.42013144456677776,0,58,0.0,0.0,0.062119996895293766,0,58,0.0,0.0,0.062119996895293766,2,58,0.034482758620689655,0.009507728866485675,0.11729364755327057,29,58,0.5,0.3753805824767928,0.6246194175232072,365 0.41; 363 0.22; 331 0.17,3,53 0.48; 38 0.14; 99 0.12; 35 0.07,4,medical deduction 0.41; unearned income 0.24; shelter deduction 0.22,"wrong include/exclude decision 0.55; wrong amount, known item 0.14; other 0.12",30,1,26,31,0.967741935483871,0.8380554282383037,0.9942829259130554,0.03225806451612903,26,0.45614035087719296,57,10599.0
2-3,medical_deductions >= 179.00 & rawben_rel_max >=   0.57 & shelter_expenses_by_hh_size >= 261.00 & utilities < 921.00,test_2024,33,15,19,0,19,0.0,0.0,0.16818436536845052,6,19,0.3157894736842105,0.15364171004428598,0.5398998982493537,3,19,0.15789473684210525,0.055203710399278266,0.3756592764317668,0,19,0.0,0.0,0.16818436536845052,9,19,0.47368421052631576,0.27329505487448547,0.6829251748817489,0,19,0.0,0.0,0.16818436536845052,1,19,0.05263157894736842,0.009351752490529969,0.2463921533654521,6,19,0.3157894736842105,0.15364171004428598,0.5398998982493537,11,19,0.5789473684210527,0.36275551465160105,0.7685837960796962,0,19,0.0,0.0,0.16818436536845052,1,19,0.05263157894736842,0.009351752490529969,0.2463921533654521,0,19,0.0,0.0,0.16818436536845052,0,19,0.0,0.0,0.16818436536845052,1,19,0.05263157894736842,0.009351752490529969,0.2463921533654521,0,19,0.0,0.0,0.16818436536845052,0,19,0.0,0.0,0.16818436536845052,0,19,0.0,0.0,0.16818436536845052,10,19,0.5263157894736842,0.31707482511825114,0.7267049451255145,3,19,0.15789473684210525,0.055203710399278266,0.3756592764317668,6,19,0.3157894736842105,0.15364171004428598,0.5398998982493537,14,19,0.7368421052631579,0.5120803155892935,0.8819376166045982,4,19,0.21052631578947367,0.08507538491591576,0.43334714240266087,1,19,0.05263157894736842,0.009351752490529969,0.2463921533654521,0,19,0.0,0.0,0.16818436536845052,0,19,0.0,0.0,0.16818436536845052,11,19,0.5789473684210527,0.36275551465160105,0.7685837960796962,365 0.47; 331 0.26; 363 0.16,3,53 0.42; 56 0.21; 37 0.16,3,medical deduction 0.47; unearned income 0.32,"wrong include/exclude decision 0.58; wrong amount, known item 0.32",14,1,12,15,0.9333333333333333,0.7018292244757601,0.9881334113938051,0.06666666666666667,12,0.4444444444444444,27,3360.0
4+,months_since_cert_n >  0.500 & rawben_rel_max >  0.474 & total_deductions_by_hh_size > 12.000 & unc_rawben_rel_max <=  0.784,all_2022_24,4119,1044,1641,667,1641,0.4064594759293114,0.3829398284651935,0.43041605942091055,316,1641,0.19256550883607557,0.17421378547525193,0.21235328578559162,296,1641,0.18037781840341255,0.16252732214366114,0.19972129802742397,75,1641,0.04570383912248629,0.03661644275799333,0.05691329287126117,5,1641,0.0030469226081657527,0.001302124698908052,0.0071130321161919545,98,1641,0.05971968312004875,0.04924990083678627,0.07224605354569043,184,1641,0.11212675198049969,0.09775736636044557,0.12830792770799235,556,1641,0.3388177940280317,0.3163173765165922,0.36207110782135254,390,1641,0.2376599634369287,0.21769297336561252,0.2588523669273372,170,1641,0.1035953686776356,0.08976505042725284,0.1192773278783542,118,1641,0.07190737355271176,0.0603825802692226,0.08543182520301253,146,1641,0.08897014015843997,0.07613780881821675,0.10372242817968017,111,1641,0.06764168190127971,0.05647305988559695,0.08082988770522273,19,1641,0.01157830591102986,0.007424717374299389,0.018013355203631516,9,1641,0.005484460694698354,0.0028880388293325387,0.010390808203719152,12,1641,0.007312614259597806,0.004188013719981014,0.012738600976534443,110,1641,0.06703229737964655,0.05591564908960454,0.0801713759467272,999,1632,0.6121323529411765,0.5882546230853071,0.6354834209893759,142,1632,0.08700980392156862,0.07428678949480658,0.10167254544324611,490,1632,0.3002450980392157,0.2784968022647232,0.3229316000940382,936,1638,0.5714285714285714,0.5473231251544096,0.595199758904564,633,1638,0.38644688644688646,0.36315725648911434,0.4102679021863632,7,1638,0.004273504273504274,0.002071588965466767,0.008795232779091295,13,1638,0.007936507936507936,0.004643957314013964,0.013531730279722237,49,1638,0.029914529914529916,0.02270117962679702,0.039327703062008036,649,1632,0.39767156862745096,0.37419340492561254,0.4216303472029554,311 0.35; 363 0.18; 350 0.08; 150 0.06; 312 0.05; 364 0.05,6,38 0.18; 35 0.10; 53 0.10; 44 0.10; 52 0.09; 99 0.07; 41 0.03; 56 0.03; 37 0.03; 40 0.02,10,earned income 0.41; unearned income 0.19; shelter deduction 0.18,"wrong amount, known item 0.34; wrong include/exclude decision 0.24; unreported source of income 0.10; change in circumstances 0.09",679,365,329,1044,0.6503831417624522,0.6209537317677211,0.6787098815112326,0.3496168582375479,329,0.23962126729788782,1373,335348.0
4+,months_since_cert_n >  0.500 & rawben_rel_max >  0.474 & total_deductions_by_hh_size > 12.000 & unc_rawben_rel_max <=  0.784,train_2022_23,2677,668,1053,425,1053,0.4036087369420703,0.37437711947545027,0.43354111538585716,216,1053,0.20512820512820512,0.18183133029897652,0.23056878718315132,187,1053,0.17758784425451093,0.15568895807268418,0.20183065508410303,52,1053,0.04938271604938271,0.0378554514442519,0.06418595192215608,3,1053,0.002849002849002849,0.0009693632967877055,0.008342912071630796,57,1053,0.05413105413105413,0.04201347442193143,0.06949008486263875,113,1053,0.10731244064577398,0.09002472598659586,0.12745497958139085,320,1053,0.30389363722697055,0.27686732854906815,0.3323456320308332,268,1053,0.25451092117758783,0.22912628398687562,0.28168025504413896,103,1053,0.09781576448243115,0.08130781810503215,0.11724757562663016,67,1053,0.06362773029439696,0.05041239816188677,0.08001547295900777,103,1053,0.09781576448243115,0.08130781810503215,0.11724757562663016,89,1053,0.08452041785375118,0.06919191834690935,0.10286943881389882,11,1053,0.010446343779677113,0.0058428940730472214,0.018608830764430786,7,1053,0.006647673314339981,0.003223763532618329,0.013658236570329926,8,1053,0.007597340930674264,0.003854581734015784,0.01491984955256491,77,1053,0.0731244064577398,0.058903434235458935,0.09044874872175998,635,1050,0.6047619047619047,0.5748593330954207,0.6339006930792909,100,1050,0.09523809523809523,0.07892912326162167,0.11449804833608333,315,1050,0.3,0.2730514439622078,0.32840668788606997,615,1050,0.5857142857142857,0.555658795740679,0.6151448620386305,393,1050,0.3742857142857143,0.34552188085151603,0.40396608773883,2,1050,0.0019047619047619048,0.0005224989841507034,0.006918467476083927,0,1050,0.0,0.0,0.003645329620694419,40,1050,0.0380952380952381,0.02809936747719813,0.05145869893430054,417,1050,0.39714285714285713,0.36797280758624495,0.4270628030785836,311 0.35; 363 0.18; 350 0.09; 150 0.05; 312 0.05; 364 0.05,6,38 0.19; 53 0.12; 44 0.11; 52 0.10; 35 0.10; 99 0.07; 41 0.03; 37 0.03; 40 0.03,9,earned income 0.40; unearned income 0.21; shelter deduction 0.18,"wrong amount, known item 0.30; wrong include/exclude decision 0.25; change in circumstances 0.10; unreported source of income 0.10",415,253,200,668,0.6212574850299402,0.5838774837452844,0.6572507822031178,0.3787425149700599,200,0.2304147465437788,868,203938.0
4+,months_since_cert_n >  0.500 & rawben_rel_max >  0.474 & total_deductions_by_hh_size > 12.000 & unc_rawben_rel_max <=  0.784,test_2024,1442,376,588,242,588,0.41156462585034015,0.3724864571402945,0.4517908494903986,100,588,0.17006802721088435,0.14186577228450714,0.20255341014538625,109,588,0.18537414965986396,0.1560417059482817,0.218791019564761,23,588,0.0391156462585034,0.02620391420283219,0.058010510737895205,2,588,0.003401360544217687,0.0009332523188726755,0.012316238761173066,41,588,0.06972789115646258,0.051812304975991166,0.09322920613103476,71,588,0.12074829931972789,0.09684354707583398,0.14957644097502287,236,588,0.4013605442176871,0.3625041426492493,0.44149746859267763,122,588,0.20748299319727892,0.1766565911826742,0.24210680767269524,67,588,0.11394557823129252,0.09072953071886272,0.14217332707281669,51,588,0.08673469387755102,0.06658400145574006,0.11225033529922951,43,588,0.07312925170068027,0.0547425081699342,0.09705756806668048,22,588,0.03741496598639456,0.024835950723067154,0.05599919165286586,8,588,0.013605442176870748,0.006909776489754523,0.026615409979057404,2,588,0.003401360544217687,0.0009332523188726755,0.012316238761173066,4,588,0.006802721088435374,0.002648489729731701,0.01735956647990277,33,588,0.05612244897959184,0.04023814693846975,0.07776910365020129,364,582,0.6254295532646048,0.5854042213665493,0.6638099006759959,42,582,0.07216494845360824,0.0538295757673789,0.09611129562174744,175,582,0.3006872852233677,0.2648383360120341,0.33915018238611305,321,588,0.5459183673469388,0.5055062992603646,0.5857343299890833,240,588,0.40816326530612246,0.369157067133648,0.4483616743674564,5,588,0.008503401360544218,0.0036374038851572626,0.01974993488927157,13,588,0.022108843537414966,0.01296513808398054,0.037456461208803214,9,588,0.015306122448979591,0.00807301241714164,0.028831456616464655,232,582,0.39862542955326463,0.3596366373820833,0.4389437297342158,311 0.36; 363 0.19; 350 0.08; 150 0.06; 323 0.06; 312 0.05,6,38 0.17; 35 0.11; 56 0.09; 44 0.09; 52 0.08; 53 0.07; 99 0.06; 37 0.04; 41 0.03; 57 0.03,10,earned income 0.41; shelter deduction 0.19; unearned income 0.17,"wrong amount, known item 0.40; wrong include/exclude decision 0.21; unreported source of income 0.11; household composition 0.09",264,112,129,376,0.7021276595744681,0.6540464549935331,0.7461203513804923,0.2978723404255319,129,0.25544554455445545,505,131410.0
4+,cat_elig <=  0.500 & medical_deductions <= 37.500 & months_since_cert_n >  4.500 & rawben_rel_max <=  0.944,all_2022_24,533,128,173,78,173,0.4508670520231214,0.3785889928639148,0.5252797800944843,37,173,0.2138728323699422,0.15933475488036955,0.280842217053836,27,173,0.15606936416184972,0.10953101490588989,0.21755039580290264,3,173,0.017341040462427744,0.0059146456907766265,0.04973741807702461,1,173,0.005780346820809248,0.0010210766639910194,0.03201187485872761,12,173,0.06936416184971098,0.04012085968007607,0.1173172091905969,15,173,0.08670520231213873,0.05324721784157309,0.1381195193967238,57,173,0.32947976878612717,0.26380886345785154,0.4025592309271801,33,173,0.1907514450867052,0.13917297852719077,0.25576576891684955,18,173,0.10404624277456648,0.06683227364642583,0.15846313195949496,13,173,0.07514450867052024,0.04443750711544603,0.12431011787776824,32,173,0.18497109826589594,0.13417968576824787,0.24944950555325116,9,173,0.05202312138728324,0.027607516565911747,0.09590188393713732,3,173,0.017341040462427744,0.0059146456907766265,0.04973741807702461,0,173,0.0,0.0,0.021723395400177335,1,173,0.005780346820809248,0.0010210766639910194,0.03201187485872761,7,173,0.04046242774566474,0.019735695662096785,0.08115459259586966,71,170,0.4176470588235294,0.3461319955680449,0.49280183845097,16,170,0.09411764705882353,0.058763852148011386,0.14741004408856256,83,170,0.48823529411764705,0.41418794920320934,0.5628025985137927,79,172,0.45930232558139533,0.3865277553168744,0.5338551347387209,83,172,0.48255813953488375,0.40907964360812116,0.5567987378442769,0,172,0.0,0.0,0.021846934968744597,2,172,0.011627906976744186,0.003194538170137408,0.04140014249700848,8,172,0.046511627906976744,0.023753540562369307,0.08908437719998044,64,170,0.3764705882352941,0.30712532979854484,0.4512754212299776,311 0.42; 363 0.16; 350 0.08; 323 0.05; 333 0.05,5,38 0.17; 53 0.13; 44 0.12; 35 0.10; 41 0.10; 39 0.04; 99 0.04; 52 0.03; 40 0.03,9,earned income 0.45; unearned income 0.21; shelter deduction 0.16,"wrong amount, known item 0.33; wrong include/exclude decision 0.19; change in circumstances 0.18; unreported source of income 0.10",85,43,38,128,0.6640625,0.5785165925578445,0.7400475025380887,0.3359375,38,0.2289156626506024,166,32021.0
4+,cat_elig <=  0.500 & medical_deductions <= 37.500 & months_since_cert_n >  4.500 & rawben_rel_max <=  0.944,train_2022_23,385,94,128,57,128,0.4453125,0.36205379206482013,0.5317581762365354,30,128,0.234375,0.16939254101487963,0.3148370193059903,16,128,0.125,0.07842577339785958,0.19342772352572143,1,128,0.0078125,0.0013803963628788857,0.04292731834932121,1,128,0.0078125,0.0013803963628788857,0.04292731834932121,10,128,0.078125,0.04298691065341302,0.13784827338561562,13,128,0.1015625,0.060318074551540965,0.16602626592976388,37,128,0.2890625,0.21758282345798544,0.37283476856152886,30,128,0.234375,0.16939254101487963,0.3148370193059903,13,128,0.1015625,0.060318074551540965,0.16602626592976388,11,128,0.0859375,0.048662628996882715,0.147342273856238,24,128,0.1875,0.12936052020943412,0.2638507272268834,7,128,0.0546875,0.02673986088319332,0.10858616671355914,0,128,0.0,0.0,0.02913799589810803,0,128,0.0,0.0,0.02913799589810803,1,128,0.0078125,0.0013803963628788857,0.04292731834932121,5,128,0.0390625,0.0167983630559502,0.08818822691261814,57,128,0.4453125,0.36205379206482013,0.5317581762365354,16,128,0.125,0.07842577339785958,0.19342772352572143,55,128,0.4296875,0.34721027760971723,0.5162622530634542,54,128,0.421875,0.3398196990498745,0.5084831128092049,67,128,0.5234375,0.43749638578492134,0.6080127706573549,0,128,0.0,0.0,0.02913799589810803,0,128,0.0,0.0,0.02913799589810803,7,128,0.0546875,0.02673986088319332,0.10858616671355914,44,128,0.34375,0.26710028592933976,0.42950533778881894,311 0.41; 363 0.12; 350 0.07; 323 0.07; 150 0.06; 333 0.05,6,38 0.18; 53 0.16; 44 0.11; 41 0.10; 35 0.10; 39 0.05; 52 0.04; 99 0.04,8,earned income 0.45; unearned income 0.23; shelter deduction 0.12,"wrong amount, known item 0.29; wrong include/exclude decision 0.23; change in circumstances 0.19; unreported source of income 0.10",63,31,29,94,0.6702127659574468,0.5701327612537006,0.756926485528854,0.32978723404255317,29,0.23577235772357724,123,23563.0
4+,cat_elig <=  0.500 & medical_deductions <= 37.500 & months_since_cert_n >  4.500 & rawben_rel_max <=  0.944,test_2024,148,34,45,21,45,0.4666666666666667,0.3293490394201473,0.6092279113758954,7,45,0.15555555555555556,0.07745325311328677,0.28784190511248803,11,45,0.24444444444444444,0.14235335025509283,0.3867366058479013,2,45,0.044444444444444446,0.012273869040444335,0.14827779183880616,0,45,0.0,0.0,0.07865426194064076,2,45,0.044444444444444446,0.012273869040444335,0.14827779183880616,2,45,0.044444444444444446,0.012273869040444335,0.14827779183880616,20,45,0.4444444444444444,0.30938708549039107,0.5882411658363468,3,45,0.06666666666666667,0.022931616462147086,0.17856874388640825,5,45,0.1111111111111111,0.04840400437825558,0.23499375490890945,2,45,0.044444444444444446,0.012273869040444335,0.14827779183880616,8,45,0.17777777777777778,0.0929427892585383,0.3133010684365414,2,45,0.044444444444444446,0.012273869040444335,0.14827779183880616,3,45,0.06666666666666667,0.022931616462147086,0.17856874388640825,0,45,0.0,0.0,0.07865426194064076,0,45,0.0,0.0,0.07865426194064076,2,45,0.044444444444444446,0.012273869040444335,0.14827779183880616,14,42,0.3333333333333333,0.2101228076197232,0.4844777298833308,0,42,0.0,0.0,0.08380161250916197,28,42,0.6666666666666666,0.5155222701166692,0.7898771923802769,25,44,0.5681818181818182,0.42223890740554393,0.7031749583514542,16,44,0.36363636363636365,0.23783334127491423,0.5113389272110895,0,44,0.0,6.938893903907228e-18,0.08029831778201396,2,44,0.045454545454545456,0.012554846366981079,0.15135271525303162,1,44,0.022727272727272728,0.004023148385637013,0.11807979131537633,20,42,0.47619047619047616,0.3335936447596496,0.6227778605979295,311 0.44; 363 0.24; 350 0.09,3,38 0.16; 44 0.13; 35 0.11; 56 0.11; 41 0.09; 97 0.07; 64 0.07; 53 0.04,8,earned income 0.47; shelter deduction 0.24; unearned income 0.16,"wrong amount, known item 0.44; change in circumstances 0.18; unreported source of income 0.11; reporting system or process 0.07",22,12,9,34,0.6470588235294118,0.4791365883001342,0.7851228510470394,0.35294117647058826,9,0.20930232558139536,43,8458.0
4+,months_since_cert_n >   4.500 & total_deductions_by_hh_size <= 129.000 & unc_rawben_rel_max <=   0.968,all_2022_24,2331,560,903,294,903,0.32558139534883723,0.2958123738822333,0.35682817547059736,244,903,0.2702104097452935,0.2422646454300318,0.30010306244750706,134,903,0.14839424141749724,0.1266982421247831,0.17306921450711382,58,903,0.06423034330011074,0.05001317223839171,0.0821395653510616,7,903,0.007751937984496124,0.0037599740246934644,0.0159144652599622,20,903,0.0221483942414175,0.014382611316505903,0.03396276675172564,146,903,0.16168327796234774,0.13911143203232823,0.18712150655363874,280,903,0.31007751937984496,0.2807672279083484,0.3409969258314005,206,903,0.22812846068660023,0.2019439583885259,0.25661638996779124,94,903,0.10409745293466224,0.08582742037630281,0.12572176307536065,95,903,0.10520487264673312,0.08683777601349366,0.12691686426767562,91,903,0.10077519379844961,0.08280053466762241,0.1221322782955235,46,903,0.05094130675526024,0.03840668269325889,0.06728057294212439,11,903,0.012181616832779624,0.00681535876135675,0.021680907841322265,3,903,0.0033222591362126247,0.0011304768465195958,0.009722135120112723,11,903,0.012181616832779624,0.00681535876135675,0.021680907841322265,66,903,0.07308970099667775,0.05786100639833118,0.09193538582716886,423,901,0.4694783573806881,0.4370892847296997,0.5021265957072739,84,901,0.0932297447280799,0.07593313306312427,0.11398032803327093,394,901,0.43729189789123196,0.4052351196963876,0.4698811437468493,544,902,0.6031042128603105,0.5708025919380688,0.6345313207460033,325,902,0.360310421286031,0.3296326130669405,0.3921730536191555,2,902,0.0022172949002217295,0.0006082602471622557,0.008048440880275476,3,902,0.0033259423503325942,0.0011317308461553386,0.009732861815519727,28,902,0.031042128603104215,0.021562902767710175,0.0444989782498982,437,901,0.48501664816870144,0.45251567728739145,0.5176448458362137,311 0.29; 363 0.15; 350 0.11; 150 0.09; 364 0.06; 331 0.04; 333 0.03,7,38 0.16; 52 0.12; 44 0.12; 35 0.10; 99 0.07; 53 0.06; 37 0.04; 13 0.03; 41 0.03; 12 0.03,10,earned income 0.33; unearned income 0.27; other element 0.16,"wrong amount, known item 0.31; wrong include/exclude decision 0.23; household composition 0.11; unreported source of income 0.10; change in circumstances 0.10",314,246,194,560,0.5607142857142857,0.5193326949549438,0.601268551920065,0.4392857142857143,194,0.2572944297082228,754,192360.0
4+,months_since_cert_n >   4.500 & total_deductions_by_hh_size <= 129.000 & unc_rawben_rel_max <=   0.968,train_2022_23,1668,392,621,207,621,0.3333333333333333,0.2973810205432416,0.3713350188497822,173,621,0.2785829307568438,0.24476656575467998,0.3151218923761488,89,621,0.143317230273752,0.11794824763288729,0.17307206855604762,40,621,0.0644122383252818,0.047656348427131096,0.08652421829569912,4,621,0.00644122383252818,0.0025075930226294433,0.016443770010817753,13,621,0.020933977455716585,0.01227392883515248,0.03548473512064048,95,621,0.1529790660225443,0.12680705532897793,0.1834181281415209,189,621,0.30434782608695654,0.26945185554624573,0.3416495820020866,141,621,0.22705314009661837,0.1958403563211124,0.26162214297470915,55,621,0.08856682769726248,0.06867558367330948,0.11351715125343037,59,621,0.09500805152979067,0.07437172020626988,0.12062425957484586,67,621,0.10789049919484701,0.08585601276716205,0.13474645672270544,39,621,0.06280193236714976,0.046278160864396345,0.08470159464483992,8,621,0.01288244766505636,0.00654179920405149,0.025212808683771598,0,621,0.0,0.0,0.006148118179071304,7,621,0.011272141706924315,0.005470659945513885,0.023083136728715235,56,621,0.09017713365539452,0.07009650138083891,0.11529704475949488,280,621,0.45088566827697263,0.4121710924180227,0.4902041655673612,59,621,0.09500805152979067,0.07437172020626988,0.12062425957484586,282,621,0.45410628019323673,0.41534795114094203,0.49342892927162985,385,621,0.6199677938808373,0.5811633268836185,0.6572971085291326,213,621,0.34299516908212563,0.3067259662696474,0.38119494040494034,1,621,0.001610305958132045,0.00028430780697127206,0.009064621585694006,0,621,0.0,0.0,0.006148118179071304,22,621,0.03542673107890499,0.02350970638572278,0.053056258492415936,288,621,0.463768115942029,0.42488833905373613,0.5030934086403996,311 0.30; 363 0.14; 350 0.10; 150 0.08; 364 0.06; 331 0.04; 333 0.04,7,38 0.17; 44 0.13; 52 0.12; 99 0.09; 35 0.09; 53 0.07; 37 0.03; 41 0.03; 39 0.03,9,earned income 0.33; unearned income 0.28; other element 0.15,"wrong amount, known item 0.30; wrong include/exclude decision 0.23; change in circumstances 0.11; household composition 0.10; other 0.09",212,180,128,392,0.5408163265306123,0.4913263001018988,0.5895141168729721,0.45918367346938777,128,0.24615384615384617,520,125483.0
4+,months_since_cert_n >   4.500 & total_deductions_by_hh_size <= 129.000 & unc_rawben_rel_max <=   0.968,test_2024,663,168,282,87,282,0.30851063829787234,0.2574770925453729,0.36469126923261885,71,282,0.25177304964539005,0.20468166252975215,0.3055365842194963,45,282,0.1595744680851064,0.12144924798293,0.20685006184461086,18,282,0.06382978723404255,0.04075295032320113,0.09863054039333556,3,282,0.010638297872340425,0.0036243861696741275,0.030805871707415833,7,282,0.024822695035460994,0.012074895634043716,0.05034289100023206,51,282,0.18085106382978725,0.14031402845614432,0.22996657450717523,91,282,0.32269503546099293,0.2708277899895769,0.3793281005456006,65,282,0.23049645390070922,0.185160598380427,0.28307635523304286,39,282,0.13829787234042554,0.10284461594629435,0.1834734007454678,36,282,0.1276595744680851,0.0936545671250707,0.17167280299880205,24,282,0.0851063829787234,0.05785642381647349,0.1235083600358419,7,282,0.024822695035460994,0.012074895634043716,0.05034289100023206,3,282,0.010638297872340425,0.0036243861696741275,0.030805871707415833,3,282,0.010638297872340425,0.0036243861696741275,0.030805871707415833,4,282,0.014184397163120567,0.005529404867899827,0.03589773519848659,10,282,0.03546099290780142,0.0193735261985627,0.06403490700360243,143,280,0.5107142857142857,0.4524139258584855,0.5687246246570131,25,280,0.08928571428571429,0.061207782272192535,0.1284811146336874,112,280,0.4,0.344344080802543,0.4583627810528017,159,281,0.5658362989323843,0.5073807701383974,0.6225159865151251,112,281,0.398576512455516,0.3430687830760326,0.45681999721448674,1,281,0.0035587188612099642,0.0006284615546677825,0.01987977881471646,3,281,0.010676156583629894,0.003637307537722779,0.03091382544285309,6,281,0.021352313167259787,0.009821690875373879,0.04579378102198943,149,280,0.5321428571428571,0.4736579901119185,0.5897576614345779,311 0.27; 363 0.16; 350 0.13; 150 0.12; 364 0.06; 331 0.05,6,35 0.14; 38 0.13; 52 0.12; 44 0.10; 56 0.06; 53 0.05; 37 0.04; 12 0.04; 13 0.04; 99 0.04; 7 0.02,11,earned income 0.31; unearned income 0.25; other element 0.18; shelter deduction 0.16,"wrong amount, known item 0.32; wrong include/exclude decision 0.23; unreported source of income 0.14; household composition 0.13",102,66,66,168,0.6071428571428571,0.5316861927944314,0.6778090633018805,0.39285714285714285,66,0.28205128205128205,234,66877.0
4+,count_divisible_by_100 <= 0.500 & HH_size_n > 4.500 & married <= 0.500 & rawben_rel_max <= 0.783,all_2022_24,1982,529,836,299,836,0.3576555023923445,0.3258829997078347,0.3907302283104012,199,836,0.23803827751196172,0.2104079890970529,0.268065094398692,139,836,0.16626794258373206,0.1425671573447916,0.1930218394374588,45,836,0.05382775119617225,0.040469589293071595,0.07126767163803734,3,836,0.0035885167464114833,0.0012211318166165785,0.010497268415046154,48,836,0.05741626794258373,0.04357718028831403,0.07530428497846961,103,836,0.12320574162679426,0.10263346466782264,0.147225080086331,295,836,0.35287081339712917,0.3212175943190704,0.38587002791826586,211,836,0.25239234449760767,0.22412444237409382,0.28292545846435013,82,836,0.09808612440191387,0.07972462756465348,0.12012448683977708,73,836,0.08732057416267942,0.07002213520731752,0.10839436619008887,53,836,0.06339712918660287,0.0487931900459051,0.0819952824470031,45,836,0.05382775119617225,0.040469589293071595,0.07126767163803734,15,836,0.017942583732057416,0.010903019633959501,0.02939219794040214,4,836,0.004784688995215311,0.0018621680720442282,0.012237633604843413,9,836,0.01076555023923445,0.005673903016425109,0.02033290588658708,49,836,0.05861244019138756,0.044616851213615104,0.07664601549839345,540,831,0.6498194945848376,0.6167636473635671,0.6814965255842114,49,831,0.05896510228640193,0.04488702505545194,0.07710210437940135,242,831,0.29121540312876054,0.2613421878630472,0.32301010124185614,497,835,0.5952095808383233,0.5615532526842929,0.6279938560904744,310,835,0.3712574850299401,0.3391461044864087,0.4045480566043145,1,835,0.0011976047904191617,0.0002114325042606971,0.0067524567449134005,6,835,0.00718562874251497,0.0032972328560252027,0.0155878582028827,21,835,0.025149700598802394,0.01650726782706185,0.038141428661047465,361,831,0.43441636582430804,0.40109232372905884,0.4683439861050463,311 0.34; 363 0.17; 350 0.14; 150 0.08; 364 0.05,5,38 0.18; 44 0.12; 52 0.12; 35 0.10; 53 0.08; 99 0.06; 37 0.04; 13 0.03; 41 0.03,9,earned income 0.36; unearned income 0.24; shelter deduction 0.17,"wrong amount, known item 0.35; wrong include/exclude decision 0.25; unreported source of income 0.10; household composition 0.09",331,198,177,529,0.6257088846880907,0.5837014588634044,0.665903677071928,0.3742911153119093,177,0.2507082152974504,706,181108.0
4+,count_divisible_by_100 <= 0.500 & HH_size_n > 4.500 & married <= 0.500 & rawben_rel_max <= 0.783,train_2022_23,1236,328,515,174,515,0.3378640776699029,0.2983479057187646,0.37978121885413013,122,515,0.23689320388349513,0.2022040808883953,0.2754785104843859,93,515,0.18058252427184465,0.14976307903396546,0.2161320226695217,30,515,0.05825242718446602,0.04110544949069436,0.08194096775880916,3,515,0.005825242718446602,0.001983009053564175,0.016985400572803486,23,515,0.04466019417475728,0.029940982274077984,0.06612224781387178,70,515,0.13592233009708737,0.10900604459426183,0.1682300135784059,169,515,0.32815533980582523,0.2890047510609687,0.3698506683965306,136,515,0.26407766990291265,0.22785099453686244,0.30379797115902635,43,515,0.08349514563106795,0.0625768147297003,0.11058123581983158,50,515,0.0970873786407767,0.07441986396634084,0.12572137374474476,30,515,0.05825242718446602,0.04110544949069436,0.08194096775880916,34,515,0.06601941747572816,0.047625432842697935,0.090839948499122,10,515,0.019417475728155338,0.01058061341873298,0.03537098336918842,2,515,0.003883495145631068,0.0010656189599909972,0.014048049643297561,5,515,0.009708737864077669,0.004153860060653524,0.022524031611872344,36,515,0.06990291262135923,0.050916833525092,0.09525802986288615,334,514,0.6498054474708171,0.6075921347260256,0.6897961013677916,41,514,0.07976653696498054,0.05934122003043302,0.10642684495314497,139,514,0.2704280155642023,0.2338356214191176,0.3104265622293185,317,514,0.6167315175097277,0.5739813612017121,0.6577497318584052,178,514,0.3463035019455253,0.30644763349141413,0.3884397606460982,1,514,0.0019455252918287938,0.0003435067423331554,0.01093716286783335,0,514,0.0,0.0,0.007418484725831218,18,514,0.03501945525291829,0.022264207713616566,0.05467360493024982,220,514,0.4280155642023346,0.38592956610187973,0.4711695931777146,311 0.32; 363 0.18; 350 0.13; 150 0.09; 364 0.06,5,38 0.18; 52 0.13; 44 0.13; 53 0.10; 35 0.08; 99 0.07; 13 0.03; 98 0.03,8,earned income 0.34; unearned income 0.24; shelter deduction 0.18,"wrong amount, known item 0.33; wrong include/exclude decision 0.26; household composition 0.10; unreported source of income 0.08",197,131,117,328,0.600609756097561,0.546735205099674,0.6521548677543624,0.39939024390243905,117,0.26292134831460673,445,100429.0
4+,count_divisible_by_100 <= 0.500 & HH_size_n > 4.500 & married <= 0.500 & rawben_rel_max <= 0.783,test_2024,746,201,321,125,321,0.3894080996884735,0.33767269427329316,0.44375924055278826,77,321,0.2398753894080997,0.19641378295719328,0.2894895003661249,46,321,0.14330218068535824,0.10918460831062798,0.18585642091715565,15,321,0.04672897196261682,0.02851968564731251,0.07565908948493656,0,321,0.0,0.0,0.011826071537635574,25,321,0.0778816199376947,0.05330637493224406,0.11244086926308065,33,321,0.102803738317757,0.07414169916593369,0.14086032027985157,126,321,0.3925233644859813,0.3406763359933622,0.4469124457390268,75,321,0.2336448598130841,0.1906706295984394,0.2829189599122637,39,321,0.12149532710280374,0.09016257099472379,0.1617805298889069,23,321,0.07165109034267912,0.04821592492689496,0.10521762545581463,23,321,0.07165109034267912,0.04821592492689496,0.10521762545581463,11,321,0.03426791277258567,0.019240280353588452,0.060311107153430354,5,321,0.01557632398753894,0.006671051065509465,0.03593925500366395,2,321,0.006230529595015576,0.0017102663246246364,0.02242949902562607,4,321,0.012461059190031152,0.004856164754629069,0.03159729440823677,13,321,0.040498442367601244,0.023817598221328184,0.06804748309830576,206,317,0.6498422712933754,0.5958201844492934,0.7002760823689744,8,317,0.025236593059936908,0.012841925858624054,0.049000428748758526,103,317,0.3249211356466877,0.27572658119852045,0.378308307045398,180,321,0.5607476635514018,0.5060534063208609,0.6140051083521366,132,321,0.411214953271028,0.358744860908892,0.46578500226134245,0,321,0.0,0.0,0.011826071537635574,6,321,0.018691588785046728,0.008593863045821212,0.04017328992965975,3,321,0.009345794392523364,0.003183347264280977,0.027113264992277293,141,317,0.444794952681388,0.3910746682160391,0.49983723348249376,311 0.36; 350 0.15; 363 0.14; 150 0.07; 323 0.06,5,38 0.17; 35 0.12; 44 0.11; 52 0.10; 56 0.07; 37 0.06; 53 0.05; 41 0.04; 99 0.04,9,earned income 0.39; unearned income 0.24; shelter deduction 0.14,"wrong amount, known item 0.39; wrong include/exclude decision 0.23; unreported source of income 0.12; household composition 0.07",134,67,60,201,0.6666666666666666,0.598908762649834,0.7281732363191253,0.3333333333333333,60,0.22988505747126436,261,80679.0
2-3,married <   1.000 & rawben_rel_max >=   0.933 & total_deductions_by_hh_size >= 308.000 & unc_rawben_rel_max >=   1.510,all_2022_24,166,68,94,30,94,0.3191489361702128,0.23361018709048176,0.4188893632030539,38,94,0.40425531914893614,0.310700313212545,0.505328860472268,12,94,0.1276595744680851,0.07455740366811686,0.21000049399504478,2,94,0.02127659574468085,0.005854213528540098,0.07429165489552492,1,94,0.010638297872340425,0.001880347339052478,0.057824318161102874,7,94,0.07446808510638298,0.03653811601751902,0.14581376702609433,4,94,0.0425531914893617,0.016670278401570267,0.10435799587031408,26,94,0.2765957446808511,0.19629891934748106,0.37443581925041597,29,94,0.30851063829787234,0.22419957891141779,0.4078587684582082,12,94,0.1276595744680851,0.07455740366811686,0.21000049399504478,3,94,0.031914893617021274,0.01091242972824407,0.0896746416197306,7,94,0.07446808510638298,0.03653811601751902,0.14581376702609433,4,94,0.0425531914893617,0.016670278401570267,0.10435799587031408,2,94,0.02127659574468085,0.005854213528540098,0.07429165489552492,0,94,0.0,3.469446951953614e-18,0.03926346257624569,0,94,0.0,3.469446951953614e-18,0.03926346257624569,11,94,0.11702127659574468,0.0666129428495252,0.1975037518897268,58,94,0.6170212765957447,0.5159937196695321,0.7088595124934742,8,94,0.0851063829787234,0.04375496466822986,0.15903812129929315,28,94,0.2978723404255319,0.21484309822217876,0.3967740462235376,49,94,0.5212765957446809,0.4214523691602429,0.6194300366875766,43,94,0.4574468085106383,0.3603878625239666,0.5578473257803948,0,94,0.0,3.469446951953614e-18,0.03926346257624569,1,94,0.010638297872340425,0.001880347339052478,0.057824318161102874,1,94,0.010638297872340425,0.001880347339052478,0.057824318161102874,36,94,0.3829787234042553,0.2911404875065257,0.48400628033046794,311 0.28; 331 0.15; 363 0.13; 342 0.06; 333 0.06; 323 0.06; 346 0.04,7,38 0.22; 37 0.15; 35 0.13; 99 0.12; 52 0.07; 53 0.07,6,unearned income 0.40; earned income 0.32; shelter deduction 0.13,"wrong include/exclude decision 0.31; wrong amount, known item 0.28; unreported source of income 0.13; other 0.12",66,2,5,68,0.9705882352941176,0.8989517657574696,0.9918969903949547,0.029411764705882353,5,0.0684931506849315,73,24975.0
2-3,married <   1.000 & rawben_rel_max >=   0.933 & total_deductions_by_hh_size >= 308.000 & unc_rawben_rel_max >=   1.510,train_2022_23,99,47,62,18,62,0.2903225806451613,0.19223406385395198,0.4128788131113709,29,62,0.46774193548387094,0.34908630867622215,0.5901618262415199,8,62,0.12903225806451613,0.06685798258498754,0.23449556896904517,2,62,0.03225806451612903,0.008891184997076397,0.11020677131018222,1,62,0.016129032258064516,0.0028527936922403963,0.08586923007388922,1,62,0.016129032258064516,0.0028527936922403963,0.08586923007388922,3,62,0.04838709677419355,0.016591385000846108,0.13288250384754152,19,62,0.3064516129032258,0.20581430019850633,0.4296745093079456,20,62,0.3225806451612903,0.2195432864054263,0.44632145564215464,7,62,0.11290322580645161,0.05577792691334926,0.21519969209955447,2,62,0.03225806451612903,0.008891184997076397,0.11020677131018222,4,62,0.06451612903225806,0.025372494807644003,0.15447732658187266,3,62,0.04838709677419355,0.016591385000846108,0.13288250384754152,2,62,0.03225806451612903,0.008891184997076397,0.11020677131018222,0,62,0.0,0.0,0.05834609122500061,0,62,0.0,0.0,0.05834609122500061,5,62,0.08064516129032258,0.034937831855833754,0.17528792207481192,34,62,0.5483870967741935,0.42532294530598713,0.6658048523173997,6,62,0.0967741935483871,0.0451112577973332,0.1954904286744415,22,62,0.3548387096774194,0.2474256057638604,0.4791910013659786,34,62,0.5483870967741935,0.42532294530598713,0.6658048523173997,27,62,0.43548387096774194,0.3194239439101423,0.5590723259253417,0,62,0.0,0.0,0.05834609122500061,0,62,0.0,0.0,0.05834609122500061,1,62,0.016129032258064516,0.0028527936922403963,0.08586923007388922,28,62,0.45161290322580644,0.3341951476826002,0.5746770546940128,311 0.26; 331 0.19; 363 0.13; 333 0.10; 350 0.05; 342 0.05,6,38 0.29; 37 0.19; 35 0.11; 99 0.08; 52 0.06; 53 0.06,6,unearned income 0.47; earned income 0.29,"wrong include/exclude decision 0.32; wrong amount, known item 0.31; unreported source of income 0.11; other 0.08",45,2,3,47,0.9574468085106383,0.8575121280614056,0.9882519706294303,0.0425531914893617,3,0.06,50,13932.0
2-3,married <   1.000 & rawben_rel_max >=   0.933 & total_deductions_by_hh_size >= 308.000 & unc_rawben_rel_max >=   1.510,test_2024,67,21,32,12,32,0.375,0.2293366846595921,0.5474589941047487,9,32,0.28125,0.15564406845647866,0.4537483693811179,4,32,0.125,0.04970053844474301,0.2806864978482796,0,32,0.0,0.0,0.1071827150573635,0,32,0.0,0.0,0.1071827150573635,6,32,0.1875,0.08889423936162782,0.3530949575492244,1,32,0.03125,0.005537717362550945,0.15744607800372734,7,32,0.21875,0.11023696931531854,0.3875533079044484,9,32,0.28125,0.15564406845647866,0.4537483693811179,5,32,0.15625,0.06864319106627216,0.31754492553566527,1,32,0.03125,0.005537717362550945,0.15744607800372734,3,32,0.09375,0.032400962626319516,0.24218499335778831,1,32,0.03125,0.005537717362550945,0.15744607800372734,0,32,0.0,0.0,0.1071827150573635,0,32,0.0,0.0,0.1071827150573635,0,32,0.0,0.0,0.1071827150573635,6,32,0.1875,0.08889423936162782,0.3530949575492244,24,32,0.75,0.5789310822975338,0.8674775601737845,2,32,0.0625,0.017310203195157234,0.2014746724800358,6,32,0.1875,0.08889423936162782,0.3530949575492244,15,32,0.46875,0.30869129901682335,0.6355076206742619,16,32,0.5,0.33630614316859386,0.6636938568314061,0,32,0.0,0.0,0.1071827150573635,1,32,0.03125,0.005537717362550945,0.15744607800372734,0,32,0.0,0.0,0.1071827150573635,8,32,0.25,0.1325224398262155,0.42106891770246624,311 0.31; 323 0.16; 363 0.12; 342 0.09; 331 0.06,5,99 0.19; 35 0.16; 38 0.09; 52 0.09; 53 0.09; 41 0.06; 56 0.06,7,earned income 0.38; unearned income 0.28; dep care or child support deduction 0.19,"wrong include/exclude decision 0.28; wrong amount, known item 0.22; other 0.19; unreported source of income 0.16",21,0,2,21,1.0,0.8453561767357979,0.9999999999999999,0.0,2,0.08695652173913043,23,11043.0
4+,months_since_cert_n >  6.500 & total_deductions_by_hh_size > 26.600 & unc_rawben_rel_max >  0.427 & unc_rawben_rel_max <=  1.030,all_2022_24,2164,635,1020,399,1020,0.3911764705882353,0.3616888479132831,0.4214807361317489,190,1020,0.18627450980392157,0.16357443199137897,0.21132887336366815,189,1020,0.18529411764705883,0.16264599425794926,0.2103038839263324,51,1020,0.05,0.03823195287692858,0.06514497574171713,5,1020,0.004901960784313725,0.002095556823957587,0.01142372193947613,52,1020,0.050980392156862744,0.039086798054749815,0.06624355773466137,134,1020,0.13137254901960785,0.11201721609098396,0.15349416770119642,326,1020,0.3196078431372549,0.2917120885536663,0.3488573120254857,224,1020,0.2196078431372549,0.19527980424650004,0.24604002491457333,100,1020,0.09803921568627451,0.0812699183429291,0.11782494164322499,78,1020,0.07647058823529412,0.06170392622507511,0.09441553600423849,117,1020,0.11470588235294117,0.09657825625110378,0.13572486563806344,61,1020,0.059803921568627454,0.046837073238620006,0.07607412708768048,16,1020,0.01568627450980392,0.009678135012949948,0.025328842628904027,6,1020,0.0058823529411764705,0.002698604160184773,0.012774101774014422,7,1020,0.006862745098039216,0.0033281826952324366,0.014097950409732236,85,1020,0.08333333333333333,0.06789477852651872,0.1018986738981532,442,1013,0.43632773938795655,0.4060849420097999,0.4670516409152102,79,1013,0.07798617966436328,0.06302171390593056,0.09613935896913667,491,1013,0.4846989141164857,0.4540384521549086,0.515474990253427,572,1017,0.5624385447394297,0.5317704281548122,0.5926367276664238,406,1017,0.3992133726647001,0.36954751434248295,0.42963778531615165,4,1017,0.003933136676499509,0.001530526173698454,0.010069314585142096,6,1017,0.0058997050147492625,0.002706572668114554,0.012811603707142882,29,1017,0.028515240904621434,0.01992632155232119,0.040652714411730434,438,1013,0.43237907206317866,0.4021832142560604,0.46308586993561696,311 0.33; 363 0.19; 150 0.07; 350 0.07; 312 0.05; 364 0.05,6,38 0.17; 35 0.10; 53 0.10; 99 0.08; 44 0.08; 52 0.08; 41 0.04; 39 0.04; 56 0.04; 37 0.04,10,earned income 0.39; unearned income 0.19; shelter deduction 0.19,"wrong amount, known item 0.32; wrong include/exclude decision 0.22; change in circumstances 0.11; unreported source of income 0.10",443,192,214,635,0.6976377952755906,0.6608140663497218,0.7320845802005341,0.30236220472440944,214,0.25206124852767964,849,232286.0
4+,months_since_cert_n >  6.500 & total_deductions_by_hh_size > 26.600 & unc_rawben_rel_max >  0.427 & unc_rawben_rel_max <=  1.030,train_2022_23,1487,423,670,260,670,0.3880597014925373,0.3518980086843156,0.4254977472322085,140,670,0.208955223880597,0.179872080311131,0.24135688507183145,119,670,0.17761194029850746,0.15053438634149277,0.20836539069809643,34,670,0.050746268656716415,0.036538904218984994,0.07007606285933135,4,670,0.005970149253731343,0.002324013884067654,0.015249255560858278,31,670,0.04626865671641791,0.03278473869370707,0.06492605862127022,82,670,0.12238805970149254,0.09970177812697564,0.14937990516476532,182,670,0.2716417910447761,0.23933324583445828,0.3065540962352507,155,670,0.23134328358208955,0.20099818049580598,0.2647516337038517,62,670,0.09253731343283582,0.0728571747695239,0.11686337676662349,54,670,0.08059701492537313,0.06229576060672608,0.10368033822718388,86,670,0.12835820895522387,0.10513261918184624,0.15582129046101345,46,670,0.06865671641791045,0.05186513885039039,0.09036650728128214,10,670,0.014925373134328358,0.008126924359367616,0.027254684612236398,2,670,0.0029850746268656717,0.0008189800410229771,0.010818176228343593,7,670,0.010447761194029851,0.005069858960283211,0.02140758024798176,66,670,0.09850746268656717,0.07817973255526811,0.12341304533199801,302,668,0.45209580838323354,0.4147338794894561,0.4900055710000642,55,668,0.08233532934131736,0.06380142123368941,0.1056456627218144,311,668,0.4655688622754491,0.42804620055785403,0.5034852794814887,383,668,0.5733532934131736,0.5355318182464557,0.6103358981914666,258,668,0.38622754491017963,0.35005538871062386,0.4237008062019864,2,668,0.0029940119760479044,0.0008214332254629,0.010850365603308643,0,668,0.0,0.0,0.0057180144843665525,25,668,0.0374251497005988,0.025476162886643585,0.05466415590278534,285,668,0.42664670658682635,0.38966410180853334,0.4644681817535444,311 0.34; 363 0.18; 350 0.07; 150 0.06; 364 0.05; 312 0.05; 323 0.04,7,38 0.18; 53 0.11; 99 0.10; 35 0.09; 44 0.09; 52 0.08; 39 0.05; 41 0.04; 37 0.03,9,earned income 0.39; unearned income 0.21; shelter deduction 0.18,"wrong amount, known item 0.27; wrong include/exclude decision 0.23; change in circumstances 0.13; other 0.10; unreported source of income 0.09",287,136,141,423,0.6784869976359338,0.6325424137669405,0.7212187941378184,0.3215130023640662,141,0.25,564,142831.0
4+,months_since_cert_n >  6.500 & total_deductions_by_hh_size > 26.600 & unc_rawben_rel_max >  0.427 & unc_rawben_rel_max <=  1.030,test_2024,677,212,350,139,350,0.39714285714285713,0.34726353112373853,0.44925558929624587,50,350,0.14285714285714285,0.11006793758973316,0.18340123053521307,70,350,0.2,0.16145152419933184,0.245062577025623,17,350,0.04857142857142857,0.030543506948930578,0.07640152156100155,1,350,0.002857142857142857,0.0005045210608510117,0.01600456096907424,21,350,0.06,0.039574918040058235,0.08997909708987557,52,350,0.14857142857142858,0.11513196779117697,0.18964169364377015,144,350,0.4114285714285714,0.3611070142788981,0.4636733394160885,69,350,0.19714285714285715,0.15884721989573236,0.24201463467422207,38,350,0.10857142857142857,0.080128227963315,0.1455139803016261,24,350,0.06857142857142857,0.04650918517613144,0.1000015699188037,31,350,0.08857142857142856,0.06309851697537144,0.12297796470456668,15,350,0.04285714285714286,0.026141143409777197,0.06949939179015407,6,350,0.017142857142857144,0.007879699634977295,0.036890615669950104,4,350,0.011428571428571429,0.004453004597499359,0.029012817397427178,0,350,0.0,0.0,0.010856835374924824,19,350,0.054285714285714284,0.03502511347901442,0.08322440834091856,140,345,0.4057971014492754,0.35529363181907664,0.45837538013362616,24,345,0.06956521739130435,0.04718968875996432,0.101421027393155,180,345,0.5217391304347826,0.469078693951172,0.5739207648289735,189,349,0.5415472779369628,0.48910154370175485,0.5930883114627156,148,349,0.42406876790830944,0.3733221151843806,0.4764688391702078,2,349,0.0057306590257879654,0.001572929801802847,0.02065120703466995,6,349,0.017191977077363897,0.00790234434170691,0.036994855988412886,4,349,0.011461318051575931,0.004465789111767125,0.02909487947152917,153,345,0.4434782608695652,0.3919632131948534,0.49623819397676827,311 0.32; 363 0.20; 150 0.08; 312 0.06; 350 0.05; 323 0.05,6,38 0.15; 35 0.11; 56 0.11; 44 0.08; 52 0.07; 53 0.06; 99 0.05; 54 0.04; 37 0.04; 57 0.04; 41 0.03,11,earned income 0.40; shelter deduction 0.20; other element 0.15; unearned income 0.14,"wrong amount, known item 0.41; wrong include/exclude decision 0.20; unreported source of income 0.11; change in circumstances 0.09",156,56,73,212,0.7358490566037735,0.6726839360638275,0.7906187822258812,0.2641509433962264,73,0.256140350877193,285,89455.0
4+,months_since_cert_n > 6.500 & percent_abawd <= 0.125 & rawben_rel_max <= 0.998,all_2022_24,2894,771,1233,454,1233,0.3682076236820762,0.34173364399539474,0.3955002912150638,259,1233,0.21005677210056772,0.18823741147829287,0.23367724598471618,207,1233,0.1678832116788321,0.14805896659596135,0.18977055013439442,69,1233,0.05596107055961071,0.0444565710623465,0.07022391833904491,5,1233,0.0040551500405515,0.001733298312113839,0.00945778711062744,60,1233,0.04866180048661801,0.037990838418940326,0.06213645354795341,179,1233,0.14517437145174372,0.12661271917794242,0.16594018331175397,397,1233,0.3219789132197891,0.2964863703894742,0.3485773144024991,268,1233,0.21735604217356042,0.19523097876634243,0.2412368761311643,130,1233,0.10543390105433902,0.08949986721039696,0.12381896035814538,106,1233,0.08596918085969181,0.0715798013291354,0.10293049974741313,124,1233,0.10056772100567721,0.08500100931817436,0.11861568662736952,76,1233,0.06163828061638281,0.049527615520901555,0.07647202744065472,19,1233,0.015409570154095702,0.009886920902739151,0.023942471640331846,4,1233,0.0032441200324412004,0.0012622556665043377,0.008311807819070533,8,1233,0.006488240064882401,0.003291260823548134,0.012750890410692373,101,1233,0.08191403081914031,0.06787413259936136,0.09855105879135513,527,1226,0.4298531810766721,0.4024029730060044,0.45774161797221596,93,1226,0.07585644371941272,0.062324320652027095,0.09203832247209555,605,1226,0.4934747145187602,0.4655526387579987,0.5214375557516033,698,1230,0.567479674796748,0.5396245284148549,0.5949146215051997,486,1230,0.3951219512195122,0.36816770012447314,0.42272928373471913,4,1230,0.0032520325203252032,0.001265336055214538,0.008332006099564486,8,1230,0.0065040650406504065,0.0032992969850874276,0.012781859623670129,34,1230,0.027642276422764227,0.019847506260546224,0.0383784442990718,535,1226,0.4363784665579119,0.4088588026305871,0.46429559383803126,311 0.32; 363 0.17; 350 0.08; 150 0.07; 364 0.06; 312 0.04; 323 0.04,7,38 0.16; 35 0.11; 44 0.10; 52 0.09; 53 0.09; 99 0.08; 41 0.04; 37 0.03; 56 0.03; 39 0.03; 12 0.02,11,earned income 0.37; unearned income 0.21; shelter deduction 0.17; other element 0.15,"wrong amount, known item 0.32; wrong include/exclude decision 0.22; unreported source of income 0.11; change in circumstances 0.10; household composition 0.09",496,275,263,771,0.6433203631647212,0.6088733904318824,0.6763461950937271,0.35667963683527887,263,0.25435203094777564,1034,267460.0
4+,months_since_cert_n > 6.500 & percent_abawd <= 0.125 & rawben_rel_max <= 0.998,train_2022_23,2004,511,805,286,805,0.3552795031055901,0.32297631401905846,0.3889573946329199,188,805,0.23354037267080746,0.20562099472106865,0.2639908551145481,134,805,0.16645962732919253,0.14232398759166917,0.1937635726920748,47,805,0.058385093167701865,0.04418808189921297,0.07677701188429173,4,805,0.004968944099378882,0.0019339400358171612,0.012706256511937058,38,805,0.04720496894409938,0.034582509969926005,0.06412853555493325,108,805,0.1341614906832298,0.11234628663810792,0.15945180089843813,233,805,0.2894409937888199,0.2591711350477041,0.3217109560811399,185,805,0.22981366459627328,0.2020743977885937,0.26011943596080783,79,805,0.09813664596273292,0.07945398532288866,0.12063661338024428,67,805,0.08322981366459627,0.06606982794180932,0.10434870641646302,86,805,0.10683229813664596,0.0873295530672314,0.13006974983707026,58,805,0.07204968944099378,0.05614690267805887,0.09201758342156803,12,805,0.014906832298136646,0.008547477289082457,0.02587409548857883,2,805,0.002484472049689441,0.0006815821939757044,0.009013270296301747,5,805,0.006211180124223602,0.0026558377647990117,0.014457030811693592,78,805,0.0968944099378882,0.07833274676320437,0.1192851799111902,353,803,0.4396014943960149,0.4056394844272851,0.4741386529419333,63,803,0.0784557907845579,0.06180085178692654,0.09912491108895888,387,803,0.48194271481942713,0.4475500699854126,0.5165073112899208,467,803,0.5815691158156912,0.547139709270535,0.615221775313304,304,803,0.37858032378580325,0.3456851600909172,0.4126317140018415,2,803,0.0024906600249066002,0.0006832804447226854,0.009035603658427177,0,803,0.0,0.0,0.004761281520437221,30,803,0.037359900373599,0.02629286219535875,0.05283245806576808,339,803,0.42216687422166876,0.3884550024010918,0.4566199168891382,311 0.31; 363 0.17; 350 0.09; 150 0.06; 364 0.06; 312 0.04; 323 0.04,7,38 0.17; 44 0.11; 53 0.10; 35 0.10; 99 0.10; 52 0.10; 41 0.04; 39 0.04; 37 0.03,9,earned income 0.36; unearned income 0.23; shelter deduction 0.17,"wrong amount, known item 0.29; wrong include/exclude decision 0.23; change in circumstances 0.11; unreported source of income 0.10; other 0.10",316,195,173,511,0.6183953033268101,0.5755402811050685,0.6594834621200321,0.3816046966731898,173,0.25292397660818716,684,164081.0
4+,months_since_cert_n > 6.500 & percent_abawd <= 0.125 & rawben_rel_max <= 0.998,test_2024,890,260,428,168,428,0.3925233644859813,0.3474129906780699,0.43954593129702463,71,428,0.1658878504672897,0.13365004838139152,0.2040700786281416,73,428,0.1705607476635514,0.13789527873266366,0.2090875038431697,22,428,0.0514018691588785,0.034186761438252694,0.07659830419692464,1,428,0.002336448598130841,0.000412549066580707,0.013114633122444156,22,428,0.0514018691588785,0.034186761438252694,0.07659830419692464,71,428,0.1658878504672897,0.13365004838139152,0.2040700786281416,164,428,0.38317757009345793,0.3383513760076008,0.4300822348348933,83,428,0.1939252336448598,0.15925822006775234,0.23403784033958222,51,428,0.1191588785046729,0.09180288951739621,0.15329068182913455,39,428,0.0911214953271028,0.06737323388147658,0.12214440406725276,38,428,0.08878504672897196,0.06536776953758502,0.11951854062799419,18,428,0.04205607476635514,0.02676531251107271,0.06549444199150414,7,428,0.016355140186915886,0.00794441870274576,0.03337073018517981,2,428,0.004672897196261682,0.001282386865518595,0.01687612310665639,3,428,0.007009345794392523,0.002386572228604493,0.02040326552672061,23,428,0.053738317757009345,0.0360721462175886,0.07934424720073885,174,423,0.41134751773049644,0.3654558058873043,0.4588349848884775,30,423,0.07092198581560284,0.05012716457428634,0.0994402627804982,218,423,0.5153664302600472,0.467816013166695,0.5626402497655029,231,427,0.5409836065573771,0.4935620140620128,0.5876743382308021,182,427,0.4262295081967213,0.3801857432565343,0.473588822616399,2,427,0.00468384074941452,0.001285392315689882,0.016915264259719738,8,427,0.01873536299765808,0.009523284235984563,0.03652983598267584,4,427,0.00936768149882904,0.003648709121240868,0.023836102001919008,196,423,0.46335697399527187,0.4163788436650873,0.5109946831889024,311 0.33; 363 0.17; 150 0.09; 350 0.07; 312 0.05; 364 0.05,6,38 0.15; 35 0.12; 56 0.09; 44 0.08; 52 0.07; 53 0.06; 99 0.05; 54 0.04; 37 0.04; 41 0.04; 12 0.03,11,earned income 0.39; shelter deduction 0.17; other element 0.17; unearned income 0.17,"wrong amount, known item 0.38; wrong include/exclude decision 0.19; unreported source of income 0.12; household composition 0.09",180,80,90,260,0.6923076923076923,0.6337453604544157,0.7452699275062395,0.3076923076923077,90,0.2571428571428571,350,103379.0
4+,months_since_cert_n >   5.50 & shelter_expenses_by_hh_size > 182.00 & unc_rawben_rel_max <=   1.01 & utilities > 241.00,all_2022_24,2252,642,1017,396,1017,0.3893805309734513,0.35988164710321985,0.41971197447333036,199,1017,0.19567354965585054,0.17245529380878244,0.22118226955070452,195,1017,0.19174041297935104,0.1687230446549655,0.2170778474716877,44,1017,0.043264503441494594,0.032384789482770085,0.0575817636044082,6,1017,0.0058997050147492625,0.002706572668114554,0.012811603707142882,53,1017,0.05211406096361849,0.04006146200978004,0.06753760135127425,124,1017,0.12192723697148476,0.10322754214277155,0.1434724356010822,358,1017,0.352015732546706,0.3232691829401247,0.3818760619245047,210,1017,0.20648967551622419,0.18273818585744978,0.23245022339233007,110,1017,0.10816125860373647,0.09052616531337347,0.12874546311556206,68,1017,0.06686332350049164,0.05308385171177492,0.083902728772406,100,1017,0.09832841691248771,0.08151165854919624,0.11816829179765485,66,1017,0.06489675516224189,0.051333808614681745,0.08173443625308228,9,1017,0.008849557522123894,0.004662624778611837,0.016733055021270926,4,1017,0.003933136676499509,0.001530526173698454,0.010069314585142096,3,1017,0.0029498525073746312,0.0010036940204684172,0.00863697893016369,89,1017,0.08751229105211406,0.07166014933660665,0.10646895511995157,466,1012,0.46047430830039526,0.4299719101318065,0.4912756544491282,69,1012,0.06818181818181818,0.054228636830697674,0.08540100621601351,476,1012,0.47035573122529645,0.43977398929699196,0.5011616841387091,560,1015,0.5517241379310345,0.5209907806005103,0.5820674376740478,422,1015,0.41576354679802957,0.3858159208552626,0.44634640938331427,2,1015,0.0019704433497536944,0.0005405217410496201,0.00715606230106252,6,1015,0.005911330049261084,0.002711911202352912,0.012836727565439843,25,1015,0.024630541871921183,0.016738109694238175,0.036107789020537503,408,1012,0.4031620553359684,0.3733605031768957,0.4336960300463943,311 0.33; 363 0.19; 350 0.07; 312 0.06; 150 0.06; 364 0.04; 323 0.04,7,38 0.19; 35 0.11; 44 0.09; 53 0.09; 99 0.09; 52 0.07; 56 0.04; 41 0.04; 37 0.03; 39 0.03,10,earned income 0.39; unearned income 0.20; shelter deduction 0.19,"wrong amount, known item 0.35; wrong include/exclude decision 0.21; unreported source of income 0.11; change in circumstances 0.10",440,202,204,642,0.6853582554517134,0.6484241429493024,0.7200872691368808,0.3146417445482866,204,0.24113475177304963,846,222539.0
4+,months_since_cert_n >   5.50 & shelter_expenses_by_hh_size > 182.00 & unc_rawben_rel_max <=   1.01 & utilities > 241.00,train_2022_23,1495,413,647,244,647,0.37712519319938176,0.340607524562823,0.41509340174551385,142,647,0.21947449768160743,0.18928891408368137,0.25297169126176683,125,647,0.19319938176197837,0.16462403310727272,0.2253965187443607,28,647,0.04327666151468315,0.0301088772221931,0.061836075282379444,4,647,0.0061823802163833074,0.002406717228916635,0.015787571519682103,34,647,0.05255023183925812,0.037846174710362904,0.0725364437332031,70,647,0.10819165378670788,0.08652808166870754,0.13448053240881916,199,647,0.3075734157650695,0.273235848847435,0.34418258291845094,147,647,0.22720247295208656,0.1965796899402161,0.26104563702106,64,647,0.09891808346213292,0.0782265313275032,0.12434441681103005,42,647,0.06491499227202473,0.048381158111471374,0.08658501491741921,64,647,0.09891808346213292,0.0782265313275032,0.12434441681103005,48,647,0.07418856259659969,0.05641082000854921,0.09699301895933482,5,647,0.0077279752704791345,0.0033052670430065998,0.017961966028757714,2,647,0.0030911901081916537,0.000848107783671081,0.011200292318596504,3,647,0.00463678516228748,0.0015781233959612914,0.01354322102947187,73,647,0.11282843894899536,0.09069952287287897,0.13952792417414445,309,645,0.4790697674418605,0.44075415212563623,0.5176332262422119,53,645,0.08217054263565891,0.06336879383280418,0.10591998173275756,283,645,0.4387596899224806,0.40093716134538576,0.4773073901753551,367,645,0.5689922480620155,0.5304765339941406,0.6066909965711007,256,645,0.39689922480620154,0.3598584489523691,0.43516085930406806,1,645,0.0015503875968992248,0.00027372688420792407,0.00872939498713941,0,645,0.0,0.0,0.0059207054541509044,21,645,0.03255813953488372,0.02139193365248917,0.049259516562786786,260,645,0.40310077519379844,0.36592646339751317,0.4414225105277098,311 0.32; 363 0.19; 350 0.07; 312 0.05; 150 0.05; 364 0.04; 323 0.04,7,38 0.20; 53 0.12; 99 0.11; 44 0.10; 35 0.10; 52 0.08; 39 0.03; 37 0.03,8,earned income 0.38; unearned income 0.22; shelter deduction 0.19,"wrong amount, known item 0.31; wrong include/exclude decision 0.23; other 0.11; unreported source of income 0.10; change in circumstances 0.10",276,137,132,413,0.6682808716707022,0.6215037259572631,0.7119562741962724,0.33171912832929784,132,0.24220183486238533,545,134402.0
4+,months_since_cert_n >   5.50 & shelter_expenses_by_hh_size > 182.00 & unc_rawben_rel_max <=   1.01 & utilities > 241.00,test_2024,757,229,370,152,370,0.41081081081081083,0.36184646394745695,0.46160817566461404,57,370,0.15405405405405406,0.12084187066788171,0.1943761254031815,70,370,0.1891891891891892,0.15255211177220274,0.23221405657289312,16,370,0.043243243243243246,0.026790194607810795,0.0690835658297649,2,370,0.005405405405405406,0.001483579827611688,0.019492148930236555,19,370,0.051351351351351354,0.03311775134702609,0.07880558730763405,54,370,0.14594594594594595,0.11361063965758467,0.18555777819639413,159,370,0.4297297297297297,0.38026436025874416,0.48063929519319043,63,370,0.17027027027027028,0.13540602224318893,0.21191113026204322,46,370,0.12432432432432433,0.09451535625255765,0.16185418635586257,26,370,0.07027027027027027,0.048402033561194546,0.10097032093332933,36,370,0.0972972972972973,0.07110938086032645,0.1317615676911456,18,370,0.04864864864864865,0.03099087128791474,0.07558260796105058,4,370,0.010810810810810811,0.004211853542822946,0.027463594026414927,2,370,0.005405405405405406,0.001483579827611688,0.019492148930236555,0,370,0.0,0.0,0.010276009946458605,16,370,0.043243243243243246,0.026790194607810795,0.0690835658297649,157,367,0.42779291553133514,0.378178896051054,0.4789029415852845,16,367,0.043596730245231606,0.027010625351477083,0.0696387257461344,193,367,0.5258855585831063,0.47479501373046373,0.5764397991923582,193,370,0.5216216216216216,0.4707610344687437,0.572037840776815,166,370,0.4486486486486487,0.39875626523953855,0.49959640605225986,1,370,0.002702702702702703,0.0004772405361049212,0.015148628816048504,6,370,0.016216216216216217,0.0074525822474979676,0.03492258413312955,4,370,0.010810810810810811,0.004211853542822946,0.027463594026414927,148,367,0.4032697547683924,0.35433322192361283,0.4542103718911049,311 0.35; 363 0.19; 150 0.07; 312 0.06; 350 0.06; 323 0.04,6,38 0.17; 35 0.12; 56 0.10; 44 0.08; 52 0.06; 53 0.05; 41 0.05; 54 0.05; 99 0.04; 57 0.04,10,earned income 0.41; shelter deduction 0.19; unearned income 0.15,"wrong amount, known item 0.43; wrong include/exclude decision 0.17; unreported source of income 0.12; change in circumstances 0.10",164,65,72,229,0.7161572052401747,0.6545691253193241,0.7706126291437959,0.2838427947598253,72,0.23920265780730898,301,88137.0
4+,cat_elig <=  0.500 & months_since_cert_n >  5.500 & rawben_rel_max <=  0.998 & utilities > 69.000,all_2022_24,334,83,120,46,120,0.38333333333333336,0.30124387764148153,0.47266085227156884,25,120,0.20833333333333334,0.14528341433799086,0.28947841044463474,25,120,0.20833333333333334,0.14528341433799086,0.28947841044463474,1,120,0.008333333333333333,0.001472517830674952,0.045697415374322405,1,120,0.008333333333333333,0.001472517830674952,0.045697415374322405,10,120,0.08333333333333333,0.045893154816730314,0.14662373772987763,12,120,0.1,0.058133016993107606,0.16668319985163604,37,120,0.30833333333333335,0.23272612182675728,0.3958316487446824,32,120,0.26666666666666666,0.1956834035411147,0.35212605628498583,12,120,0.1,0.058133016993107606,0.16668319985163604,10,120,0.08333333333333333,0.045893154816730314,0.14662373772987763,17,120,0.14166666666666666,0.09036804031591959,0.21519648727416324,7,120,0.058333333333333334,0.02854064663137293,0.1155272594680315,1,120,0.008333333333333333,0.001472517830674952,0.045697415374322405,0,120,0.0,0.0,0.031020271055929513,0,120,0.0,0.0,0.031020271055929513,4,120,0.03333333333333333,0.013037340166920576,0.0825815794852803,49,119,0.4117647058823529,0.32744744181799823,0.5016006982257654,13,119,0.1092436974789916,0.06496179454072629,0.17796568279594144,57,119,0.4789915966386555,0.3913036522440084,0.5679935239568877,62,119,0.5210084033613446,0.4320064760431123,0.6086963477559917,50,119,0.42016806722689076,0.3353426705820332,0.5099865989813721,0,119,0.0,3.469446951953614e-18,0.03127279358132749,0,119,0.0,3.469446951953614e-18,0.03127279358132749,7,119,0.058823529411764705,0.02878294603515636,0.11645775418366203,47,119,0.3949579831932773,0.311733225446669,0.4847526555578115,311 0.38; 363 0.21; 323 0.07; 350 0.06; 333 0.05,5,38 0.18; 53 0.18; 35 0.10; 41 0.07; 44 0.07; 6 0.04; 37 0.04; 39 0.04; 99 0.03,9,earned income 0.38; unearned income 0.21; shelter deduction 0.21,"wrong amount, known item 0.31; wrong include/exclude decision 0.27; change in circumstances 0.14; unreported source of income 0.10",62,21,33,83,0.7469879518072289,0.6439750140305585,0.8281489449936879,0.25301204819277107,33,0.28448275862068967,116,21365.0
4+,cat_elig <=  0.500 & months_since_cert_n >  5.500 & rawben_rel_max <=  0.998 & utilities > 69.000,train_2022_23,255,63,94,35,94,0.3723404255319149,0.28143034496707225,0.4732752199460117,22,94,0.23404255319148937,0.15994105293764954,0.3290288739646088,15,94,0.1595744680851064,0.09915526347591294,0.24672624295897774,1,94,0.010638297872340425,0.001880347339052478,0.057824318161102874,1,94,0.010638297872340425,0.001880347339052478,0.057824318161102874,9,94,0.09574468085106383,0.05119138083044319,0.17204290806098949,11,94,0.11702127659574468,0.0666129428495252,0.1975037518897268,24,94,0.2553191489361702,0.17799224189785487,0.3518600908522227,30,94,0.3191489361702128,0.23361018709048176,0.4188893632030539,10,94,0.10638297872340426,0.058818256468396224,0.18485723534694615,9,94,0.09574468085106383,0.05119138083044319,0.17204290806098949,13,94,0.13829787234042554,0.08263699831631924,0.22236210227075212,5,94,0.05319148936170213,0.02293141052501088,0.11853806667078312,0,94,0.0,3.469446951953614e-18,0.03926346257624569,0,94,0.0,3.469446951953614e-18,0.03926346257624569,0,94,0.0,3.469446951953614e-18,0.03926346257624569,3,94,0.031914893617021274,0.01091242972824407,0.0896746416197306,42,94,0.44680851063829785,0.35036203477936345,0.5474319506010882,13,94,0.13829787234042554,0.08263699831631924,0.22236210227075212,39,94,0.4148936170212766,0.32054873736395484,0.5159216392447679,46,94,0.48936170212765956,0.39072589513953443,0.5888329019365559,42,94,0.44680851063829785,0.35036203477936345,0.5474319506010882,0,94,0.0,3.469446951953614e-18,0.03926346257624569,0,94,0.0,3.469446951953614e-18,0.03926346257624569,6,94,0.06382978723404255,0.029579332197396002,0.1323313479223077,36,94,0.3829787234042553,0.2911404875065257,0.48400628033046794,311 0.37; 363 0.16; 323 0.09; 350 0.06; 150 0.06; 331 0.06,6,53 0.22; 38 0.19; 35 0.11; 41 0.07; 44 0.06; 37 0.05; 39 0.05,7,earned income 0.37; unearned income 0.23; shelter deduction 0.16,"wrong include/exclude decision 0.32; wrong amount, known item 0.26; change in circumstances 0.14; unreported source of income 0.11",48,15,25,63,0.7619047619047619,0.6436410519607181,0.8500634673805303,0.23809523809523808,25,0.2840909090909091,88,16690.0
4+,cat_elig <=  0.500 & months_since_cert_n >  5.500 & rawben_rel_max <=  0.998 & utilities > 69.000,test_2024,79,20,26,11,26,0.4230769230769231,0.255441899027294,0.6105170307888017,3,26,0.11538461538461539,0.04003171821149494,0.28976293086898336,10,26,0.38461538461538464,0.22428359511834428,0.5746547996057992,0,26,0.0,0.0,0.12873304380462175,0,26,0.0,0.0,0.12873304380462175,1,26,0.038461538461538464,0.0068218089769898765,0.18893176991958405,1,26,0.038461538461538464,0.0068218089769898765,0.18893176991958405,13,26,0.5,0.32060306315002074,0.6793969368499793,2,26,0.07692307692307693,0.02135463918337556,0.24141947480515052,2,26,0.07692307692307693,0.02135463918337556,0.24141947480515052,1,26,0.038461538461538464,0.0068218089769898765,0.18893176991958405,4,26,0.15384615384615385,0.06149933998929477,0.33531584418313565,2,26,0.07692307692307693,0.02135463918337556,0.24141947480515052,1,26,0.038461538461538464,0.0068218089769898765,0.18893176991958405,0,26,0.0,0.0,0.12873304380462175,0,26,0.0,0.0,0.12873304380462175,1,26,0.038461538461538464,0.0068218089769898765,0.18893176991958405,7,25,0.28,0.1428367383738157,0.47576971896558296,0,25,0.0,0.0,0.13319649395317873,18,25,0.72,0.5242302810344169,0.8571632616261843,16,25,0.64,0.44518154601046633,0.7975234356826436,8,25,0.32,0.17204987516891143,0.5159008626542329,0,25,0.0,0.0,0.13319649395317873,0,25,0.0,0.0,0.13319649395317873,1,25,0.04,0.007096050386699165,0.19544472405022525,11,25,0.44,0.2666537494700256,0.6293298298043557,363 0.38; 311 0.38,2,38 0.15; 56 0.15; 44 0.12; 57 0.08; 42 0.08; 64 0.08; 35 0.08; 41 0.08,8,earned income 0.42; shelter deduction 0.38,"wrong amount, known item 0.50; change in circumstances 0.15; wrong include/exclude decision 0.08; method or computation 0.08",14,6,8,20,0.7,0.4810232237710206,0.854524726031006,0.3,8,0.2857142857142857,28,4675.0
4+,expedited_i <=   0.5 & months_since_cert_n >   5.5 & shelter_expenses_by_hh_size > 183.0 & shelter_expenses_by_hh_size <= 302.0,all_2022_24,1423,349,556,215,556,0.38669064748201437,0.34711982073285463,0.42781651840307244,110,556,0.19784172661870503,0.16685015889673444,0.232980078799071,120,556,0.2158273381294964,0.1836429067901443,0.2519117215190061,24,556,0.04316546762589928,0.02917598392215891,0.0634244944988802,5,556,0.008992805755395683,0.003847075349308178,0.02087706090637557,25,556,0.044964028776978415,0.030638912931108327,0.06553400455126526,57,556,0.10251798561151079,0.07997112834428369,0.13051983910079365,191,556,0.3435251798561151,0.30524629205682074,0.38395150960707847,130,556,0.23381294964028776,0.20053089247074934,0.2707481264517459,56,556,0.10071942446043165,0.07837885003756856,0.12853967834617427,34,556,0.06115107913669065,0.04408699082566789,0.08423787820871614,63,556,0.11330935251798561,0.08957222777573413,0.14235337403735016,23,556,0.04136690647482014,0.027720589599006133,0.06130744976069847,4,556,0.007194244604316547,0.0028011092016804054,0.018350587992668855,0,556,0.0,0.0,0.006861940949011292,1,556,0.0017985611510791368,0.0003175526211495602,0.010116827389196226,54,556,0.09712230215827339,0.07520154259577763,0.12457210766529625,262,554,0.4729241877256318,0.43167851013294495,0.514542782793219,52,554,0.09386281588447654,0.07229700373021923,0.12102239016224055,239,554,0.4314079422382672,0.3907772812369149,0.4729833275093671,311,556,0.5593525179856115,0.5178176576296276,0.6000728313944106,228,556,0.41007194244604317,0.36994134710707927,0.4514366998261963,2,556,0.0035971223021582736,0.000986994913652858,0.013019824158027417,3,556,0.00539568345323741,0.0018366474305198995,0.015742610702494872,12,556,0.02158273381294964,0.012388413802803788,0.03734279588222141,226,554,0.40794223826714804,0.36778800520971855,0.44936439073923895,311 0.33; 363 0.22; 350 0.06; 312 0.06; 150 0.05; 364 0.04; 331 0.04,7,38 0.20; 53 0.11; 35 0.10; 99 0.10; 44 0.09; 52 0.08; 39 0.04; 37 0.04; 41 0.03,9,earned income 0.39; shelter deduction 0.22; unearned income 0.20,"wrong amount, known item 0.34; wrong include/exclude decision 0.23; change in circumstances 0.11; unreported source of income 0.10",247,102,117,349,0.7077363896848138,0.6579649689407533,0.7529843068815988,0.2922636103151863,117,0.2510729613733906,466,121033.0
4+,expedited_i <=   0.5 & months_since_cert_n >   5.5 & shelter_expenses_by_hh_size > 183.0 & shelter_expenses_by_hh_size <= 302.0,train_2022_23,1017,236,368,142,368,0.3858695652173913,0.3375548632646448,0.436542494319875,77,368,0.20923913043478262,0.1707892584580722,0.25369686681677606,75,368,0.20380434782608695,0.165805911831333,0.24792294475706375,18,368,0.04891304347826087,0.03116050947338255,0.07598618955114833,3,368,0.008152173913043478,0.0027762207716439547,0.023690963104501153,19,368,0.051630434782608696,0.0332990872493531,0.0792262461184035,34,368,0.09239130434782608,0.06686919959834833,0.12633564891779403,120,368,0.32608695652173914,0.28020172120351233,0.37556568083004177,94,368,0.2554347826086957,0.2135624882498208,0.3023604208598646,29,368,0.07880434782608696,0.05542630952515825,0.11088536727485551,21,368,0.057065217391304345,0.03762351298081032,0.0856590890733977,40,368,0.10869565217391304,0.08084401612100665,0.14463263845449004,14,368,0.03804347826086957,0.02279451579420573,0.06283764585742227,2,368,0.005434782608695652,0.001491649624352994,0.019596899908566397,0,368,0.0,0.0,0.010331280846467956,1,368,0.002717391304347826,0.0004798351063678881,0.015230080083325787,47,368,0.12771739130434784,0.09742037729166916,0.16570671768640757,187,368,0.5081521739130435,0.45725318289987965,0.5588827201297973,36,368,0.09782608695652174,0.07150052717512335,0.13246159002747043,145,368,0.39402173913043476,0.34543781857048916,0.4447954420437078,219,368,0.595108695652174,0.544222870562468,0.6440293314504323,137,368,0.37228260869565216,0.3244488614487807,0.4227553244196105,1,368,0.002717391304347826,0.0004798351063678881,0.015230080083325787,0,368,0.0,0.0,0.010331280846467956,11,368,0.029891304347826088,0.016771107535870217,0.05272515108608063,147,368,0.39945652173913043,0.35070108453715937,0.45028944476348903,311 0.32; 363 0.20; 350 0.05; 312 0.05; 364 0.05; 331 0.05; 150 0.05,7,38 0.21; 53 0.13; 99 0.13; 44 0.10; 35 0.08; 52 0.07; 39 0.05,7,earned income 0.39; unearned income 0.21; shelter deduction 0.20,"wrong amount, known item 0.33; wrong include/exclude decision 0.26; other 0.13; change in circumstances 0.11",164,72,79,236,0.6949152542372882,0.6334363293564151,0.7501501710671978,0.3050847457627119,79,0.2507936507936508,315,76912.0
4+,expedited_i <=   0.5 & months_since_cert_n >   5.5 & shelter_expenses_by_hh_size > 183.0 & shelter_expenses_by_hh_size <= 302.0,test_2024,406,113,188,73,188,0.3882978723404255,0.32153208681566986,0.4595372954246784,33,188,0.17553191489361702,0.1278055210316092,0.2362531607141644,45,188,0.2393617021276596,0.1839746827376389,0.3051872091565071,6,188,0.031914893617021274,0.014707146316818683,0.067869312595117,2,188,0.010638297872340425,0.00292220835550212,0.03795318050697609,6,188,0.031914893617021274,0.014707146316818683,0.067869312595117,23,188,0.12234042553191489,0.08292081374791826,0.17688519287421167,71,188,0.3776595744680851,0.31146177518485313,0.4487570720307665,36,188,0.19148936170212766,0.14164548004399852,0.2536890042388682,27,188,0.14361702127659576,0.10061562725140331,0.2008914494201841,13,188,0.06914893617021277,0.040852626024894284,0.11470070547359196,23,188,0.12234042553191489,0.08292081374791826,0.17688519287421167,9,188,0.047872340425531915,0.02538701913178959,0.08846524231723919,2,188,0.010638297872340425,0.00292220835550212,0.03795318050697609,0,188,0.0,1.734723475976807e-18,0.020024853837749476,0,188,0.0,1.734723475976807e-18,0.020024853837749476,7,188,0.03723404255319149,0.01815093746565364,0.07485078895864641,75,186,0.4032258064516129,0.33537525815012614,0.4749929646208577,16,186,0.08602150537634409,0.05364144294105562,0.13515595446815293,94,186,0.5053763440860215,0.4341452509585357,0.5763898477764097,92,188,0.48936170212765956,0.4188358283333701,0.5603136366419011,91,188,0.48404255319148937,0.4136428196214922,0.5550813778414148,1,188,0.005319148936170213,0.0009395541295989223,0.02951056722051492,3,188,0.015957446808510637,0.005441459875889183,0.04585919649895339,1,188,0.005319148936170213,0.0009395541295989223,0.02951056722051492,79,186,0.42473118279569894,0.35592202303621556,0.4965865946745497,311 0.33; 363 0.24; 150 0.07; 350 0.06; 312 0.06,5,38 0.16; 35 0.14; 56 0.10; 52 0.08; 53 0.06; 44 0.06; 41 0.05; 99 0.04; 37 0.03; 54 0.03,10,earned income 0.39; shelter deduction 0.24; unearned income 0.18,"wrong amount, known item 0.38; wrong include/exclude decision 0.19; unreported source of income 0.14; change in circumstances 0.12",83,30,38,113,0.7345132743362832,0.6463607898259159,0.8072447753152668,0.26548672566371684,38,0.25165562913907286,151,44121.0
4+,months_since_cert_n > 5.5000 & percent_abawd <= 0.0714 & rawben_rel_max <= 0.9980,all_2022_24,3486,922,1466,540,1466,0.3683492496589359,0.3440311530773343,0.3933555149826798,314,1466,0.21418826739427013,0.19394813344410317,0.23592240498670458,249,1466,0.169849931787176,0.15149650310136226,0.189929130790072,78,1466,0.05320600272851296,0.042840111921763624,0.065907388489165,7,1466,0.0047748976807639835,0.0023148361446007244,0.009823614692550706,73,1466,0.049795361527967257,0.03978945755946247,0.062154588656129724,205,1466,0.13983628922237382,0.12302213479903146,0.1585331021734423,478,1466,0.32605729877216916,0.30254250584904485,0.35048133018879746,320,1466,0.21828103683492497,0.19788644413041043,0.24014823933480103,158,1466,0.1077762619372442,0.09291499024418436,0.124687777292127,122,1466,0.08321964529331514,0.07014596602905002,0.09847193130083912,145,1466,0.09890859481582538,0.08465855507475765,0.11525523155367902,90,1466,0.061391541609822645,0.05021241475750784,0.07486337572222819,19,1466,0.01296043656207367,0.008312649627045515,0.020154091278913325,4,1466,0.002728512960436562,0.0010615441307450318,0.0069948341892045445,8,1466,0.005457025920873124,0.0027676861358211097,0.010731455540397606,122,1466,0.08321964529331514,0.07014596602905002,0.09847193130083912,655,1459,0.44893762851267993,0.4235824888401914,0.4745609601839546,110,1459,0.07539410555174778,0.06293309482009196,0.09008524974981913,693,1459,0.47498286497601094,0.4494577218295082,0.500639404202456,831,1463,0.5680109364319891,0.5424821213185299,0.5931835156527695,582,1463,0.3978127136021873,0.3730311086149386,0.42312956749351105,4,1463,0.002734107997265892,0.0010637219329432297,0.00700913337740521,8,1463,0.005468215994531784,0.0027733666660707344,0.010753383597897782,38,1463,0.025974025974025976,0.018981449767884497,0.03544951264823461,633,1459,0.43385880740233035,0.4086342306135022,0.45943077382717007,311 0.32; 363 0.17; 350 0.08; 150 0.07; 364 0.05; 312 0.04; 323 0.04,7,38 0.17; 35 0.11; 44 0.10; 53 0.09; 52 0.08; 99 0.08; 41 0.04; 37 0.03; 56 0.03; 39 0.03,10,earned income 0.37; unearned income 0.21; shelter deduction 0.17,"wrong amount, known item 0.33; wrong include/exclude decision 0.22; unreported source of income 0.11; change in circumstances 0.10",597,325,310,922,0.6475054229934925,0.6161131716310543,0.6776735841163651,0.3524945770065076,310,0.25162337662337664,1232,320166.0
4+,months_since_cert_n > 5.5000 & percent_abawd <= 0.0714 & rawben_rel_max <= 0.9980,train_2022_23,2405,614,965,344,965,0.35647668393782384,0.3268806804934754,0.3872108696629175,232,965,0.24041450777202072,0.21451507510996673,0.2683725300465418,159,965,0.16476683937823836,0.1426985355006288,0.1894936412184551,53,965,0.054922279792746116,0.04223271021733858,0.07114144712685472,5,965,0.0051813471502590676,0.0022150991284066394,0.012071653215836217,47,965,0.04870466321243523,0.03682234128948862,0.06416589042971087,125,965,0.12953367875647667,0.10980718766397574,0.15219807718014322,278,965,0.28808290155440414,0.2603938528929911,0.31745251538846986,224,965,0.23212435233160622,0.20658038093432043,0.2597926567221963,99,965,0.10259067357512953,0.0849951873800024,0.12333773308914343,76,965,0.07875647668393783,0.06338339006506838,0.09747014884160121,102,965,0.10569948186528498,0.08783980283474939,0.12668608044689333,69,965,0.07150259067357513,0.05688806825799245,0.08951522408618434,12,965,0.012435233160621761,0.0071275117110419514,0.021609487195693677,2,965,0.002072538860103627,0.0005685371242038608,0.007525252407542093,5,965,0.0051813471502590676,0.0022150991284066394,0.012071653215836217,98,965,0.10155440414507771,0.08404816520790814,0.12222043432373872,437,963,0.4537902388369678,0.4225909412931564,0.48535675148299234,77,963,0.07995846313603323,0.06444938574331621,0.09880548454774285,449,963,0.46625129802699894,0.434939727315536,0.4978310595434491,560,963,0.5815160955347871,0.550094937145594,0.612289469979627,369,963,0.38317757009345793,0.3529933088901834,0.4142901840832262,2,963,0.0020768431983385254,0.000569718270086244,0.00754081400324581,0,963,0.0,0.0,0.003973349926192667,32,963,0.033229491173416406,0.023634909923533617,0.04653335755688924,414,963,0.42990654205607476,0.39897777934846623,0.46139231643557954,311 0.32; 363 0.16; 350 0.08; 150 0.06; 364 0.05; 312 0.04; 323 0.04,7,38 0.17; 44 0.11; 53 0.10; 35 0.10; 99 0.10; 52 0.09; 39 0.04; 41 0.04,8,earned income 0.36; unearned income 0.24; shelter deduction 0.16,"wrong amount, known item 0.29; wrong include/exclude decision 0.23; change in circumstances 0.11; unreported source of income 0.10; other 0.10",387,227,202,614,0.6302931596091205,0.5914101330119267,0.6675559191282981,0.3697068403908795,202,0.24754901960784315,816,202987.0
4+,months_since_cert_n > 5.5000 & percent_abawd <= 0.0714 & rawben_rel_max <= 0.9980,test_2024,1081,308,501,196,501,0.3912175648702595,0.3494658208377325,0.4346248721637951,82,501,0.16367265469061876,0.1338564853590387,0.19860740034293195,90,501,0.17964071856287425,0.14850236691622468,0.21565462806992544,25,501,0.0499001996007984,0.03402499927469872,0.07262548277749349,2,501,0.003992015968063872,0.0010954153390655332,0.014437377521110805,26,501,0.05189620758483034,0.035658210036087074,0.07495391067662756,80,501,0.1596806387225549,0.13021142158270765,0.19432918679821815,200,501,0.3992015968063872,0.3572409733263225,0.4426962743172947,96,501,0.19161676646706588,0.15955092962351325,0.22837589732577146,59,501,0.11776447105788423,0.09240547823173864,0.14894071827821614,46,501,0.09181636726546906,0.06954182990960109,0.12030306401356211,43,501,0.08582834331337326,0.06434283304914121,0.11361714489245472,21,501,0.041916167664670656,0.027576620793871475,0.06322730661623101,7,501,0.013972055888223553,0.006784102631322229,0.02855688353146625,2,501,0.003992015968063872,0.0010954153390655332,0.014437377521110805,3,501,0.005988023952095809,0.0020384782310474657,0.017455953289651303,24,501,0.04790419161676647,0.03239975307484701,0.07028909031682277,218,496,0.43951612903225806,0.39646652347444883,0.4834954484782658,33,496,0.06653225806451613,0.04776349341463404,0.09196397224648739,244,496,0.49193548387096775,0.4481692467434565,0.5358256828502388,271,500,0.542,0.4981733601090301,0.5851861719343742,213,500,0.426,0.38338181137240096,0.4697466321701727,2,500,0.004,0.0010976075412372681,0.014466014041418871,8,500,0.016,0.008129155320203278,0.03125147541771118,6,500,0.012,0.0055109199671753584,0.025930707718986326,219,496,0.4415322580645161,0.39844614615417945,0.48551709340011134,311 0.33; 363 0.18; 150 0.10; 350 0.07; 312 0.05; 364 0.05,6,38 0.15; 35 0.12; 56 0.09; 44 0.08; 52 0.07; 53 0.06; 99 0.05; 54 0.04; 41 0.04; 37 0.04; 57 0.03,11,earned income 0.39; shelter deduction 0.18; unearned income 0.16; other element 0.16,"wrong amount, known item 0.40; wrong include/exclude decision 0.19; unreported source of income 0.12; household composition 0.09",210,98,108,308,0.6818181818181818,0.6278333656689725,0.7313233343992671,0.3181818181818182,108,0.25961538461538464,416,117179.0
1,medical_deductions >= 201.000 & rawben_rel_max >=   0.762 & rawben_rel_max <   0.936 & total_deductions_by_hh_size >= 784.000,all_2022_24,110,43,64,1,64,0.015625,0.0027634707504014047,0.08334298900290629,4,64,0.0625,0.024570803674792932,0.14997696642496888,9,64,0.140625,0.07578487006414436,0.24616508394637426,6,64,0.09375,0.04367765783128784,0.1898309858327767,41,64,0.640625,0.5182062363615084,0.7471176946778538,0,64,0.0,0.0,0.056626022971156334,3,64,0.046875,0.016068725432185196,0.12899860788542522,12,64,0.1875,0.11064534880922097,0.29974591554775176,45,64,0.703125,0.5822956740587202,0.8009500041092477,2,64,0.03125,0.00861195771251659,0.10697493882294247,0,64,0.0,0.0,0.056626022971156334,0,64,0.0,0.0,0.056626022971156334,2,64,0.03125,0.00861195771251659,0.10697493882294247,0,64,0.0,0.0,0.056626022971156334,0,64,0.0,0.0,0.056626022971156334,0,64,0.0,0.0,0.056626022971156334,3,64,0.046875,0.016068725432185196,0.12899860788542522,49,64,0.765625,0.6486650974929234,0.8525023278036498,7,64,0.109375,0.054000447526830544,0.20898863291938535,8,64,0.125,0.064721653926208,0.22774786330215924,49,64,0.765625,0.6486650974929234,0.8525023278036498,13,64,0.203125,0.12273302562695812,0.3171386755121659,1,64,0.015625,0.0027634707504014047,0.08334298900290629,0,64,0.0,0.0,0.056626022971156334,1,64,0.015625,0.0027634707504014047,0.08334298900290629,33,64,0.515625,0.3958139224399903,0.6336665143421609,365 0.64; 363 0.14,2,53 0.64; 56 0.11,2,medical deduction 0.64; shelter deduction 0.14,"wrong include/exclude decision 0.70; wrong amount, known item 0.19",42,1,41,43,0.9767441860465116,0.8794073213878312,0.9958830188225801,0.023255813953488372,41,0.4880952380952381,84,11442.0
1,medical_deductions >= 201.000 & rawben_rel_max >=   0.762 & rawben_rel_max <   0.936 & total_deductions_by_hh_size >= 784.000,train_2022_23,71,31,45,1,45,0.022222222222222223,0.003933497522757505,0.11566946388718813,3,45,0.06666666666666667,0.022931616462147086,0.17856874388640825,5,45,0.1111111111111111,0.04840400437825558,0.23499375490890945,4,45,0.08888888888888889,0.035110548134203154,0.20733851168365702,29,45,0.6444444444444445,0.49835546011952203,0.7678110864309596,0,45,0.0,0.0,0.07865426194064076,3,45,0.06666666666666667,0.022931616462147086,0.17856874388640825,2,45,0.044444444444444446,0.012273869040444335,0.14827779183880616,37,45,0.8222222222222222,0.6866989315634587,0.9070572107414617,1,45,0.022222222222222223,0.003933497522757505,0.11566946388718813,0,45,0.0,0.0,0.07865426194064076,0,45,0.0,0.0,0.07865426194064076,2,45,0.044444444444444446,0.012273869040444335,0.14827779183880616,0,45,0.0,0.0,0.07865426194064076,0,45,0.0,0.0,0.07865426194064076,0,45,0.0,0.0,0.07865426194064076,3,45,0.06666666666666667,0.022931616462147086,0.17856874388640825,32,45,0.7111111111111111,0.5663118252773978,0.8227008196809984,7,45,0.15555555555555556,0.07745325311328677,0.28784190511248803,6,45,0.13333333333333333,0.0625706363434968,0.2617758224129731,35,45,0.7777777777777778,0.637304262026367,0.8745544813399436,8,45,0.17777777777777778,0.0929427892585383,0.3133010684365414,1,45,0.022222222222222223,0.003933497522757505,0.11566946388718813,0,45,0.0,0.0,0.07865426194064076,1,45,0.022222222222222223,0.003933497522757505,0.11566946388718813,21,45,0.4666666666666667,0.3293490394201473,0.6092279113758954,365 0.64; 363 0.11,2,53 0.76,1,medical deduction 0.64; shelter deduction 0.11,wrong include/exclude decision 0.82,31,0,30,31,1.0,0.889740999265246,0.9999999999999999,0.0,30,0.4918032786885246,61,8098.0
1,medical_deductions >= 201.000 & rawben_rel_max >=   0.762 & rawben_rel_max <   0.936 & total_deductions_by_hh_size >= 784.000,test_2024,39,12,19,0,19,0.0,0.0,0.16818436536845052,1,19,0.05263157894736842,0.009351752490529969,0.2463921533654521,4,19,0.21052631578947367,0.08507538491591576,0.43334714240266087,2,19,0.10526315789473684,0.029357941395096593,0.313945504948417,12,19,0.631578947368421,0.4103915749815672,0.8085072762372616,0,19,0.0,0.0,0.16818436536845052,0,19,0.0,0.0,0.16818436536845052,10,19,0.5263157894736842,0.31707482511825114,0.7267049451255145,8,19,0.42105263157894735,0.2314162039203038,0.6372444853483988,1,19,0.05263157894736842,0.009351752490529969,0.2463921533654521,0,19,0.0,0.0,0.16818436536845052,0,19,0.0,0.0,0.16818436536845052,0,19,0.0,0.0,0.16818436536845052,0,19,0.0,0.0,0.16818436536845052,0,19,0.0,0.0,0.16818436536845052,0,19,0.0,0.0,0.16818436536845052,0,19,0.0,0.0,0.16818436536845052,17,19,0.8947368421052632,0.686054495051583,0.9706420586049034,0,19,0.0,0.0,0.16818436536845052,2,19,0.10526315789473684,0.029357941395096593,0.313945504948417,14,19,0.7368421052631579,0.5120803155892935,0.8819376166045982,5,19,0.2631578947368421,0.11806238339540162,0.48791968441070643,0,19,0.0,0.0,0.16818436536845052,0,19,0.0,0.0,0.16818436536845052,0,19,0.0,0.0,0.16818436536845052,12,19,0.631578947368421,0.4103915749815672,0.8085072762372616,365 0.63; 363 0.21,2,56 0.37; 53 0.37; 57 0.11,3,medical deduction 0.63; shelter deduction 0.21,"wrong amount, known item 0.53; wrong include/exclude decision 0.42",11,1,11,12,0.9166666666666666,0.6461140782014047,0.9851352905492264,0.08333333333333333,11,0.4782608695652174,23,3344.0
1,medical_deductions >   96.200 & total_deductions_by_hh_size > 1370.000 & unc_rawben_rel_max >    0.326 & unc_rawben_rel_max <=    0.998,all_2022_24,137,51,84,3,84,0.03571428571428571,0.01221944777306612,0.09981858432106694,11,84,0.13095238095238096,0.07472144544944861,0.21946263134332386,24,84,0.2857142857142857,0.20014898610655452,0.3900224133215068,5,84,0.05952380952380952,0.025690182263433017,0.13188436100535988,33,84,0.39285714285714285,0.2953018006281275,0.49978389908590315,2,84,0.023809523809523808,0.006553765293517748,0.0827160112132854,6,84,0.07142857142857142,0.033145358330644366,0.14719744052547845,19,84,0.2261904761904762,0.14985904898307534,0.32647107250833646,45,84,0.5357142857142857,0.42984527122776917,0.6384594955342207,7,84,0.08333333333333333,0.04095202982832851,0.16215902461512421,0,84,0.0,0.0,0.043733265332143306,4,84,0.047619047619047616,0.018671444654442905,0.11613484302702007,7,84,0.08333333333333333,0.04095202982832851,0.16215902461512421,0,84,0.0,0.0,0.043733265332143306,0,84,0.0,0.0,0.043733265332143306,0,84,0.0,0.0,0.043733265332143306,2,84,0.023809523809523808,0.006553765293517748,0.0827160112132854,58,84,0.6904761904761905,0.5851099007733379,0.7791821886239408,7,84,0.08333333333333333,0.04095202982832851,0.16215902461512421,19,84,0.2261904761904762,0.14985904898307534,0.32647107250833646,51,84,0.6071428571428571,0.5002161009140969,0.7046981993718724,29,84,0.34523809523809523,0.2523486284686916,0.45166404889601935,2,84,0.023809523809523808,0.006553765293517748,0.0827160112132854,0,84,0.0,0.0,0.043733265332143306,2,84,0.023809523809523808,0.006553765293517748,0.0827160112132854,46,84,0.5476190476190477,0.44142846686988807,0.6496445554794317,365 0.39; 363 0.29; 364 0.06; 346 0.06,4,53 0.37; 52 0.15; 56 0.12; 35 0.08; 38 0.06,5,medical deduction 0.39; shelter deduction 0.29; unearned income 0.13,"wrong include/exclude decision 0.54; wrong amount, known item 0.23",45,6,43,51,0.8823529411764706,0.766188977022052,0.9449500123582724,0.11764705882352941,43,0.4574468085106383,94,13025.0
1,medical_deductions >   96.200 & total_deductions_by_hh_size > 1370.000 & unc_rawben_rel_max >    0.326 & unc_rawben_rel_max <=    0.998,train_2022_23,74,31,52,3,52,0.057692307692307696,0.019813812690573196,0.15642755575159178,7,52,0.1346153846153846,0.06676796994292626,0.2527357692049491,13,52,0.25,0.15233011761438864,0.38206717759205233,3,52,0.057692307692307696,0.019813812690573196,0.15642755575159178,19,52,0.36538461538461536,0.2480051371130184,0.5012857141519882,2,52,0.038461538461538464,0.010611488322077554,0.12981428744365978,5,52,0.09615384615384616,0.041773735183410265,0.20609881861160995,5,52,0.09615384615384616,0.041773735183410265,0.20609881861160995,34,52,0.6538461538461539,0.5180330221508072,0.7684917192606138,5,52,0.09615384615384616,0.041773735183410265,0.20609881861160995,0,52,0.0,0.0,0.06879459041288215,3,52,0.057692307692307696,0.019813812690573196,0.15642755575159178,3,52,0.057692307692307696,0.019813812690573196,0.15642755575159178,0,52,0.0,0.0,0.06879459041288215,0,52,0.0,0.0,0.06879459041288215,0,52,0.0,0.0,0.06879459041288215,2,52,0.038461538461538464,0.010611488322077554,0.12981428744365978,31,52,0.5961538461538461,0.4606733176249609,0.7184046457571771,6,52,0.11538461538461539,0.05396895756082726,0.22971918891062054,15,52,0.28846153846153844,0.1832980234182869,0.4227304571410092,31,52,0.5961538461538461,0.4606733176249609,0.7184046457571771,19,52,0.36538461538461536,0.2480051371130184,0.5012857141519882,2,52,0.038461538461538464,0.010611488322077554,0.12981428744365978,0,52,0.0,0.0,0.06879459041288215,0,52,0.0,0.0,0.06879459041288215,28,52,0.5384615384615384,0.405033783976834,0.6665974013760211,365 0.37; 363 0.25; 364 0.06; 346 0.06; 520 0.06,5,53 0.48; 52 0.17; 35 0.10,3,medical deduction 0.37; shelter deduction 0.25; unearned income 0.13,"wrong include/exclude decision 0.65; wrong amount, known item 0.10",28,3,26,31,0.9032258064516129,0.7509971000182295,0.966535963905356,0.0967741935483871,26,0.45614035087719296,57,8280.0
1,medical_deductions >   96.200 & total_deductions_by_hh_size > 1370.000 & unc_rawben_rel_max >    0.326 & unc_rawben_rel_max <=    0.998,test_2024,63,20,32,0,32,0.0,0.0,0.1071827150573635,4,32,0.125,0.04970053844474301,0.2806864978482796,11,32,0.34375,0.20410233354328552,0.5168922649121406,2,32,0.0625,0.017310203195157234,0.2014746724800358,14,32,0.4375,0.2816508596944317,0.6067469796877387,0,32,0.0,0.0,0.1071827150573635,1,32,0.03125,0.005537717362550945,0.15744607800372734,14,32,0.4375,0.2816508596944317,0.6067469796877387,11,32,0.34375,0.20410233354328552,0.5168922649121406,2,32,0.0625,0.017310203195157234,0.2014746724800358,0,32,0.0,0.0,0.1071827150573635,1,32,0.03125,0.005537717362550945,0.15744607800372734,4,32,0.125,0.04970053844474301,0.2806864978482796,0,32,0.0,0.0,0.1071827150573635,0,32,0.0,0.0,0.1071827150573635,0,32,0.0,0.0,0.1071827150573635,0,32,0.0,0.0,0.1071827150573635,27,32,0.84375,0.6824550744643347,0.9313568089337279,1,32,0.03125,0.005537717362550945,0.15744607800372734,4,32,0.125,0.04970053844474301,0.2806864978482796,20,32,0.625,0.45254100589525126,0.7706633153404079,10,32,0.3125,0.17952352116618736,0.4856699969803239,0,32,0.0,0.0,0.1071827150573635,0,32,0.0,0.0,0.1071827150573635,2,32,0.0625,0.017310203195157234,0.2014746724800358,18,32,0.5625,0.3932530203122613,0.7183491403055682,365 0.44; 363 0.34,2,56 0.31; 53 0.19; 52 0.12; 98 0.09; 57 0.09,5,medical deduction 0.44; shelter deduction 0.34,"wrong amount, known item 0.44; wrong include/exclude decision 0.34",17,3,17,20,0.85,0.6395767041130426,0.9476322080405041,0.15,17,0.4594594594594595,37,4745.0
4+,expedited_i <=   0.5 & months_since_cert_n >   5.5 & shelter_expenses_by_hh_size > 183.0,all_2022_24,2615,694,1089,431,1089,0.3957759412304867,0.36714646439122656,0.4251381631339335,205,1089,0.18824609733700642,0.16613933659801974,0.21254463736490406,204,1089,0.18732782369146006,0.16526761373072923,0.21158626884475107,51,1089,0.046831955922865015,0.035797462770319165,0.06105243752630205,6,1089,0.005509641873278237,0.0025274572972107156,0.011968330564451943,53,1089,0.048668503213957756,0.037399215128551155,0.06311086794295709,139,1089,0.12764003673094582,0.10912150528564225,0.14877643710600902,365,1089,0.3351698806244261,0.3077557241190919,0.3637428718347956,228,1089,0.209366391184573,0.1862441201993238,0.23453195567480106,125,1089,0.1147842056932966,0.09719069577482164,0.13508596719262028,80,1089,0.07346189164370982,0.05942056159399513,0.09050198893848825,114,1089,0.1046831955922865,0.08786855504107839,0.12427710266448479,67,1089,0.06152433425160698,0.04873590509878952,0.07739545739692805,12,1089,0.011019283746556474,0.006314528261459669,0.01916180792486413,4,1089,0.0036730945821854912,0.001429270623132797,0.009406334463642816,2,1089,0.0018365472910927456,0.0005037815266522175,0.006671640785236348,92,1089,0.0844811753902663,0.06938837821178048,0.10249526897002517,509,1082,0.4704251386321627,0.4408415302077613,0.5002180129152872,76,1082,0.07024029574861368,0.0564846169133922,0.08703686909340659,496,1082,0.4584103512014787,0.42892005921857557,0.48819492329821135,595,1087,0.547378104875805,0.5176724000163023,0.5767501082562095,455,1087,0.41858325666973323,0.3895926993806548,0.44814726213163064,3,1087,0.0027598896044158236,0.0009390287900115928,0.008082996039257846,8,1087,0.007359705611775529,0.0037338673623514276,0.01445539127978323,26,1087,0.02391904323827047,0.016374397162236237,0.03481690320621322,434,1082,0.4011090573012939,0.37230418093041684,0.4306136663872767,311 0.33; 363 0.19; 350 0.07; 312 0.06; 150 0.06; 364 0.05,6,38 0.18; 35 0.11; 53 0.09; 44 0.09; 99 0.08; 52 0.07; 39 0.04; 37 0.04; 56 0.03; 41 0.03,10,earned income 0.40; unearned income 0.19; shelter deduction 0.19,"wrong amount, known item 0.34; wrong include/exclude decision 0.21; unreported source of income 0.11; change in circumstances 0.10",487,207,223,694,0.7017291066282421,0.666656056574016,0.7345811296298446,0.29827089337175794,223,0.24318429661941113,917,246722.0
4+,expedited_i <=   0.5 & months_since_cert_n >   5.5 & shelter_expenses_by_hh_size > 183.0,train_2022_23,1762,450,696,273,696,0.3922413793103448,0.3566538960828024,0.4290118888605333,144,696,0.20689655172413793,0.17845017887511816,0.23856075617075506,129,696,0.1853448275862069,0.15823083237159344,0.21591325966294692,35,696,0.05028735632183908,0.036377535217817836,0.06913434061237002,4,696,0.005747126436781609,0.002237111611791049,0.014683288661642254,33,696,0.04741379310344827,0.03395770849492501,0.06583858826708514,78,696,0.11206896551724138,0.0907300010403407,0.137666824755668,205,696,0.29454022988505746,0.2618766116191412,0.3294594850061523,156,696,0.22413793103448276,0.19471884271880194,0.2565855667361376,74,696,0.10632183908045977,0.0855428252446336,0.13142284241501967,49,696,0.07040229885057471,0.05366049417557328,0.09186043513185854,77,696,0.11063218390804598,0.08943136110827896,0.13610767515364086,48,696,0.06896551724137931,0.052409137134866585,0.09025400263847638,6,696,0.008620689655172414,0.003956703086999607,0.01867927625461141,2,696,0.0028735632183908046,0.0007883722075403199,0.01041644899771527,2,696,0.0028735632183908046,0.0007883722075403199,0.01041644899771527,77,696,0.11063218390804598,0.08943136110827896,0.13610767515364086,344,694,0.4956772334293948,0.4586046523286247,0.5327974079670067,55,694,0.0792507204610951,0.061391130688916704,0.10174273808588834,295,694,0.4250720461095101,0.3888033602457735,0.4621656848785068,392,694,0.5648414985590778,0.5276983310802008,0.6012707644853259,279,694,0.4020172910662824,0.36617422362700874,0.43893914307397314,1,694,0.001440922190201729,0.00025439690368359805,0.008116557192489517,0,694,0.0,4.336808689942018e-19,0.005504974194716966,22,694,0.03170028818443804,0.021025973984933024,0.047530558041819174,275,694,0.3962536023054755,0.36052984847357694,0.43311959862158045,311 0.32; 363 0.19; 350 0.07; 312 0.06; 364 0.05; 150 0.05; 323 0.03,7,38 0.19; 99 0.11; 53 0.11; 35 0.11; 44 0.10; 52 0.07; 39 0.05; 37 0.04,8,earned income 0.39; unearned income 0.21; shelter deduction 0.19,"wrong amount, known item 0.29; wrong include/exclude decision 0.22; other 0.11; change in circumstances 0.11; unreported source of income 0.11",309,141,142,450,0.6866666666666666,0.6423817063204991,0.727791499485227,0.31333333333333335,142,0.23986486486486486,592,149754.0
4+,expedited_i <=   0.5 & months_since_cert_n >   5.5 & shelter_expenses_by_hh_size > 183.0,test_2024,853,244,393,158,393,0.4020356234096692,0.35473351896738975,0.45123440375038976,61,393,0.15521628498727735,0.12277015541031999,0.19433772844056657,75,393,0.19083969465648856,0.15505352493426228,0.2326114779283408,16,393,0.04071246819338423,0.025212721907822727,0.06510442226254651,2,393,0.005089058524173028,0.0013966853513397177,0.018363339807313,20,393,0.05089058524173028,0.03318201384214102,0.07729430718871863,61,393,0.15521628498727735,0.12277015541031999,0.19433772844056657,160,393,0.4071246819338422,0.35967692770271736,0.4563705834453073,72,393,0.183206106870229,0.14808903092306022,0.22445658929417503,51,393,0.1297709923664122,0.1000974711456209,0.1666124705540396,31,393,0.07888040712468193,0.05612453332374254,0.10978952407346579,37,393,0.09414758269720101,0.06907606180854267,0.1270767608794013,19,393,0.04834605597964377,0.031165986245942294,0.07427054056979476,6,393,0.015267175572519083,0.007015281673802618,0.03290392034534053,2,393,0.005089058524173028,0.0013966853513397177,0.018363339807313,0,393,0.0,0.0,0.009680436728407503,15,393,0.03816793893129771,0.02326427382225604,0.06201307613299058,165,388,0.4252577319587629,0.37703380267722086,0.47494720189197226,21,388,0.05412371134020619,0.035669289736500756,0.0813208409693763,201,388,0.5180412371134021,0.4683888056276184,0.5673399174074041,203,393,0.5165394402035624,0.46721138733639767,0.5655472750618993,176,393,0.44783715012722647,0.39941334417055047,0.497270874419436,2,393,0.005089058524173028,0.0013966853513397177,0.018363339807313,8,393,0.020356234096692113,0.010349998027822896,0.03964879242156547,4,393,0.010178117048346057,0.003964926423514054,0.02587468716538388,159,388,0.4097938144329897,0.3619750491823915,0.4593813356424968,311 0.34; 363 0.19; 150 0.08; 312 0.06; 350 0.05; 323 0.04,6,38 0.16; 35 0.13; 56 0.10; 44 0.07; 52 0.07; 53 0.06; 41 0.05; 54 0.04; 99 0.04; 37 0.03; 57 0.03,11,earned income 0.40; shelter deduction 0.19; other element 0.16; unearned income 0.16,"wrong amount, known item 0.41; wrong include/exclude decision 0.18; unreported source of income 0.13; change in circumstances 0.09",178,66,81,244,0.7295081967213115,0.6705318904310933,0.7813696466797067,0.27049180327868855,81,0.24923076923076923,325,96968.0
1,months_since_cert_n >=   5.00 & total_deductions_by_hh_size < 946.00 & unc_rawben_rel_max >=   1.77 & utilities < 471.00,all_2022_24,470,168,272,91,272,0.33455882352941174,0.2811329323984416,0.39259285805521005,86,272,0.3161764705882353,0.2638033228639513,0.37366977764010606,34,272,0.125,0.09084588719522466,0.16959923783305245,11,272,0.04044117647058824,0.022729078021716143,0.07095367323842736,6,272,0.022058823529411766,0.010147909944334718,0.047282151366214525,4,272,0.014705882352941176,0.005733207656477533,0.037195777674234,40,272,0.14705882352941177,0.1098904672497669,0.19405788571802332,40,272,0.14705882352941177,0.1098904672497669,0.19405788571802332,76,272,0.27941176470588236,0.22944163214585026,0.33552608845901866,62,272,0.22794117647058823,0.18207875305527044,0.2813814356907345,2,272,0.007352941176470588,0.0020187208450531645,0.026409188505820667,34,272,0.125,0.09084588719522466,0.16959923783305245,9,272,0.03308823529411765,0.017503496390881498,0.061678178889424284,5,272,0.01838235294117647,0.007876648365179397,0.042302874955451,25,272,0.09191176470588236,0.06303085530166909,0.13215942781733836,0,272,0.0,0.0,0.013926833371036128,19,272,0.06985294117647059,0.04517167824813013,0.1065153769313642,69,271,0.25461254612546125,0.20642379985800782,0.30966110140875824,22,271,0.08118081180811808,0.054219332082361314,0.1198503866210664,180,271,0.6642066420664207,0.6060298056293615,0.7177930799891185,119,272,0.4375,0.37982075336145005,0.49692010080992943,141,272,0.5183823529411765,0.45915967766144,0.5770930122881544,4,272,0.014705882352941176,0.005733207656477533,0.037195777674234,1,272,0.003676470588235294,0.0006492656971213463,0.020528105663833632,7,272,0.025735294117647058,0.012520778097460494,0.05215982120300759,91,271,0.33579335793357934,0.2822069200108816,0.39397019437063857,311 0.30; 331 0.21; 363 0.12; 371 0.06; 372 0.06; 333 0.05,6,35 0.23; 38 0.12; 37 0.12; 39 0.11; 29 0.09; 52 0.08,6,earned income 0.33; unearned income 0.32; other element 0.15,"wrong include/exclude decision 0.28; unreported source of income 0.23; wrong amount, known item 0.15; change in circumstances 0.12",166,2,1,168,0.9880952380952381,0.9576380186368249,0.9967292591352631,0.011904761904761904,1,0.005917159763313609,169,53288.0
1,months_since_cert_n >=   5.00 & total_deductions_by_hh_size < 946.00 & unc_rawben_rel_max >=   1.77 & utilities < 471.00,train_2022_23,356,124,212,72,212,0.33962264150943394,0.2792321512979552,0.4057220002650429,61,212,0.28773584905660377,0.23100003100944896,0.3520275225298132,28,212,0.1320754716981132,0.09298265914871358,0.1842651003193408,10,212,0.04716981132075472,0.02582028661381731,0.0846384942699419,4,212,0.018867924528301886,0.007361105154346095,0.04750134953464806,3,212,0.014150943396226415,0.004823973770644724,0.04077242655255525,34,212,0.16037735849056603,0.11709470910753234,0.21574937655528703,29,212,0.13679245283018868,0.09695993120080668,0.18955388263304182,62,212,0.29245283018867924,0.2353477007635974,0.35694590714145896,43,212,0.2028301886792453,0.15421406156549416,0.2620245133894729,0,212,0.0,0.0,0.01779823722581745,30,212,0.14150943396226415,0.10095464905175758,0.19482521914788511,8,212,0.03773584905660377,0.01924295906430653,0.07268371308786434,2,212,0.009433962264150943,0.002590902462183525,0.033739443495222274,21,212,0.09905660377358491,0.0657042145884,0.14668116431909514,0,212,0.0,0.0,0.01779823722581745,17,212,0.08018867924528301,0.05066598935290643,0.124655172091412,50,212,0.2358490566037736,0.18371934338414503,0.29738161213138126,17,212,0.08018867924528301,0.05066598935290643,0.124655172091412,145,212,0.6839622641509434,0.6185756641562565,0.7428004561097163,93,212,0.4386792452830189,0.3735601874069567,0.5059811058377193,109,212,0.5141509433962265,0.4472203093787086,0.5805778537186741,3,212,0.014150943396226415,0.004823973770644724,0.04077242655255525,0,212,0.0,0.0,0.01779823722581745,7,212,0.0330188679245283,0.01608445290242097,0.06657616488395571,71,212,0.33490566037735847,0.274811658759314,0.4008764384378899,311 0.31; 331 0.19; 363 0.13; 371 0.07; 372 0.06,5,35 0.20; 38 0.13; 39 0.13; 37 0.11; 52 0.10; 29 0.10,6,earned income 0.34; unearned income 0.29; other element 0.16,"wrong include/exclude decision 0.29; unreported source of income 0.20; change in circumstances 0.14; wrong amount, known item 0.14",123,1,0,124,0.9919354838709677,0.9557309233977271,0.9985750302198744,0.008064516129032258,0,0.0,124,40616.0
1,months_since_cert_n >=   5.00 & total_deductions_by_hh_size < 946.00 & unc_rawben_rel_max >=   1.77 & utilities < 471.00,test_2024,114,44,60,19,60,0.31666666666666665,0.21305705841174333,0.4423400494301654,25,60,0.4166666666666667,0.30064086487871833,0.5427214568676039,6,60,0.1,0.04664219945723587,0.20149694492511044,1,60,0.016666666666666666,0.002948083860873682,0.08855338226779477,2,60,0.03333333333333333,0.009189126490150246,0.11363987528925378,1,60,0.016666666666666666,0.002948083860873682,0.08855338226779477,6,60,0.1,0.04664219945723587,0.20149694492511044,11,60,0.18333333333333332,0.1055768903713613,0.29919993226466285,14,60,0.23333333333333334,0.1443943161843107,0.3543651134039202,19,60,0.31666666666666665,0.21305705841174333,0.4423400494301654,2,60,0.03333333333333333,0.009189126490150246,0.11363987528925378,4,60,0.06666666666666667,0.02622827414319792,0.15925579893767722,1,60,0.016666666666666666,0.002948083860873682,0.08855338226779477,3,60,0.05,0.01714919117914121,0.13700734625099836,4,60,0.06666666666666667,0.02622827414319792,0.15925579893767722,0,60,0.0,0.0,0.06017393047793289,2,60,0.03333333333333333,0.009189126490150246,0.11363987528925378,19,59,0.3220338983050847,0.21687410829652445,0.44895235060967775,5,59,0.0847457627118644,0.036741491306199775,0.1835202461416055,35,59,0.5932203389830508,0.46593171365564306,0.7091115697744415,26,60,0.43333333333333335,0.31572200394400635,0.5589678534530513,32,60,0.5333333333333333,0.40893208671135106,0.65372298459012,1,60,0.016666666666666666,0.002948083860873682,0.08855338226779477,1,60,0.016666666666666666,0.002948083860873682,0.08855338226779477,0,60,0.0,0.0,0.06017393047793289,20,59,0.3389830508474576,0.23137483598383493,0.4662776744551099,311 0.27; 331 0.25; 363 0.10; 333 0.07; 346 0.05; 312 0.05,6,35 0.32; 37 0.17; 38 0.12; 29 0.07; 39 0.05; 124 0.03,6,unearned income 0.42; earned income 0.32; shelter deduction 0.10,"unreported source of income 0.32; wrong include/exclude decision 0.23; wrong amount, known item 0.18; change in circumstances 0.07",43,1,1,44,0.9772727272727273,0.8819202086846235,0.9959768516143629,0.022727272727272728,1,0.022222222222222223,45,12672.0
2-3,medical_deductions >= 151.000 & rawben_rel_max >=   0.145 & shelter_expenses_by_hh_size >= 455.000 & unc_rawben_rel_max >=  -0.205,all_2022_24,270,99,152,9,152,0.05921052631578947,0.031459946573578916,0.1086926185951565,38,152,0.25,0.18789862687528025,0.3244267085935548,42,152,0.27631578947368424,0.21140472817032446,0.3522547825123175,1,152,0.006578947368421052,0.0011622614078393885,0.036321953333282364,51,152,0.3355263157894737,0.2653360671404341,0.4138253377732731,1,152,0.006578947368421052,0.0011622614078393885,0.036321953333282364,10,152,0.06578947368421052,0.03612441662263905,0.11686169234954807,31,152,0.20394736842105263,0.14756351111502336,0.27492701772964967,78,152,0.5131578947368421,0.43435739989649,0.5913096877104134,14,152,0.09210526315789473,0.05565814076397554,0.14866214342201842,7,152,0.046052631578947366,0.022484048976409134,0.09200142858542287,3,152,0.019736842105263157,0.006734529912818171,0.056416772435207,5,152,0.03289473684210526,0.01413071279735818,0.0746876771575704,2,152,0.013157894736842105,0.0036157414374440727,0.04670201710712938,2,152,0.013157894736842105,0.0036157414374440727,0.04670201710712938,0,152,0.0,0.0,0.024650670937670042,10,152,0.06578947368421052,0.03612441662263905,0.11686169234954807,90,152,0.5921052631578947,0.5126421793158427,0.6670274339324811,25,152,0.16447368421052633,0.11395725895038368,0.23153200707357918,37,152,0.24342105263157895,0.18207130854082587,0.3174204831245574,92,152,0.6052631578947368,0.5258812217399832,0.6794554791152442,56,152,0.3684210526315789,0.29585947939655544,0.4474696445344103,1,152,0.006578947368421052,0.0011622614078393885,0.036321953333282364,1,152,0.006578947368421052,0.0011622614078393885,0.036321953333282364,2,152,0.013157894736842105,0.0036157414374440727,0.04670201710712938,70,152,0.4605263157894737,0.3832356823282931,0.5397630548509966,365 0.34; 363 0.28; 331 0.14,3,53 0.34; 38 0.11; 52 0.10; 35 0.09; 56 0.08; 37 0.07,6,medical deduction 0.34; shelter deduction 0.28; unearned income 0.25,"wrong include/exclude decision 0.51; wrong amount, known item 0.20; unreported source of income 0.09",90,9,69,99,0.9090909090909091,0.8361842304768151,0.9514347875081247,0.09090909090909091,69,0.4107142857142857,168,21956.0
2-3,medical_deductions >= 151.000 & rawben_rel_max >=   0.145 & shelter_expenses_by_hh_size >= 455.000 & unc_rawben_rel_max >=  -0.205,train_2022_23,169,63,105,4,105,0.0380952380952381,0.014912218047781596,0.09388441853234952,23,105,0.21904761904761905,0.15063031032976165,0.30729754078598814,30,105,0.2857142857142857,0.20806999151103067,0.3784851491704734,1,105,0.009523809523809525,0.0016831259050527937,0.051987529432612214,37,105,0.3523809523809524,0.2676921334923939,0.44749029675486446,1,105,0.009523809523809525,0.0016831259050527937,0.051987529432612214,9,105,0.08571428571428572,0.04574896007099648,0.1549243119132448,13,105,0.12380952380952381,0.07380094170864485,0.2003736385988846,60,105,0.5714285714285714,0.47590151019505855,0.6619134429111067,8,105,0.0761904761904762,0.03911018406047029,0.14318776084294899,6,105,0.05714285714285714,0.02644927392809686,0.11909801681367833,2,105,0.01904761904761905,0.005239072265250375,0.06680691015323666,4,105,0.0380952380952381,0.014912218047781596,0.09388441853234952,1,105,0.009523809523809525,0.0016831259050527937,0.051987529432612214,2,105,0.01904761904761905,0.005239072265250375,0.06680691015323666,0,105,0.0,0.0,0.035295328256842964,9,105,0.08571428571428572,0.04574896007099648,0.1549243119132448,65,105,0.6190476190476191,0.5235152399012015,0.706176348609074,18,105,0.17142857142857143,0.11127695984061492,0.2547742558710247,22,105,0.20952380952380953,0.1426344996383833,0.29691802439654447,62,105,0.5904761904761905,0.49484307025302343,0.679722537014786,41,105,0.3904761904761905,0.3026064253865297,0.4860773131840168,0,105,0.0,0.0,0.035295328256842964,0,105,0.0,0.0,0.035295328256842964,2,105,0.01904761904761905,0.005239072265250375,0.06680691015323666,45,105,0.42857142857142855,0.33808655708889324,0.5240984898049413,365 0.35; 363 0.29; 331 0.10; 346 0.08,4,53 0.40; 52 0.13; 38 0.11; 99 0.09; 35 0.08,5,medical deduction 0.35; shelter deduction 0.29; unearned income 0.22,"wrong include/exclude decision 0.57; wrong amount, known item 0.12; other 0.09",56,7,49,63,0.8888888888888888,0.7879511971626006,0.9451252103441016,0.1111111111111111,49,0.4375,112,13921.0
2-3,medical_deductions >= 151.000 & rawben_rel_max >=   0.145 & shelter_expenses_by_hh_size >= 455.000 & unc_rawben_rel_max >=  -0.205,test_2024,101,36,47,5,47,0.10638297872340426,0.046304099555199416,0.22594539692012788,15,47,0.3191489361702128,0.2039520381739899,0.4616761088552146,12,47,0.2553191489361702,0.15253006046383732,0.3950844913992039,0,47,0.0,6.938893903907228e-18,0.0755601711983887,14,47,0.2978723404255319,0.18651084151016262,0.439779440463654,0,47,0.0,6.938893903907228e-18,0.0755601711983887,1,47,0.02127659574468085,0.003765671010464995,0.11113236524331144,18,47,0.3829787234042553,0.2579048266351308,0.5257369155602367,18,47,0.3829787234042553,0.2579048266351308,0.5257369155602367,6,47,0.1276595744680851,0.059845227802024795,0.25174213372869025,1,47,0.02127659574468085,0.003765671010464995,0.11113236524331144,1,47,0.02127659574468085,0.003765671010464995,0.11113236524331144,1,47,0.02127659574468085,0.003765671010464995,0.11113236524331144,1,47,0.02127659574468085,0.003765671010464995,0.11113236524331144,0,47,0.0,6.938893903907228e-18,0.0755601711983887,0,47,0.0,6.938893903907228e-18,0.0755601711983887,1,47,0.02127659574468085,0.003765671010464995,0.11113236524331144,25,47,0.5319148936170213,0.39232141926770786,0.6666853783153737,7,47,0.14893617021276595,0.07406626087497505,0.2768589657111277,15,47,0.3191489361702128,0.2039520381739899,0.4616761088552146,30,47,0.6382978723404256,0.4953563457177046,0.7603397771423157,15,47,0.3191489361702128,0.2039520381739899,0.4616761088552146,1,47,0.02127659574468085,0.003765671010464995,0.11113236524331144,1,47,0.02127659574468085,0.003765671010464995,0.11113236524331144,0,47,0.0,6.938893903907228e-18,0.0755601711983887,25,47,0.5319148936170213,0.39232141926770786,0.6666853783153737,365 0.30; 363 0.26; 331 0.23,3,56 0.26; 53 0.21; 37 0.15; 35 0.13; 38 0.11,5,unearned income 0.32; medical deduction 0.30; shelter deduction 0.26,"wrong include/exclude decision 0.38; wrong amount, known item 0.38",34,2,20,36,0.9444444444444444,0.8185502589238878,0.9846303362329332,0.05555555555555555,20,0.35714285714285715,56,8035.0
1,expedited_i <   1.000 & medical_deductions >= 478.000 & rawben_rel_max >=   0.580 & rawben_rel_max <   0.988,all_2022_24,83,34,49,1,49,0.02040816326530612,0.003611579538530696,0.10693768467754147,3,49,0.061224489795918366,0.021039764955529186,0.16520743422087725,7,49,0.14285714285714285,0.07096333720544586,0.2666797318916292,4,49,0.08163265306122448,0.032202296241712225,0.19189387041486136,31,49,0.6326530612244898,0.49266811386889864,0.7533501747521878,0,49,0.0,0.0,0.07270029673590504,3,49,0.061224489795918366,0.021039764955529186,0.16520743422087725,13,49,0.2653061224489796,0.1621113124514944,0.4026255615265835,30,49,0.6122448979591837,0.4724574648805242,0.735711856260395,1,49,0.02040816326530612,0.003611579538530696,0.10693768467754147,0,49,0.0,0.0,0.07270029673590504,0,49,0.0,0.0,0.07270029673590504,2,49,0.04081632653061224,0.011265396927928273,0.13713283476831106,0,49,0.0,0.0,0.07270029673590504,0,49,0.0,0.0,0.07270029673590504,0,49,0.0,0.0,0.07270029673590504,3,49,0.061224489795918366,0.021039764955529186,0.16520743422087725,32,49,0.6530612244897959,0.5131093521943979,0.7707579039068555,7,49,0.14285714285714285,0.07096333720544586,0.2666797318916292,10,49,0.20408163265306123,0.11481727042813811,0.33637270110943834,37,49,0.7551020408163265,0.619134127396842,0.8539779661052471,9,49,0.1836734693877551,0.09976228838458358,0.31357871567282575,2,49,0.04081632653061224,0.011265396927928273,0.13713283476831106,0,49,0.0,0.0,0.07270029673590504,1,49,0.02040816326530612,0.003611579538530696,0.10693768467754147,29,49,0.5918367346938775,0.4524706997204626,0.7178496539402894,365 0.63; 363 0.14,2,53 0.53; 56 0.12; 52 0.08; 57 0.08,4,medical deduction 0.63; shelter deduction 0.14,"wrong include/exclude decision 0.61; wrong amount, known item 0.27",31,3,32,34,0.9117647058823529,0.7703918204763959,0.9695346096956899,0.08823529411764706,32,0.48484848484848486,66,9734.0
1,expedited_i <   1.000 & medical_deductions >= 478.000 & rawben_rel_max >=   0.580 & rawben_rel_max <   0.988,train_2022_23,53,23,33,1,33,0.030303030303030304,0.005369272089651725,0.15319061673168066,2,33,0.06060606060606061,0.016780530429070947,0.19606581717798194,3,33,0.09090909090909091,0.03140337104926305,0.23572943534351032,3,33,0.09090909090909091,0.03140337104926305,0.23572943534351032,21,33,0.6363636363636364,0.46615872621534094,0.7781303383204013,0,33,0.0,0.0,0.10427343003561192,3,33,0.09090909090909091,0.03140337104926305,0.23572943534351032,2,33,0.06060606060606061,0.016780530429070947,0.19606581717798194,25,33,0.7575757575757576,0.5897505131450971,0.8716843865335271,1,33,0.030303030303030304,0.005369272089651725,0.15319061673168066,0,33,0.0,0.0,0.10427343003561192,0,33,0.0,0.0,0.10427343003561192,2,33,0.06060606060606061,0.016780530429070947,0.19606581717798194,0,33,0.0,0.0,0.10427343003561192,0,33,0.0,0.0,0.10427343003561192,0,33,0.0,0.0,0.10427343003561192,3,33,0.09090909090909091,0.03140337104926305,0.23572943534351032,20,33,0.6060606060606061,0.4368314280651038,0.7531711776849179,6,33,0.18181818181818182,0.08610651225698263,0.3438856704929522,7,33,0.21212121212121213,0.1067588656643618,0.3775197758712936,25,33,0.7575757575757576,0.5897505131450971,0.8716843865335271,5,33,0.15151515151515152,0.06650359257960956,0.30920213138460484,2,33,0.06060606060606061,0.016780530429070947,0.19606581717798194,0,33,0.0,0.0,0.10427343003561192,1,33,0.030303030303030304,0.005369272089651725,0.15319061673168066,19,33,0.5757575757575758,0.4080697369146003,0.7276464100497011,365 0.64; 364 0.09; 363 0.09,3,53 0.67; 99 0.09,2,medical deduction 0.64; utility allowance 0.09; shelter deduction 0.09,wrong include/exclude decision 0.76,23,0,22,23,1.0,0.8568788745827374,1.0,0.0,22,0.4888888888888889,45,6706.0
1,expedited_i <   1.000 & medical_deductions >= 478.000 & rawben_rel_max >=   0.580 & rawben_rel_max <   0.988,test_2024,30,11,16,0,16,0.0,0.0,0.19361341827271994,1,16,0.0625,0.01111905730833121,0.2832926836802987,4,16,0.25,0.10181901984237346,0.49498768929398645,1,16,0.0625,0.01111905730833121,0.2832926836802987,10,16,0.625,0.3864064709793481,0.815190174452472,0,16,0.0,0.0,0.19361341827271994,0,16,0.0,0.0,0.19361341827271994,11,16,0.6875,0.4440393186673406,0.8583556494803894,5,16,0.3125,0.14164435051961052,0.5559606813326594,0,16,0.0,0.0,0.19361341827271994,0,16,0.0,0.0,0.19361341827271994,0,16,0.0,0.0,0.19361341827271994,0,16,0.0,0.0,0.19361341827271994,0,16,0.0,0.0,0.19361341827271994,0,16,0.0,0.0,0.19361341827271994,0,16,0.0,0.0,0.19361341827271994,0,16,0.0,0.0,0.19361341827271994,12,16,0.75,0.5050123107060135,0.8981809801576265,1,16,0.0625,0.01111905730833121,0.2832926836802987,3,16,0.1875,0.06591478773586765,0.4300935986845823,12,16,0.75,0.5050123107060135,0.8981809801576265,4,16,0.25,0.10181901984237346,0.49498768929398645,0,16,0.0,0.0,0.19361341827271994,0,16,0.0,0.0,0.19361341827271994,0,16,0.0,0.0,0.19361341827271994,10,16,0.625,0.3864064709793481,0.815190174452472,365 0.62; 363 0.25,2,56 0.38; 57 0.25; 53 0.25,3,medical deduction 0.62; shelter deduction 0.25,"wrong amount, known item 0.69; wrong include/exclude decision 0.31",8,3,10,11,0.7272727272727273,0.4343497069897537,0.9025411942607853,0.2727272727272727,10,0.47619047619047616,21,3028.0
1,medical_deductions >= 117.000 & medical_deductions < 130.000 & rawben_rel_max >=   0.498,all_2022_24,101,39,48,0,48,0.0,0.0,0.0741026511527422,9,48,0.1875,0.10191276348200173,0.31940139348846214,5,48,0.10416666666666667,0.045321050901178245,0.2216768812614093,0,48,0.0,0.0,0.0741026511527422,33,48,0.6875,0.5466666274950367,0.800544878322685,1,48,0.020833333333333332,0.003687015979399688,0.10899469137531158,0,48,0.0,0.0,0.0741026511527422,3,48,0.0625,0.021482843131227225,0.1683569766274222,39,48,0.8125,0.6805986065115378,0.8980872365179983,3,48,0.0625,0.021482843131227225,0.1683569766274222,0,48,0.0,0.0,0.0741026511527422,0,48,0.0,0.0,0.0741026511527422,0,48,0.0,0.0,0.0741026511527422,0,48,0.0,0.0,0.0741026511527422,0,48,0.0,0.0,0.0741026511527422,0,48,0.0,0.0,0.0741026511527422,3,48,0.0625,0.021482843131227225,0.1683569766274222,31,48,0.6458333333333334,0.5043879645406409,0.7656654288731427,3,48,0.0625,0.021482843131227225,0.1683569766274222,14,48,0.2916666666666667,0.18241416061863377,0.43179527736167544,39,48,0.8125,0.6805986065115378,0.8980872365179983,6,48,0.125,0.05856971750400844,0.24700727086054822,1,48,0.020833333333333332,0.003687015979399688,0.10899469137531158,2,48,0.041666666666666664,0.011501652078965613,0.13975911147771472,0,48,0.0,0.0,0.0741026511527422,25,48,0.5208333333333334,0.3832899563598438,0.6552890998421255,365 0.69; 331 0.12,2,53 0.73; 35 0.06,2,medical deduction 0.69; unearned income 0.19,wrong include/exclude decision 0.81,39,0,34,39,1.0,0.9103301463997611,1.0,0.0,34,0.4657534246575342,73,4489.0
1,medical_deductions >= 117.000 & medical_deductions < 130.000 & rawben_rel_max >=   0.498,train_2022_23,81,35,42,0,42,0.0,0.0,0.08380161250916197,8,42,0.19047619047619047,0.09981889609856436,0.33301067354996444,4,42,0.09523809523809523,0.0376616388283121,0.2206539522505333,0,42,0.0,0.0,0.08380161250916197,29,42,0.6904761904761905,0.5397372223365942,0.8092907348027727,1,42,0.023809523809523808,0.00421529549910029,0.12321481165248252,0,42,0.0,0.0,0.08380161250916197,3,42,0.07142857142857142,0.024589963551172864,0.19009713288525165,35,42,0.8333333333333334,0.693957037952257,0.916841887041635,3,42,0.07142857142857142,0.024589963551172864,0.19009713288525165,0,42,0.0,0.0,0.08380161250916197,0,42,0.0,0.0,0.08380161250916197,0,42,0.0,0.0,0.08380161250916197,0,42,0.0,0.0,0.08380161250916197,0,42,0.0,0.0,0.08380161250916197,0,42,0.0,0.0,0.08380161250916197,1,42,0.023809523809523808,0.00421529549910029,0.12321481165248252,27,42,0.6428571428571429,0.4916608928707938,0.7701100749837315,3,42,0.07142857142857142,0.024589963551172864,0.19009713288525165,12,42,0.2857142857142857,0.1716685874457567,0.43567496077245566,37,42,0.8809523809523809,0.7499931819289246,0.9480627323498091,4,42,0.09523809523809523,0.0376616388283121,0.2206539522505333,1,42,0.023809523809523808,0.00421529549910029,0.12321481165248252,0,42,0.0,0.0,0.08380161250916197,0,42,0.0,0.0,0.08380161250916197,23,42,0.5476190476190477,0.39948862747122693,0.6877683618136149,365 0.69; 331 0.12,2,53 0.74; 35 0.07,2,medical deduction 0.69; unearned income 0.19,wrong include/exclude decision 0.83,35,0,30,35,1.0,0.9010957324106112,1.0,0.0,30,0.46153846153846156,65,4126.0
1,medical_deductions >= 117.000 & medical_deductions < 130.000 & rawben_rel_max >=   0.498,test_2024,20,4,6,0,6,0.0,0.0,0.3903430336530645,1,6,0.16666666666666666,0.03005258587173032,0.563509436563646,1,6,0.16666666666666666,0.03005258587173032,0.563509436563646,0,6,0.0,0.0,0.3903430336530645,4,6,0.6666666666666666,0.29998832134152864,0.9032306674407831,0,6,0.0,0.0,0.3903430336530645,0,6,0.0,0.0,0.3903430336530645,0,6,0.0,0.0,0.3903430336530645,4,6,0.6666666666666666,0.29998832134152864,0.9032306674407831,0,6,0.0,0.0,0.3903430336530645,0,6,0.0,0.0,0.3903430336530645,0,6,0.0,0.0,0.3903430336530645,0,6,0.0,0.0,0.3903430336530645,0,6,0.0,0.0,0.3903430336530645,0,6,0.0,0.0,0.3903430336530645,0,6,0.0,0.0,0.3903430336530645,2,6,0.3333333333333333,0.09676933255921683,0.7000116786584712,4,6,0.6666666666666666,0.29998832134152864,0.9032306674407831,0,6,0.0,0.0,0.3903430336530645,2,6,0.3333333333333333,0.09676933255921683,0.7000116786584712,2,6,0.3333333333333333,0.09676933255921683,0.7000116786584712,2,6,0.3333333333333333,0.09676933255921683,0.7000116786584712,0,6,0.0,0.0,0.3903430336530645,2,6,0.3333333333333333,0.09676933255921683,0.7000116786584712,0,6,0.0,0.0,0.3903430336530645,2,6,0.3333333333333333,0.09676933255921683,0.7000116786584712,365 0.67; 363 0.17,2,53 0.67; 99 0.33,2,medical deduction 0.67; shelter deduction 0.17,wrong include/exclude decision 0.67; other 0.33,4,0,4,4,1.0,0.5100999795960008,1.0,0.0,4,0.5,8,363.0
4+,married >=   1.000 & months_since_cert_n >=   7.000 & shelter_expenses_by_hh_size >= 336.000 & unc_rawben_rel_max >=   0.282,all_2022_24,278,90,140,66,140,0.4714285714285714,0.39060995973633705,0.5537733063007483,17,140,0.12142857142857143,0.07721197100643956,0.18586630398493986,23,140,0.16428571428571428,0.11203753808504885,0.23446583785070274,6,140,0.04285714285714286,0.01978727129897899,0.09034498529438482,0,140,0.0,0.0,0.02670715564899167,3,140,0.02142857142857143,0.007313870780766552,0.06110583534041121,25,140,0.17857142857142858,0.12397995549218581,0.25033178742502316,43,140,0.30714285714285716,0.23672914242518334,0.3878579033251421,24,140,0.17142857142857143,0.11799035294231064,0.24241720648416965,20,140,0.14285714285714285,0.09441918873244962,0.2103716367311159,14,140,0.1,0.06050550128408537,0.160860223235108,14,140,0.1,0.06050550128408537,0.160860223235108,16,140,0.11428571428571428,0.07158199283635171,0.17759209866429904,1,140,0.007142857142857143,0.001261971964112183,0.03934936717560818,2,140,0.014285714285714285,0.003926358459994089,0.05058916417045497,0,140,0.0,0.0,0.02670715564899167,6,140,0.04285714285714286,0.01978727129897899,0.09034498529438482,53,140,0.37857142857142856,0.30248278364194514,0.4611460970156672,6,140,0.04285714285714286,0.01978727129897899,0.09034498529438482,81,140,0.5785714285714286,0.495749304698549,0.6571967136994668,71,140,0.5071428571428571,0.42524858696311707,0.5886555965276117,67,140,0.4785714285714286,0.397505174156115,0.5607822753716991,0,140,0.0,0.0,0.02670715564899167,0,140,0.0,0.0,0.02670715564899167,2,140,0.014285714285714285,0.003926358459994089,0.05058916417045497,51,140,0.36428571428571427,0.28918272659974975,0.4466377870764052,311 0.34; 363 0.16; 312 0.13; 150 0.07; 350 0.06,5,38 0.20; 35 0.14; 52 0.09; 44 0.08; 53 0.07; 99 0.04; 39 0.04; 98 0.04; 123 0.03; 7 0.03; 12 0.03,11,earned income 0.47; other element 0.18; shelter deduction 0.16,"wrong amount, known item 0.31; wrong include/exclude decision 0.17; unreported source of income 0.14; method or computation 0.11; change in circumstances 0.10",62,28,24,90,0.6888888888888889,0.5871698145125097,0.7751428485281886,0.3111111111111111,24,0.21052631578947367,114,31407.0
4+,married >=   1.000 & months_since_cert_n >=   7.000 & shelter_expenses_by_hh_size >= 336.000 & unc_rawben_rel_max >=   0.282,train_2022_23,175,68,104,45,104,0.4326923076923077,0.3415484367913815,0.5286315308648847,16,104,0.15384615384615385,0.09697218287895283,0.23538193649613065,19,104,0.18269230769230768,0.12019329509173257,0.26779798100209384,6,104,0.057692307692307696,0.026706181629780633,0.120190748682826,0,104,0.0,0.0,0.03562261687512055,3,104,0.028846153846153848,0.009858004291742148,0.08140176930212145,15,104,0.14423076923076922,0.08939528769089235,0.2244131127779434,33,104,0.3173076923076923,0.23573019790441693,0.41190114287687707,21,104,0.20192307692307693,0.13603424715386947,0.2890484667524524,15,104,0.14423076923076922,0.08939528769089235,0.2244131127779434,10,104,0.09615384615384616,0.05306939630901405,0.1680104096285833,11,104,0.10576923076923077,0.060092726304192594,0.17953279853965243,11,104,0.10576923076923077,0.060092726304192594,0.17953279853965243,1,104,0.009615384615384616,0.0016993291044208915,0.05246900667694733,0,104,0.0,0.0,0.03562261687512055,0,104,0.0,0.0,0.03562261687512055,2,104,0.019230769230769232,0.0052896007240565805,0.06742445396355932,44,104,0.4230769230769231,0.33253058618917686,0.5191036625608417,5,104,0.04807692307692308,0.020707736946876366,0.10764347445948261,55,104,0.5288461538461539,0.4336003819768207,0.6220367747419223,55,104,0.5288461538461539,0.4336003819768207,0.6220367747419223,47,104,0.4519230769230769,0.35968758127067046,0.5475838241980912,0,104,0.0,0.0,0.03562261687512055,0,104,0.0,0.0,0.03562261687512055,2,104,0.019230769230769232,0.0052896007240565805,0.06742445396355932,38,104,0.36538461538461536,0.27916831218415195,0.46119162312838047,311 0.32; 363 0.18; 312 0.12; 350 0.08; 364 0.06,5,38 0.21; 35 0.14; 52 0.11; 44 0.09; 53 0.09; 39 0.05; 123 0.04; 12 0.04,8,earned income 0.43; shelter deduction 0.18; unearned income 0.15,"wrong amount, known item 0.32; wrong include/exclude decision 0.20; unreported source of income 0.14; change in circumstances 0.11",46,22,20,68,0.6764705882352942,0.5584427498007829,0.7756255337563762,0.3235294117647059,20,0.22727272727272727,88,23515.0
4+,married >=   1.000 & months_since_cert_n >=   7.000 & shelter_expenses_by_hh_size >= 336.000 & unc_rawben_rel_max >=   0.282,test_2024,103,22,36,21,36,0.5833333333333334,0.4219996966427768,0.7285966649491271,1,36,0.027777777777777776,0.004920280295569679,0.141700337350308,4,36,0.1111111111111111,0.04406568908741834,0.2531512901503632,0,36,0.0,0.0,0.09642183044857634,0,36,0.0,0.0,0.09642183044857634,0,36,0.0,0.0,0.09642183044857634,10,36,0.2777777777777778,0.15848170025813796,0.43992800216345146,10,36,0.2777777777777778,0.15848170025813796,0.43992800216345146,3,36,0.08333333333333333,0.0287480892712918,0.21827010276918848,5,36,0.1388888888888889,0.060817253631150966,0.2865985128039319,4,36,0.1111111111111111,0.04406568908741834,0.2531512901503632,3,36,0.08333333333333333,0.0287480892712918,0.21827010276918848,5,36,0.1388888888888889,0.060817253631150966,0.2865985128039319,0,36,0.0,0.0,0.09642183044857634,2,36,0.05555555555555555,0.015369663767066846,0.18144974107611211,0,36,0.0,0.0,0.09642183044857634,4,36,0.1111111111111111,0.04406568908741834,0.2531512901503632,9,36,0.25,0.13750323839225387,0.41070767683203424,1,36,0.027777777777777776,0.004920280295569679,0.141700337350308,26,36,0.7222222222222222,0.5600719978365485,0.841518299741862,16,36,0.4444444444444444,0.2954102987654314,0.6041921268399659,20,36,0.5555555555555556,0.3958078731600341,0.7045897012345685,0,36,0.0,0.0,0.09642183044857634,0,36,0.0,0.0,0.09642183044857634,0,36,0.0,0.0,0.09642183044857634,13,36,0.3611111111111111,0.2247538679218132,0.5242521960916802,311 0.42; 312 0.17; 150 0.11; 363 0.11,4,38 0.17; 35 0.14; 99 0.11; 16 0.06; 44 0.06; 7 0.06; 28 0.06; 75 0.06; 32 0.03; 56 0.03,10,earned income 0.58; other element 0.28,"wrong amount, known item 0.28; unreported source of income 0.14; method or computation 0.14; household composition 0.11; other 0.11",16,6,4,22,0.7272727272727273,0.5184787630099802,0.8684941798418556,0.2727272727272727,4,0.15384615384615385,26,7892.0
1,medical_deductions >= 171.000 & rawben_rel_max >=   0.904 & rawben_rel_max <   0.957 & unc_rawben_rel_max >=   0.808,all_2022_24,89,36,49,0,49,0.0,0.0,0.07270029673590504,3,49,0.061224489795918366,0.021039764955529186,0.16520743422087725,5,49,0.10204081632653061,0.044378892487039884,0.21756624164970087,6,49,0.12244897959183673,0.057347477598098245,0.2424466240188096,35,49,0.7142857142857143,0.5759085079389967,0.8215056506027583,0,49,0.0,0.0,0.07270029673590504,0,49,0.0,0.0,0.07270029673590504,9,49,0.1836734693877551,0.09976228838458358,0.31357871567282575,37,49,0.7551020408163265,0.619134127396842,0.8539779661052471,1,49,0.02040816326530612,0.003611579538530696,0.10693768467754147,0,49,0.0,0.0,0.07270029673590504,1,49,0.02040816326530612,0.003611579538530696,0.10693768467754147,0,49,0.0,0.0,0.07270029673590504,0,49,0.0,0.0,0.07270029673590504,0,49,0.0,0.0,0.07270029673590504,0,49,0.0,0.0,0.07270029673590504,1,49,0.02040816326530612,0.003611579538530696,0.10693768467754147,31,49,0.6326530612244898,0.49266811386889864,0.7533501747521878,11,49,0.22448979591836735,0.1302483771472861,0.35879056187045744,7,49,0.14285714285714285,0.07096333720544586,0.2666797318916292,36,49,0.7346938775510204,0.5973744384734165,0.8378886875485057,10,49,0.20408163265306123,0.11481727042813811,0.33637270110943834,2,49,0.04081632653061224,0.011265396927928273,0.13713283476831106,0,49,0.0,0.0,0.07270029673590504,1,49,0.02040816326530612,0.003611579538530696,0.10693768467754147,23,49,0.46938775510204084,0.33703281897894777,0.6061937298008014,365 0.71; 364 0.12,2,53 0.76,1,medical deduction 0.71; utility allowance 0.12,wrong include/exclude decision 0.76,36,0,36,36,1.0,0.9035781695514236,1.0,0.0,36,0.5,72,6332.0
1,medical_deductions >= 171.000 & rawben_rel_max >=   0.904 & rawben_rel_max <   0.957 & unc_rawben_rel_max >=   0.808,train_2022_23,62,26,34,0,34,0.0,0.0,0.10151790621961015,3,34,0.08823529411764706,0.030465390304310128,0.22960817952360413,3,34,0.08823529411764706,0.030465390304310128,0.22960817952360413,3,34,0.08823529411764706,0.030465390304310128,0.22960817952360413,25,34,0.7352941176470589,0.5688253783710155,0.8539897245844621,0,34,0.0,0.0,0.10151790621961015,0,34,0.0,0.0,0.10151790621961015,3,34,0.08823529411764706,0.030465390304310128,0.22960817952360413,29,34,0.8529411764705882,0.6987161182594804,0.9355065361737359,1,34,0.029411764705882353,0.00521077192559663,0.1491590221634482,0,34,0.0,0.0,0.10151790621961015,0,34,0.0,0.0,0.10151790621961015,0,34,0.0,0.0,0.10151790621961015,0,34,0.0,0.0,0.10151790621961015,0,34,0.0,0.0,0.10151790621961015,0,34,0.0,0.0,0.10151790621961015,1,34,0.029411764705882353,0.00521077192559663,0.1491590221634482,21,34,0.6176470588235294,0.4504071999938267,0.7610003514839122,10,34,0.29411764705882354,0.16834452609931952,0.4616922588146376,3,34,0.08823529411764706,0.030465390304310128,0.22960817952360413,23,34,0.6764705882352942,0.5084258404811939,0.8086854867354143,8,34,0.23529411764705882,0.12436838109244344,0.3999646280826443,2,34,0.058823529411764705,0.016282313063842452,0.1909393688946371,0,34,0.0,0.0,0.10151790621961015,1,34,0.029411764705882353,0.00521077192559663,0.1491590221634482,15,34,0.4411764705882353,0.28883240215296746,0.6054638221081631,365 0.74; 364 0.09,2,53 0.85,1,medical deduction 0.74; unearned income 0.09,wrong include/exclude decision 0.85,26,0,26,26,1.0,0.8712669561953784,1.0,0.0,26,0.5,52,4326.0
1,medical_deductions >= 171.000 & rawben_rel_max >=   0.904 & rawben_rel_max <   0.957 & unc_rawben_rel_max >=   0.808,test_2024,27,10,15,0,15,0.0,0.0,0.20388926630434784,0,15,0.0,0.0,0.20388926630434784,2,15,0.13333333333333333,0.0373604698913593,0.3788249920651624,3,15,0.2,0.07047420643610414,0.4518593533465045,10,15,0.6666666666666666,0.41713125151212976,0.8482389930530876,0,15,0.0,0.0,0.20388926630434784,0,15,0.0,0.0,0.20388926630434784,6,15,0.4,0.19824228082594664,0.642535572434923,8,15,0.5333333333333333,0.3011663015105079,0.7519077474025355,0,15,0.0,0.0,0.20388926630434784,0,15,0.0,0.0,0.20388926630434784,1,15,0.06666666666666667,0.011866588606194856,0.2981707755242399,0,15,0.0,0.0,0.20388926630434784,0,15,0.0,0.0,0.20388926630434784,0,15,0.0,0.0,0.20388926630434784,0,15,0.0,0.0,0.20388926630434784,0,15,0.0,0.0,0.20388926630434784,10,15,0.6666666666666666,0.41713125151212976,0.8482389930530876,1,15,0.06666666666666667,0.011866588606194856,0.2981707755242399,4,15,0.26666666666666666,0.1089727610318281,0.5195088965768675,13,15,0.8666666666666667,0.6211750079348376,0.9626395301086407,2,15,0.13333333333333333,0.0373604698913593,0.3788249920651624,0,15,0.0,0.0,0.20388926630434784,0,15,0.0,0.0,0.20388926630434784,0,15,0.0,0.0,0.20388926630434784,8,15,0.5333333333333333,0.3011663015105079,0.7519077474025355,365 0.67; 364 0.20,2,53 0.53; 56 0.27,2,medical deduction 0.67; utility allowance 0.20,"wrong include/exclude decision 0.53; wrong amount, known item 0.40",10,0,10,10,1.0,0.7224598312333834,1.0,0.0,10,0.5,20,2006.0
4+,shelter_expenses_by_hh_size > 187.000 & shelter_expenses_by_hh_size <= 266.000 & unc_rawben_rel_max <=   0.956,all_2022_24,2507,579,893,334,893,0.374020156774916,0.34288680895718165,0.40623276801159397,171,893,0.19148936170212766,0.16702483095473875,0.21859688864435206,182,893,0.2038073908174692,0.1786812548117413,0.23147099503929142,52,893,0.05823068309070549,0.04467999535075003,0.07556598788642363,6,893,0.006718924972004479,0.0030828328996598793,0.014580932920302082,48,893,0.05375139977603583,0.04077932032473457,0.07054647009355108,100,893,0.11198208286674133,0.09293858520599704,0.13434971185783226,316,893,0.3538633818589026,0.3231878619573805,0.38579084732639934,235,893,0.2631578947368421,0.23533457555065612,0.2930102291506422,78,893,0.08734602463605823,0.07055050994090004,0.10767672661904543,66,893,0.07390817469204927,0.058513660535762554,0.09295299756751897,66,893,0.07390817469204927,0.058513660535762554,0.09295299756751897,60,893,0.0671892497200448,0.052553692455516846,0.08553267641943273,9,893,0.010078387458006719,0.005311138878063264,0.019042771556064677,2,893,0.0022396416573348264,0.000614392676472582,0.008129180324601408,5,893,0.005599104143337066,0.002393868153909292,0.013039849461330678,56,893,0.06270996640537514,0.048605594006037145,0.08056058205002448,559,890,0.6280898876404495,0.5958494501420707,0.6592293020663743,60,890,0.06741573033707865,0.052732053106127996,0.0858177749618429,271,890,0.3044943820224719,0.27515360157665414,0.3355156713683509,556,892,0.6233183856502242,0.5910542401455596,0.6545248890219182,318,892,0.35650224215246634,0.3257465748865775,0.38848862026399383,3,892,0.0033632286995515697,0.0011444255710394684,0.00984144514539076,5,892,0.005605381165919282,0.002396554450421311,0.01305439134178124,10,892,0.011210762331838564,0.006100629600384503,0.020513003881248857,396,890,0.4449438202247191,0.4125999016098718,0.4777609855987791,311 0.32; 363 0.20; 350 0.08; 150 0.06; 364 0.06; 312 0.05,6,38 0.19; 52 0.11; 53 0.11; 44 0.10; 35 0.09; 99 0.06; 56 0.03; 37 0.03; 41 0.03; 7 0.02,10,earned income 0.37; shelter deduction 0.20; unearned income 0.19,"wrong amount, known item 0.35; wrong include/exclude decision 0.26; unreported source of income 0.09; household composition 0.07",380,199,210,579,0.6563039723661486,0.6167014486493042,0.6938460483035557,0.3436960276338515,210,0.2661596958174905,789,180780.0
4+,shelter_expenses_by_hh_size > 187.000 & shelter_expenses_by_hh_size <= 266.000 & unc_rawben_rel_max <=   0.956,train_2022_23,1668,370,577,213,577,0.36915077989601386,0.33076097324324283,0.4092714211307138,108,577,0.18717504332755633,0.15745541263217003,0.22103262954662714,110,577,0.19064124783362218,0.16067660198181768,0.22469799928641107,37,577,0.06412478336221837,0.04687736316079847,0.08713783134317646,4,577,0.006932409012131715,0.00269904099940342,0.017687928528949917,38,577,0.0658578856152513,0.04835442599696864,0.08910404805172208,67,577,0.11611785095320624,0.09247940493173262,0.14483417591371647,176,577,0.3050259965337955,0.26884952667619566,0.34378152454327615,172,577,0.29809358752166376,0.26220498914646484,0.3366529438941438,47,577,0.08145580589254767,0.061807120990045865,0.10664086896108713,45,577,0.0779896013864818,0.05879494720362462,0.10276648365807674,42,577,0.07279029462738301,0.05429996541239708,0.09693162681515687,42,577,0.07279029462738301,0.05429996541239708,0.09693162681515687,6,577,0.010398613518197574,0.004774183355556209,0.022499345262228743,2,577,0.0034662045060658577,0.0009510536063972444,0.012549356832524484,5,577,0.008665511265164644,0.0037068513617728,0.020123397711296346,40,577,0.06932409012131716,0.05131999349639485,0.09302503964172748,372,576,0.6458333333333334,0.6059268600252207,0.6838074398249453,39,576,0.06770833333333333,0.0499225598929635,0.09122219412261594,165,576,0.2864583333333333,0.2510464274931096,0.3246997762977187,371,576,0.6440972222222222,0.6041597381507586,0.6821253438440482,196,576,0.3402777777777778,0.30275598373626933,0.37991597357069173,2,576,0.003472222222222222,0.0009527056381496138,0.012570987729142419,0,576,0.0,0.0,0.006625257656573795,7,576,0.012152777777777778,0.005898935512033424,0.024870847132054202,259,576,0.4496527777777778,0.4094939752481754,0.4904787069464102,311 0.31; 363 0.19; 350 0.08; 364 0.06; 150 0.06; 312 0.05,6,38 0.20; 53 0.13; 52 0.13; 44 0.09; 35 0.08; 99 0.07; 37 0.03; 12 0.03,8,earned income 0.37; shelter deduction 0.19; unearned income 0.19; other element 0.12,"wrong amount, known item 0.31; wrong include/exclude decision 0.30; unreported source of income 0.08; household composition 0.08",237,133,138,370,0.6405405405405405,0.5904330102680309,0.6877596788280997,0.35945945945945945,138,0.27165354330708663,508,113949.0
4+,shelter_expenses_by_hh_size > 187.000 & shelter_expenses_by_hh_size <= 266.000 & unc_rawben_rel_max <=   0.956,test_2024,839,209,316,121,316,0.3829113924050633,0.33102564408402607,0.43760983047588115,63,316,0.19936708860759494,0.15904366141248508,0.2469122867818712,72,316,0.22784810126582278,0.18503208046214992,0.27720172527168835,15,316,0.04746835443037975,0.02897422725923586,0.07683314739121612,2,316,0.006329113924050633,0.0017373543361146118,0.022779781646196633,10,316,0.03164556962025317,0.01727820449025698,0.05726369374937164,33,316,0.10443037974683544,0.0753304984549466,0.1430325912744695,140,316,0.4430379746835443,0.38927737358590664,0.49816691133512936,63,316,0.19936708860759494,0.15904366141248508,0.2469122867818712,31,316,0.0981012658227848,0.06997395042297214,0.1358829487421146,21,316,0.06645569620253164,0.04387328408310374,0.09945266226033628,24,316,0.0759493670886076,0.051565810379044764,0.11051942181088928,18,316,0.056962025316455694,0.03633121124210884,0.08823544925483717,3,316,0.00949367088607595,0.0032337971821637303,0.02753643408231219,0,316,0.0,0.0,0.012010945417981901,0,316,0.0,0.0,0.012010945417981901,16,316,0.05063291139240506,0.03140326041443045,0.0806572095181862,187,314,0.5955414012738853,0.5404177888442955,0.6483554869006037,21,314,0.06687898089171974,0.044155398578840876,0.1000724180442821,106,314,0.3375796178343949,0.28751736063222905,0.391568070601442,185,316,0.5854430379746836,0.5304158281051985,0.6384177445132477,122,316,0.3860759493670886,0.33407086112460926,0.4408177087174626,1,316,0.0031645569620253164,0.0005588262213099739,0.0177052144788366,5,316,0.015822784810126583,0.006776894722392592,0.036499527106412674,3,316,0.00949367088607595,0.0032337971821637303,0.02753643408231219,137,314,0.43630573248407645,0.3825486179486539,0.49160253155474654,311 0.34; 363 0.23; 350 0.09; 150 0.06; 364 0.05,5,38 0.18; 44 0.11; 35 0.10; 56 0.09; 52 0.08; 53 0.06; 99 0.05; 41 0.04; 57 0.04; 7 0.03,10,earned income 0.38; shelter deduction 0.23; unearned income 0.20,"wrong amount, known item 0.44; wrong include/exclude decision 0.20; unreported source of income 0.10; change in circumstances 0.08",143,66,72,209,0.6842105263157895,0.6183488163627944,0.743422566675108,0.3157894736842105,72,0.25622775800711745,281,66831.0
2-3,medical_deductions >= 201.000 & rawben_rel_max >=   0.632 & total_deductions_by_hh_size >= 341.000 & utilities < 827.000,all_2022_24,53,33,51,0,51,0.0,0.0,0.07004901388726806,11,51,0.21568627450980393,0.12493811244188556,0.3462662287881296,12,51,0.23529411764705882,0.14004812598862518,0.36762488136345783,1,51,0.0196078431372549,0.003469603253442241,0.10304807675589372,24,51,0.47058823529411764,0.34052771426416406,0.6047692865527341,1,51,0.0196078431372549,0.003469603253442241,0.10304807675589372,2,51,0.0392156862745098,0.010820856268751206,0.13216548986265267,9,51,0.17647058823529413,0.095722957258099,0.30254405172778037,33,51,0.6470588235294118,0.5098580497281073,0.7636569461874021,3,51,0.058823529411764705,0.020206272864052077,0.15924873938941972,1,51,0.0196078431372549,0.003469603253442241,0.10304807675589372,1,51,0.0196078431372549,0.003469603253442241,0.10304807675589372,3,51,0.058823529411764705,0.020206272864052077,0.15924873938941972,0,51,0.0,0.0,0.07004901388726806,0,51,0.0,0.0,0.07004901388726806,0,51,0.0,0.0,0.07004901388726806,1,51,0.0196078431372549,0.003469603253442241,0.10304807675589372,30,51,0.5882352941176471,0.4516509274741746,0.7124580700751311,13,51,0.2549019607843137,0.1554562324126639,0.38868544106148706,8,51,0.1568627450980392,0.08169125888021325,0.2801070839835982,35,51,0.6862745098039216,0.5497274248374967,0.7967249033221485,13,51,0.2549019607843137,0.1554562324126639,0.38868544106148706,1,51,0.0196078431372549,0.003469603253442241,0.10304807675589372,0,51,0.0,0.0,0.07004901388726806,2,51,0.0392156862745098,0.010820856268751206,0.13216548986265267,24,51,0.47058823529411764,0.34052771426416406,0.6047692865527341,365 0.47; 363 0.24; 331 0.16,3,53 0.53; 38 0.12; 52 0.08; 35 0.06,4,medical deduction 0.47; shelter deduction 0.24; unearned income 0.22,"wrong include/exclude decision 0.65; wrong amount, known item 0.18",31,2,29,33,0.9393939393939394,0.8039341828220181,0.9832194695709291,0.06060606060606061,29,0.46774193548387094,62,9862.0
2-3,medical_deductions >= 201.000 & rawben_rel_max >=   0.632 & total_deductions_by_hh_size >= 341.000 & utilities < 827.000,train_2022_23,37,22,39,0,39,0.0,0.0,0.08966985360023902,9,39,0.23076923076923078,0.1264566242878376,0.38336560457382957,9,39,0.23076923076923078,0.1264566242878376,0.38336560457382957,1,39,0.02564102564102564,0.00454058606523737,0.13181286478627147,18,39,0.46153846153846156,0.3156664723404835,0.6143081317826119,1,39,0.02564102564102564,0.00454058606523737,0.13181286478627147,1,39,0.02564102564102564,0.00454058606523737,0.13181286478627147,5,39,0.1282051282051282,0.05602734948028318,0.26706049037630475,26,39,0.6666666666666666,0.5097710432024052,0.7936723389308484,3,39,0.07692307692307693,0.026506914073495688,0.2032137312805527,0,39,0.0,0.0,0.08966985360023902,1,39,0.02564102564102564,0.00454058606523737,0.13181286478627147,3,39,0.07692307692307693,0.026506914073495688,0.2032137312805527,0,39,0.0,0.0,0.08966985360023902,0,39,0.0,0.0,0.08966985360023902,0,39,0.0,0.0,0.08966985360023902,1,39,0.02564102564102564,0.00454058606523737,0.13181286478627147,22,39,0.5641025641025641,0.40975423474522105,0.7069547583829534,10,39,0.2564102564102564,0.14568625843452188,0.410819567678415,7,39,0.1794871794871795,0.08977151811469994,0.3266835162444276,27,39,0.6923076923076923,0.535784513844354,0.8143424655401694,10,39,0.2564102564102564,0.14568625843452188,0.410819567678415,0,39,0.0,0.0,0.08966985360023902,0,39,0.0,0.0,0.08966985360023902,2,39,0.05128205128205128,0.014177657646399527,0.1688593904563791,17,39,0.4358974358974359,0.2930452416170466,0.5902457652547789,365 0.46; 363 0.23; 331 0.15,3,53 0.56; 38 0.13; 52 0.08,3,medical deduction 0.46; shelter deduction 0.23; unearned income 0.23,"wrong include/exclude decision 0.67; wrong amount, known item 0.13",22,0,19,22,1.0,0.8513404742740388,1.0,0.0,19,0.4634146341463415,41,7586.0
2-3,medical_deductions >= 201.000 & rawben_rel_max >=   0.632 & total_deductions_by_hh_size >= 341.000 & utilities < 827.000,test_2024,16,11,12,0,12,0.0,0.0,0.2425007574992425,2,12,0.16666666666666666,0.04696414761482223,0.44803635738467273,3,12,0.25,0.08894003962896138,0.53231033912066,0,12,0.0,0.0,0.2425007574992425,6,12,0.5,0.2537781703934222,0.7462218296065778,0,12,0.0,0.0,0.2425007574992425,1,12,0.08333333333333333,0.014864709450773478,0.35388592179859524,4,12,0.3333333333333333,0.13811783989736134,0.609382412602386,7,12,0.5833333333333334,0.3195073356553728,0.8067425380947535,0,12,0.0,0.0,0.2425007574992425,1,12,0.08333333333333333,0.014864709450773478,0.35388592179859524,0,12,0.0,0.0,0.2425007574992425,0,12,0.0,0.0,0.2425007574992425,0,12,0.0,0.0,0.2425007574992425,0,12,0.0,0.0,0.2425007574992425,0,12,0.0,0.0,0.2425007574992425,0,12,0.0,0.0,0.2425007574992425,8,12,0.6666666666666666,0.3906175873976139,0.8618821601026385,3,12,0.25,0.08894003962896138,0.53231033912066,1,12,0.08333333333333333,0.014864709450773478,0.35388592179859524,8,12,0.6666666666666666,0.3906175873976139,0.8618821601026385,3,12,0.25,0.08894003962896138,0.53231033912066,1,12,0.08333333333333333,0.014864709450773478,0.35388592179859524,0,12,0.0,0.0,0.2425007574992425,0,12,0.0,0.0,0.2425007574992425,7,12,0.5833333333333334,0.3195073356553728,0.8067425380947535,365 0.50; 363 0.25,2,53 0.42; 56 0.25; 37 0.08,3,medical deduction 0.50; shelter deduction 0.25,"wrong include/exclude decision 0.58; wrong amount, known item 0.33",9,2,10,11,0.8181818181818182,0.5230138624217553,0.9486333993289995,0.18181818181818182,10,0.47619047619047616,21,2276.0
1,homeless <=   0.500 & medical_deductions > 400.000 & rawben_rel_max <=   0.996 & unc_rawben_rel_max >   0.828,all_2022_24,64,31,44,1,44,0.022727272727272728,0.004023148385637013,0.11807979131537633,0,44,0.0,6.938893903907228e-18,0.08029831778201396,7,44,0.1590909090909091,0.07926576557718398,0.29366490563782555,3,44,0.06818181818181818,0.023458970172840127,0.1822532133661719,30,44,0.6818181818181818,0.5344282746687306,0.8000087006832644,0,44,0.0,6.938893903907228e-18,0.08029831778201396,3,44,0.06818181818181818,0.023458970172840127,0.1822532133661719,8,44,0.18181818181818182,0.09512692558258554,0.3196083675514233,29,44,0.6590909090909091,0.5113886797193951,0.7812436737136005,0,44,0.0,6.938893903907228e-18,0.08029831778201396,0,44,0.0,6.938893903907228e-18,0.08029831778201396,0,44,0.0,6.938893903907228e-18,0.08029831778201396,3,44,0.06818181818181818,0.023458970172840127,0.1822532133661719,0,44,0.0,6.938893903907228e-18,0.08029831778201396,0,44,0.0,6.938893903907228e-18,0.08029831778201396,0,44,0.0,6.938893903907228e-18,0.08029831778201396,4,44,0.09090909090909091,0.035921611478836546,0.21159519397917487,30,44,0.6818181818181818,0.5344282746687306,0.8000087006832644,7,44,0.1590909090909091,0.07926576557718398,0.29366490563782555,7,44,0.1590909090909091,0.07926576557718398,0.29366490563782555,35,44,0.7954545454545454,0.6549913631816677,0.888468721765324,6,44,0.13636363636363635,0.0640286740786005,0.2670973752174096,0,44,0.0,6.938893903907228e-18,0.08029831778201396,0,44,0.0,6.938893903907228e-18,0.08029831778201396,3,44,0.06818181818181818,0.023458970172840127,0.1822532133661719,26,44,0.5909090909090909,0.44409492646606574,0.7231235612099317,365 0.68; 363 0.16,2,53 0.61; 56 0.16,2,medical deduction 0.68; shelter deduction 0.16,"wrong include/exclude decision 0.66; wrong amount, known item 0.18",31,0,31,31,1.0,0.889740999265246,0.9999999999999999,0.0,31,0.5,62,8994.0
1,homeless <=   0.500 & medical_deductions > 400.000 & rawben_rel_max <=   0.996 & unc_rawben_rel_max >   0.828,train_2022_23,41,22,30,1,30,0.03333333333333333,0.0059084379948573795,0.16670751396958874,0,30,0.0,0.0,0.113517091390478,3,30,0.1,0.03459925995971615,0.25621441315266624,2,30,0.06666666666666667,0.01847663532769335,0.21323817721072091,21,30,0.7,0.5212387898833981,0.8333543735604105,0,30,0.0,0.0,0.113517091390478,3,30,0.1,0.03459925995971615,0.25621441315266624,1,30,0.03333333333333333,0.0059084379948573795,0.16670751396958874,23,30,0.7666666666666667,0.5907132766967574,0.8820776078949878,0,30,0.0,0.0,0.113517091390478,0,30,0.0,0.0,0.113517091390478,0,30,0.0,0.0,0.113517091390478,2,30,0.06666666666666667,0.01847663532769335,0.21323817721072091,0,30,0.0,0.0,0.113517091390478,0,30,0.0,0.0,0.113517091390478,0,30,0.0,0.0,0.113517091390478,4,30,0.13333333333333333,0.05309569424218104,0.2968168394441695,18,30,0.6,0.42320052498273836,0.7540960567391659,6,30,0.2,0.09504978102401235,0.37306047381027446,6,30,0.2,0.09504978102401235,0.37306047381027446,26,30,0.8666666666666667,0.7031831605558306,0.9469043057578189,3,30,0.1,0.03459925995971615,0.25621441315266624,0,30,0.0,0.0,0.113517091390478,0,30,0.0,0.0,0.113517091390478,1,30,0.03333333333333333,0.0059084379948573795,0.16670751396958874,18,30,0.6,0.42320052498273836,0.7540960567391659,365 0.70; 363 0.10,2,53 0.70; 99 0.13,2,medical deduction 0.70; shelter deduction 0.10,wrong include/exclude decision 0.77,22,0,22,22,1.0,0.8513404742740388,1.0,0.0,22,0.5,44,5982.0
1,homeless <=   0.500 & medical_deductions > 400.000 & rawben_rel_max <=   0.996 & unc_rawben_rel_max >   0.828,test_2024,23,9,14,0,14,0.0,0.0,0.21531701192718142,0,14,0.0,0.0,0.21531701192718142,4,14,0.2857142857142857,0.11721187910109099,0.5464954117248438,1,14,0.07142857142857142,0.012721886112291636,0.3146926955395781,9,14,0.6428571428571429,0.3876400468214042,0.8365550926279727,0,14,0.0,0.0,0.21531701192718142,0,14,0.0,0.0,0.21531701192718142,7,14,0.5,0.2679886791947528,0.7320113208052472,6,14,0.42857142857142855,0.21380509930400526,0.6740973309713064,0,14,0.0,0.0,0.21531701192718142,0,14,0.0,0.0,0.21531701192718142,0,14,0.0,0.0,0.21531701192718142,1,14,0.07142857142857142,0.012721886112291636,0.3146926955395781,0,14,0.0,0.0,0.21531701192718142,0,14,0.0,0.0,0.21531701192718142,0,14,0.0,0.0,0.21531701192718142,0,14,0.0,0.0,0.21531701192718142,12,14,0.8571428571428571,0.600580922361363,0.9599069262620787,1,14,0.07142857142857142,0.012721886112291636,0.3146926955395781,1,14,0.07142857142857142,0.012721886112291636,0.3146926955395781,9,14,0.6428571428571429,0.3876400468214042,0.8365550926279727,3,14,0.21428571428571427,0.0757124833691637,0.4758972377320828,0,14,0.0,0.0,0.21531701192718142,0,14,0.0,0.0,0.21531701192718142,2,14,0.14285714285714285,0.040093073737921175,0.39941907763863693,8,14,0.5714285714285714,0.3259026690286936,0.7861949006959948,365 0.64; 363 0.29,2,56 0.50; 53 0.43,2,medical deduction 0.64; shelter deduction 0.29,"wrong amount, known item 0.50; wrong include/exclude decision 0.43",9,0,9,9,1.0,0.7008472464490407,1.0,0.0,9,0.5,18,3012.0
2-3,HH_size_n >=   3.000 & months_since_cert_n <   7.000 & total_deductions_by_hh_size >= 432.000 & unc_rawben_rel_max <   0.997,all_2022_24,242,85,144,44,144,0.3055555555555556,0.2361821140005077,0.3850341066031655,24,144,0.16666666666666666,0.11463231075610264,0.23602406742162269,22,144,0.1527777777777778,0.10310810700831433,0.2204922869268163,2,144,0.013888888888888888,0.003817054691554883,0.04922349681762791,2,144,0.013888888888888888,0.003817054691554883,0.04922349681762791,34,144,0.2361111111111111,0.17416651816142592,0.3117697812292733,16,144,0.1111111111111111,0.06955878888430994,0.17287365232303628,36,144,0.25,0.18639402900264374,0.32659825463065034,42,144,0.2916666666666667,0.22361145223908757,0.3705487841219908,19,144,0.13194444444444445,0.08612219243467514,0.19689422513656327,7,144,0.04861111111111111,0.02374368582632414,0.0969368262893456,17,144,0.11805555555555555,0.07502767620322827,0.1809327571254154,5,144,0.034722222222222224,0.014920522321761262,0.0787040055513137,2,144,0.013888888888888888,0.003817054691554883,0.04922349681762791,2,144,0.013888888888888888,0.003817054691554883,0.04922349681762791,0,144,0.0,0.0,0.025984567266588023,14,144,0.09722222222222222,0.058798512181177626,0.15657794478357384,100,144,0.6944444444444444,0.6149658933968346,0.7638178859994923,13,144,0.09027777777777778,0.053517484403900646,0.14833098043955342,31,144,0.2152777777777778,0.1560098758775106,0.28934244714929647,68,144,0.4722222222222222,0.39246660910104797,0.5534214224137624,68,144,0.4722222222222222,0.39246660910104797,0.5534214224137624,1,144,0.006944444444444444,0.001226887030401979,0.03828567235748344,2,144,0.013888888888888888,0.003817054691554883,0.04922349681762791,5,144,0.034722222222222224,0.014920522321761262,0.0787040055513137,36,144,0.25,0.18639402900264374,0.32659825463065034,311 0.28; 323 0.22; 363 0.15; 350 0.08; 150 0.04,5,53 0.18; 35 0.13; 99 0.10; 38 0.09; 52 0.08; 44 0.08; 41 0.07; 56 0.06,8,earned income 0.31; dep care or child support deduction 0.24; unearned income 0.17; shelter deduction 0.15,"wrong include/exclude decision 0.29; wrong amount, known item 0.25; unreported source of income 0.13; change in circumstances 0.12",63,22,44,85,0.7411764705882353,0.6390752485008676,0.8224202671134392,0.25882352941176473,44,0.34108527131782945,129,30904.0
2-3,HH_size_n >=   3.000 & months_since_cert_n <   7.000 & total_deductions_by_hh_size >= 432.000 & unc_rawben_rel_max <   0.997,train_2022_23,130,52,92,24,92,0.2608695652173913,0.18202097082654678,0.3588881959653265,15,92,0.16304347826086957,0.10136900528642383,0.2517302751930339,14,92,0.15217391304347827,0.092864555668254,0.23936695966537982,2,92,0.021739130434782608,0.005981915837670909,0.0758364177460756,2,92,0.021739130434782608,0.005981915837670909,0.0758364177460756,21,92,0.22826086956521738,0.1544207850299761,0.32388508632442525,14,92,0.15217391304347827,0.092864555668254,0.23936695966537982,16,92,0.17391304347826086,0.10998076035163003,0.26398628527365164,32,92,0.34782608695652173,0.2583761177694167,0.44947517018904803,10,92,0.10869565217391304,0.060120875898424256,0.1886395788519138,5,92,0.05434782608695652,0.023434718368504144,0.12098691065271419,12,92,0.13043478260869565,0.07621405253905902,0.2142819325029269,4,92,0.043478260869565216,0.01703544061158062,0.10651842326381375,0,92,0.0,0.0,0.04008280329209862,2,92,0.021739130434782608,0.005981915837670909,0.0758364177460756,0,92,0.0,0.0,0.04008280329209862,11,92,0.11956521739130435,0.06809064764004356,0.2015375722561184,64,92,0.6956521739130435,0.5953553478606908,0.7802644247641402,5,92,0.05434782608695652,0.023434718368504144,0.12098691065271419,23,92,0.25,0.1727513473118804,0.3472900543341689,44,92,0.4782608695652174,0.3791196487621324,0.5791448209462197,45,92,0.4891304347826087,0.38948537521624554,0.5896468596379305,0,92,0.0,0.0,0.04008280329209862,0,92,0.0,0.0,0.04008280329209862,3,92,0.03260869565217391,0.011150975342623229,0.09153512338694722,25,92,0.2717391304347826,0.19135648353357726,0.3704204484041199,311 0.24; 323 0.21; 363 0.15; 350 0.09; 150 0.05; 361 0.04,6,53 0.27; 99 0.12; 35 0.11; 44 0.09; 38 0.08; 41 0.07; 52 0.05,7,earned income 0.26; dep care or child support deduction 0.23; unearned income 0.16; shelter deduction 0.15,"wrong include/exclude decision 0.35; wrong amount, known item 0.17; change in circumstances 0.13; other 0.12",40,12,29,52,0.7692307692307693,0.6386595708887027,0.8627587265812838,0.23076923076923078,29,0.35802469135802467,81,17798.0
2-3,HH_size_n >=   3.000 & months_since_cert_n <   7.000 & total_deductions_by_hh_size >= 432.000 & unc_rawben_rel_max <   0.997,test_2024,112,33,52,20,52,0.38461538461538464,0.26470271334885215,0.5204037305925822,9,52,0.17307692307692307,0.0938236875646778,0.29731123693605277,8,52,0.15384615384615385,0.08007589590882647,0.2752434359154765,0,52,0.0,0.0,0.06879459041288215,0,52,0.0,0.0,0.06879459041288215,13,52,0.25,0.15233011761438864,0.38206717759205233,2,52,0.038461538461538464,0.010611488322077554,0.12981428744365978,20,52,0.38461538461538464,0.26470271334885215,0.5204037305925822,10,52,0.19230769230769232,0.10795930648521072,0.31899121069194747,9,52,0.17307692307692307,0.0938236875646778,0.29731123693605277,2,52,0.038461538461538464,0.010611488322077554,0.12981428744365978,5,52,0.09615384615384616,0.041773735183410265,0.20609881861160995,1,52,0.019230769230769232,0.0034027204090655225,0.10120746268024422,2,52,0.038461538461538464,0.010611488322077554,0.12981428744365978,0,52,0.0,0.0,0.06879459041288215,0,52,0.0,0.0,0.06879459041288215,3,52,0.057692307692307696,0.019813812690573196,0.15642755575159178,36,52,0.6923076923076923,0.5573015506778113,0.8008543760864647,8,52,0.15384615384615385,0.08007589590882647,0.2752434359154765,8,52,0.15384615384615385,0.08007589590882647,0.2752434359154765,24,52,0.46153846153846156,0.3334025986239788,0.5949662160231659,23,52,0.4423076923076923,0.31594847188588093,0.5766047500848361,1,52,0.019230769230769232,0.0034027204090655225,0.10120746268024422,2,52,0.038461538461538464,0.010611488322077554,0.12981428744365978,2,52,0.038461538461538464,0.010611488322077554,0.12981428744365978,11,52,0.21153846153846154,0.12244245849448492,0.34032365135910086,311 0.37; 323 0.25; 363 0.15,3,35 0.17; 56 0.15; 52 0.13; 38 0.12; 41 0.08; 44 0.06; 99 0.06,7,earned income 0.38; dep care or child support deduction 0.25; unearned income 0.17,"wrong amount, known item 0.38; wrong include/exclude decision 0.19; unreported source of income 0.17",23,10,15,33,0.696969696969697,0.5266154602526555,0.8262465218545277,0.30303030303030304,15,0.3125,48,13106.0
4+,HH_size_n >    4.5 & months_since_cert_n >    5.5 & shelter_expenses_by_hh_size >  332.0 & utilities <= 1050.0,all_2022_24,310,106,176,74,176,0.42045454545454547,0.3499873766319834,0.4943200583552497,29,176,0.16477272727272727,0.11724314320578588,0.22662390424041118,36,176,0.20454545454545456,0.1515657672943556,0.27014756265822487,10,176,0.056818181818181816,0.03115160867372349,0.10141838625514724,1,176,0.005681818181818182,0.0010036597035756045,0.03147825771708791,6,176,0.03409090909090909,0.015715845261067427,0.07237055966415565,20,176,0.11363636363636363,0.07477618512443612,0.1690027848135537,59,176,0.3352272727272727,0.2696623239089698,0.40783164856458454,36,176,0.20454545454545456,0.1515657672943556,0.27014756265822487,20,176,0.11363636363636363,0.07477618512443612,0.1690027848135537,13,176,0.07386363636363637,0.04367105582044981,0.12226163161115666,18,176,0.10227272727272728,0.06567535831529453,0.1558618166208715,16,176,0.09090909090909091,0.056732230508081204,0.142563149426261,2,176,0.011363636363636364,0.0031218054298649232,0.040481009491710504,0,176,0.0,1.734723475976807e-18,0.021361019919751596,0,176,0.0,1.734723475976807e-18,0.021361019919751596,12,176,0.06818181818181818,0.0394293955633289,0.11538239436736565,83,176,0.4715909090909091,0.3992362371615344,0.5451592753339061,5,176,0.028409090909090908,0.012194241714798201,0.06477126570951297,88,176,0.5,0.4269229517568074,0.5730770482431926,99,176,0.5625,0.48864875950058684,0.6336811130094442,73,176,0.4147727272727273,0.3445626532607733,0.4886238842255479,0,176,0.0,1.734723475976807e-18,0.021361019919751596,0,176,0.0,1.734723475976807e-18,0.021361019919751596,4,176,0.022727272727272728,0.008872714049573686,0.05697189587382556,66,176,0.375,0.3068632166372529,0.44847703834268493,311 0.35; 363 0.20; 312 0.07; 364 0.06; 150 0.05; 350 0.04,6,38 0.19; 35 0.11; 52 0.10; 44 0.09; 99 0.07; 53 0.06; 64 0.05; 98 0.03; 39 0.03; 13 0.02; 41 0.02,11,earned income 0.42; shelter deduction 0.20; unearned income 0.16,"wrong amount, known item 0.34; wrong include/exclude decision 0.20; unreported source of income 0.11; change in circumstances 0.10",75,31,32,106,0.7075471698113207,0.614908937128726,0.78566789350739,0.29245283018867924,32,0.2318840579710145,138,48890.0
4+,HH_size_n >    4.5 & months_since_cert_n >    5.5 & shelter_expenses_by_hh_size >  332.0 & utilities <= 1050.0,train_2022_23,183,68,121,42,121,0.34710743801652894,0.26817156951865984,0.4354528633626873,23,121,0.19008264462809918,0.1301333553120293,0.26910535998799884,27,121,0.2231404958677686,0.1581287736809404,0.30519114532041813,8,121,0.06611570247933884,0.03387931400325629,0.12505488741678317,1,121,0.008264462809917356,0.001460335796523226,0.04533175914618817,5,121,0.04132231404958678,0.01777722390103202,0.0930960747430097,15,121,0.12396694214876033,0.07658322802477277,0.19449307987259476,31,121,0.256198347107438,0.1867578587091336,0.34064326399355516,27,121,0.2231404958677686,0.1581287736809404,0.30519114532041813,11,121,0.09090909090909091,0.05152070313989317,0.15547440105614402,10,121,0.08264462809917356,0.04550855800110743,0.14546624526959717,15,121,0.12396694214876033,0.07658322802477277,0.19449307987259476,14,121,0.11570247933884298,0.07018454775284505,0.1848714592191899,2,121,0.01652892561983471,0.004544498317862633,0.058267897550181344,0,121,0.0,0.0,0.03077179401737882,0,121,0.0,0.0,0.03077179401737882,11,121,0.09090909090909091,0.05152070313989317,0.15547440105614402,63,121,0.5206611570247934,0.43238853029085866,0.6076622220224729,5,121,0.04132231404958678,0.01777722390103202,0.0930960747430097,53,121,0.4380165289256198,0.35287007928056946,0.526977663779436,70,121,0.5785123966942148,0.48944135441778625,0.6627515043728731,47,121,0.3884297520661157,0.30629609055868845,0.47742984694932156,0,121,0.0,0.0,0.03077179401737882,0,121,0.0,0.0,0.03077179401737882,4,121,0.03305785123966942,0.0129289722168894,0.08192402550181974,49,121,0.4049586776859504,0.32172327517845634,0.4940432641802188,311 0.29; 363 0.22; 364 0.07; 312 0.06; 350 0.05; 150 0.04; 346 0.04,7,38 0.17; 52 0.12; 35 0.09; 99 0.09; 44 0.07; 53 0.07; 64 0.07; 98 0.03; 39 0.03,9,earned income 0.35; shelter deduction 0.22; unearned income 0.19,"wrong amount, known item 0.26; wrong include/exclude decision 0.22; change in circumstances 0.12; method or computation 0.12; unreported source of income 0.09",47,21,23,68,0.6911764705882353,0.5736296438762007,0.7882776633107216,0.3088235294117647,23,0.25274725274725274,91,30191.0
4+,HH_size_n >    4.5 & months_since_cert_n >    5.5 & shelter_expenses_by_hh_size >  332.0 & utilities <= 1050.0,test_2024,127,38,55,32,55,0.5818181818181818,0.4503286833116465,0.7026243295228107,6,55,0.10909090909090909,0.050966556283051315,0.21825793795231957,9,55,0.16363636363636364,0.08855320558522452,0.28263996387311785,2,55,0.03636363636363636,0.010029330855724924,0.1232369297490173,0,55,0.0,0.0,0.06528714378942788,1,55,0.01818181818181818,0.003216697592252786,0.09606000460483224,5,55,0.09090909090909091,0.039457573336373924,0.19577736249133978,28,55,0.509090909090909,0.38076038407484447,0.636234395128984,9,55,0.16363636363636364,0.08855320558522452,0.28263996387311785,9,55,0.16363636363636364,0.08855320558522452,0.28263996387311785,3,55,0.05454545454545454,0.01872287596750008,0.14853294304489928,3,55,0.05454545454545454,0.01872287596750008,0.14853294304489928,2,55,0.03636363636363636,0.010029330855724924,0.1232369297490173,0,55,0.0,0.0,0.06528714378942788,0,55,0.0,0.0,0.06528714378942788,0,55,0.0,0.0,0.06528714378942788,1,55,0.01818181818181818,0.003216697592252786,0.09606000460483224,20,55,0.36363636363636365,0.24930349342940838,0.49577481851316285,0,55,0.0,0.0,0.06528714378942788,35,55,0.6363636363636364,0.5042251814868371,0.7506965065705916,29,55,0.5272727272727272,0.39791319071629383,0.6530711468951917,26,55,0.4727272727272727,0.34692885310480803,0.6020868092837061,0,55,0.0,0.0,0.06528714378942788,0,55,0.0,0.0,0.06528714378942788,0,55,0.0,0.0,0.06528714378942788,17,55,0.3090909090909091,0.20282124520577244,0.4402883915138273,311 0.49; 363 0.16; 312 0.09; 150 0.05,4,38 0.24; 35 0.16; 44 0.11; 57 0.07; 56 0.05; 33 0.05; 52 0.04; 41 0.04,8,earned income 0.58; shelter deduction 0.16; unearned income 0.11,"wrong amount, known item 0.51; unreported source of income 0.16; wrong include/exclude decision 0.16",28,10,9,38,0.7368421052631579,0.5799084979362465,0.8502853761029869,0.2631578947368421,9,0.19148936170212766,47,18699.0
4+,expedited_i <=   0.500 & months_since_cert_n >   4.500 & total_deductions_by_hh_size > 219.000 & unc_rawben_rel_max <=   0.988,all_2022_24,937,293,463,185,463,0.39956803455723544,0.35595451854521176,0.4448344428498311,61,463,0.13174946004319654,0.10394956584635852,0.16560995926879835,78,463,0.16846652267818574,0.1371330479846675,0.2052563192011189,27,463,0.058315334773218146,0.040383783322851224,0.08351605765104657,2,463,0.004319654427645789,0.0011853806233280226,0.015611751423173404,57,463,0.12311015118790497,0.09624550975124857,0.1561775819355249,53,463,0.11447084233261338,0.08858808273280556,0.14669857552558443,154,463,0.3326133909287257,0.29122906518640723,0.3767525371386641,113,463,0.24406047516198703,0.2071456998043115,0.2851874598798298,46,463,0.09935205183585313,0.0753139369225401,0.1299839628361789,31,463,0.06695464362850972,0.04756660184003336,0.09346967256224784,39,463,0.08423326133909287,0.06222884380204867,0.11308029745699937,36,463,0.07775377969762419,0.05668959866279584,0.10576721752496464,3,463,0.0064794816414686825,0.002205965316095942,0.01887527508750134,0,463,0.0,0.0,0.008228915332309716,1,463,0.0021598272138228943,0.00038135452301382537,0.012131669166391745,40,463,0.08639308855291576,0.06408501704767956,0.1155082325684643,245,461,0.5314533622559653,0.48582854855276525,0.5765582946213396,30,461,0.0650759219088937,0.045960600268871804,0.09137994756505696,186,461,0.403470715835141,0.35966229466600974,0.4488746349031165,243,463,0.5248380129589633,0.47933247550508284,0.5699347706015195,195,463,0.42116630669546434,0.3770209491717468,0.46660909579425447,0,463,0.0,0.0,0.008228915332309716,3,463,0.0064794816414686825,0.002205965316095942,0.01887527508750134,22,463,0.047516198704103674,0.03158534454633505,0.07089395464208346,179,461,0.3882863340563991,0.344894853272958,0.4335242899362556,311 0.34; 363 0.17; 323 0.10; 150 0.06; 350 0.06; 364 0.06,6,38 0.17; 53 0.12; 35 0.10; 99 0.09; 52 0.08; 44 0.08; 56 0.04; 41 0.03; 37 0.03; 98 0.02,10,earned income 0.40; shelter deduction 0.17; unearned income 0.13; dep care or child support deduction 0.12,"wrong amount, known item 0.33; wrong include/exclude decision 0.24; unreported source of income 0.10; other 0.09",218,75,110,293,0.7440273037542662,0.691122780533136,0.7906156280996163,0.25597269624573377,110,0.2729528535980149,403,107035.0
4+,expedited_i <=   0.500 & months_since_cert_n >   4.500 & total_deductions_by_hh_size > 219.000 & unc_rawben_rel_max <=   0.988,train_2022_23,554,183,296,112,296,0.3783783783783784,0.32501904676082016,0.43485416629567375,45,296,0.15202702702702703,0.11560075454748997,0.1973698272530341,50,296,0.16891891891891891,0.13053889341186886,0.2157826310196977,18,296,0.060810810810810814,0.038808089380632335,0.09406740221226205,2,296,0.006756756756756757,0.001854867437256628,0.024297607736301678,35,296,0.11824324324324324,0.08625976288867462,0.16000893364976435,34,296,0.11486486486486487,0.08337170814096244,0.15622679987126803,82,296,0.27702702702702703,0.22914713348652876,0.33062042378370987,76,296,0.25675675675675674,0.21032848687519765,0.30941793923778993,27,296,0.09121621621621621,0.063446027103196,0.1294611612255749,22,296,0.07432432432432433,0.04959171735402129,0.10996452834370712,27,296,0.09121621621621621,0.063446027103196,0.1294611612255749,28,296,0.0945945945945946,0.06625826306496739,0.13331911379001204,1,296,0.0033783783783783786,0.0005966005300711164,0.018885686117278686,0,296,0.0,0.0,0.012812098121141296,0,296,0.0,0.0,0.012812098121141296,33,296,0.11148648648648649,0.08049322098240227,0.15243509850361966,161,296,0.543918918918919,0.4869769006273159,0.5997355502133948,23,296,0.0777027027027027,0.05233249937444344,0.11389393484949346,112,296,0.3783783783783784,0.32501904676082016,0.43485416629567375,150,296,0.5067567567567568,0.45008002061810654,0.5632603564343107,126,296,0.42567567567567566,0.3706533254208948,0.48260252700251804,0,296,0.0,0.0,0.012812098121141296,0,296,0.0,0.0,0.012812098121141296,20,296,0.06756756756756757,0.04416167512400158,0.10205419352130982,114,296,0.38513513513513514,0.33150554011916655,0.44170804998974433,311 0.32; 363 0.17; 323 0.09; 350 0.07; 150 0.07; 364 0.06,6,38 0.19; 53 0.16; 99 0.11; 35 0.09; 44 0.08; 52 0.08; 98 0.04; 39 0.03,8,earned income 0.38; shelter deduction 0.17; unearned income 0.15; dep care or child support deduction 0.12,"wrong amount, known item 0.28; wrong include/exclude decision 0.26; other 0.11; method or computation 0.09; unreported source of income 0.09",133,50,72,183,0.726775956284153,0.6580465936758193,0.7861799597255645,0.273224043715847,72,0.2823529411764706,255,61129.0
4+,expedited_i <=   0.500 & months_since_cert_n >   4.500 & total_deductions_by_hh_size > 219.000 & unc_rawben_rel_max <=   0.988,test_2024,383,110,167,73,167,0.437125748502994,0.3641440744737811,0.5129350444293432,16,167,0.09580838323353294,0.059835243114415425,0.14995909269138363,28,167,0.16766467065868262,0.11862320234962478,0.23165214042403218,9,167,0.05389221556886228,0.028608433467822457,0.0992386482733928,0,167,0.0,0.0,0.022486326515321793,22,167,0.1317365269461078,0.08863060706139886,0.1914042322283292,19,167,0.11377245508982035,0.07405601146739094,0.1708585760803726,72,167,0.4311377245508982,0.3584073250976594,0.5069650432248101,37,167,0.2215568862275449,0.16522886359243172,0.29040723440711874,19,167,0.11377245508982035,0.07405601146739094,0.1708585760803726,9,167,0.05389221556886228,0.028608433467822457,0.0992386482733928,12,167,0.0718562874251497,0.04157920410360852,0.12138812937957122,8,167,0.04790419161676647,0.024470545963093518,0.09166978519746691,2,167,0.011976047904191617,0.003290362993248832,0.042609464683382614,0,167,0.0,0.0,0.022486326515321793,1,167,0.005988023952095809,0.001057789254986563,0.033135287840990055,7,167,0.041916167664670656,0.02044989293327537,0.08398368764663022,84,165,0.509090909090909,0.43347628152997314,0.5842918514419959,7,165,0.04242424242424243,0.020699586619953553,0.08497105379094044,74,165,0.4484848484848485,0.3746292007371486,0.5246847124216936,93,167,0.5568862275449101,0.4811057151490509,0.6301084153671699,69,167,0.41317365269461076,0.34126217489578037,0.48898994168472454,0,167,0.0,0.0,0.022486326515321793,3,167,0.017964071856287425,0.006127793507236419,0.051478784750049855,2,167,0.011976047904191617,0.003290362993248832,0.042609464683382614,65,165,0.3939393939393939,0.32260939942166716,0.4700957159053611,311 0.38; 363 0.17; 323 0.12; 364 0.05; 312 0.05,5,38 0.16; 56 0.11; 35 0.11; 52 0.08; 44 0.07; 53 0.07; 37 0.05; 57 0.05; 99 0.04; 54 0.04,10,earned income 0.44; shelter deduction 0.17; dep care or child support deduction 0.13; other element 0.11,"wrong amount, known item 0.43; wrong include/exclude decision 0.22; unreported source of income 0.11",85,25,38,110,0.7727272727272727,0.6859933250234248,0.8410547839279602,0.22727272727272727,38,0.25675675675675674,148,45906.0
1,percent_abawd <=    0.750 & rawben_rel_max <=    0.998 & shelter_expenses_by_hh_size > 1700.000 & total_deductions_by_hh_size > 1130.000,all_2022_24,396,123,178,27,178,0.15168539325842698,0.10638855522742538,0.21169927506003358,32,178,0.1797752808988764,0.1303181688259782,0.24276257837378246,70,178,0.39325842696629215,0.3244789637171111,0.46654795201614246,16,178,0.0898876404494382,0.056085894482741976,0.14101751859765324,22,178,0.12359550561797752,0.0830541257608729,0.18004078761428438,1,178,0.0056179775280898875,0.0009923747839823364,0.031132287559507824,10,178,0.056179775280898875,0.030798314004377478,0.10031359878125572,46,178,0.25842696629213485,0.19969708386826843,0.327363830685937,76,178,0.42696629213483145,0.35659804433209136,0.5004203716959242,23,178,0.12921348314606743,0.08766648255102352,0.1864270142065941,1,178,0.0056179775280898875,0.0009923747839823364,0.031132287559507824,12,178,0.06741573033707865,0.038981512590958445,0.11412756695959542,4,178,0.02247191011235955,0.008772632252331075,0.056347780238540104,3,178,0.016853932584269662,0.005748030604952471,0.04837379850345837,3,178,0.016853932584269662,0.005748030604952471,0.04837379850345837,0,178,0.0,0.0,0.021126078961029818,10,178,0.056179775280898875,0.030798314004377478,0.10031359878125572,109,178,0.6123595505617978,0.5391307385550768,0.6808409290941302,16,178,0.0898876404494382,0.056085894482741976,0.14101751859765324,53,178,0.29775280898876405,0.23542492821019284,0.368626070021235,93,178,0.5224719101123596,0.44939498545007794,0.5945993480797634,79,178,0.4438202247191011,0.3727834655058676,0.5172307006695289,0,178,0.0,0.0,0.021126078961029818,3,178,0.016853932584269662,0.005748030604952471,0.04837379850345837,3,178,0.016853932584269662,0.005748030604952471,0.04837379850345837,68,178,0.38202247191011235,0.31384886910564774,0.45518087986268513,363 0.39; 311 0.15; 365 0.12; 364 0.09,4,53 0.29; 35 0.13; 52 0.10; 56 0.10; 38 0.09; 99 0.06,6,shelter deduction 0.39; unearned income 0.18; earned income 0.15; medical deduction 0.12,"wrong include/exclude decision 0.43; wrong amount, known item 0.26; unreported source of income 0.13",107,16,79,123,0.8699186991869918,0.7991101236600706,0.9183201200454643,0.13008130081300814,79,0.3910891089108911,202,28990.0
1,percent_abawd <=    0.750 & rawben_rel_max <=    0.998 & shelter_expenses_by_hh_size > 1700.000 & total_deductions_by_hh_size > 1130.000,train_2022_23,201,72,100,14,100,0.14,0.08526265754464905,0.22137360383807236,17,100,0.17,0.10893476059773155,0.25548181233642975,41,100,0.41,0.31867157095664655,0.5079874943890338,9,100,0.09,0.04807199516388488,0.16226374696643667,12,100,0.12,0.06999337365267776,0.19812268002908368,1,100,0.01,0.0017673865655472645,0.0544875247609346,6,100,0.06,0.02778574526665662,0.12476968531222507,14,100,0.14,0.08526265754464905,0.22137360383807236,52,100,0.52,0.4231640509017654,0.6153561567991945,16,100,0.16,0.10095202349473717,0.24420444558894414,1,100,0.01,0.0017673865655472645,0.0544875247609346,6,100,0.06,0.02778574526665662,0.12476968531222507,2,100,0.02,0.005501852234968185,0.07001316294199365,1,100,0.01,0.0017673865655472645,0.0544875247609346,1,100,0.01,0.0017673865655472645,0.0544875247609346,0,100,0.0,0.0,0.03699480747600191,7,100,0.07,0.034318824364064096,0.13749671006529757,64,100,0.64,0.542352199811621,0.7272892540950986,7,100,0.07,0.034318824364064096,0.13749671006529757,29,100,0.29,0.21014706973984146,0.38539074940007934,51,100,0.51,0.4134784047743415,0.6057816990761385,46,100,0.46,0.36560643853331865,0.5573531460647615,0,100,0.0,0.0,0.03699480747600191,0,100,0.0,0.0,0.03699480747600191,3,100,0.03,0.010254338223414816,0.08452078080402699,44,100,0.44,0.34671865400968327,0.537720722887437,363 0.41; 311 0.13; 365 0.12; 364 0.09,4,53 0.37; 35 0.16; 52 0.15; 38 0.09,4,shelter deduction 0.41; unearned income 0.17; earned income 0.14; medical deduction 0.12,"wrong include/exclude decision 0.52; unreported source of income 0.16; wrong amount, known item 0.14",61,11,46,72,0.8472222222222222,0.7467749821453958,0.9124938096522456,0.1527777777777778,46,0.3898305084745763,118,16150.0
1,percent_abawd <=    0.750 & rawben_rel_max <=    0.998 & shelter_expenses_by_hh_size > 1700.000 & total_deductions_by_hh_size > 1130.000,test_2024,195,51,78,13,78,0.16666666666666666,0.10006850973163443,0.26455779278444536,15,78,0.19230769230769232,0.12015101048823744,0.2933501918342978,29,78,0.3717948717948718,0.27293398524227175,0.4826915157254513,7,78,0.08974358974358974,0.044152447186411065,0.1738491559103026,10,78,0.1282051282051282,0.0711524611999346,0.22016149160646212,0,78,0.0,0.0,0.04693945377411976,4,78,0.05128205128205128,0.020120686846503345,0.1245685665405272,32,78,0.41025641025641024,0.3078173313444522,0.5211205193329539,24,78,0.3076923076923077,0.2163178292080744,0.4171204222435101,7,78,0.08974358974358974,0.044152447186411065,0.1738491559103026,0,78,0.0,0.0,0.04693945377411976,6,78,0.07692307692307693,0.03572997725324493,0.15783417594024104,2,78,0.02564102564102564,0.007059945446585378,0.08875440813398978,2,78,0.02564102564102564,0.007059945446585378,0.08875440813398978,2,78,0.02564102564102564,0.007059945446585378,0.08875440813398978,0,78,0.0,0.0,0.04693945377411976,3,78,0.038461538461538464,0.013165586780815211,0.10708621670298764,45,78,0.5769230769230769,0.46621355164287304,0.680411147776493,9,78,0.11538461538461539,0.06190440604142225,0.2049720968617468,24,78,0.3076923076923077,0.2163178292080744,0.4171204222435101,42,78,0.5384615384615384,0.42863448388730346,0.6446778658223795,33,78,0.4230769230769231,0.3195888522235069,0.5337864483571269,0,78,0.0,0.0,0.04693945377411976,3,78,0.038461538461538464,0.013165586780815211,0.10708621670298764,0,78,0.0,0.0,0.04693945377411976,24,78,0.3076923076923077,0.2163178292080744,0.4171204222435101,363 0.37; 311 0.17; 365 0.13; 331 0.10,4,56 0.23; 53 0.18; 38 0.09; 35 0.09; 57 0.06; 37 0.05; 33 0.04; 99 0.04,8,shelter deduction 0.37; unearned income 0.19; earned income 0.17; medical deduction 0.13,"wrong amount, known item 0.41; wrong include/exclude decision 0.31; unreported source of income 0.09",46,5,33,51,0.9019607843137255,0.7902151004554693,0.957392555046923,0.09803921568627451,33,0.39285714285714285,84,12840.0
2-3,HH_size_n >   2.5 & shelter_expenses_by_hh_size <= 592.0 & total_deductions_by_hh_size > 522.0 & utilities >  37.5,all_2022_24,104,45,86,22,86,0.2558139534883721,0.1754295012969836,0.35708105060770196,17,86,0.19767441860465115,0.12724247137709888,0.2939610690763213,14,86,0.16279069767441862,0.09952040412263215,0.2548989294600289,2,86,0.023255813953488372,0.006400792019477797,0.08088171408014642,1,86,0.011627906976744186,0.002055515742405551,0.0629655880669656,25,86,0.29069767441860467,0.2053243782930262,0.3939703804824186,5,86,0.05813953488372093,0.02508656569078512,0.12898014727959828,25,86,0.29069767441860467,0.2053243782930262,0.3939703804824186,32,86,0.37209302325581395,0.27746093282766765,0.4776636419795485,7,86,0.08139534883720931,0.0399859229859802,0.15860359456490936,1,86,0.011627906976744186,0.002055515742405551,0.0629655880669656,6,86,0.06976744186046512,0.03236497351786072,0.14396314174277575,4,86,0.046511627906976744,0.01823367317295907,0.11357163750717128,1,86,0.011627906976744186,0.002055515742405551,0.0629655880669656,0,86,0.0,0.0,0.042759701519118086,0,86,0.0,0.0,0.042759701519118086,10,86,0.11627906976744186,0.06439976494342571,0.200973959478223,56,86,0.6511627906976745,0.5459335479566195,0.7434646818166705,9,86,0.10465116279069768,0.05604026272483177,0.18707205940656396,21,86,0.2441860465116279,0.16561843751812289,0.3446307120963096,45,86,0.5232558139534884,0.41897641605458513,0.625546388525921,36,86,0.4186046511627907,0.3200128276155241,0.5241573563527044,1,86,0.011627906976744186,0.002055515742405551,0.0629655880669656,1,86,0.011627906976744186,0.002055515742405551,0.0629655880669656,3,86,0.03488372093023256,0.011933581807332512,0.09761032658254476,26,86,0.3023255813953488,0.21543382392193752,0.4061223371437602,323 0.24; 311 0.23; 363 0.16; 350 0.07; 366 0.05,5,53 0.24; 99 0.12; 44 0.10; 38 0.10; 35 0.08; 52 0.07; 37 0.05,7,dep care or child support deduction 0.29; earned income 0.26; unearned income 0.20; shelter deduction 0.16,"wrong include/exclude decision 0.37; wrong amount, known item 0.29; other 0.12",36,9,25,45,0.8,0.6617674868607056,0.8910399559749099,0.2,25,0.35714285714285715,70,21031.0
2-3,HH_size_n >   2.5 & shelter_expenses_by_hh_size <= 592.0 & total_deductions_by_hh_size > 522.0 & utilities >  37.5,train_2022_23,66,31,61,14,61,0.22950819672131148,0.141931023788832,0.34913643907451497,15,61,0.2459016393442623,0.15506522999562844,0.36684662905781873,9,61,0.14754098360655737,0.07961078689389503,0.257234695018951,1,61,0.01639344262295082,0.002899656114363977,0.08719065627768062,1,61,0.01639344262295082,0.002899656114363977,0.08719065627768062,17,61,0.2786885245901639,0.18188396512091543,0.40171668631273205,4,61,0.06557377049180328,0.02579328695767287,0.15683021400467229,16,61,0.26229508196721313,0.16838645195913188,0.38436980328441556,22,61,0.36065573770491804,0.25173936505814554,0.48608326732600293,6,61,0.09836065573770492,0.045863951367309724,0.1984483419752358,0,61,0.0,0.0,0.05924591620194442,4,61,0.06557377049180328,0.02579328695767287,0.15683021400467229,3,61,0.04918032786885246,0.016865676835230686,0.1349134279370143,0,61,0.0,0.0,0.05924591620194442,0,61,0.0,0.0,0.05924591620194442,0,61,0.0,0.0,0.05924591620194442,10,61,0.16393442622950818,0.0915591348574295,0.27613074324551673,38,61,0.6229508196721312,0.49747627570942377,0.7338566957163277,6,61,0.09836065573770492,0.045863951367309724,0.1984483419752358,17,61,0.2786885245901639,0.18188396512091543,0.40171668631273205,31,61,0.5081967213114754,0.386024064532302,0.6293981335627482,27,61,0.4426229508196721,0.32507608033920443,0.5669685329954449,0,61,0.0,0.0,0.05924591620194442,0,61,0.0,0.0,0.05924591620194442,3,61,0.04918032786885246,0.016865676835230686,0.1349134279370143,15,61,0.2459016393442623,0.15506522999562844,0.36684662905781873,323 0.23; 311 0.20; 363 0.15; 350 0.10; 366 0.05; 331 0.05,6,53 0.30; 99 0.16; 38 0.13; 44 0.11; 35 0.10,5,dep care or child support deduction 0.28; unearned income 0.25; earned income 0.23,"wrong include/exclude decision 0.36; wrong amount, known item 0.26; other 0.16",26,5,18,31,0.8387096774193549,0.6736529727502113,0.9290748009456006,0.16129032258064516,18,0.3673469387755102,49,13759.0
2-3,HH_size_n >   2.5 & shelter_expenses_by_hh_size <= 592.0 & total_deductions_by_hh_size > 522.0 & utilities >  37.5,test_2024,38,14,25,8,25,0.32,0.17204987516891143,0.5159008626542329,2,25,0.08,0.02221993369109193,0.24966512122957818,5,25,0.2,0.08860454100652487,0.3913133553653824,1,25,0.04,0.007096050386699165,0.19544472405022525,0,25,0.0,0.0,0.13319649395317873,8,25,0.32,0.17204987516891143,0.5159008626542329,1,25,0.04,0.007096050386699165,0.19544472405022525,9,25,0.36,0.20247656431735636,0.5548184539895337,10,25,0.4,0.23403057664190918,0.5926087221487266,1,25,0.04,0.007096050386699165,0.19544472405022525,1,25,0.04,0.007096050386699165,0.19544472405022525,2,25,0.08,0.02221993369109193,0.24966512122957818,1,25,0.04,0.007096050386699165,0.19544472405022525,1,25,0.04,0.007096050386699165,0.19544472405022525,0,25,0.0,0.0,0.13319649395317873,0,25,0.0,0.0,0.13319649395317873,0,25,0.0,0.0,0.13319649395317873,18,25,0.72,0.5242302810344169,0.8571632616261843,3,25,0.12,0.04166741357068093,0.2995619218337349,4,25,0.16,0.06403347608577989,0.34654013980238163,14,25,0.56,0.37067017019564436,0.7333462505299744,9,25,0.36,0.20247656431735636,0.5548184539895337,1,25,0.04,0.007096050386699165,0.19544472405022525,1,25,0.04,0.007096050386699165,0.19544472405022525,0,25,0.0,0.0,0.13319649395317873,11,25,0.44,0.2666537494700256,0.6293298298043557,311 0.32; 323 0.28; 363 0.20,3,52 0.16; 56 0.12; 53 0.12; 44 0.08; 37 0.08; 57 0.08; 35 0.04; 64 0.04; 7 0.04,9,dep care or child support deduction 0.32; earned income 0.32; shelter deduction 0.20,"wrong include/exclude decision 0.40; wrong amount, known item 0.36",10,4,7,14,0.7142857142857143,0.4535045882751561,0.882788120898909,0.2857142857142857,7,0.3333333333333333,21,7272.0
2-3,HH_size_n <   3 & months_since_cert_n >=   3 & shelter_expenses_by_hh_size >= 706 & utilities < 347,all_2022_24,86,35,54,18,54,0.3333333333333333,0.22241243520150356,0.466392853725497,10,54,0.18518518518518517,0.10382574505942957,0.3083620229137938,12,54,0.2222222222222222,0.13195287989578958,0.34938926831587813,5,54,0.09259259259259259,0.040200542070567336,0.1991012753065453,1,54,0.018518518518518517,0.0032764033153519848,0.09771665358487208,1,54,0.018518518518518517,0.0032764033153519848,0.09771665358487208,7,54,0.12962962962962962,0.06423639229487982,0.2442198053206771,9,54,0.16666666666666666,0.0902428998661039,0.28736767798789736,15,54,0.2777777777777778,0.1761667544821121,0.4089069640872221,8,54,0.14814814814814814,0.07702971308229412,0.266003674652485,3,54,0.05555555555555555,0.019072922503838907,0.15107451463482943,10,54,0.18518518518518517,0.10382574505942957,0.3083620229137938,3,54,0.05555555555555555,0.019072922503838907,0.15107451463482943,0,54,0.0,6.938893903907228e-18,0.06641586678100189,0,54,0.0,6.938893903907228e-18,0.06641586678100189,0,54,0.0,6.938893903907228e-18,0.06641586678100189,6,54,0.1111111111111111,0.05192951817556753,0.2219494893207673,24,54,0.4444444444444444,0.3200225687559781,0.5762458608863554,6,54,0.1111111111111111,0.05192951817556753,0.2219494893207673,24,54,0.4444444444444444,0.3200225687559781,0.5762458608863554,23,54,0.42592592592592593,0.30331621798657443,0.5583750215365371,30,54,0.5555555555555556,0.42375413911364457,0.6799774312440219,0,54,0.0,6.938893903907228e-18,0.06641586678100189,0,54,0.0,6.938893903907228e-18,0.06641586678100189,1,54,0.018518518518518517,0.0032764033153519848,0.09771665358487208,14,54,0.25925925925925924,0.16118507964793902,0.38931144880217294,311 0.31; 363 0.22; 364 0.09; 342 0.06; 346 0.04; 350 0.04,6,35 0.15; 53 0.15; 39 0.13; 99 0.11; 52 0.11; 38 0.11,6,earned income 0.33; shelter deduction 0.22; unearned income 0.19; other element 0.13,"wrong include/exclude decision 0.28; change in circumstances 0.19; wrong amount, known item 0.17; unreported source of income 0.15",30,5,12,35,0.8571428571428571,0.7062411969132573,0.9373986119514649,0.14285714285714285,12,0.2553191489361702,47,13114.0
2-3,HH_size_n <   3 & months_since_cert_n >=   3 & shelter_expenses_by_hh_size >= 706 & utilities < 347,train_2022_23,69,30,49,16,49,0.32653061224489793,0.21207321329264214,0.4662105631259371,10,49,0.20408163265306123,0.11481727042813811,0.33637270110943834,9,49,0.1836734693877551,0.09976228838458358,0.31357871567282575,5,49,0.10204081632653061,0.044378892487039884,0.21756624164970087,1,49,0.02040816326530612,0.003611579538530696,0.10693768467754147,1,49,0.02040816326530612,0.003611579538530696,0.10693768467754147,7,49,0.14285714285714285,0.07096333720544586,0.2666797318916292,8,49,0.16326530612244897,0.08512596988208977,0.29036606669515236,13,49,0.2653061224489796,0.1621113124514944,0.4026255615265835,7,49,0.14285714285714285,0.07096333720544586,0.2666797318916292,3,49,0.061224489795918366,0.021039764955529186,0.16520743422087725,9,49,0.1836734693877551,0.09976228838458358,0.31357871567282575,3,49,0.061224489795918366,0.021039764955529186,0.16520743422087725,0,49,0.0,0.0,0.07270029673590504,0,49,0.0,0.0,0.07270029673590504,0,49,0.0,0.0,0.07270029673590504,6,49,0.12244897959183673,0.057347477598098245,0.2424466240188096,22,49,0.4489795918367347,0.3185262492963633,0.5868513320032188,6,49,0.12244897959183673,0.057347477598098245,0.2424466240188096,21,49,0.42857142857142855,0.3002310889895705,0.5672975248298444,22,49,0.4489795918367347,0.3185262492963633,0.5868513320032188,26,49,0.5306122448979592,0.39380627019919845,0.6629671810210522,0,49,0.0,0.0,0.07270029673590504,0,49,0.0,0.0,0.07270029673590504,1,49,0.02040816326530612,0.003611579538530696,0.10693768467754147,13,49,0.2653061224489796,0.1621113124514944,0.4026255615265835,311 0.31; 363 0.18; 364 0.10; 342 0.06; 346 0.04; 350 0.04; 520 0.04,7,35 0.14; 99 0.12; 52 0.12; 53 0.12; 38 0.12; 39 0.12,6,earned income 0.33; unearned income 0.20; shelter deduction 0.18; other element 0.14,"wrong include/exclude decision 0.27; change in circumstances 0.18; wrong amount, known item 0.16; unreported source of income 0.14",25,5,9,30,0.8333333333333334,0.6643529481431982,0.9266356575964831,0.16666666666666666,9,0.23076923076923078,39,11689.0
2-3,HH_size_n <   3 & months_since_cert_n >=   3 & shelter_expenses_by_hh_size >= 706 & utilities < 347,test_2024,17,5,5,2,5,0.4,0.1176182311592533,0.769280067791163,0,5,0.0,0.0,0.43449149475208104,3,5,0.6,0.23071993220883708,0.8823817688407467,0,5,0.0,0.0,0.43449149475208104,0,5,0.0,0.0,0.43449149475208104,0,5,0.0,0.0,0.43449149475208104,0,5,0.0,0.0,0.43449149475208104,1,5,0.2,0.03622316096978745,0.6244717358814613,2,5,0.4,0.1176182311592533,0.769280067791163,1,5,0.2,0.03622316096978745,0.6244717358814613,0,5,0.0,0.0,0.43449149475208104,1,5,0.2,0.03622316096978745,0.6244717358814613,0,5,0.0,0.0,0.43449149475208104,0,5,0.0,0.0,0.43449149475208104,0,5,0.0,0.0,0.43449149475208104,0,5,0.0,0.0,0.43449149475208104,0,5,0.0,0.0,0.43449149475208104,2,5,0.4,0.1176182311592533,0.769280067791163,0,5,0.0,0.0,0.43449149475208104,3,5,0.6,0.23071993220883708,0.8823817688407467,1,5,0.2,0.03622316096978745,0.6244717358814613,4,5,0.8,0.3755282641185388,0.9637768390302125,0,5,0.0,0.0,0.43449149475208104,0,5,0.0,0.0,0.43449149475208104,0,5,0.0,0.0,0.43449149475208104,1,5,0.2,0.03622316096978745,0.6244717358814613,363 0.60; 311 0.40,2,53 0.40; 39 0.20; 56 0.20,3,shelter deduction 0.60; earned income 0.40,"wrong include/exclude decision 0.40; change in circumstances 0.20; wrong amount, known item 0.20",5,0,3,5,1.0,0.5655085052479191,1.0,0.0,3,0.375,8,1425.0
4+,shelter_expenses_by_hh_size > 487 & total_deductions_by_hh_size > 245 & total_deductions_by_hh_size <= 260,all_2022_24,58,30,59,27,59,0.4576271186440678,0.3370110214024243,0.583423849765719,10,59,0.1694915254237288,0.0947573785633763,0.28463461654814215,7,59,0.11864406779661017,0.058675082779140006,0.22523875773415053,4,59,0.06779661016949153,0.026678187098391565,0.16175749881667106,1,59,0.01694915254237288,0.002998156692981528,0.08995937462385317,2,59,0.03389830508474576,0.009345713033501513,0.11543786981607584,8,59,0.13559322033898305,0.07034090749685569,0.24539898454917758,18,59,0.3050847457627119,0.20253473477602124,0.4314656725974384,12,59,0.2033898305084746,0.12036154854418066,0.32268254963282317,7,59,0.11864406779661017,0.058675082779140006,0.22523875773415053,6,59,0.1016949152542373,0.047447326513182495,0.2046404624673654,4,59,0.06779661016949153,0.026678187098391565,0.16175749881667106,7,59,0.11864406779661017,0.058675082779140006,0.22523875773415053,0,59,0.0,0.0,0.061131479784092065,0,59,0.0,0.0,0.061131479784092065,0,59,0.0,0.0,0.061131479784092065,5,59,0.0847457627118644,0.036741491306199775,0.1835202461416055,31,59,0.5254237288135594,0.4003957675731271,0.6473433097259869,10,59,0.1694915254237288,0.0947573785633763,0.28463461654814215,18,59,0.3050847457627119,0.20253473477602124,0.4314656725974384,32,59,0.5423728813559322,0.4165761502342809,0.6629889785975757,26,59,0.4406779661016949,0.3215001223396273,0.5671086972957734,0,59,0.0,0.0,0.061131479784092065,0,59,0.0,0.0,0.061131479784092065,1,59,0.01694915254237288,0.002998156692981528,0.08995937462385317,14,59,0.23728813559322035,0.1469448625694613,0.3597513386730279,311 0.32; 312 0.14; 363 0.12; 150 0.08; 350 0.07; 364 0.07,6,38 0.15; 35 0.12; 52 0.10; 44 0.08; 99 0.08; 37 0.07; 45 0.05; 39 0.03; 12 0.03; 65 0.03,10,earned income 0.46; unearned income 0.17; other element 0.14,"wrong amount, known item 0.31; wrong include/exclude decision 0.20; method or computation 0.12; unreported source of income 0.12; household composition 0.10",20,10,8,30,0.6666666666666666,0.48779725813830266,0.807697044731538,0.3333333333333333,8,0.21052631578947367,38,13833.0
4+,shelter_expenses_by_hh_size > 487 & total_deductions_by_hh_size > 245 & total_deductions_by_hh_size <= 260,train_2022_23,30,15,32,15,32,0.46875,0.30869129901682335,0.6355076206742619,6,32,0.1875,0.08889423936162782,0.3530949575492244,3,32,0.09375,0.032400962626319516,0.24218499335778831,2,32,0.0625,0.017310203195157234,0.2014746724800358,0,32,0.0,0.0,0.1071827150573635,1,32,0.03125,0.005537717362550945,0.15744607800372734,5,32,0.15625,0.06864319106627216,0.31754492553566527,8,32,0.25,0.1325224398262155,0.42106891770246624,6,32,0.1875,0.08889423936162782,0.3530949575492244,4,32,0.125,0.04970053844474301,0.2806864978482796,3,32,0.09375,0.032400962626319516,0.24218499335778831,4,32,0.125,0.04970053844474301,0.2806864978482796,4,32,0.125,0.04970053844474301,0.2806864978482796,0,32,0.0,0.0,0.1071827150573635,0,32,0.0,0.0,0.1071827150573635,0,32,0.0,0.0,0.1071827150573635,3,32,0.09375,0.032400962626319516,0.24218499335778831,14,32,0.4375,0.2816508596944317,0.6067469796877387,9,32,0.28125,0.15564406845647866,0.4537483693811179,9,32,0.28125,0.15564406845647866,0.4537483693811179,14,32,0.4375,0.2816508596944317,0.6067469796877387,17,32,0.53125,0.3644923793257382,0.6913087009831766,0,32,0.0,0.0,0.1071827150573635,0,32,0.0,0.0,0.1071827150573635,1,32,0.03125,0.005537717362550945,0.15744607800372734,6,32,0.1875,0.08889423936162782,0.3530949575492244,311 0.34; 312 0.12; 150 0.09; 363 0.09; 350 0.06; 364 0.06,6,38 0.12; 35 0.12; 44 0.09; 99 0.09; 52 0.09; 39 0.06; 12 0.06; 65 0.06; 37 0.06,9,earned income 0.47; unearned income 0.19; other element 0.16,"wrong amount, known item 0.25; wrong include/exclude decision 0.19; method or computation 0.12; change in circumstances 0.12; unreported source of income 0.12",9,6,3,15,0.6,0.357464427565077,0.8017577191740534,0.4,3,0.16666666666666666,18,7049.0
4+,shelter_expenses_by_hh_size > 487 & total_deductions_by_hh_size > 245 & total_deductions_by_hh_size <= 260,test_2024,28,15,27,12,27,0.4444444444444444,0.2758559767007283,0.6268728052042312,4,27,0.14814814814814814,0.059158318596448906,0.32479063346829484,4,27,0.14814814814814814,0.059158318596448906,0.32479063346829484,2,27,0.07407407407407407,0.020554221697383523,0.2336997729073062,1,27,0.037037037037037035,0.006567976533097597,0.1828385393415652,1,27,0.037037037037037035,0.006567976533097597,0.1828385393415652,3,27,0.1111111111111111,0.03851964789498724,0.2805818254397295,10,27,0.37037037037037035,0.21532287067936856,0.5577109537655369,6,27,0.2222222222222222,0.10607095489408958,0.4075729546307081,3,27,0.1111111111111111,0.03851964789498724,0.2805818254397295,3,27,0.1111111111111111,0.03851964789498724,0.2805818254397295,0,27,0.0,6.938893903907228e-18,0.12455903714463581,3,27,0.1111111111111111,0.03851964789498724,0.2805818254397295,0,27,0.0,6.938893903907228e-18,0.12455903714463581,0,27,0.0,6.938893903907228e-18,0.12455903714463581,0,27,0.0,6.938893903907228e-18,0.12455903714463581,2,27,0.07407407407407407,0.020554221697383523,0.2336997729073062,17,27,0.6296296296296297,0.442289046234463,0.7846771293206314,1,27,0.037037037037037035,0.006567976533097597,0.1828385393415652,9,27,0.3333333333333333,0.1864305444359335,0.5217558012789452,18,27,0.6666666666666666,0.47824419872105484,0.8135694555640665,9,27,0.3333333333333333,0.1864305444359335,0.5217558012789452,0,27,0.0,6.938893903907228e-18,0.12455903714463581,0,27,0.0,6.938893903907228e-18,0.12455903714463581,0,27,0.0,6.938893903907228e-18,0.12455903714463581,8,27,0.2962962962962963,0.15852853317647564,0.4848103338083759,311 0.30; 312 0.15; 363 0.15; 150 0.07; 350 0.07; 364 0.07,6,38 0.19; 35 0.11; 52 0.11; 45 0.07; 37 0.07; 56 0.07; 44 0.07; 99 0.07,8,earned income 0.44; unearned income 0.15; shelter deduction 0.15; other element 0.11,"wrong amount, known item 0.37; wrong include/exclude decision 0.22; unreported source of income 0.11; household composition 0.11",11,4,5,15,0.7333333333333333,0.4804911034231324,0.8910272389681718,0.26666666666666666,5,0.25,20,6784.0
4+,rawben_rel_max <   0.635 & shelter_expenses_by_hh_size >= 407.000 & shelter_expenses_by_hh_size < 424.000 & total_deductions_by_hh_size < 275.000,all_2022_24,67,30,50,16,50,0.32,0.20758044093999403,0.45810557136276076,13,50,0.26,0.15871379651367384,0.3955342198899992,11,50,0.22,0.12753786224302288,0.35241815689459555,2,50,0.04,0.011038652660826577,0.13460337877954667,0,50,0.0,0.0,0.07135003417431873,1,50,0.02,0.0035391680889764604,0.10495686471836953,7,50,0.14,0.06950745262022862,0.2618645719852809,18,50,0.36,0.24138562967182875,0.49859237989698046,11,50,0.22,0.12753786224302288,0.35241815689459555,6,50,0.12,0.05617523710624646,0.23805078886623582,5,50,0.1,0.04347512399157111,0.2136049033478839,6,50,0.12,0.05617523710624646,0.23805078886623582,1,50,0.02,0.0035391680889764604,0.10495686471836953,0,50,0.0,0.0,0.07135003417431873,0,50,0.0,0.0,0.07135003417431873,0,50,0.0,0.0,0.07135003417431873,3,50,0.06,0.020614596364630478,0.16217343370877002,35,50,0.7,0.562493877226366,0.8089661091039063,1,50,0.02,0.0035391680889764604,0.10495686471836953,14,50,0.28,0.17474014357680362,0.4166538714598967,29,50,0.58,0.4423319668777783,0.7062520276543307,19,50,0.38,0.2586259584257722,0.5184980497760643,0,50,0.0,0.0,0.07135003417431873,0,50,0.0,0.0,0.07135003417431873,2,50,0.04,0.011038652660826577,0.13460337877954667,23,50,0.46,0.3296943460178263,0.5960136567161192,311 0.30; 363 0.22; 350 0.16; 150 0.08,4,38 0.18; 44 0.12; 35 0.12; 53 0.08; 52 0.08; 99 0.06; 7 0.04; 41 0.04; 64 0.04,9,earned income 0.32; unearned income 0.26; shelter deduction 0.22,"wrong amount, known item 0.36; wrong include/exclude decision 0.22; unreported source of income 0.12; change in circumstances 0.12",20,10,11,30,0.6666666666666666,0.48779725813830266,0.807697044731538,0.3333333333333333,11,0.2682926829268293,41,11743.0
4+,rawben_rel_max <   0.635 & shelter_expenses_by_hh_size >= 407.000 & shelter_expenses_by_hh_size < 424.000 & total_deductions_by_hh_size < 275.000,train_2022_23,38,18,26,8,26,0.3076923076923077,0.16501120939792674,0.49988611514231246,6,26,0.23076923076923078,0.11033699683676687,0.42051925751956787,7,26,0.2692307692307692,0.13704275525067386,0.46083403419761304,2,26,0.07692307692307693,0.02135463918337556,0.24141947480515052,0,26,0.0,0.0,0.12873304380462175,1,26,0.038461538461538464,0.0068218089769898765,0.18893176991958405,2,26,0.07692307692307693,0.02135463918337556,0.24141947480515052,8,26,0.3076923076923077,0.16501120939792674,0.49988611514231246,7,26,0.2692307692307692,0.13704275525067386,0.46083403419761304,4,26,0.15384615384615385,0.06149933998929477,0.33531584418313565,2,26,0.07692307692307693,0.02135463918337556,0.24141947480515052,3,26,0.11538461538461539,0.04003171821149494,0.28976293086898336,0,26,0.0,0.0,0.12873304380462175,0,26,0.0,0.0,0.12873304380462175,0,26,0.0,0.0,0.12873304380462175,0,26,0.0,0.0,0.12873304380462175,2,26,0.07692307692307693,0.02135463918337556,0.24141947480515052,21,26,0.8076923076923077,0.6212336384535001,0.9149306422821174,0,26,0.0,0.0,0.12873304380462175,5,26,0.19230769230769232,0.08506935771788268,0.3787663615465,12,26,0.46153846153846156,0.28755582695234905,0.6454236379556988,12,26,0.46153846153846156,0.28755582695234905,0.6454236379556988,0,26,0.0,0.0,0.12873304380462175,0,26,0.0,0.0,0.12873304380462175,2,26,0.07692307692307693,0.02135463918337556,0.24141947480515052,11,26,0.4230769230769231,0.255441899027294,0.6105170307888017,363 0.27; 311 0.27; 350 0.15; 150 0.08,4,38 0.19; 53 0.15; 35 0.15; 44 0.12; 52 0.12; 99 0.08,6,earned income 0.31; shelter deduction 0.27; unearned income 0.23,"wrong amount, known item 0.31; wrong include/exclude decision 0.27; unreported source of income 0.15; change in circumstances 0.12",13,5,6,18,0.7222222222222222,0.49126922453805477,0.8750043085364452,0.2777777777777778,6,0.25,24,4247.0
4+,rawben_rel_max <   0.635 & shelter_expenses_by_hh_size >= 407.000 & shelter_expenses_by_hh_size < 424.000 & total_deductions_by_hh_size < 275.000,test_2024,29,12,24,8,24,0.3333333333333333,0.17971978688379642,0.5329404050591954,7,24,0.2916666666666667,0.14914460334164278,0.49168063658709704,4,24,0.16666666666666666,0.06678568000728924,0.3585347038786943,0,24,0.0,0.0,0.13798057582897535,0,24,0.0,0.0,0.13798057582897535,0,24,0.0,0.0,0.13798057582897535,5,24,0.20833333333333334,0.0924468910478809,0.40470844485235474,10,24,0.4166666666666667,0.24467347246538232,0.6116566235061137,4,24,0.16666666666666666,0.06678568000728924,0.3585347038786943,2,24,0.08333333333333333,0.023158327842973503,0.258492152014506,3,24,0.125,0.04344255039315584,0.3100428814785757,3,24,0.125,0.04344255039315584,0.3100428814785757,1,24,0.041666666666666664,0.007393265354805126,0.20242226248842232,0,24,0.0,0.0,0.13798057582897535,0,24,0.0,0.0,0.13798057582897535,0,24,0.0,0.0,0.13798057582897535,1,24,0.041666666666666664,0.007393265354805126,0.20242226248842232,14,24,0.5833333333333334,0.3883433764938864,0.7553265275346177,1,24,0.041666666666666664,0.007393265354805126,0.20242226248842232,9,24,0.375,0.21159133433631458,0.5729038096209293,17,24,0.7083333333333334,0.508319363412903,0.8508553966583573,7,24,0.2916666666666667,0.14914460334164278,0.49168063658709704,0,24,0.0,0.0,0.13798057582897535,0,24,0.0,0.0,0.13798057582897535,0,24,0.0,0.0,0.13798057582897535,12,24,0.5,0.31427131627763083,0.6857286837223692,311 0.33; 363 0.17; 350 0.17; 150 0.08,4,38 0.17; 44 0.12; 56 0.08; 35 0.08; 37 0.08; 7 0.04; 65 0.04; 41 0.04; 75 0.04; 52 0.04; 39 0.04,11,earned income 0.33; unearned income 0.29; other element 0.21,"wrong amount, known item 0.42; wrong include/exclude decision 0.17; household composition 0.12; change in circumstances 0.12",7,5,5,12,0.5833333333333334,0.3195073356553728,0.8067425380947535,0.4166666666666667,5,0.29411764705882354,17,7496.0
1,shelter_expenses_by_hh_size > 929.000 & total_deductions_by_hh_size > 341.000 & unc_rawben_rel_max <=   0.995 & utilities <=  29.500,all_2022_24,246,100,182,12,182,0.06593406593406594,0.03811559898191012,0.1116980057223111,10,182,0.054945054945054944,0.03011523483327929,0.0981746636609222,86,182,0.4725274725274725,0.40131401267791494,0.5448767217970358,60,182,0.32967032967032966,0.26551175889196177,0.4008707948527326,11,182,0.06043956043956044,0.034079885699149104,0.10497186590006227,0,182,0.0,0.0,0.020671367444102935,3,182,0.016483516483516484,0.005621348325738421,0.04733557843339409,24,182,0.13186813186813187,0.09024028427258002,0.18871555769175952,106,182,0.5824175824175825,0.5097890727788562,0.6516387237962918,7,182,0.038461538461538464,0.018753284304806328,0.07725105487436561,1,182,0.005494505494505495,0.0009705495119654989,0.030462671037147296,25,182,0.13736263736263737,0.09480258777222239,0.19491510729712702,2,182,0.01098901098901099,0.0030187111424065383,0.03917636251171611,1,182,0.005494505494505495,0.0009705495119654989,0.030462671037147296,0,182,0.0,0.0,0.020671367444102935,0,182,0.0,0.0,0.020671367444102935,16,182,0.08791208791208792,0.05483643240416924,0.13802458472009144,114,182,0.6263736263736264,0.5541585934458718,0.6933640279693548,13,182,0.07142857142857142,0.04221484148110109,0.11836061632812998,55,182,0.3021978021978022,0.24013697613980275,0.3724363120798423,80,182,0.43956043956043955,0.36943830445150183,0.5121813113933897,93,182,0.510989010989011,0.43889115517291455,0.582632551037105,2,182,0.01098901098901099,0.0030187111424065383,0.03917636251171611,0,182,0.0,0.0,0.020671367444102935,7,182,0.038461538461538464,0.018753284304806328,0.07725105487436561,37,182,0.2032967032967033,0.15124320253294626,0.26761672979652146,363 0.47; 364 0.33,2,53 0.53; 64 0.12; 99 0.09; 56 0.08,4,shelter deduction 0.47; utility allowance 0.33,"wrong include/exclude decision 0.58; change in circumstances 0.14; wrong amount, known item 0.13",94,6,87,100,0.94,0.8752303146877748,0.9722142547333433,0.06,87,0.46524064171123,187,30339.0
1,shelter_expenses_by_hh_size > 929.000 & total_deductions_by_hh_size > 341.000 & unc_rawben_rel_max <=   0.995 & utilities <=  29.500,train_2022_23,139,54,97,4,97,0.041237113402061855,0.01615097524628889,0.1012767529928505,8,97,0.08247422680412371,0.04238219710770542,0.15437787016611806,46,97,0.4742268041237113,0.37774323399262677,0.5726740541106956,32,97,0.32989690721649484,0.24437951215422604,0.4283745893277019,4,97,0.041237113402061855,0.01615097524628889,0.1012767529928505,0,97,0.0,0.0,0.03809538920445529,3,97,0.030927835051546393,0.010573153364052894,0.08702149011641547,2,97,0.020618556701030927,0.005672566204243078,0.07208899251755427,63,97,0.6494845360824743,0.5504892147387033,0.7370905142620265,3,97,0.030927835051546393,0.010573153364052894,0.08702149011641547,1,97,0.010309278350515464,0.0018221178995736602,0.05610635606355266,13,97,0.13402061855670103,0.08002380825349933,0.21590168281367925,1,97,0.010309278350515464,0.0018221178995736602,0.05610635606355266,1,97,0.010309278350515464,0.0018221178995736602,0.05610635606355266,0,97,0.0,0.0,0.03809538920445529,0,97,0.0,0.0,0.03809538920445529,13,97,0.13402061855670103,0.08002380825349933,0.21590168281367925,58,97,0.5979381443298969,0.4984347077450554,0.6899795974623194,9,97,0.09278350515463918,0.04958265664341581,0.1670104953890787,30,97,0.30927835051546393,0.22604022957947018,0.40704770238511595,43,97,0.44329896907216493,0.34847429559980314,0.5424437382275061,47,97,0.4845360824742268,0.3875798918772146,0.5826704809847787,2,97,0.020618556701030927,0.005672566204243078,0.07208899251755427,0,97,0.0,0.0,0.03809538920445529,5,97,0.05154639175257732,0.022215723427449756,0.11504508957036064,23,97,0.23711340206185566,0.16351360857927175,0.3307427300746171,363 0.47; 364 0.33,2,53 0.60; 99 0.13; 64 0.11,3,shelter deduction 0.47; utility allowance 0.33,wrong include/exclude decision 0.65; other 0.13,50,4,46,54,0.9259259259259259,0.8244564280657937,0.9708189446763159,0.07407407407407407,46,0.46,100,15011.0
1,shelter_expenses_by_hh_size > 929.000 & total_deductions_by_hh_size > 341.000 & unc_rawben_rel_max <=   0.995 & utilities <=  29.500,test_2024,107,46,85,8,85,0.09411764705882353,0.04846448154841264,0.17487233363726618,2,85,0.023529411764705882,0.0064763754542195365,0.08178858150288165,40,85,0.47058823529411764,0.36805991970356805,0.575660139367858,28,85,0.32941176470588235,0.23877626262769047,0.43480007998658043,7,85,0.08235294117647059,0.04046320889853023,0.16036162991571895,0,85,0.0,0.0,0.04324100421424198,0,85,0.0,0.0,0.04324100421424198,22,85,0.25882352941176473,0.17757973288656093,0.3609247514991324,43,85,0.5058823529411764,0.40166252134606184,0.609593466839653,4,85,0.047058823529411764,0.018449962264952775,0.11483894743500761,0,85,0.0,0.0,0.04324100421424198,12,85,0.1411764705882353,0.08264151586335423,0.230743204808043,1,85,0.011764705882352941,0.0020797335877093294,0.06367324699796226,0,85,0.0,0.0,0.04324100421424198,0,85,0.0,0.0,0.04324100421424198,0,85,0.0,0.0,0.04324100421424198,3,85,0.03529411764705882,0.012074823021218324,0.09870211030731246,56,85,0.6588235294117647,0.5531293986319203,0.7507822823823793,4,85,0.047058823529411764,0.018449962264952775,0.11483894743500761,25,85,0.29411764705882354,0.20785389608177995,0.3981865174182021,37,85,0.43529411764705883,0.33495605811400164,0.5412280718431356,46,85,0.5411764705882353,0.4357614755911955,0.6430304417088081,0,85,0.0,0.0,0.04324100421424198,0,85,0.0,0.0,0.04324100421424198,2,85,0.023529411764705882,0.0064763754542195365,0.08178858150288165,14,85,0.16470588235294117,0.1007237036038737,0.2576849698103827,363 0.47; 364 0.33,2,53 0.45; 56 0.18; 64 0.13,3,shelter deduction 0.47; utility allowance 0.33,"wrong include/exclude decision 0.51; wrong amount, known item 0.26",44,2,41,46,0.9565217391304348,0.8546747708094659,0.9879948064111691,0.043478260869565216,41,0.47126436781609193,87,15328.0
4+,rawben_rel_max <   0.739 & total_deductions_by_hh_size >= 249.000 & total_deductions_by_hh_size < 261.000 & utilities < 580.000,all_2022_24,124,43,79,27,79,0.34177215189873417,0.24670818573119846,0.4515110664319659,17,79,0.21518987341772153,0.13892090811951754,0.3178737457741784,17,79,0.21518987341772153,0.13892090811951754,0.3178737457741784,4,79,0.05063291139240506,0.01986372131473304,0.12307895482865383,1,79,0.012658227848101266,0.002237936230769212,0.06827736043177712,6,79,0.0759493670886076,0.03527156793366646,0.15595602786361415,7,79,0.08860759493670886,0.04358474184575353,0.1717853137784739,27,79,0.34177215189873417,0.24670818573119846,0.4515110664319659,22,79,0.27848101265822783,0.19168037554546474,0.3858265774829654,9,79,0.11392405063291139,0.06110510202849083,0.20254987324963025,6,79,0.0759493670886076,0.03527156793366646,0.15595602786361415,5,79,0.06329113924050633,0.0273344618147294,0.13975067415560433,4,79,0.05063291139240506,0.01986372131473304,0.12307895482865383,1,79,0.012658227848101266,0.002237936230769212,0.06827736043177712,0,79,0.0,0.0,0.04637283683559951,0,79,0.0,0.0,0.04637283683559951,5,79,0.06329113924050633,0.0273344618147294,0.13975067415560433,53,78,0.6794871794871795,0.5696044750171564,0.7725198236280314,7,78,0.08974358974358974,0.044152447186411065,0.1738491559103026,18,78,0.23076923076923078,0.15125388693827768,0.3355596650939407,40,79,0.5063291139240507,0.3983720753430729,0.6136991545704006,34,79,0.43037974683544306,0.3269364765548295,0.5402799943969628,0,79,0.0,0.0,0.04637283683559951,1,79,0.012658227848101266,0.002237936230769212,0.06827736043177712,4,79,0.05063291139240506,0.01986372131473304,0.12307895482865383,28,78,0.358974358974359,0.261454020206891,0.46973403085760435,311 0.29; 363 0.22; 350 0.10; 323 0.06; 150 0.05; 364 0.05,6,38 0.23; 53 0.14; 52 0.11; 35 0.11; 44 0.08; 99 0.06; 42 0.03,7,earned income 0.34; shelter deduction 0.22; unearned income 0.22,"wrong amount, known item 0.34; wrong include/exclude decision 0.28; unreported source of income 0.11; household composition 0.08",28,15,16,43,0.6511627906976745,0.501715070970981,0.775816012510369,0.3488372093023256,16,0.2711864406779661,59,14209.0
4+,rawben_rel_max <   0.739 & total_deductions_by_hh_size >= 249.000 & total_deductions_by_hh_size < 261.000 & utilities < 580.000,train_2022_23,83,33,58,21,58,0.3620689655172414,0.25054734348500335,0.4907271384171466,11,58,0.1896551724137931,0.10934140042567436,0.3085261838541631,13,58,0.22413793103448276,0.13593533332871566,0.3466136304755843,3,58,0.05172413793103448,0.017745812831795674,0.14139625335019185,1,58,0.017241379310344827,0.003049959884541764,0.09141072677298324,4,58,0.06896551724137931,0.027143807598168326,0.16433894834605045,5,58,0.08620689655172414,0.03738483193379338,0.18643861377265664,15,58,0.25862068965517243,0.16345403519517457,0.383776308133588,19,58,0.3275862068965517,0.22083123880342104,0.4557618635742664,9,58,0.15517241379310345,0.08384397416750201,0.26934223058787304,4,58,0.06896551724137931,0.027143807598168326,0.16433894834605045,5,58,0.08620689655172414,0.03738483193379338,0.18643861377265664,2,58,0.034482758620689655,0.009507728866485675,0.11729364755327057,0,58,0.0,0.0,0.062119996895293766,0,58,0.0,0.0,0.062119996895293766,0,58,0.0,0.0,0.062119996895293766,4,58,0.06896551724137931,0.027143807598168326,0.16433894834605045,37,58,0.6379310344827587,0.5092728615828533,0.7494526565149967,7,58,0.1206896551724138,0.059708902448596696,0.22879592278231584,14,58,0.2413793103448276,0.14958739726966278,0.3653022562968685,25,58,0.43103448275862066,0.3118160080083492,0.5588212329427257,29,58,0.5,0.3753805824767928,0.6246194175232072,0,58,0.0,0.0,0.062119996895293766,0,58,0.0,0.0,0.062119996895293766,4,58,0.06896551724137931,0.027143807598168326,0.16433894834605045,18,58,0.3103448275862069,0.20621934414805676,0.4380330684673994,311 0.31; 363 0.22; 350 0.07; 323 0.05; 150 0.05; 364 0.05,6,38 0.17; 35 0.16; 53 0.16; 52 0.14; 44 0.09; 99 0.07,6,earned income 0.36; shelter deduction 0.22; unearned income 0.19,"wrong include/exclude decision 0.33; wrong amount, known item 0.26; unreported source of income 0.16; change in circumstances 0.09",23,10,13,33,0.696969696969697,0.5266154602526555,0.8262465218545277,0.30303030303030304,13,0.2826086956521739,46,10814.0
4+,rawben_rel_max <   0.739 & total_deductions_by_hh_size >= 249.000 & total_deductions_by_hh_size < 261.000 & utilities < 580.000,test_2024,41,10,21,6,21,0.2857142857142857,0.13813675745628204,0.49956773822837586,6,21,0.2857142857142857,0.13813675745628204,0.49956773822837586,4,21,0.19047619047619047,0.07667440615177301,0.40000986539273287,1,21,0.047619047619047616,0.008455769471923294,0.22669816586235464,0,21,0.0,0.0,0.15464382326420195,2,21,0.09523809523809523,0.026518208796947246,0.2891458386074067,2,21,0.09523809523809523,0.026518208796947246,0.2891458386074067,12,21,0.5714285714285714,0.3654621629703244,0.7553030051347894,3,21,0.14285714285714285,0.04980921798213492,0.346364941492295,0,21,0.0,0.0,0.15464382326420195,2,21,0.09523809523809523,0.026518208796947246,0.2891458386074067,0,21,0.0,0.0,0.15464382326420195,2,21,0.09523809523809523,0.026518208796947246,0.2891458386074067,1,21,0.047619047619047616,0.008455769471923294,0.22669816586235464,0,21,0.0,0.0,0.15464382326420195,0,21,0.0,0.0,0.15464382326420195,1,21,0.047619047619047616,0.008455769471923294,0.22669816586235464,16,20,0.8,0.5839782779742401,0.9193436467288,0,20,0.0,0.0,0.16113012549493322,4,20,0.2,0.0806563532712,0.41602172202575993,15,21,0.7142857142857143,0.500432261771624,0.8618632425437179,5,21,0.23809523809523808,0.10627856389112261,0.45091581972345923,0,21,0.0,0.0,0.15464382326420195,1,21,0.047619047619047616,0.008455769471923294,0.22669816586235464,0,21,0.0,0.0,0.15464382326420195,10,20,0.5,0.2992949144298199,0.7007050855701801,311 0.24; 363 0.19; 350 0.19; 323 0.10; 170 0.05,5,38 0.38; 56 0.10; 53 0.10; 57 0.05; 6 0.05; 52 0.05; 12 0.05,7,earned income 0.29; unearned income 0.29; shelter deduction 0.19,"wrong amount, known item 0.57; wrong include/exclude decision 0.14; household composition 0.10",5,5,3,10,0.5,0.23658959361548731,0.7634104063845126,0.5,3,0.23076923076923078,13,3395.0
2-3,cat_elig > 0.50 & months_since_cert_n > 1.50 & unc_rawben_rel_max > 1.69,all_2022_24,124,62,86,19,86,0.22093023255813954,0.14624794489136717,0.3194784001425592,44,86,0.5116279069767442,0.4077653726724701,0.614496029617783,14,86,0.16279069767441862,0.09952040412263215,0.2548989294600289,2,86,0.023255813953488372,0.006400792019477797,0.08088171408014642,2,86,0.023255813953488372,0.006400792019477797,0.08088171408014642,3,86,0.03488372093023256,0.011933581807332512,0.09761032658254476,2,86,0.023255813953488372,0.006400792019477797,0.08088171408014642,23,86,0.26744186046511625,0.1853195577468752,0.3694523964480633,32,86,0.37209302325581395,0.27746093282766765,0.4776636419795485,12,86,0.13953488372093023,0.08165766761659309,0.22823886138556176,2,86,0.023255813953488372,0.006400792019477797,0.08088171408014642,5,86,0.05813953488372093,0.02508656569078512,0.12898014727959828,2,86,0.023255813953488372,0.006400792019477797,0.08088171408014642,1,86,0.011627906976744186,0.002055515742405551,0.0629655880669656,0,86,0.0,0.0,0.042759701519118086,0,86,0.0,0.0,0.042759701519118086,9,86,0.10465116279069768,0.05604026272483177,0.18707205940656396,37,86,0.43023255813953487,0.3307917119906583,0.5356398742678232,8,86,0.09302325581395349,0.04789171128373092,0.1729592085574117,41,86,0.47674418604651164,0.37445361147407896,0.5810235839454149,49,86,0.5697674418604651,0.4643601257321767,0.6692082880093415,32,86,0.37209302325581395,0.27746093282766765,0.4776636419795485,0,86,0.0,0.0,0.042759701519118086,1,86,0.011627906976744186,0.002055515742405551,0.0629655880669656,4,86,0.046511627906976744,0.01823367317295907,0.11357163750717128,36,86,0.4186046511627907,0.3200128276155241,0.5241573563527044,331 0.24; 311 0.21; 363 0.16; 333 0.08; 346 0.07,5,37 0.24; 38 0.22; 35 0.14; 99 0.10; 52 0.07,5,unearned income 0.51; earned income 0.22; shelter deduction 0.16,"wrong include/exclude decision 0.37; wrong amount, known item 0.27; unreported source of income 0.14",60,2,3,62,0.967741935483871,0.8897932286898178,0.9911088150029237,0.03225806451612903,3,0.046153846153846156,65,25002.0
2-3,cat_elig > 0.50 & months_since_cert_n > 1.50 & unc_rawben_rel_max > 1.69,train_2022_23,85,45,57,16,57,0.2807017543859649,0.18079248284972227,0.40830445082723554,28,57,0.49122807017543857,0.3661606806374018,0.6174031967096765,8,57,0.14035087719298245,0.07287189227128286,0.253247078958928,2,57,0.03508771929824561,0.009675461353255768,0.11921003804189491,1,57,0.017543859649122806,0.003103584706680096,0.09290966938262721,1,57,0.017543859649122806,0.003103584706680096,0.09290966938262721,1,57,0.017543859649122806,0.003103584706680096,0.09290966938262721,15,57,0.2631578947368421,0.1664564242184771,0.3897682641526373,18,57,0.3157894736842105,0.2100412363168152,0.44480018797182935,9,57,0.15789473684210525,0.08535699749316844,0.2736342190428858,1,57,0.017543859649122806,0.003103584706680096,0.09290966938262721,5,57,0.08771929824561403,0.038051110766638294,0.18945112454604246,2,57,0.03508771929824561,0.009675461353255768,0.11921003804189491,1,57,0.017543859649122806,0.003103584706680096,0.09290966938262721,0,57,0.0,0.0,0.06314100878346394,0,57,0.0,0.0,0.06314100878346394,6,57,0.10526315789473684,0.04914398953912691,0.21123049107939723,26,57,0.45614035087719296,0.3337239950481139,0.5840953916872776,5,57,0.08771929824561403,0.038051110766638294,0.18945112454604246,26,57,0.45614035087719296,0.3337239950481139,0.5840953916872776,31,57,0.543859649122807,0.41590460831272247,0.6662760049518861,22,57,0.38596491228070173,0.2706253699552471,0.5157050355567709,0,57,0.0,0.0,0.06314100878346394,0,57,0.0,0.0,0.06314100878346394,4,57,0.07017543859649122,0.02762597299465902,0.1670040170121784,25,57,0.43859649122807015,0.31772495285894004,0.567222188570608,311 0.26; 331 0.23; 363 0.14; 333 0.09; 346 0.05,5,38 0.26; 37 0.19; 35 0.16; 99 0.11; 52 0.07,5,unearned income 0.49; earned income 0.28,"wrong include/exclude decision 0.32; wrong amount, known item 0.26; unreported source of income 0.16; other 0.11",43,2,2,45,0.9555555555555556,0.8517222081611939,0.9877261309595557,0.044444444444444446,2,0.0425531914893617,47,14398.0
2-3,cat_elig > 0.50 & months_since_cert_n > 1.50 & unc_rawben_rel_max > 1.69,test_2024,39,17,29,3,29,0.10344827586206896,0.035814240381301043,0.26385447247069155,16,29,0.5517241379310345,0.37547667068067625,0.715870888512542,6,29,0.20689655172413793,0.09845936515585207,0.3839044660825772,0,29,0.0,0.0,0.11697359446555587,1,29,0.034482758620689655,0.006113056614032261,0.1717589106470025,2,29,0.06896551724137931,0.019120864097994433,0.21964947595851925,1,29,0.034482758620689655,0.006113056614032261,0.1717589106470025,8,29,0.27586206896551724,0.1469858133850274,0.4571747634443597,14,29,0.4827586206896552,0.3138581933079522,0.6556926202943085,3,29,0.10344827586206896,0.035814240381301043,0.26385447247069155,1,29,0.034482758620689655,0.006113056614032261,0.1717589106470025,0,29,0.0,0.0,0.11697359446555587,0,29,0.0,0.0,0.11697359446555587,0,29,0.0,0.0,0.11697359446555587,0,29,0.0,0.0,0.11697359446555587,0,29,0.0,0.0,0.11697359446555587,3,29,0.10344827586206896,0.035814240381301043,0.26385447247069155,11,29,0.3793103448275862,0.22687795730867344,0.5599777379071503,3,29,0.10344827586206896,0.035814240381301043,0.26385447247069155,15,29,0.5172413793103449,0.3443073797056916,0.6861418066920478,18,29,0.6206896551724138,0.4400222620928496,0.7731220426913266,10,29,0.3448275862068966,0.19940508749190483,0.5265522349284402,0,29,0.0,0.0,0.11697359446555587,1,29,0.034482758620689655,0.006113056614032261,0.1717589106470025,0,29,0.0,0.0,0.11697359446555587,11,29,0.3793103448275862,0.22687795730867344,0.5599777379071503,331 0.28; 363 0.21; 346 0.10; 311 0.10; 334 0.07,5,37 0.34; 38 0.14; 99 0.10; 57 0.10; 35 0.10,5,unearned income 0.55; shelter deduction 0.21,"wrong include/exclude decision 0.48; wrong amount, known item 0.28",17,0,1,17,1.0,0.8156763396284354,1.0,0.0,1,0.05555555555555555,18,10604.0
2-3,medical_deductions >   3.500 & rawben_rel_max <=   0.998 & shelter_expenses_by_hh_size > 953.000,all_2022_24,74,37,53,4,53,0.07547169811320754,0.029739073598901808,0.17858722263484245,13,53,0.24528301886792453,0.14932762711854577,0.3756681506217008,21,53,0.39622641509433965,0.27589211919038936,0.5305876421111926,0,53,0.0,0.0,0.06758430445307662,13,53,0.24528301886792453,0.14932762711854577,0.3756681506217008,0,53,0.0,0.0,0.06758430445307662,2,53,0.03773584905660377,0.010410068833819265,0.12754523150959116,16,53,0.3018867924528302,0.19518140287607166,0.43537086869967556,27,53,0.5094339622641509,0.3788330425329779,0.6387597064396054,4,53,0.07547169811320754,0.029739073598901808,0.17858722263484245,1,53,0.018867924528301886,0.003338367386749398,0.09943143501149412,2,53,0.03773584905660377,0.010410068833819265,0.12754523150959116,1,53,0.018867924528301886,0.003338367386749398,0.09943143501149412,0,53,0.0,0.0,0.06758430445307662,1,53,0.018867924528301886,0.003338367386749398,0.09943143501149412,0,53,0.0,0.0,0.06758430445307662,1,53,0.018867924528301886,0.003338367386749398,0.09943143501149412,39,53,0.7358490566037735,0.6041907894277545,0.8356279348868316,5,53,0.09433962264150944,0.04097203744189684,0.20253975673701435,9,53,0.16981132075471697,0.09199841772223752,0.29225536823734133,32,53,0.6037735849056604,0.4694123578888073,0.7241078808096105,21,53,0.39622641509433965,0.27589211919038936,0.5305876421111926,0,53,0.0,0.0,0.06758430445307662,0,53,0.0,0.0,0.06758430445307662,0,53,0.0,0.0,0.06758430445307662,18,53,0.33962264150943394,0.22686862857429074,0.4740546388917903,363 0.40; 365 0.25; 331 0.15,3,53 0.36; 56 0.15; 38 0.13; 52 0.09; 35 0.08,5,shelter deduction 0.40; medical deduction 0.25; unearned income 0.25,"wrong include/exclude decision 0.51; wrong amount, known item 0.30",32,5,26,37,0.8648648648648649,0.7202227252929444,0.9408679273749238,0.13513513513513514,26,0.4126984126984127,63,8040.0
2-3,medical_deductions >   3.500 & rawben_rel_max <=   0.998 & shelter_expenses_by_hh_size > 953.000,train_2022_23,39,20,32,2,32,0.0625,0.017310203195157234,0.2014746724800358,7,32,0.21875,0.11023696931531854,0.3875533079044484,12,32,0.375,0.2293366846595921,0.5474589941047487,0,32,0.0,0.0,0.1071827150573635,9,32,0.28125,0.15564406845647866,0.4537483693811179,0,32,0.0,0.0,0.1071827150573635,2,32,0.0625,0.017310203195157234,0.2014746724800358,5,32,0.15625,0.06864319106627216,0.31754492553566527,21,32,0.65625,0.4831077350878594,0.7958976664567146,2,32,0.0625,0.017310203195157234,0.2014746724800358,1,32,0.03125,0.005537717362550945,0.15744607800372734,1,32,0.03125,0.005537717362550945,0.15744607800372734,0,32,0.0,0.0,0.1071827150573635,0,32,0.0,0.0,0.1071827150573635,1,32,0.03125,0.005537717362550945,0.15744607800372734,0,32,0.0,0.0,0.1071827150573635,1,32,0.03125,0.005537717362550945,0.15744607800372734,21,32,0.65625,0.4831077350878594,0.7958976664567146,5,32,0.15625,0.06864319106627216,0.31754492553566527,6,32,0.1875,0.08889423936162782,0.3530949575492244,19,32,0.59375,0.4225972657298823,0.744805975196862,13,32,0.40625,0.255194024803138,0.5774027342701177,0,32,0.0,0.0,0.1071827150573635,0,32,0.0,0.0,0.1071827150573635,0,32,0.0,0.0,0.1071827150573635,10,32,0.3125,0.17952352116618736,0.4856699969803239,363 0.38; 365 0.28; 331 0.09,3,53 0.47; 52 0.16; 38 0.12,3,shelter deduction 0.38; medical deduction 0.28; unearned income 0.22,"wrong include/exclude decision 0.66; wrong amount, known item 0.16",17,3,16,20,0.85,0.6395767041130426,0.9476322080405041,0.15,16,0.4444444444444444,36,4802.0
2-3,medical_deductions >   3.500 & rawben_rel_max <=   0.998 & shelter_expenses_by_hh_size > 953.000,test_2024,35,17,21,2,21,0.09523809523809523,0.026518208796947246,0.2891458386074067,6,21,0.2857142857142857,0.13813675745628204,0.49956773822837586,9,21,0.42857142857142855,0.24469699486521043,0.6345378370296754,0,21,0.0,0.0,0.15464382326420195,4,21,0.19047619047619047,0.07667440615177301,0.40000986539273287,0,21,0.0,0.0,0.15464382326420195,0,21,0.0,0.0,0.15464382326420195,11,21,0.5238095238095238,0.32369217900266756,0.7165628770323705,6,21,0.2857142857142857,0.13813675745628204,0.49956773822837586,2,21,0.09523809523809523,0.026518208796947246,0.2891458386074067,0,21,0.0,0.0,0.15464382326420195,1,21,0.047619047619047616,0.008455769471923294,0.22669816586235464,1,21,0.047619047619047616,0.008455769471923294,0.22669816586235464,0,21,0.0,0.0,0.15464382326420195,0,21,0.0,0.0,0.15464382326420195,0,21,0.0,0.0,0.15464382326420195,0,21,0.0,0.0,0.15464382326420195,18,21,0.8571428571428571,0.6536350585077049,0.950190782017865,0,21,0.0,0.0,0.15464382326420195,3,21,0.14285714285714285,0.04980921798213492,0.346364941492295,13,21,0.6190476190476191,0.40878295815501514,0.7924923220201749,8,21,0.38095238095238093,0.20750767797982506,0.5912170418449848,0,21,0.0,0.0,0.15464382326420195,0,21,0.0,0.0,0.15464382326420195,0,21,0.0,0.0,0.15464382326420195,8,21,0.38095238095238093,0.20750767797982506,0.5912170418449848,363 0.43; 331 0.24; 365 0.19,3,56 0.38; 53 0.19; 38 0.14; 35 0.10,4,shelter deduction 0.43; unearned income 0.29; medical deduction 0.19,"wrong amount, known item 0.52; wrong include/exclude decision 0.29",15,2,10,17,0.8823529411764706,0.6566315750229009,0.967120919987079,0.11764705882352941,10,0.37037037037037035,27,3238.0
2-3,HH_size_n <=   2.5 & medical_deductions > 179.0 & total_deductions_by_hh_size > 441.0,all_2022_24,164,67,114,4,114,0.03508771929824561,0.013727719127262943,0.08675971485190909,25,114,0.21929824561403508,0.15318272840957875,0.3037153449363364,29,114,0.2543859649122807,0.18335230338938902,0.34143351078828676,1,114,0.008771929824561403,0.0015501030386822767,0.04802152531666931,47,114,0.41228070175438597,0.3262175671830652,0.5040630807375334,1,114,0.008771929824561403,0.0015501030386822767,0.04802152531666931,7,114,0.06140350877192982,0.030058899274456374,0.12134434032853611,21,114,0.18421052631578946,0.12375939628073249,0.265250936233422,63,114,0.5526315789473685,0.46112402812823594,0.640707583119405,8,114,0.07017543859649122,0.03598491232451978,0.13239026248641286,4,114,0.03508771929824561,0.013727719127262943,0.08675971485190909,3,114,0.02631578947368421,0.008989398451945727,0.07452610031928616,3,114,0.02631578947368421,0.008989398451945727,0.07452610031928616,2,114,0.017543859649122806,0.004824317682655357,0.061719245880636375,2,114,0.017543859649122806,0.004824317682655357,0.061719245880636375,0,114,0.0,0.0,0.03259969314741144,8,114,0.07017543859649122,0.03598491232451978,0.13239026248641286,63,114,0.5526315789473685,0.46112402812823594,0.640707583119405,19,114,0.16666666666666666,0.1093729979154317,0.24569346418284255,32,114,0.2807017543859649,0.20640600067746484,0.3692956191240314,70,114,0.6140350877192983,0.5223413507600964,0.6982938069431256,42,114,0.3684210526315789,0.2855100076999257,0.45991096418097205,1,114,0.008771929824561403,0.0015501030386822767,0.04802152531666931,0,114,0.0,0.0,0.03259969314741144,1,114,0.008771929824561403,0.0015501030386822767,0.04802152531666931,58,114,0.5087719298245614,0.4182224831780243,0.5987494520299159,365 0.41; 363 0.25; 331 0.15,3,53 0.40; 38 0.09; 52 0.09; 56 0.09; 99 0.07; 35 0.07,6,medical deduction 0.41; shelter deduction 0.25; unearned income 0.22,"wrong include/exclude decision 0.55; wrong amount, known item 0.18; other 0.07",66,1,54,67,0.9850746268656716,0.9201794802686531,0.997360496242323,0.014925373134328358,54,0.4462809917355372,121,17554.0
2-3,HH_size_n <=   2.5 & medical_deductions > 179.0 & total_deductions_by_hh_size > 441.0,train_2022_23,109,46,84,3,84,0.03571428571428571,0.01221944777306612,0.09981858432106694,16,84,0.19047619047619047,0.12078595196346183,0.2872394027659602,22,84,0.2619047619047619,0.1797835031577335,0.36485138509566806,1,84,0.011904761904761904,0.002104528901587875,0.06439699201788535,35,84,0.4166666666666667,0.3171466976499569,0.5234755132387336,1,84,0.011904761904761904,0.002104528901587875,0.06439699201788535,6,84,0.07142857142857142,0.033145358330644366,0.14719744052547845,8,84,0.09523809523809523,0.049051123189484375,0.17682818684129828,52,84,0.6190476190476191,0.5121524397704628,0.7155301161028366,5,84,0.05952380952380952,0.025690182263433017,0.13188436100535988,3,84,0.03571428571428571,0.01221944777306612,0.09981858432106694,2,84,0.023809523809523808,0.006553765293517748,0.0827160112132854,3,84,0.03571428571428571,0.01221944777306612,0.09981858432106694,1,84,0.011904761904761904,0.002104528901587875,0.06439699201788535,2,84,0.023809523809523808,0.006553765293517748,0.0827160112132854,0,84,0.0,0.0,0.043733265332143306,8,84,0.09523809523809523,0.049051123189484375,0.17682818684129828,46,84,0.5476190476190477,0.44142846686988807,0.6496445554794317,17,84,0.20238095238095238,0.1303734963013758,0.30042011401537616,21,84,0.25,0.16972188801500593,0.35214474465106566,51,84,0.6071428571428571,0.5002161009140969,0.7046981993718724,32,84,0.38095238095238093,0.28446988389716343,0.48784756022953724,0,84,0.0,0.0,0.043733265332143306,0,84,0.0,0.0,0.043733265332143306,1,84,0.011904761904761904,0.002104528901587875,0.06439699201788535,40,84,0.47619047619047616,0.3727826732247559,0.5816808156005842,365 0.42; 363 0.26; 331 0.12,3,53 0.46; 52 0.12; 99 0.10; 38 0.10,4,medical deduction 0.42; shelter deduction 0.26; unearned income 0.19,"wrong include/exclude decision 0.62; other 0.10; wrong amount, known item 0.10",45,1,39,46,0.9782608695652174,0.8866444550566697,0.9961522448887572,0.021739130434782608,39,0.4588235294117647,85,11932.0
2-3,HH_size_n <=   2.5 & medical_deductions > 179.0 & total_deductions_by_hh_size > 441.0,test_2024,55,21,30,1,30,0.03333333333333333,0.0059084379948573795,0.16670751396958874,9,30,0.3,0.16664562643958933,0.4787612101166018,7,30,0.23333333333333334,0.11792239210501232,0.40928672330324267,0,30,0.0,0.0,0.113517091390478,12,30,0.4,0.24590394326083403,0.5767994750172616,0,30,0.0,0.0,0.113517091390478,1,30,0.03333333333333333,0.0059084379948573795,0.16670751396958874,13,30,0.43333333333333335,0.2737723743061511,0.6080299045459127,11,30,0.36666666666666664,0.21873702204017678,0.5448675356639506,3,30,0.1,0.03459925995971615,0.25621441315266624,1,30,0.03333333333333333,0.0059084379948573795,0.16670751396958874,1,30,0.03333333333333333,0.0059084379948573795,0.16670751396958874,0,30,0.0,0.0,0.113517091390478,1,30,0.03333333333333333,0.0059084379948573795,0.16670751396958874,0,30,0.0,0.0,0.113517091390478,0,30,0.0,0.0,0.113517091390478,0,30,0.0,0.0,0.113517091390478,17,30,0.5666666666666667,0.3919700954540873,0.7262276256938489,2,30,0.06666666666666667,0.01847663532769335,0.21323817721072091,11,30,0.36666666666666664,0.21873702204017678,0.5448675356639506,19,30,0.6333333333333333,0.45513246433604937,0.7812629779598231,10,30,0.3333333333333333,0.19230295526846194,0.5122027418616973,1,30,0.03333333333333333,0.0059084379948573795,0.16670751396958874,0,30,0.0,0.0,0.113517091390478,0,30,0.0,0.0,0.113517091390478,18,30,0.6,0.42320052498273836,0.7540960567391659,365 0.40; 331 0.23; 363 0.23,3,56 0.33; 53 0.23; 37 0.13; 35 0.10,4,medical deduction 0.40; unearned income 0.30; shelter deduction 0.23,"wrong amount, known item 0.43; wrong include/exclude decision 0.37",21,0,15,21,1.0,0.8453561767357979,0.9999999999999999,0.0,15,0.4166666666666667,36,5622.0
2-3,HH_size_n >   2.5 & total_deductions_by_hh_size > 516.0,all_2022_24,204,74,134,35,134,0.26119402985074625,0.19421284613583467,0.3414861010615281,27,134,0.20149253731343283,0.1423340384534194,0.27728964554328406,22,134,0.16417910447761194,0.11099240521268962,0.23608423928360178,3,134,0.022388059701492536,0.007642600401146293,0.06375529399357924,3,134,0.022388059701492536,0.007642600401146293,0.06375529399357924,34,134,0.2537313432835821,0.18762712268306203,0.33356241661421837,10,134,0.07462686567164178,0.04103788178484625,0.13192586791045618,35,134,0.26119402985074625,0.19421284613583467,0.3414861010615281,45,134,0.3358208955223881,0.26142099060223173,0.4193720355959553,19,134,0.1417910447761194,0.09268933972705254,0.21085908106899162,5,134,0.03731343283582089,0.016041274761645144,0.08437543543324523,7,134,0.05223880597014925,0.025531676904570998,0.1039038490904842,7,134,0.05223880597014925,0.025531676904570998,0.1039038490904842,2,134,0.014925373134328358,0.004102578410135577,0.052785908084507546,0,134,0.0,0.0,0.0278696706944783,0,134,0.0,0.0,0.0278696706944783,14,134,0.1044776119402985,0.0632603659585081,0.167741015337124,83,134,0.6194029850746269,0.534950966709163,0.6971995596921556,20,134,0.14925373134328357,0.09874323684475009,0.21931459185137644,31,134,0.23134328358208955,0.16803556563317654,0.3096257499638566,65,134,0.48507462686567165,0.40205569373979705,0.5689254904600383,63,134,0.4701492537313433,0.3876548616084964,0.5543075067911741,1,134,0.007462686567164179,0.0013185304171489005,0.04106054817741181,1,134,0.007462686567164179,0.0013185304171489005,0.04106054817741181,4,134,0.029850746268656716,0.011668145886576366,0.07423915640823159,40,134,0.29850746268656714,0.22752361778533114,0.3807223689124437,311 0.24; 323 0.22; 363 0.16; 350 0.09; 150 0.04,5,53 0.22; 35 0.14; 99 0.10; 38 0.10; 44 0.08; 52 0.07; 56 0.05,7,earned income 0.26; dep care or child support deduction 0.25; unearned income 0.20; shelter deduction 0.16,"wrong include/exclude decision 0.34; wrong amount, known item 0.26; unreported source of income 0.14; other 0.10",60,14,40,74,0.8108108108108109,0.707122301658184,0.8838213582871408,0.1891891891891892,40,0.3508771929824561,114,34061.0
2-3,HH_size_n >   2.5 & total_deductions_by_hh_size > 516.0,train_2022_23,124,51,93,22,93,0.23655913978494625,0.16172548448287755,0.3322936147472054,21,93,0.22580645161290322,0.15270042020646624,0.3206663973595384,15,93,0.16129032258064516,0.10024990095644243,0.24920322662509276,2,93,0.021505376344086023,0.005917375771978241,0.07505609017653975,3,93,0.03225806451612903,0.011030412935116203,0.09059533467748004,23,93,0.24731182795698925,0.17082099814063503,0.3438503827535262,7,93,0.07526881720430108,0.036936214085016475,0.14729866018389276,18,93,0.1935483870967742,0.12608338664374868,0.28532658593002125,34,93,0.3655913978494624,0.27485550935138847,0.46699096984763344,14,93,0.15053763440860216,0.09184093232479834,0.2369599135926586,2,93,0.021505376344086023,0.005917375771978241,0.07505609017653975,5,93,0.053763440860215055,0.023180332422992958,0.11974997851775977,6,93,0.06451612903225806,0.029901024142029796,0.13368156846280116,1,93,0.010752688172043012,0.001900593097955601,0.05842059118648415,0,93,0.0,0.0,0.0396689026203615,0,93,0.0,0.0,0.0396689026203615,13,93,0.13978494623655913,0.08354643741721157,0.22460212683616715,57,93,0.6129032258064516,0.5113079516226957,0.7055410058501259,11,93,0.11827956989247312,0.06734368519538154,0.19950031572984073,25,93,0.26881720430107525,0.1892118216186081,0.36676412260370955,44,93,0.4731182795698925,0.3747376923069333,0.5736316035328711,46,93,0.4946236559139785,0.39525719013807575,0.5944166690298852,0,93,0.0,0.0,0.0396689026203615,0,93,0.0,0.0,0.0396689026203615,3,93,0.03225806451612903,0.011030412935116203,0.09059533467748004,25,93,0.26881720430107525,0.1892118216186081,0.36676412260370955,323 0.22; 311 0.20; 363 0.16; 350 0.11; 331 0.04; 366 0.03,6,53 0.28; 35 0.15; 99 0.14; 38 0.10; 44 0.09,5,dep care or child support deduction 0.25; earned income 0.24; unearned income 0.23; shelter deduction 0.16,"wrong include/exclude decision 0.37; wrong amount, known item 0.19; unreported source of income 0.15; other 0.14",42,9,27,51,0.8235294117647058,0.6974559482722196,0.9042770427419009,0.17647058823529413,27,0.34615384615384615,78,21480.0
2-3,HH_size_n >   2.5 & total_deductions_by_hh_size > 516.0,test_2024,80,23,41,13,41,0.3170731707317073,0.19564433205311735,0.46984485655745856,6,41,0.14634146341463414,0.0688415452945541,0.2844375526858926,7,41,0.17073170731707318,0.08525143995273898,0.31262909954629764,1,41,0.024390243902439025,0.00431842027071648,0.12595347011678087,0,41,0.0,0.0,0.08567044886890744,11,41,0.2682926829268293,0.15694805281336685,0.41933825276002934,3,41,0.07317073170731707,0.025197373252564145,0.19427740017211292,17,41,0.4146341463414634,0.2775633082533015,0.5663316464316339,11,41,0.2682926829268293,0.15694805281336685,0.41933825276002934,5,41,0.12195121951219512,0.053232579973408245,0.25544507648844866,3,41,0.07317073170731707,0.025197373252564145,0.19427740017211292,2,41,0.04878048780487805,0.013480662282573552,0.16139266962351367,1,41,0.024390243902439025,0.00431842027071648,0.12595347011678087,1,41,0.024390243902439025,0.00431842027071648,0.12595347011678087,0,41,0.0,0.0,0.08567044886890744,0,41,0.0,0.0,0.08567044886890744,1,41,0.024390243902439025,0.00431842027071648,0.12595347011678087,26,41,0.6341463414634146,0.4812042325216125,0.7641036958306319,9,41,0.21951219512195122,0.12003040155386346,0.36705302098235293,6,41,0.14634146341463414,0.0688415452945541,0.2844375526858926,21,41,0.5121951219512195,0.36484259315865186,0.657458127600643,17,41,0.4146341463414634,0.2775633082533015,0.5663316464316339,1,41,0.024390243902439025,0.00431842027071648,0.12595347011678087,1,41,0.024390243902439025,0.00431842027071648,0.12595347011678087,1,41,0.024390243902439025,0.00431842027071648,0.12595347011678087,15,41,0.36585365853658536,0.23589630416936816,0.5187957674783876,311 0.32; 323 0.24; 363 0.17; 350 0.05,4,56 0.17; 35 0.12; 52 0.12; 38 0.10; 44 0.07; 53 0.07; 37 0.05; 7 0.05,8,earned income 0.32; dep care or child support deduction 0.27; shelter deduction 0.17,"wrong amount, known item 0.41; wrong include/exclude decision 0.27; unreported source of income 0.12",18,5,13,23,0.782608695652174,0.5809611981726508,0.9033616439828094,0.21739130434782608,13,0.3611111111111111,36,12581.0
4+,cat_elig >   0.5 & HH_size_n >   5.5 & total_deductions_by_hh_size > 180.0 & utilities > 821.0,all_2022_24,71,30,38,17,38,0.4473684210526316,0.3014616531155089,0.6029397082091058,9,38,0.23684210526315788,0.12993561496969508,0.39207119165337856,6,38,0.15789473684210525,0.07443762223722684,0.3041712263727689,1,38,0.02631578947368421,0.004660467553530057,0.13495178436800254,0,38,0.0,0.0,0.09181293258383999,3,38,0.07894736842105263,0.02721410139426493,0.2079967892026529,2,38,0.05263157894736842,0.014553902448536798,0.17285766881068843,12,38,0.3157894736842105,0.1908442002366664,0.47456056439948513,13,38,0.34210526315789475,0.21212220026458956,0.5010818837092545,4,38,0.10526315789473684,0.041701897932665793,0.24130831200194466,0,38,0.0,0.0,0.09181293258383999,3,38,0.07894736842105263,0.02721410139426493,0.2079967892026529,5,38,0.13157894736842105,0.05753782875731436,0.2732717005149887,0,38,0.0,0.0,0.09181293258383999,0,38,0.0,0.0,0.09181293258383999,0,38,0.0,0.0,0.09181293258383999,1,38,0.02631578947368421,0.004660467553530057,0.13495178436800254,21,38,0.5526315789473685,0.3970602917908942,0.6985383468844911,4,38,0.10526315789473684,0.041701897932665793,0.24130831200194466,13,38,0.34210526315789475,0.21212220026458956,0.5010818837092545,18,38,0.47368421052631576,0.3247877880894159,0.6274128925728913,14,38,0.3684210526315789,0.23384013155413794,0.5271632717573987,0,38,0.0,0.0,0.09181293258383999,1,38,0.02631578947368421,0.004660467553530057,0.13495178436800254,5,38,0.13157894736842105,0.05753782875731436,0.2732717005149887,12,38,0.3157894736842105,0.1908442002366664,0.47456056439948513,311 0.45; 363 0.16; 350 0.13; 333 0.08,4,38 0.24; 53 0.13; 35 0.11; 37 0.11; 52 0.08; 44 0.05; 43 0.05,7,earned income 0.45; unearned income 0.24; shelter deduction 0.16,"wrong include/exclude decision 0.34; wrong amount, known item 0.32; method or computation 0.13",24,6,6,30,0.8,0.6269395261897256,0.9049502189759876,0.2,6,0.16666666666666666,36,7367.0
4+,cat_elig >   0.5 & HH_size_n >   5.5 & total_deductions_by_hh_size > 180.0 & utilities > 821.0,train_2022_23,40,19,25,10,25,0.4,0.23403057664190918,0.5926087221487266,4,25,0.16,0.06403347608577989,0.34654013980238163,5,25,0.2,0.08860454100652487,0.3913133553653824,1,25,0.04,0.007096050386699165,0.19544472405022525,0,25,0.0,0.0,0.13319649395317873,3,25,0.12,0.04166741357068093,0.2995619218337349,2,25,0.08,0.02221993369109193,0.24966512122957818,7,25,0.28,0.1428367383738157,0.47576971896558296,11,25,0.44,0.2666537494700256,0.6293298298043557,2,25,0.08,0.02221993369109193,0.24966512122957818,0,25,0.0,0.0,0.13319649395317873,2,25,0.08,0.02221993369109193,0.24966512122957818,2,25,0.08,0.02221993369109193,0.24966512122957818,0,25,0.0,0.0,0.13319649395317873,0,25,0.0,0.0,0.13319649395317873,0,25,0.0,0.0,0.13319649395317873,1,25,0.04,0.007096050386699165,0.19544472405022525,15,25,0.6,0.40739127785127344,0.7659694233580909,2,25,0.08,0.02221993369109193,0.24966512122957818,8,25,0.32,0.17204987516891143,0.5159008626542329,9,25,0.36,0.20247656431735636,0.5548184539895337,11,25,0.44,0.2666537494700256,0.6293298298043557,0,25,0.0,0.0,0.13319649395317873,0,25,0.0,0.0,0.13319649395317873,5,25,0.2,0.08860454100652487,0.3913133553653824,7,25,0.28,0.1428367383738157,0.47576971896558296,311 0.40; 363 0.20; 323 0.08; 350 0.08,4,53 0.20; 38 0.16; 52 0.12; 37 0.12; 35 0.08; 44 0.08,6,earned income 0.40; shelter deduction 0.20; unearned income 0.16,"wrong include/exclude decision 0.44; wrong amount, known item 0.28; method or computation 0.08",15,4,6,19,0.7894736842105263,0.5666528575973392,0.9149246150840843,0.21052631578947367,6,0.24,25,5245.0
4+,cat_elig >   0.5 & HH_size_n >   5.5 & total_deductions_by_hh_size > 180.0 & utilities > 821.0,test_2024,31,11,13,7,13,0.5384615384615384,0.2914343243183205,0.7679424569851186,5,13,0.38461538461538464,0.17709446581236818,0.6447751902773146,1,13,0.07692307692307693,0.013710066379696323,0.3331453392824736,0,13,0.0,0.0,0.22810184305529166,0,13,0.0,0.0,0.22810184305529166,0,13,0.0,0.0,0.22810184305529166,0,13,0.0,0.0,0.22810184305529166,5,13,0.38461538461538464,0.17709446581236818,0.6447751902773146,2,13,0.15384615384615385,0.04325726318273798,0.4223517050863101,2,13,0.15384615384615385,0.04325726318273798,0.4223517050863101,0,13,0.0,0.0,0.22810184305529166,1,13,0.07692307692307693,0.013710066379696323,0.3331453392824736,3,13,0.23076923076923078,0.08179379092465713,0.5025687399512693,0,13,0.0,0.0,0.22810184305529166,0,13,0.0,0.0,0.22810184305529166,0,13,0.0,0.0,0.22810184305529166,0,13,0.0,0.0,0.22810184305529166,6,13,0.46153846153846156,0.2320575430148814,0.7085656756816796,2,13,0.15384615384615385,0.04325726318273798,0.4223517050863101,5,13,0.38461538461538464,0.17709446581236818,0.6447751902773146,9,13,0.6923076923076923,0.4236888781333764,0.8731950283838191,3,13,0.23076923076923078,0.08179379092465713,0.5025687399512693,0,13,0.0,0.0,0.22810184305529166,1,13,0.07692307692307693,0.013710066379696323,0.3331453392824736,0,13,0.0,0.0,0.22810184305529166,5,13,0.38461538461538464,0.17709446581236818,0.6447751902773146,311 0.54; 350 0.23,2,38 0.38; 35 0.15; 98 0.15; 43 0.08,4,earned income 0.54; unearned income 0.38,"wrong amount, known item 0.38; method or computation 0.23; unreported source of income 0.15",9,2,0,11,0.8181818181818182,0.5230138624217553,0.9486333993289995,0.18181818181818182,0,0.0,11,2122.0
2-3,elderly_disabled_i >=   1.00 & shelter_expenses_by_hh_size < 680.00 & unc_rawben_rel_max >=   1.34,all_2022_24,195,71,105,11,105,0.10476190476190476,0.059510259416906686,0.17791366672897868,64,105,0.6095238095238096,0.5139226868159832,0.6973935746134703,17,105,0.1619047619047619,0.10361201777616731,0.2440638708546503,2,105,0.01904761904761905,0.005239072265250375,0.06680691015323666,8,105,0.0761904761904762,0.03911018406047029,0.14318776084294899,1,105,0.009523809523809525,0.0016831259050527937,0.051987529432612214,2,105,0.01904761904761905,0.005239072265250375,0.06680691015323666,28,105,0.26666666666666666,0.19141558416037008,0.35838890235948995,41,105,0.3904761904761905,0.3026064253865297,0.4860773131840168,16,105,0.1523809523809524,0.09602582280126758,0.233274738748728,1,105,0.009523809523809525,0.0016831259050527937,0.051987529432612214,2,105,0.01904761904761905,0.005239072265250375,0.06680691015323666,4,105,0.0380952380952381,0.014912218047781596,0.09388441853234952,2,105,0.01904761904761905,0.005239072265250375,0.06680691015323666,0,105,0.0,0.0,0.035295328256842964,0,105,0.0,0.0,0.035295328256842964,11,105,0.10476190476190476,0.059510259416906686,0.17791366672897868,61,105,0.580952380952381,0.4853552056582404,0.670835074528747,11,105,0.10476190476190476,0.059510259416906686,0.17791366672897868,33,105,0.3142857142857143,0.23337931576898624,0.40830180615498396,65,105,0.6190476190476191,0.5235152399012015,0.706176348609074,35,105,0.3333333333333333,0.2504577293800206,0.42797404670559364,0,105,0.0,0.0,0.035295328256842964,1,105,0.009523809523809525,0.0016831259050527937,0.051987529432612214,4,105,0.0380952380952381,0.014912218047781596,0.09388441853234952,45,105,0.42857142857142855,0.33808655708889324,0.5240984898049413,331 0.23; 363 0.16; 333 0.14; 311 0.10; 346 0.09; 365 0.08,6,37 0.24; 38 0.19; 35 0.15; 99 0.10; 53 0.10,5,unearned income 0.61; shelter deduction 0.16,"wrong include/exclude decision 0.39; wrong amount, known item 0.27; unreported source of income 0.15",70,1,6,71,0.9859154929577465,0.9244376915206172,0.997509460865222,0.014084507042253521,6,0.07792207792207792,77,32100.0
2-3,elderly_disabled_i >=   1.00 & shelter_expenses_by_hh_size < 680.00 & unc_rawben_rel_max >=   1.34,train_2022_23,130,52,72,8,72,0.1111111111111111,0.05738751060073767,0.20423144258590392,46,72,0.6388888888888888,0.5235226614759323,0.740184855243124,10,72,0.1388888888888889,0.07722647811471899,0.23713397841573391,2,72,0.027777777777777776,0.007650861466140468,0.09574358168906721,4,72,0.05555555555555555,0.02181386292692504,0.13432208357209396,0,72,0.0,0.0,0.05065293981139638,2,72,0.027777777777777776,0.007650861466140468,0.09574358168906721,17,72,0.2361111111111111,0.15296584625945536,0.34598987197433717,29,72,0.4027777777777778,0.2972093520095331,0.5181953862871275,12,72,0.16666666666666666,0.09799275085321624,0.26910920902104796,1,72,0.013888888888888888,0.002455888640432169,0.07456780284286987,2,72,0.027777777777777776,0.007650861466140468,0.09574358168906721,3,72,0.041666666666666664,0.01427054877259009,0.11549464605452325,1,72,0.013888888888888888,0.002455888640432169,0.07456780284286987,0,72,0.0,0.0,0.05065293981139638,0,72,0.0,0.0,0.05065293981139638,7,72,0.09722222222222222,0.04789571126116793,0.18735249025356804,41,72,0.5694444444444444,0.4544309920240597,0.6774227663354686,11,72,0.1527777777777778,0.08750619034775439,0.25322501785460416,20,72,0.2777777777777778,0.18760146005322942,0.3904665131962801,45,72,0.625,0.5095268590406966,0.7278099060064543,24,72,0.3333333333333333,0.2353448606571184,0.4482061192800137,0,72,0.0,0.0,0.05065293981139638,0,72,0.0,0.0,0.05065293981139638,3,72,0.041666666666666664,0.01427054877259009,0.11549464605452325,31,72,0.4305555555555556,0.3225772336645315,0.5455690079759403,331 0.26; 333 0.15; 363 0.14; 311 0.11; 342 0.07; 350 0.06,6,37 0.26; 38 0.22; 35 0.17; 53 0.11,4,unearned income 0.64; shelter deduction 0.14,"wrong include/exclude decision 0.40; wrong amount, known item 0.24; unreported source of income 0.17",51,1,4,52,0.9807692307692307,0.8987925373197556,0.9965972795909344,0.019230769230769232,4,0.07142857142857142,56,19066.0
2-3,elderly_disabled_i >=   1.00 & shelter_expenses_by_hh_size < 680.00 & unc_rawben_rel_max >=   1.34,test_2024,65,19,33,3,33,0.09090909090909091,0.03140337104926305,0.23572943534351032,18,33,0.5454545454545454,0.3798565794374957,0.701573108741085,7,33,0.21212121212121213,0.1067588656643618,0.3775197758712936,0,33,0.0,0.0,0.10427343003561192,4,33,0.12121212121212122,0.04816083267584231,0.2732584325026516,1,33,0.030303030303030304,0.005369272089651725,0.15319061673168066,0,33,0.0,0.0,0.10427343003561192,11,33,0.3333333333333333,0.19750029467803698,0.5039241820005003,12,33,0.36363636363636365,0.22186966167959873,0.5338412737846591,4,33,0.12121212121212122,0.04816083267584231,0.2732584325026516,0,33,0.0,0.0,0.10427343003561192,0,33,0.0,0.0,0.10427343003561192,1,33,0.030303030303030304,0.005369272089651725,0.15319061673168066,1,33,0.030303030303030304,0.005369272089651725,0.15319061673168066,0,33,0.0,0.0,0.10427343003561192,0,33,0.0,0.0,0.10427343003561192,4,33,0.12121212121212122,0.04816083267584231,0.2732584325026516,20,33,0.6060606060606061,0.4368314280651038,0.7531711776849179,0,33,0.0,0.0,0.10427343003561192,13,33,0.3939393939393939,0.24682882231508207,0.5631685719348962,20,33,0.6060606060606061,0.4368314280651038,0.7531711776849179,11,33,0.3333333333333333,0.19750029467803698,0.5039241820005003,0,33,0.0,0.0,0.10427343003561192,1,33,0.030303030303030304,0.005369272089651725,0.15319061673168066,1,33,0.030303030303030304,0.005369272089651725,0.15319061673168066,14,33,0.42424242424242425,0.272353589950299,0.5919302630853998,363 0.21; 331 0.15; 346 0.15; 365 0.12; 333 0.12,5,37 0.18; 99 0.12; 38 0.12; 35 0.12; 56 0.09; 53 0.09; 57 0.06,7,unearned income 0.55; shelter deduction 0.21,"wrong include/exclude decision 0.36; wrong amount, known item 0.33; other 0.12",19,0,2,19,1.0,0.8318156346315496,1.0,0.0,2,0.09523809523809523,21,13034.0
4+,months_since_cert_n >   5.5 & total_deductions_by_hh_size > 215.0 & total_deductions_by_hh_size <= 251.0,all_2022_24,316,115,186,83,186,0.44623655913978494,0.3766021883667029,0.5180468242838437,27,186,0.14516129032258066,0.10171950180324033,0.20296398169036703,30,186,0.16129032258064516,0.11537703500654628,0.22091174469189712,12,186,0.06451612903225806,0.03728732537679359,0.10936967709263358,1,186,0.005376344086021506,0.0009496635866061438,0.029821252798422224,9,186,0.04838709677419355,0.025662221990541502,0.08938948427404961,24,186,0.12903225806451613,0.08826370499966515,0.18481448228910616,56,186,0.3010752688172043,0.23972173360351795,0.37047961320350437,38,186,0.20430107526881722,0.15261865329815288,0.2679509162798533,22,186,0.11827956989247312,0.07942019606742386,0.17258779375145678,12,186,0.06451612903225806,0.03728732537679359,0.10936967709263358,14,186,0.07526881720430108,0.04536226942769034,0.1223649305116275,22,186,0.11827956989247312,0.07942019606742386,0.17258779375145678,2,186,0.010752688172043012,0.0029536830046733957,0.038352332115300314,0,186,0.0,0.0,0.02023581765008302,0,186,0.0,0.0,0.02023581765008302,20,186,0.10752688172043011,0.07069163824258172,0.1602461541064082,91,186,0.489247311827957,0.41835469042077966,0.5605751121093298,12,186,0.06451612903225806,0.03728732537679359,0.10936967709263358,83,186,0.44623655913978494,0.3766021883667029,0.5180468242838437,101,186,0.543010752688172,0.47127236834622743,0.6130084215333353,77,186,0.41397849462365593,0.345631796589216,0.48580662365165866,0,186,0.0,0.0,0.02023581765008302,1,186,0.005376344086021506,0.0009496635866061438,0.029821252798422224,7,186,0.03763440860215054,0.018347373622032766,0.07563413517266768,73,186,0.3924731182795699,0.3251528128107694,0.46414521249032376,311 0.37; 363 0.16; 312 0.07; 364 0.06; 150 0.06; 350 0.05,6,38 0.19; 35 0.12; 99 0.11; 53 0.10; 52 0.06; 44 0.06; 39 0.04; 54 0.03; 41 0.02; 98 0.02,10,earned income 0.45; shelter deduction 0.16; unearned income 0.15,"wrong amount, known item 0.30; wrong include/exclude decision 0.20; method or computation 0.12; unreported source of income 0.12; other 0.11",88,27,34,115,0.7652173913043478,0.6799560029579482,0.8333322732012419,0.23478260869565218,34,0.22818791946308725,149,47619.0
4+,months_since_cert_n >   5.5 & total_deductions_by_hh_size > 215.0 & total_deductions_by_hh_size <= 251.0,train_2022_23,198,75,124,54,124,0.43548387096774194,0.35145103373797243,0.5233940870990632,19,124,0.1532258064516129,0.1003417413599266,0.226950783139141,23,124,0.18548387096774194,0.12689662335434448,0.2629733407262052,7,124,0.056451612903225805,0.02761091938621925,0.11194928636840208,1,124,0.008064516129032258,0.0014249697801255144,0.044269076602272694,7,124,0.056451612903225805,0.02761091938621925,0.11194928636840208,13,124,0.10483870967741936,0.06229725933736693,0.17112910578947751,35,124,0.28225806451612906,0.2105034323170618,0.3670988505079341,24,124,0.1935483870967742,0.13365449027053075,0.27185983370538946,12,124,0.0967741935483871,0.056227651260841546,0.1615543539706324,6,124,0.04838709677419355,0.022362105662260094,0.1015537401969907,11,124,0.08870967741935484,0.05025570175545942,0.151881943580644,18,124,0.14516129032258066,0.09383581399995203,0.21781235060374507,1,124,0.008064516129032258,0.0014249697801255144,0.044269076602272694,0,124,0.0,0.0,0.030049686487027695,0,124,0.0,0.0,0.030049686487027695,17,124,0.13709677419354838,0.08738971501006193,0.20861408969826462,65,124,0.5241935483870968,0.4368907854611739,0.6100422942249377,12,124,0.0967741935483871,0.056227651260841546,0.1615543539706324,47,124,0.3790322580645161,0.2984894399920374,0.4668451615774047,72,124,0.5806451612903226,0.4926480774593792,0.663795521494326,45,124,0.3629032258064516,0.2835687976389448,0.4504770841397563,0,124,0.0,0.0,0.030049686487027695,0,124,0.0,0.0,0.030049686487027695,7,124,0.056451612903225805,0.02761091938621925,0.11194928636840208,49,124,0.3951612903225806,0.313505613184297,0.4831177081758861,311 0.35; 363 0.19; 312 0.08; 364 0.06; 350 0.06; 150 0.04,6,38 0.21; 99 0.14; 53 0.11; 35 0.10; 52 0.06; 44 0.06; 39 0.05; 98 0.03,8,earned income 0.44; shelter deduction 0.19; unearned income 0.15,"wrong amount, known item 0.28; wrong include/exclude decision 0.19; method or computation 0.15; other 0.14",56,19,22,75,0.7466666666666667,0.6378945938331628,0.8314008035205185,0.25333333333333335,22,0.2268041237113402,97,27443.0
4+,months_since_cert_n >   5.5 & total_deductions_by_hh_size > 215.0 & total_deductions_by_hh_size <= 251.0,test_2024,118,40,62,29,62,0.46774193548387094,0.34908630867622215,0.5901618262415199,8,62,0.12903225806451613,0.06685798258498754,0.23449556896904517,7,62,0.11290322580645161,0.05577792691334926,0.21519969209955447,5,62,0.08064516129032258,0.034937831855833754,0.17528792207481192,0,62,0.0,0.0,0.05834609122500061,2,62,0.03225806451612903,0.008891184997076397,0.11020677131018222,11,62,0.1774193548387097,0.10206333434361749,0.2904180148338023,21,62,0.3387096774193548,0.2334153463018197,0.46282532828689016,14,62,0.22580645161290322,0.13955057139297955,0.34405857540782725,10,62,0.16129032258064516,0.09003972354068436,0.2720656930956064,6,62,0.0967741935483871,0.0451112577973332,0.1954904286744415,3,62,0.04838709677419355,0.016591385000846108,0.13288250384754152,4,62,0.06451612903225806,0.025372494807644003,0.15447732658187266,1,62,0.016129032258064516,0.0028527936922403963,0.08586923007388922,0,62,0.0,0.0,0.05834609122500061,0,62,0.0,0.0,0.05834609122500061,3,62,0.04838709677419355,0.016591385000846108,0.13288250384754152,26,62,0.41935483870967744,0.30477395467281665,0.5433463826215384,0,62,0.0,0.0,0.05834609122500061,36,62,0.5806451612903226,0.45665361737846166,0.6952260453271835,29,62,0.46774193548387094,0.34908630867622215,0.5901618262415199,32,62,0.5161290322580645,0.39447247460618196,0.6359034579349471,0,62,0.0,0.0,0.05834609122500061,1,62,0.016129032258064516,0.0028527936922403963,0.08586923007388922,0,62,0.0,0.0,0.05834609122500061,24,62,0.3870967741935484,0.2758446342699068,0.5115238379421901,311 0.42; 363 0.11; 150 0.10; 364 0.08; 350 0.05,5,35 0.16; 38 0.16; 53 0.08; 52 0.06; 44 0.06; 99 0.05; 37 0.05; 54 0.05; 56 0.05; 16 0.03,10,earned income 0.47; other element 0.18; unearned income 0.13,"wrong amount, known item 0.34; wrong include/exclude decision 0.23; unreported source of income 0.16; household composition 0.10",32,8,12,40,0.8,0.6524239261814333,0.8950013502683314,0.2,12,0.23076923076923078,52,20176.0
2-3,elderly_disabled_i >    0.50 & shelter_expenses_by_hh_size <= 1150.00 & unc_rawben_rel_max >    1.39,all_2022_24,261,90,130,18,130,0.13846153846153847,0.08941124520995952,0.2082660090966238,75,130,0.5769230769230769,0.49098536167114193,0.6584450097529893,20,130,0.15384615384615385,0.101853111526678,0.22571021706473152,2,130,0.015384615384615385,0.0042291172310416104,0.054359542796931754,11,130,0.08461538461538462,0.047903387035414836,0.1451726072742766,1,130,0.007692307692307693,0.0013591392530527095,0.04228648363250753,3,130,0.023076923076923078,0.00787867765789841,0.06565301951248809,32,130,0.24615384615384617,0.18009686195009064,0.32678291235027634,53,130,0.4076923076923077,0.3270465208994155,0.49363703339162707,18,130,0.13846153846153847,0.08941124520995952,0.2082660090966238,2,130,0.015384615384615385,0.0042291172310416104,0.054359542796931754,4,130,0.03076923076923077,0.01202908970364043,0.07644564460915917,5,130,0.038461538461538464,0.016538182454457935,0.08687958900075479,3,130,0.023076923076923078,0.00787867765789841,0.06565301951248809,0,130,0.0,0.0,0.02870258574314712,0,130,0.0,0.0,0.02870258574314712,13,130,0.1,0.059374922703530474,0.16358714589098722,77,130,0.5923076923076923,0.506362966608373,0.6729534791005846,9,130,0.06923076923076923,0.036846700857790585,0.12634321916707464,44,130,0.3384615384615385,0.2627976766461052,0.42339854336321925,83,130,0.6384615384615384,0.5529939829593464,0.7159806856040896,40,130,0.3076923076923077,0.23482436019527025,0.3915997112444018,0,130,0.0,0.0,0.02870258574314712,1,130,0.007692307692307693,0.0013591392530527095,0.04228648363250753,6,130,0.046153846153846156,0.021321662363237154,0.0970391462343887,58,130,0.4461538461538462,0.3634686477864737,0.5319300922166345,331 0.24; 363 0.15; 333 0.12; 311 0.12; 365 0.08; 342 0.06,6,37 0.25; 38 0.18; 35 0.14; 99 0.10; 53 0.08; 52 0.06,6,unearned income 0.58; shelter deduction 0.15; earned income 0.14,"wrong include/exclude decision 0.41; wrong amount, known item 0.25; unreported source of income 0.14",86,4,9,90,0.9555555555555556,0.8912298532290508,0.9825830399867512,0.044444444444444446,9,0.09090909090909091,99,38979.0
2-3,elderly_disabled_i >    0.50 & shelter_expenses_by_hh_size <= 1150.00 & unc_rawben_rel_max >    1.39,train_2022_23,170,65,90,14,90,0.15555555555555556,0.09498189002638328,0.24433031266410787,52,90,0.5777777777777777,0.4746099802268749,0.6745775869075303,12,90,0.13333333333333333,0.07794605243571105,0.2187411310735215,2,90,0.022222222222222223,0.006115313794863603,0.07744677380807581,7,90,0.07777777777777778,0.03818432959772764,0.15194030595835836,0,90,0.0,0.0,0.04093706842168078,3,90,0.03333333333333333,0.011400183632439498,0.09347441356112923,20,90,0.2222222222222222,0.14871223281666784,0.3184750274175992,36,90,0.4,0.30488859176782823,0.5032988219165079,14,90,0.15555555555555556,0.09498189002638328,0.24433031266410787,2,90,0.022222222222222223,0.006115313794863603,0.07744677380807581,4,90,0.044444444444444446,0.01741696001324882,0.1087701467709492,4,90,0.044444444444444446,0.01741696001324882,0.1087701467709492,2,90,0.022222222222222223,0.006115313794863603,0.07744677380807581,0,90,0.0,0.0,0.04093706842168078,0,90,0.0,0.0,0.04093706842168078,8,90,0.08888888888888889,0.04572994532477847,0.16570719982193682,55,90,0.6111111111111112,0.5078226845453937,0.7053024113608994,8,90,0.08888888888888889,0.04572994532477847,0.16570719982193682,27,90,0.3,0.2151077805125653,0.4012670468561069,57,90,0.6333333333333333,0.530221128924694,0.7255289861628577,28,90,0.3111111111111111,0.22485715147181132,0.4128301854874903,0,90,0.0,0.0,0.04093706842168078,0,90,0.0,0.0,0.04093706842168078,5,90,0.05555555555555555,0.023960618284343184,0.12353899809048416,40,90,0.4444444444444444,0.3461548633017185,0.5472825887451348,331 0.24; 363 0.13; 311 0.13; 333 0.12; 365 0.08; 350 0.06,6,37 0.23; 38 0.21; 35 0.16; 53 0.09; 99 0.09,5,unearned income 0.58; earned income 0.16; shelter deduction 0.13,"wrong include/exclude decision 0.40; wrong amount, known item 0.22; unreported source of income 0.16",61,4,7,65,0.9384615384615385,0.852176391786862,0.9758113365634377,0.06153846153846154,7,0.09722222222222222,72,23775.0
2-3,elderly_disabled_i >    0.50 & shelter_expenses_by_hh_size <= 1150.00 & unc_rawben_rel_max >    1.39,test_2024,91,25,40,4,40,0.1,0.03957888759557486,0.23052074380473897,23,40,0.575,0.42194800436059987,0.7149083147518411,8,40,0.2,0.10499864973166874,0.34757607381856676,0,40,0.0,0.0,0.08762453925039232,4,40,0.1,0.03957888759557486,0.23052074380473897,1,40,0.025,0.0044267174077949195,0.1288165948800778,0,40,0.0,0.0,0.08762453925039232,12,40,0.3,0.18074670915695296,0.454303106543204,17,40,0.425,0.28509168524815875,0.5780519956394001,4,40,0.1,0.03957888759557486,0.23052074380473897,0,40,0.0,0.0,0.08762453925039232,0,40,0.0,0.0,0.08762453925039232,1,40,0.025,0.0044267174077949195,0.1288165948800778,1,40,0.025,0.0044267174077949195,0.1288165948800778,0,40,0.0,0.0,0.08762453925039232,0,40,0.0,0.0,0.08762453925039232,5,40,0.125,0.05459419773541284,0.26112420670238146,22,40,0.55,0.39828829888440775,0.6929492471905531,1,40,0.025,0.0044267174077949195,0.1288165948800778,17,40,0.425,0.28509168524815875,0.5780519956394001,26,40,0.65,0.4950559699353738,0.7786566682895086,12,40,0.3,0.18074670915695296,0.454303106543204,0,40,0.0,0.0,0.08762453925039232,1,40,0.025,0.0044267174077949195,0.1288165948800778,1,40,0.025,0.0044267174077949195,0.1288165948800778,18,40,0.45,0.30705075280944694,0.6017117011155924,331 0.23; 363 0.20; 333 0.12; 365 0.10; 346 0.10,5,37 0.28; 99 0.12; 35 0.10; 38 0.10; 57 0.07; 56 0.07; 33 0.05,7,unearned income 0.57; shelter deduction 0.20,"wrong include/exclude decision 0.42; wrong amount, known item 0.30; other 0.12",25,0,2,25,1.0,0.8668035060468213,1.0,0.0,2,0.07407407407407407,27,15204.0
2-3,elderly_disabled_i >=   1.00 & shelter_expenses_by_hh_size < 455.00 & unc_rawben_rel_max >=   1.25 & utilities < 447.00,all_2022_24,47,24,33,4,33,0.12121212121212122,0.04816083267584231,0.2732584325026516,21,33,0.6363636363636364,0.46615872621534094,0.7781303383204013,3,33,0.09090909090909091,0.03140337104926305,0.23572943534351032,1,33,0.030303030303030304,0.005369272089651725,0.15319061673168066,1,33,0.030303030303030304,0.005369272089651725,0.15319061673168066,1,33,0.030303030303030304,0.005369272089651725,0.15319061673168066,2,33,0.06060606060606061,0.016780530429070947,0.19606581717798194,9,33,0.2727272727272727,0.15067272656322814,0.44217883254386814,13,33,0.3939393939393939,0.24682882231508207,0.5631685719348962,7,33,0.21212121212121213,0.1067588656643618,0.3775197758712936,1,33,0.030303030303030304,0.005369272089651725,0.15319061673168066,0,33,0.0,0.0,0.10427343003561192,1,33,0.030303030303030304,0.005369272089651725,0.15319061673168066,0,33,0.0,0.0,0.10427343003561192,0,33,0.0,0.0,0.10427343003561192,0,33,0.0,0.0,0.10427343003561192,2,33,0.06060606060606061,0.016780530429070947,0.19606581717798194,14,33,0.42424242424242425,0.272353589950299,0.5919302630853998,8,33,0.24242424242424243,0.12831561346647294,0.4102494868549029,11,33,0.3333333333333333,0.19750029467803698,0.5039241820005003,12,33,0.36363636363636365,0.22186966167959873,0.5338412737846591,17,33,0.5151515151515151,0.3521810458621024,0.6749621835307578,0,33,0.0,0.0,0.10427343003561192,0,33,0.0,0.0,0.10427343003561192,4,33,0.12121212121212122,0.04816083267584231,0.2732584325026516,8,33,0.24242424242424243,0.12831561346647294,0.4102494868549029,333 0.21; 331 0.15; 311 0.12; 346 0.12; 342 0.09; 363 0.09,6,37 0.27; 38 0.24; 35 0.21; 53 0.12,4,unearned income 0.64; earned income 0.12,"wrong include/exclude decision 0.39; wrong amount, known item 0.27; unreported source of income 0.21",24,0,2,24,1.0,0.8620194241710247,1.0,0.0,2,0.07692307692307693,26,9827.0
2-3,elderly_disabled_i >=   1.00 & shelter_expenses_by_hh_size < 455.00 & unc_rawben_rel_max >=   1.25 & utilities < 447.00,train_2022_23,31,18,25,4,25,0.16,0.06403347608577989,0.34654013980238163,17,25,0.68,0.48409913734576715,0.8279501248310887,2,25,0.08,0.02221993369109193,0.24966512122957818,1,25,0.04,0.007096050386699165,0.19544472405022525,0,25,0.0,0.0,0.13319649395317873,0,25,0.0,0.0,0.13319649395317873,1,25,0.04,0.007096050386699165,0.19544472405022525,7,25,0.28,0.1428367383738157,0.47576971896558296,10,25,0.4,0.23403057664190918,0.5926087221487266,6,25,0.24,0.11496157730326725,0.43430059955238565,0,25,0.0,0.0,0.13319649395317873,0,25,0.0,0.0,0.13319649395317873,1,25,0.04,0.007096050386699165,0.19544472405022525,0,25,0.0,0.0,0.13319649395317873,0,25,0.0,0.0,0.13319649395317873,0,25,0.0,0.0,0.13319649395317873,1,25,0.04,0.007096050386699165,0.19544472405022525,8,25,0.32,0.17204987516891143,0.5159008626542329,8,25,0.32,0.17204987516891143,0.5159008626542329,9,25,0.36,0.20247656431735636,0.5548184539895337,10,25,0.4,0.23403057664190918,0.5926087221487266,12,25,0.48,0.30031003928960015,0.6650178204685269,0,25,0.0,0.0,0.13319649395317873,0,25,0.0,0.0,0.13319649395317873,3,25,0.12,0.04166741357068093,0.2995619218337349,7,25,0.28,0.1428367383738157,0.47576971896558296,333 0.24; 331 0.20; 311 0.16; 342 0.08; 363 0.08,5,37 0.32; 38 0.28; 35 0.24,3,unearned income 0.68; earned income 0.16,"wrong include/exclude decision 0.40; wrong amount, known item 0.28; unreported source of income 0.24",18,0,0,18,1.0,0.8241154494176252,1.0,0.0,0,0.0,18,7205.0
2-3,elderly_disabled_i >=   1.00 & shelter_expenses_by_hh_size < 455.00 & unc_rawben_rel_max >=   1.25 & utilities < 447.00,test_2024,16,6,8,0,8,0.0,0.0,0.3244156195108769,4,8,0.5,0.21521252682444186,0.7847874731755582,1,8,0.125,0.02241690886329617,0.4708948057698615,0,8,0.0,0.0,0.3244156195108769,1,8,0.125,0.02241690886329617,0.4708948057698615,1,8,0.125,0.02241690886329617,0.4708948057698615,1,8,0.125,0.02241690886329617,0.4708948057698615,2,8,0.25,0.07147768885802763,0.5907301208974108,3,8,0.375,0.13684175946152105,0.6942621454161981,1,8,0.125,0.02241690886329617,0.4708948057698615,1,8,0.125,0.02241690886329617,0.4708948057698615,0,8,0.0,0.0,0.3244156195108769,0,8,0.0,0.0,0.3244156195108769,0,8,0.0,0.0,0.3244156195108769,0,8,0.0,0.0,0.3244156195108769,0,8,0.0,0.0,0.3244156195108769,1,8,0.125,0.02241690886329617,0.4708948057698615,6,8,0.75,0.40926987910258916,0.9285223111419724,0,8,0.0,0.0,0.3244156195108769,2,8,0.25,0.07147768885802763,0.5907301208974108,2,8,0.25,0.07147768885802763,0.5907301208974108,5,8,0.625,0.30573785458380187,0.863158240538479,0,8,0.0,0.0,0.3244156195108769,0,8,0.0,0.0,0.3244156195108769,1,8,0.125,0.02241690886329617,0.4708948057698615,1,8,0.125,0.02241690886329617,0.4708948057698615,346 0.25; 111 0.12; 333 0.12; 365 0.12; 363 0.12,5,53 0.25; 7 0.12; 38 0.12; 56 0.12; 37 0.12,5,unearned income 0.50; other element 0.12; medical deduction 0.12,"wrong include/exclude decision 0.38; wrong amount, known item 0.25; household composition 0.12",6,0,2,6,1.0,0.6096569663469354,0.9999999999999999,0.0,2,0.25,8,2622.0
2-3,months_since_cert_n >=  14 & total_deductions_by_hh_size >= 245,all_2022_24,610,146,245,46,245,0.18775510204081633,0.1438151913539711,0.2413358444856956,57,245,0.23265306122448978,0.18412010438629448,0.289440586430675,63,245,0.2571428571428571,0.20645846869640305,0.31532567029000436,12,245,0.04897959183673469,0.028237018866415334,0.08364781067976988,21,245,0.08571428571428572,0.056744268327328415,0.12747573347301366,3,245,0.012244897959183673,0.004172872119330246,0.0353767851726981,43,245,0.17551020408163265,0.1329900659547027,0.22804924580024505,54,245,0.22040816326530613,0.17303980424245097,0.27640916248979963,82,245,0.3346938775510204,0.2785590904598902,0.3959326343964041,24,245,0.09795918367346938,0.0667136564739384,0.14161806941112262,16,245,0.0653061224489796,0.04059421497394869,0.10343958001852849,19,245,0.07755102040816327,0.05020663572295501,0.1179388833542411,13,245,0.053061224489795916,0.031267871988896453,0.08865419891886174,6,245,0.024489795918367346,0.011270980874658696,0.05239040050208861,10,245,0.04081632653061224,0.022318999401104565,0.07349134742193467,0,245,0.0,0.0,0.01543793320730939,21,245,0.08571428571428572,0.056744268327328415,0.12747573347301366,78,245,0.3183673469387755,0.2632227646138598,0.3791199947961425,27,245,0.11020408163265306,0.0768511456590823,0.1555923043106977,140,245,0.5714285714285714,0.5088284285953072,0.6318232952322199,128,245,0.5224489795918368,0.460039354199408,0.5841654732892435,107,245,0.43673469387755104,0.37607821544544195,0.49934454345017687,0,245,0.0,0.0,0.01543793320730939,2,245,0.00816326530612245,0.0022414768957745006,0.029270939034680858,8,245,0.0326530612244898,0.016636705889509378,0.0630991582103839,94,245,0.3836734693877551,0.32502260373932623,0.44591601745584375,363 0.26; 311 0.16; 331 0.09; 365 0.09; 150 0.07; 364 0.05; 333 0.04,7,53 0.15; 38 0.11; 52 0.11; 35 0.10; 99 0.09; 37 0.07; 56 0.05; 29 0.04; 39 0.03,9,shelter deduction 0.26; unearned income 0.23; earned income 0.19; other element 0.18,"wrong include/exclude decision 0.33; wrong amount, known item 0.22; unreported source of income 0.10; other 0.09; change in circumstances 0.08",122,24,71,146,0.8356164383561644,0.7670480215344488,0.8869759611245724,0.1643835616438356,71,0.3271889400921659,217,49312.0
2-3,months_since_cert_n >=  14 & total_deductions_by_hh_size >= 245,train_2022_23,393,93,168,36,168,0.21428571428571427,0.15899050854374325,0.2823554751994249,32,168,0.19047619047619047,0.13827736527488882,0.2565141171135433,39,168,0.23214285714285715,0.17472133401077244,0.3015405257484477,9,168,0.05357142857142857,0.02843660362403755,0.09866649597466265,14,168,0.08333333333333333,0.05028687195446113,0.13500935433765907,2,168,0.011904761904761904,0.003270740864736929,0.04236198136317528,36,168,0.21428571428571427,0.15899050854374325,0.2823554751994249,28,168,0.16666666666666666,0.11790055491853225,0.23033642611516392,59,168,0.35119047619047616,0.28306867613175934,0.42596569040114074,14,168,0.08333333333333333,0.05028687195446113,0.13500935433765907,9,168,0.05357142857142857,0.02843660362403755,0.09866649597466265,15,168,0.08928571428571429,0.05485422114410893,0.14208063048669528,11,168,0.06547619047619048,0.036950512943835216,0.113429837332233,3,168,0.017857142857142856,0.006091208386598133,0.05118013917999807,10,168,0.05952380952380952,0.032649751772579616,0.10609197316480459,0,168,0.0,0.0,0.02235547155054422,19,168,0.1130952380952381,0.07360766611175727,0.1698816868737829,49,168,0.2916666666666667,0.22820453217253062,0.36444358097352963,24,168,0.14285714285714285,0.09791534368002103,0.20376713599893914,95,168,0.5654761904761905,0.4898830281399178,0.6381418505856062,83,168,0.49404761904761907,0.41942713543049287,0.5689342392308231,77,168,0.4583333333333333,0.3847602882551795,0.5337693343740326,0,168,0.0,0.0,0.02235547155054422,0,168,0.0,0.0,0.02235547155054422,8,168,0.047619047619047616,0.02432370248475172,0.09114077177526447,64,168,0.38095238095238093,0.3109561832801829,0.45627130994613724,363 0.23; 311 0.18; 365 0.08; 364 0.05; 331 0.05; 150 0.05; 333 0.05; 520 0.04,8,53 0.17; 52 0.14; 38 0.13; 99 0.11; 35 0.08; 29 0.06; 39 0.04; 37 0.04,8,shelter deduction 0.23; other element 0.21; earned income 0.21; unearned income 0.19,"wrong include/exclude decision 0.35; wrong amount, known item 0.17; other 0.11; change in circumstances 0.09; unreported source of income 0.08",75,18,46,93,0.8064516129032258,0.7146734140699786,0.8739166133562513,0.1935483870967742,46,0.33093525179856115,139,31192.0
2-3,months_since_cert_n >=  14 & total_deductions_by_hh_size >= 245,test_2024,217,53,77,10,77,0.12987012987012986,0.07209751490940192,0.22281995332477456,25,77,0.3246753246753247,0.23059228059320142,0.4354212569914086,24,77,0.3116883116883117,0.21927134521920633,0.4220024544087081,3,77,0.03896103896103896,0.013337708283515264,0.10840159425379228,7,77,0.09090909090909091,0.04473514189357164,0.17596311247051816,1,77,0.012987012987012988,0.0022961581721549496,0.06996366845176145,7,77,0.09090909090909091,0.04473514189357164,0.17596311247051816,26,77,0.33766233766233766,0.24199766918027013,0.4487556063610354,23,77,0.2987012987012987,0.2080375145120104,0.4084965471592084,10,77,0.12987012987012986,0.07209751490940192,0.22281995332477456,7,77,0.09090909090909091,0.04473514189357164,0.17596311247051816,4,77,0.05194805194805195,0.02038438860493938,0.12609465188906374,2,77,0.025974025974025976,0.0071520098481384214,0.08984755473247355,3,77,0.03896103896103896,0.013337708283515264,0.10840159425379228,0,77,0.0,3.469446951953614e-18,0.047520088667220836,0,77,0.0,3.469446951953614e-18,0.047520088667220836,2,77,0.025974025974025976,0.0071520098481384214,0.08984755473247355,29,77,0.37662337662337664,0.27669846411806526,0.48827402529332703,3,77,0.03896103896103896,0.013337708283515264,0.10840159425379228,45,77,0.5844155844155844,0.472898399364154,0.6879098973543671,45,77,0.5844155844155844,0.472898399364154,0.6879098973543671,30,77,0.38961038961038963,0.288420845322659,0.5012913820454289,0,77,0.0,3.469446951953614e-18,0.047520088667220836,2,77,0.025974025974025976,0.0071520098481384214,0.08984755473247355,0,77,0.0,3.469446951953614e-18,0.047520088667220836,30,77,0.38961038961038963,0.288420845322659,0.5012913820454289,363 0.31; 331 0.18; 311 0.10; 365 0.09; 150 0.09,5,56 0.17; 37 0.14; 35 0.13; 53 0.10; 38 0.08; 57 0.08; 52 0.04; 13 0.04,8,unearned income 0.32; shelter deduction 0.31; earned income 0.13,"wrong amount, known item 0.34; wrong include/exclude decision 0.30; unreported source of income 0.13",47,6,25,53,0.8867924528301887,0.7742322969866086,0.9470704108893132,0.11320754716981132,25,0.32051282051282054,78,18120.0
2-3,elderly_disabled_i <=  0.500 & months_since_cert_n > 13.500 & percent_abawd <=  0.583 & rawben_rel_max <=  0.971,all_2022_24,192,53,105,35,105,0.3333333333333333,0.2504577293800206,0.42797404670559364,15,105,0.14285714285714285,0.08852402661833804,0.22240120785083545,23,105,0.21904761904761905,0.15063031032976165,0.30729754078598814,7,105,0.06666666666666667,0.032665468928650555,0.13125714889394666,0,105,0.0,0.0,0.035295328256842964,4,105,0.0380952380952381,0.014912218047781596,0.09388441853234952,21,105,0.2,0.13469807905069026,0.2864791179034155,23,105,0.21904761904761905,0.15063031032976165,0.30729754078598814,30,105,0.2857142857142857,0.20806999151103067,0.3784851491704734,7,105,0.06666666666666667,0.032665468928650555,0.13125714889394666,2,105,0.01904761904761905,0.005239072265250375,0.06680691015323666,11,105,0.10476190476190476,0.059510259416906686,0.17791366672897868,7,105,0.06666666666666667,0.032665468928650555,0.13125714889394666,4,105,0.0380952380952381,0.014912218047781596,0.09388441853234952,9,105,0.08571428571428572,0.04574896007099648,0.1549243119132448,1,105,0.009523809523809525,0.0016831259050527937,0.051987529432612214,11,105,0.10476190476190476,0.059510259416906686,0.17791366672897868,39,102,0.38235294117647056,0.2939418160157895,0.4793042422448567,16,102,0.1568627450980392,0.09892204793074443,0.23971228866280675,47,102,0.46078431372549017,0.3672332339199432,0.5571821188336056,58,102,0.5686274509803921,0.47174801648043707,0.6605251162008527,40,102,0.39215686274509803,0.3029736690082715,0.4891685510639875,0,102,0.0,0.0,0.03629574760774591,0,102,0.0,0.0,0.03629574760774591,4,102,0.0392156862745098,0.015353823095438889,0.09652657175875834,46,102,0.45098039215686275,0.35794458285356257,0.5475746080883734,311 0.30; 363 0.22; 350 0.08; 364 0.07; 371 0.07; 372 0.06,6,52 0.21; 38 0.15; 99 0.10; 29 0.09; 53 0.07; 44 0.07; 35 0.07,7,earned income 0.33; shelter deduction 0.22; other element 0.20,"wrong include/exclude decision 0.29; wrong amount, known item 0.22; change in circumstances 0.10; other 0.10; limits and thresholds 0.09",33,20,16,53,0.6226415094339622,0.4880665023609231,0.7406392342826617,0.37735849056603776,16,0.2318840579710145,69,19544.0
2-3,elderly_disabled_i <=  0.500 & months_since_cert_n > 13.500 & percent_abawd <=  0.583 & rawben_rel_max <=  0.971,train_2022_23,173,47,96,31,96,0.3229166666666667,0.23775702086652156,0.4217035647010175,15,96,0.15625,0.09703624472178266,0.2419166566740283,21,96,0.21875,0.14776236248775232,0.3113809204724567,7,96,0.07291666666666667,0.0357671262379895,0.14293193307195748,0,96,0.0,0.0,0.03847694748481595,3,96,0.03125,0.010683876777878007,0.08788826148913696,19,96,0.19791666666666666,0.1305263160188847,0.2885535064198583,23,96,0.23958333333333334,0.1652810553652917,0.3339256881163833,27,96,0.28125,0.2010728263750154,0.3782608381495917,6,96,0.0625,0.028956279687604516,0.12971104936160943,2,96,0.020833333333333332,0.005731849710137293,0.07280855829614466,9,96,0.09375,0.050107540469390296,0.16865497936202267,6,96,0.0625,0.028956279687604516,0.12971104936160943,4,96,0.041666666666666664,0.0163204434524125,0.10228342507533544,7,96,0.07291666666666667,0.0357671262379895,0.14293193307195748,1,96,0.010416666666666666,0.001841122818436635,0.056667554927112326,11,96,0.11458333333333333,0.06519804888543013,0.19362793146744883,37,93,0.3978494623655914,0.30433265268835186,0.4994706715029048,16,93,0.17204301075268819,0.10876471240246265,0.26134069684315087,40,93,0.43010752688172044,0.33423358533237524,0.5315265838511162,54,93,0.5806451612903226,0.47911260524081306,0.6757795072397739,35,93,0.3763440860215054,0.284633031376476,0.4778657294866242,0,93,0.0,0.0,0.0396689026203615,0,93,0.0,0.0,0.0396689026203615,4,93,0.043010752688172046,0.016850881320861148,0.10542714795581334,43,93,0.46236559139784944,0.36454451284102324,0.5631725013347029,311 0.29; 363 0.22; 350 0.08; 364 0.07; 371 0.06; 372 0.05,6,52 0.20; 38 0.17; 99 0.11; 53 0.07; 44 0.07; 29 0.07; 35 0.06,7,earned income 0.32; shelter deduction 0.22; other element 0.20; unearned income 0.16,"wrong include/exclude decision 0.28; wrong amount, known item 0.24; other 0.11; change in circumstances 0.09; limits and thresholds 0.07",30,17,14,47,0.6382978723404256,0.4953563457177046,0.7603397771423157,0.3617021276595745,14,0.22950819672131148,61,17306.0
2-3,elderly_disabled_i <=  0.500 & months_since_cert_n > 13.500 & percent_abawd <=  0.583 & rawben_rel_max <=  0.971,test_2024,19,6,9,4,9,0.4444444444444444,0.188775429471914,0.7333526542559703,0,9,0.0,0.0,0.2991527535509594,2,9,0.2222222222222222,0.06322376231222723,0.5474166563271946,0,9,0.0,0.0,0.2991527535509594,0,9,0.0,0.0,0.2991527535509594,1,9,0.1111111111111111,0.019890371327130535,0.4350062147680601,2,9,0.2222222222222222,0.06322376231222723,0.5474166563271946,0,9,0.0,0.0,0.2991527535509594,3,9,0.3333333333333333,0.12058159868274293,0.6458026525009102,1,9,0.1111111111111111,0.019890371327130535,0.4350062147680601,0,9,0.0,0.0,0.2991527535509594,2,9,0.2222222222222222,0.06322376231222723,0.5474166563271946,1,9,0.1111111111111111,0.019890371327130535,0.4350062147680601,0,9,0.0,0.0,0.2991527535509594,2,9,0.2222222222222222,0.06322376231222723,0.5474166563271946,0,9,0.0,0.0,0.2991527535509594,0,9,0.0,0.0,0.2991527535509594,2,9,0.2222222222222222,0.06322376231222723,0.5474166563271946,0,9,0.0,0.0,0.2991527535509594,7,9,0.7777777777777778,0.4525833436728054,0.9367762376877727,4,9,0.4444444444444444,0.188775429471914,0.7333526542559703,5,9,0.5555555555555556,0.2666473457440297,0.811224570528086,0,9,0.0,0.0,0.2991527535509594,0,9,0.0,0.0,0.2991527535509594,0,9,0.0,0.0,0.2991527535509594,3,9,0.3333333333333333,0.12058159868274293,0.6458026525009102,311 0.33; 363 0.22; 323 0.11; 312 0.11,4,52 0.33; 29 0.22; 45 0.11; 39 0.11,4,earned income 0.44; shelter deduction 0.22; other element 0.22,wrong include/exclude decision 0.33; change in circumstances 0.22; limits and thresholds 0.22,3,3,2,6,0.5,0.18761280689940868,0.8123871931005913,0.5,2,0.25,8,2238.0
2-3,total_deductions_by_hh_size > 340.000 & unc_rawben_rel_max <=   0.631,all_2022_24,2271,518,857,293,857,0.3418903150525088,0.3109006143490176,0.37429117935611933,123,857,0.14352392065344224,0.12163929805433268,0.1685901704100166,188,857,0.2193698949824971,0.1929495845016057,0.24829489067245647,37,857,0.043173862310385065,0.03148275369018575,0.05894224435823569,37,857,0.043173862310385065,0.03148275369018575,0.05894224435823569,62,857,0.07234539089848308,0.056843080105495346,0.09166461283127722,117,857,0.13652275379229872,0.11515127606764453,0.1611383456235005,253,857,0.2952158693115519,0.265644643641845,0.3266148382419301,249,857,0.29054842473745623,0.26113923712296916,0.32182701357866983,96,857,0.11201866977829639,0.09261017049665829,0.13488998748827183,73,857,0.08518086347724621,0.06829234668414845,0.10577173200349861,59,857,0.06884480746791131,0.05374600149761885,0.0877917680525516,35,857,0.040840140023337225,0.029509768605526097,0.05626861385182727,8,857,0.009334889148191364,0.0047375155199217145,0.018311556458012437,19,857,0.022170361726954493,0.01423837716787948,0.034367080560929165,1,857,0.0011668611435239206,0.00020600404919735287,0.006579913359998485,64,857,0.07467911318553092,0.05891424259342197,0.09424006593441868,495,857,0.5775962660443408,0.544251467014711,0.6102485013883031,95,857,0.11085180863477247,0.09154401762693559,0.13363283256246047,265,857,0.30921820303383896,0.27918353002084995,0.34095564540933365,430,857,0.5017502917152858,0.46834130132965657,0.5351436603636445,399,857,0.46557759626604434,0.43240872142207326,0.49905369860967236,1,857,0.0011668611435239206,0.00020600404919735287,0.006579913359998485,5,857,0.005834305717619603,0.0024945283114249928,0.013584620279907023,22,857,0.025670945157526253,0.017012758098728917,0.03856262301668186,309,857,0.3605600933488915,0.32910010674468987,0.3932646116889918,311 0.31; 363 0.22; 150 0.07; 323 0.06; 364 0.04; 365 0.04; 312 0.03,7,38 0.15; 53 0.13; 52 0.11; 35 0.11; 99 0.07; 44 0.07; 56 0.05; 13 0.05; 41 0.03,9,earned income 0.34; shelter deduction 0.22; unearned income 0.14; other element 0.14,"wrong amount, known item 0.30; wrong include/exclude decision 0.29; unreported source of income 0.11; household composition 0.09",405,113,227,518,0.7818532818532818,0.7442834009714051,0.8152733687456891,0.21814671814671815,227,0.3046979865771812,745,157517.0
2-3,total_deductions_by_hh_size > 340.000 & unc_rawben_rel_max <=   0.631,train_2022_23,1407,313,537,179,537,0.3333333333333333,0.2947698809149253,0.3742644537220553,72,537,0.1340782122905028,0.10784294707803754,0.16551176528136674,118,537,0.21973929236499068,0.186775717510057,0.2566842530247539,31,537,0.05772811918063315,0.04096377978124345,0.08077537637834191,27,537,0.05027932960893855,0.03478194007385207,0.07216545450526315,36,537,0.0670391061452514,0.04881386505003362,0.0914149930851394,74,537,0.1378026070763501,0.11121113569467028,0.16953945745496907,121,537,0.22532588454376165,0.19201125939430244,0.26254253232586117,178,537,0.33147113594040967,0.2929763267663844,0.37236006747547856,61,537,0.11359404096834265,0.08945490418000657,0.14322246383310486,41,537,0.07635009310986965,0.0567768883634478,0.10194167174731292,44,537,0.08193668528864059,0.06160109064388557,0.10821129065222775,27,537,0.05027932960893855,0.03478194007385207,0.07216545450526315,1,537,0.00186219739292365,0.00032879077560053847,0.010472153530458758,15,537,0.027932960893854747,0.01699938109144354,0.04557272874626124,1,537,0.00186219739292365,0.00032879077560053847,0.010472153530458758,48,537,0.0893854748603352,0.06808099395498404,0.11652314892159943,310,537,0.5772811918063314,0.5350953751865364,0.6183691512108411,64,537,0.1191806331471136,0.09444536707401482,0.1493258221244492,162,537,0.3016759776536313,0.26437605624665494,0.3417932916733276,262,537,0.48789571694599626,0.44585429547455946,0.5301090919571765,259,537,0.4823091247672253,0.44032132017533493,0.5245482460710486,0,537,0.0,0.0,0.007103003910941761,0,537,0.0,0.0,0.007103003910941761,16,537,0.0297951582867784,0.018421625298408253,0.047848424934414074,190,537,0.3538175046554935,0.31454402063392656,0.3951676583493469,311 0.29; 363 0.22; 150 0.07; 364 0.06; 323 0.05; 365 0.05; 312 0.04,7,53 0.17; 38 0.14; 52 0.14; 35 0.11; 99 0.09; 44 0.08; 13 0.05,7,earned income 0.33; shelter deduction 0.22; other element 0.14; unearned income 0.13,"wrong include/exclude decision 0.33; wrong amount, known item 0.23; unreported source of income 0.11; other 0.09",248,65,135,313,0.792332268370607,0.7439818245874303,0.8335938472940396,0.20766773162939298,135,0.3013392857142857,448,96492.0
2-3,total_deductions_by_hh_size > 340.000 & unc_rawben_rel_max <=   0.631,test_2024,864,205,320,114,320,0.35625,0.3057687932864623,0.4101417012269048,51,320,0.159375,0.12334559323715076,0.20348579593582755,70,320,0.21875,0.1769373856448968,0.26723532101169084,6,320,0.01875,0.008620805569639546,0.04029693693163267,10,320,0.03125,0.01706112018140517,0.056560057579574274,26,320,0.08125,0.056047947767998596,0.1163869710318097,43,320,0.134375,0.10131374625418849,0.17611077239937545,132,320,0.4125,0.35991054101354536,0.46716541216850405,71,320,0.221875,0.179798962807234,0.2705496026642804,35,320,0.109375,0.07970092115518912,0.1483167269789604,32,320,0.1,0.07172763997188186,0.13776243171748725,15,320,0.046875,0.02860944936482258,0.07589102247079087,8,320,0.025,0.01272102568324087,0.04854843444788497,7,320,0.021875,0.010635649426464264,0.04445795188973476,4,320,0.0125,0.004871372962806259,0.031694651908612356,0,320,0.0,0.0,0.011862589611711404,16,320,0.05,0.031007751937984496,0.07966857871255577,185,320,0.578125,0.5234013691542669,0.6309951012189032,31,320,0.096875,0.06908826722855449,0.13422594564588783,103,320,0.321875,0.273059349017121,0.3749166985320513,168,320,0.525,0.47031298356949125,0.5790938869499231,140,320,0.4375,0.3842056935359958,0.4922771301654681,1,320,0.003125,0.0005518381933127849,0.017486610233325425,5,320,0.015625,0.006691954469849172,0.03604992921649625,6,320,0.01875,0.008620805569639546,0.04029693693163267,119,320,0.371875,0.32073351351857865,0.4260562750694224,311 0.34; 363 0.22; 150 0.08; 323 0.07; 350 0.04,5,38 0.16; 56 0.13; 35 0.11; 52 0.08; 53 0.06; 57 0.06; 44 0.06; 13 0.05; 99 0.05,9,earned income 0.36; shelter deduction 0.22; unearned income 0.16; other element 0.13,"wrong amount, known item 0.41; wrong include/exclude decision 0.22; unreported source of income 0.11; household composition 0.10",157,48,92,205,0.7658536585365854,0.7033221585920388,0.8186045073595725,0.23414634146341465,92,0.30976430976430974,297,61025.0
2-3,rawben_rel_max <=   0.947 & shelter_expenses_by_hh_size > 447.000 & total_deductions_by_hh_size > 371.000,all_2022_24,3018,719,1127,391,1127,0.3469387755102041,0.31971054226030615,0.37520694220436157,168,1127,0.14906832298136646,0.12946781026051912,0.1710531468744147,259,1127,0.22981366459627328,0.2061931867200999,0.25526985107405264,48,1127,0.04259094942324756,0.032273065505773385,0.05601657647414669,54,1127,0.04791481810115351,0.03690741331528254,0.06199379442238823,73,1127,0.064773735581189,0.05183084793670613,0.08067365136717515,134,1127,0.1188997338065661,0.10128494012219458,0.13910381105215203,323,1127,0.28660159716060335,0.26096171752175845,0.31369135502173484,336,1127,0.2981366459627329,0.2721518012584021,0.32549299709355106,132,1127,0.11712511091393078,0.09963810726766231,0.1372134553207674,72,1127,0.06388642413487133,0.05103759066956094,0.07969831434136189,89,1127,0.07897071872227152,0.06461706548880022,0.09618494250241622,53,1127,0.04702750665483585,0.03613196790671894,0.06100064553799339,10,1127,0.008873114463176575,0.0048267114397651445,0.01625634740773392,21,1127,0.018633540372670808,0.012219272856667397,0.0283183232133746,1,1127,0.0008873114463176575,0.00015664540393451687,0.005009064806938518,90,1127,0.07985803016858918,0.06542151711614723,0.09714908516802769,655,1125,0.5822222222222222,0.5531699377932724,0.6107148800589399,111,1125,0.09866666666666667,0.08258220168801227,0.11748271441713483,358,1125,0.31822222222222224,0.2916615055720115,0.34602016739255687,585,1127,0.5190771960958296,0.48989114494100805,0.5481336323575984,510,1127,0.4525288376220053,0.4236789057399649,0.4817012995867581,2,1127,0.001774622892635315,0.0004867903916886706,0.006447514112142812,6,1127,0.005323868677905945,0.0024421594197042507,0.011566522255961022,24,1127,0.02129547471162378,0.014351555993953007,0.03149182295496433,432,1125,0.384,0.3560196525457898,0.4127698747005485,311 0.31; 363 0.23; 323 0.06; 150 0.05; 365 0.05; 364 0.04; 350 0.03,7,38 0.15; 53 0.15; 35 0.12; 52 0.10; 99 0.08; 44 0.06; 56 0.05; 37 0.03; 13 0.03,9,earned income 0.35; shelter deduction 0.23; unearned income 0.15; other element 0.12,"wrong include/exclude decision 0.30; wrong amount, known item 0.29; unreported source of income 0.12; other 0.08",558,161,316,719,0.7760778859527121,0.7441849031079697,0.8050363924013093,0.2239221140472879,316,0.30531400966183575,1035,205488.0
2-3,rawben_rel_max <=   0.947 & shelter_expenses_by_hh_size > 447.000 & total_deductions_by_hh_size > 371.000,train_2022_23,1844,425,696,231,696,0.33189655172413796,0.29791884243141864,0.3677197820801852,93,696,0.1336206896551724,0.11034323200040554,0.16092043680693593,164,696,0.23563218390804597,0.2056068407666618,0.26855988496098854,38,696,0.05459770114942529,0.040033368569150796,0.07405187586330364,37,696,0.05316091954022988,0.03881145467652715,0.07241600022183842,42,696,0.0603448275862069,0.04495138580559306,0.0805650167632168,91,696,0.1307471264367816,0.10771464589807968,0.15783344384108408,145,696,0.20833333333333334,0.17980286632699835,0.24006585825296375,237,696,0.34051724137931033,0.30627203984067475,0.37651332187546216,78,696,0.11206896551724138,0.0907300010403407,0.137666824755668,41,696,0.05890804597701149,0.04371753505812278,0.07894107797659822,64,696,0.09195402298850575,0.07266807919747473,0.11571969312128996,37,696,0.05316091954022988,0.03881145467652715,0.07241600022183842,1,696,0.0014367816091954023,0.0002536657482585785,0.008093365922908153,16,696,0.022988505747126436,0.014198837106291422,0.037015037576208165,1,696,0.0014367816091954023,0.0002536657482585785,0.008093365922908153,76,696,0.10919540229885058,0.08813393785359883,0.13454730887423214,403,696,0.5790229885057471,0.5420075173777655,0.6151709069971215,72,696,0.10344827586206896,0.0829568379338993,0.12829325065757624,221,696,0.3175287356321839,0.28402608523748124,0.35303464393323397,362,696,0.5201149425287356,0.4829896416429773,0.5570194118342666,315,696,0.4525862068965517,0.4159677785107345,0.4897251668643332,0,696,0.0,0.0,0.005489242137077875,0,696,0.0,0.0,0.005489242137077875,19,696,0.027298850574712645,0.017544852271316382,0.04224239101344977,260,696,0.3735632183908046,0.3384098090129959,0.4101047119871847,311 0.29; 363 0.24; 364 0.05; 365 0.05; 323 0.05; 150 0.05; 312 0.04,7,53 0.19; 38 0.14; 52 0.13; 35 0.11; 99 0.11; 44 0.06; 39 0.03,7,earned income 0.33; shelter deduction 0.24; unearned income 0.13; other element 0.13,"wrong include/exclude decision 0.34; wrong amount, known item 0.21; unreported source of income 0.11; other 0.11",332,93,195,425,0.7811764705882352,0.7394449431194091,0.8178703919600233,0.2188235294117647,195,0.31451612903225806,620,123936.0
2-3,rawben_rel_max <=   0.947 & shelter_expenses_by_hh_size > 447.000 & total_deductions_by_hh_size > 371.000,test_2024,1174,294,431,160,431,0.37122969837587005,0.32694240122491547,0.41779223317988845,75,431,0.1740139211136891,0.14114329907473744,0.21264437901309963,95,431,0.22041763341067286,0.1838470767584816,0.26192812046275943,10,431,0.02320185614849188,0.012650526595395796,0.04217771430887831,17,431,0.03944315545243619,0.0247697260932906,0.0622541465076749,31,431,0.07192575406032482,0.05113064179097311,0.1002844942033752,43,431,0.09976798143851508,0.07491429724170257,0.1316933502326881,178,431,0.41299303944315546,0.36747636528102295,0.46004703634384464,99,431,0.2296983758700696,0.19247764781846033,0.27169505322946147,54,431,0.12529002320185614,0.09730900538571402,0.1598917776120488,31,431,0.07192575406032482,0.05113064179097311,0.1002844942033752,25,431,0.058004640371229696,0.039594323655931435,0.08422455659839566,16,431,0.037122969837587005,0.022977406604248466,0.059447090040046835,9,431,0.02088167053364269,0.011023911609149478,0.03920495333845443,5,431,0.01160092807424594,0.0049650498227694975,0.026866311298153617,0,431,0.0,0.0,0.008834481337572118,14,431,0.03248259860788863,0.019445908699188077,0.05377983603176682,252,429,0.5874125874125874,0.5402513067283312,0.6330222418400133,39,429,0.09090909090909091,0.06721447234908809,0.12186532035105904,137,429,0.31934731934731936,0.27699901904870616,0.36490231391004824,223,431,0.5174013921113689,0.47027991758362675,0.5642154020913999,195,431,0.45243619489559167,0.4060716711678702,0.4996411217203908,2,431,0.004640371229698376,0.0012734542542699638,0.016759778996642553,6,431,0.013921113689095127,0.006395286295889311,0.030035450781704,5,431,0.01160092807424594,0.0049650498227694975,0.026866311298153617,172,429,0.40093240093240096,0.3556327324090197,0.44799057921352303,311 0.34; 363 0.22; 323 0.06; 150 0.06; 331 0.04; 350 0.04,6,38 0.17; 56 0.13; 35 0.13; 53 0.08; 52 0.06; 57 0.05; 44 0.05; 37 0.05; 13 0.03,9,earned income 0.37; shelter deduction 0.22; unearned income 0.17,"wrong amount, known item 0.41; wrong include/exclude decision 0.23; unreported source of income 0.13",226,68,121,294,0.7687074829931972,0.7172286210979335,0.8132546962089839,0.23129251700680273,121,0.29156626506024097,415,81552.0
2-3,total_deductions_by_hh_size >= 311.000 & total_deductions_by_hh_size < 493.000 & unc_rawben_rel_max <   0.948,all_2022_24,3616,784,1187,439,1187,0.36983993260320136,0.34283698936569496,0.39768265657210233,193,1187,0.16259477674810446,0.14269696747243094,0.1846694933566163,277,1187,0.2333614153327717,0.2101825381861135,0.25826061999714106,54,1187,0.04549283909014322,0.03503298729022686,0.05888512910745358,33,1187,0.02780117944397641,0.01986337276427689,0.03878556929485171,49,1187,0.041280539174389216,0.03136466133374576,0.05415603260237472,142,1187,0.11962931760741365,0.10238322940206945,0.13932952231906626,354,1187,0.2982308340353833,0.272889791510722,0.3248736725805559,313,1187,0.2636899747262005,0.23941383955147916,0.28949076035500704,132,1187,0.11120471777590564,0.09455865543648993,0.13035925136152587,89,1187,0.07497893850042123,0.061329294388924684,0.09137077923967546,103,1187,0.08677337826453244,0.07206231005260563,0.10415054646836241,77,1187,0.06486941870261162,0.05221392625039119,0.08033233347046505,17,1187,0.014321819713563605,0.008960779849041,0.022816410333095734,15,1187,0.012636899747262006,0.007672846732105812,0.02074537446540694,2,1187,0.0016849199663016006,0.00046217782496300484,0.006122744972493852,85,1187,0.07160909856781802,0.05828136917844608,0.08770076648090609,702,1179,0.5954198473282443,0.5671373108991178,0.623082579912974,113,1179,0.09584393553859202,0.08032894682675826,0.113984137866915,363,1179,0.30788804071246817,0.2821972128619297,0.33482674030305865,618,1187,0.5206402695871946,0.49219907378207534,0.5489482962795682,523,1187,0.44060657118786856,0.412599849785061,0.46899649350694356,1,1187,0.0008424599831508003,0.00014872653043840377,0.004756711774706461,12,1187,0.010109519797809604,0.005792367915742142,0.017587399804834633,33,1187,0.02780117944397641,0.01986337276427689,0.03878556929485171,452,1179,0.3833757421543681,0.3560432707301099,0.4114657516106667,311 0.32; 363 0.23; 150 0.06; 350 0.05; 312 0.05; 364 0.05,6,38 0.17; 53 0.13; 35 0.11; 52 0.09; 99 0.07; 44 0.06; 37 0.04; 56 0.04; 41 0.03; 13 0.03,10,earned income 0.37; shelter deduction 0.23; unearned income 0.16,"wrong amount, known item 0.30; wrong include/exclude decision 0.26; unreported source of income 0.11; change in circumstances 0.09",572,212,311,784,0.7295918367346939,0.6974360738926031,0.7595085708177041,0.27040816326530615,311,0.28401826484018267,1095,210063.0
2-3,total_deductions_by_hh_size >= 311.000 & total_deductions_by_hh_size < 493.000 & unc_rawben_rel_max <   0.948,train_2022_23,2277,490,769,271,769,0.35240572171651496,0.31945047715105634,0.38682827388926044,117,769,0.15214564369310793,0.12849358648335246,0.1792558928407419,176,769,0.22886866059817945,0.20056689118230248,0.2598658805525524,45,769,0.05851755526657997,0.04401862811090908,0.07740547742378263,24,769,0.031209362808842653,0.02106073099242179,0.04601847385369417,33,769,0.04291287386215865,0.030717125442902237,0.05965275112688903,103,769,0.13394018205461639,0.11167827374806194,0.1598412717836486,181,769,0.235370611183355,0.20674737949174476,0.26662465431181864,228,769,0.2964889466840052,0.265285057148164,0.3297160401012595,80,769,0.10403120936280884,0.08438486865181175,0.1276140713638396,58,769,0.0754226267880364,0.058795847014897075,0.09627033989843681,76,769,0.0988296488946684,0.07968889119512737,0.12195863916555719,57,769,0.0741222366710013,0.057648458168797594,0.0948298763307946,2,769,0.002600780234070221,0.0007135027911339643,0.009432948952664506,13,769,0.016905071521456438,0.009905524226005191,0.028707304068952014,2,769,0.002600780234070221,0.0007135027911339643,0.009432948952664506,72,769,0.09362808842652796,0.07501054202738919,0.11628557867832856,455,769,0.5916775032509753,0.5565646707703628,0.6258789243984274,79,769,0.10273081924577374,0.08320928691991716,0.1262018006819925,234,769,0.30429128738621586,0.2728103841594798,0.337717827572394,401,769,0.5214564369310793,0.4861303321290127,0.5565692326977254,344,769,0.44733420026007803,0.41253934918216034,0.48265262806130077,1,769,0.0013003901170351106,0.00022958177391420786,0.007329017556142559,0,769,0.0,0.0,0.004970746916315064,23,769,0.02990897269180754,0.020011153252485425,0.04448019917988881,305,769,0.3966189856957087,0.3626390224902625,0.4316267106172722,311 0.30; 363 0.23; 364 0.06; 150 0.06; 350 0.05; 312 0.05; 323 0.03,7,53 0.16; 38 0.16; 52 0.11; 35 0.10; 99 0.09; 44 0.06; 13 0.03; 41 0.03,8,earned income 0.35; shelter deduction 0.23; unearned income 0.15; other element 0.13,"wrong include/exclude decision 0.30; wrong amount, known item 0.24; unreported source of income 0.10; change in circumstances 0.10; other 0.09",365,125,207,490,0.7448979591836735,0.7044982712734692,0.7814875185020379,0.25510204081632654,207,0.296987087517934,697,136050.0
2-3,total_deductions_by_hh_size >= 311.000 & total_deductions_by_hh_size < 493.000 & unc_rawben_rel_max <   0.948,test_2024,1339,294,418,168,418,0.4019138755980861,0.35601110574520944,0.4496031342918091,76,418,0.18181818181818182,0.14779536380244268,0.22163619534203238,101,418,0.24162679425837322,0.20306170898354434,0.2848977525773828,9,418,0.0215311004784689,0.011367982545912099,0.04040879812247148,9,418,0.0215311004784689,0.011367982545912099,0.04040879812247148,16,418,0.03827751196172249,0.023696118089400316,0.06126847525558984,39,418,0.09330143540669857,0.0690031083552574,0.12500715521286862,173,418,0.4138755980861244,0.36765192499914345,0.4616678955211655,85,418,0.20334928229665072,0.1675465892852405,0.24455501472915733,52,418,0.12440191387559808,0.09614178282673519,0.15950298999794588,31,418,0.07416267942583732,0.05273591026994813,0.10334542452491326,27,418,0.0645933014354067,0.04476851229926052,0.09234835810896855,20,418,0.04784688995215311,0.031183872981698238,0.07274518474992424,15,418,0.03588516746411483,0.021865273562735075,0.05835820368559699,2,418,0.004784688995215311,0.001313088958859612,0.017275879032917392,0,418,0.0,0.0,0.009106735798460844,13,418,0.03110047846889952,0.01826361887560814,0.05247762617940778,247,410,0.6024390243902439,0.5543268107215555,0.6486494004664931,34,410,0.08292682926829269,0.05994802095811764,0.11364883349054097,129,410,0.3146341463414634,0.27158104043213327,0.36112867265615944,217,418,0.5191387559808612,0.4712845042054035,0.5666444245678612,179,418,0.42822966507177035,0.38165823857976267,0.47610827852049475,0,418,0.0,0.0,0.009106735798460844,12,418,0.028708133971291867,0.016496953282434394,0.04950317567592344,10,418,0.023923444976076555,0.013045499944772592,0.04347239682026907,147,410,0.35853658536585364,0.3136258139773173,0.40607370390585346,311 0.36; 363 0.24; 150 0.06; 350 0.05; 312 0.04,5,38 0.18; 35 0.12; 56 0.10; 44 0.07; 53 0.07; 52 0.06; 57 0.06; 37 0.05; 99 0.03; 41 0.03,10,earned income 0.40; shelter deduction 0.24; unearned income 0.18,"wrong amount, known item 0.41; wrong include/exclude decision 0.20; unreported source of income 0.12; household composition 0.07",207,87,104,294,0.7040816326530612,0.649543067262689,0.7533556547425648,0.29591836734693877,104,0.2613065326633166,398,74013.0
2-3,total_deductions_by_hh_size > 260.000 & total_deductions_by_hh_size <= 476.000 & unc_rawben_rel_max <=   0.688 & utilities >  23.000,all_2022_24,2937,602,931,315,931,0.3383458646616541,0.30867214571144,0.3693481734527904,160,931,0.17185821697099893,0.14898530404927882,0.19742803485219926,225,931,0.24167561761546724,0.21527367956823718,0.2702006510563307,53,931,0.05692803437164339,0.043784310650945776,0.07371324187559988,30,931,0.0322234156820623,0.022663267859683534,0.045628087595614986,42,931,0.045112781954887216,0.0335464647166438,0.06041768921060975,106,931,0.11385606874328678,0.09501928418972481,0.13586646158795557,278,931,0.29860365198711064,0.2700825458598862,0.32877997801581627,248,931,0.2663802363050483,0.238985721636255,0.2956948060595599,98,931,0.10526315789473684,0.08714540698028272,0.1266251398160943,64,931,0.06874328678839957,0.05419946606869609,0.08683148505714168,69,931,0.07411385606874328,0.05898051503149408,0.09274743545765828,59,931,0.06337271750805586,0.049446383513882,0.08088756824864118,19,931,0.02040816326530612,0.013103361601302523,0.031654595254703884,15,931,0.01611170784103115,0.009787773761794566,0.026412583603560164,4,931,0.004296455424274973,0.0016720108676285643,0.010994947898434049,77,931,0.08270676691729323,0.06668171322946245,0.10216143624099325,555,922,0.6019522776572668,0.5699955116170163,0.6330629813260529,88,922,0.09544468546637744,0.07812204370687965,0.1161245747211538,277,922,0.3004338394793926,0.27171940243749315,0.3308043986101159,497,931,0.5338345864661654,0.5017165730053068,0.5656745229835751,396,931,0.4253490870032223,0.39396147863061903,0.4573502302193079,2,931,0.0021482277121374865,0.0005893070008341113,0.007798852019902663,15,931,0.01611170784103115,0.009787773761794566,0.026412583603560164,21,931,0.022556390977443608,0.014799792773267722,0.03423696382806452,358,922,0.3882863340563991,0.3573530812311573,0.4201466552248412,311 0.30; 363 0.24; 350 0.06; 364 0.06; 150 0.06; 312 0.04; 323 0.03,7,38 0.15; 53 0.13; 35 0.11; 52 0.10; 44 0.08; 99 0.08; 56 0.04; 13 0.03; 41 0.03; 37 0.03,10,earned income 0.34; shelter deduction 0.24; unearned income 0.17,"wrong amount, known item 0.30; wrong include/exclude decision 0.27; unreported source of income 0.11; other 0.08",419,183,257,602,0.6960132890365448,0.6581213521556666,0.7314194122949753,0.30398671096345514,257,0.2991850989522701,859,154133.0
2-3,total_deductions_by_hh_size > 260.000 & total_deductions_by_hh_size <= 476.000 & unc_rawben_rel_max <=   0.688 & utilities >  23.000,train_2022_23,1928,396,623,201,623,0.32263242375601925,0.2871064598833313,0.3603323827206055,102,623,0.1637239165329053,0.13674426449998822,0.1948253058667519,142,623,0.22792937399678972,0.19671425503887158,0.2624792637065339,43,623,0.06902086677367576,0.05164274994928428,0.09168149655892449,25,623,0.04012841091492777,0.027326192787288185,0.058567276950521156,32,623,0.051364365971107544,0.03661590593542961,0.07161175476864617,78,623,0.12520064205457465,0.10148793121852245,0.1535072701210185,161,623,0.25842696629213485,0.22560477840317497,0.2942101158220966,186,623,0.2985553772070626,0.26394365636275446,0.3356362055991829,60,623,0.09630818619582665,0.07555502506334871,0.12200939950579284,41,623,0.06581059390048154,0.048879226156733055,0.08806382293254243,55,623,0.08828250401284109,0.06845304728714868,0.11315838373465967,42,623,0.06741573033707865,0.050259440808473665,0.08987420699026846,1,623,0.0016051364365971107,0.0002833949202158065,0.009035705790394338,13,623,0.02086677367576244,0.012234398485443023,0.035371886738766734,3,623,0.004815409309791332,0.0016389670319316343,0.014061331097611778,61,623,0.09791332263242375,0.07698135474195691,0.12377366853665125,380,623,0.6099518459069021,0.5710878290898718,0.6474681825085926,64,623,0.10272873194221509,0.08127145217491628,0.12905536723209177,178,623,0.2857142857142857,0.2516377166917443,0.32241735559445994,331,623,0.5313001605136437,0.49204226258656736,0.570174412248032,274,623,0.43980738362760835,0.40131682113931255,0.47903572725568855,2,623,0.0032102728731942215,0.0008807960808941747,0.011628903339182602,0,623,0.0,0.0,0.00612850200114351,16,623,0.025682182985553772,0.015868941318537944,0.041309140034071705,239,623,0.38362760834670945,0.34626667572651787,0.42241491783715107,311 0.27; 363 0.23; 364 0.07; 350 0.06; 150 0.05; 323 0.04; 365 0.04,7,53 0.16; 38 0.15; 52 0.12; 99 0.10; 35 0.10; 44 0.09; 41 0.03; 13 0.03,8,earned income 0.32; shelter deduction 0.23; unearned income 0.16; other element 0.13,"wrong include/exclude decision 0.30; wrong amount, known item 0.26; other 0.10; unreported source of income 0.10",277,119,177,396,0.6994949494949495,0.6525976754414059,0.742558806525453,0.3005050505050505,177,0.3089005235602094,573,100755.0
2-3,total_deductions_by_hh_size > 260.000 & total_deductions_by_hh_size <= 476.000 & unc_rawben_rel_max <=   0.688 & utilities >  23.000,test_2024,1009,206,308,114,308,0.37012987012987014,0.3181149039415239,0.42534459600973346,58,308,0.18831168831168832,0.14858858491290186,0.23571421497011572,83,308,0.2694805194805195,0.22299275882375308,0.32164785358972875,10,308,0.032467532467532464,0.017729379529719303,0.058724820294806995,5,308,0.016233766233766232,0.006953412609498494,0.03743322470893497,10,308,0.032467532467532464,0.017729379529719303,0.058724820294806995,28,308,0.09090909090909091,0.06364541318928879,0.12825201165717173,117,308,0.37987012987012986,0.32745957506739837,0.43524046238751474,62,308,0.2012987012987013,0.1603222849686403,0.24963456491925154,38,308,0.12337662337662338,0.09122097855217776,0.16481157130646845,23,308,0.07467532467532467,0.05027225504181963,0.10955760729854806,14,308,0.045454545454545456,0.027266300250887998,0.07484194957851258,17,308,0.05519480519480519,0.034742845789712665,0.08660594154334361,18,308,0.05844155844155844,0.037283023595249425,0.09047927623902541,2,308,0.006493506493506494,0.0017825263380321244,0.023363573476745635,1,308,0.003246753246753247,0.0005733470177502354,0.01815924029580896,16,308,0.05194805194805195,0.03222534145249163,0.08270993337934608,175,299,0.5852842809364549,0.5287028784306501,0.6397019906494236,24,299,0.0802675585284281,0.054530254266440856,0.11665362535907957,99,299,0.3311036789297659,0.2801987459179244,0.38629357217840066,166,308,0.538961038961039,0.4831520665742936,0.5938100834403293,122,308,0.3961038961038961,0.3430843540268145,0.4516832459341915,0,308,0.0,8.673617379884035e-19,0.012319074812340625,15,308,0.048701298701298704,0.02973242188862129,0.07878934044199787,5,308,0.016233766233766232,0.006953412609498494,0.03743322470893497,119,299,0.3979933110367893,0.3441422456020146,0.4544323227531916,311 0.34; 363 0.27; 350 0.06; 150 0.06; 331 0.04,5,38 0.15; 35 0.12; 56 0.11; 52 0.08; 44 0.07; 53 0.07; 99 0.05; 97 0.05; 57 0.05; 37 0.04,10,earned income 0.37; shelter deduction 0.27; unearned income 0.19,"wrong amount, known item 0.38; wrong include/exclude decision 0.20; unreported source of income 0.12; household composition 0.07",142,64,80,206,0.6893203883495146,0.623143790723665,0.7485651554528796,0.3106796116504854,80,0.27972027972027974,286,53378.0
2-3,homeless <=   0.500 & rawben_rel_max <=   0.688 & total_deductions_by_hh_size > 249.000,all_2022_24,4253,935,1487,500,1487,0.3362474781439139,0.3126844121503372,0.36065445899465914,239,1487,0.16072629455279086,0.14293619911001668,0.1802648706749961,340,1487,0.22864828513786148,0.20801784096066092,0.2506771672816635,80,1487,0.05379959650302623,0.04343874145280509,0.06645998957267744,56,1487,0.03765971755211836,0.02911422201826993,0.048587929571811815,93,1487,0.06254203093476798,0.05132626689156812,0.0760122779947565,179,1487,0.12037659717552118,0.10480778407352512,0.13790183712298568,448,1487,0.3012777404169469,0.27849382302345554,0.32508579267817245,412,1487,0.27706792199058505,0.2549164790250068,0.30036826752351986,156,1487,0.10490921318090114,0.09033862128263598,0.12151594462161572,109,1487,0.07330195023537324,0.061125631498884045,0.08767729967770778,110,1487,0.07397444519166106,0.06174099985414878,0.08840345546558476,79,1487,0.0531271015467384,0.04283522714698738,0.06572197973535344,24,1487,0.01613987895090787,0.010869594709155153,0.02390378430039221,25,1487,0.016812373907195696,0.011413357305364445,0.024701545847324615,4,1487,0.0026899798251513113,0.0010465456750945847,0.006896350471618789,120,1487,0.08069939475453934,0.06791145206151467,0.09564824468963584,878,1478,0.5940460081190798,0.5687973473462676,0.6188070497768797,141,1478,0.09539918809201624,0.08145396600718939,0.1114422247867524,456,1478,0.3085250338294993,0.2854988223319682,0.33254402381299086,787,1487,0.5292535305985205,0.5038404227009495,0.5545158775257145,644,1487,0.43308675184936113,0.4081057982631489,0.4584125494942521,3,1487,0.0020174848688634837,0.000686346488184011,0.005915025515387664,18,1487,0.0121049092131809,0.007670463440846831,0.019053770709850336,35,1487,0.023537323470073975,0.016972077304250675,0.03255806727985538,568,1478,0.38430311231393777,0.3598341087833848,0.4093719925974915,311 0.30; 363 0.23; 150 0.06; 364 0.05; 323 0.05; 350 0.05; 365 0.04,7,38 0.15; 53 0.13; 52 0.11; 35 0.10; 99 0.08; 44 0.08; 56 0.05; 13 0.03; 37 0.03,9,earned income 0.34; shelter deduction 0.23; unearned income 0.16; other element 0.12,"wrong amount, known item 0.30; wrong include/exclude decision 0.28; unreported source of income 0.10; other 0.08",683,252,411,935,0.7304812834224599,0.7011394836342876,0.7579368930409683,0.2695187165775401,411,0.30534918276374445,1346,257249.0
2-3,homeless <=   0.500 & rawben_rel_max <=   0.688 & total_deductions_by_hh_size > 249.000,train_2022_23,2718,583,950,311,950,0.3273684210526316,0.29827556181673154,0.35785182872693944,149,950,0.1568421052631579,0.13510453296550953,0.18134381652983647,207,950,0.21789473684210525,0.19280794254227868,0.24525389078518367,64,950,0.06736842105263158,0.05310822972946605,0.08511346242570941,43,950,0.045263157894736845,0.03377543885021485,0.06041378502091847,52,950,0.05473684210526316,0.041983600665608425,0.07107668104154295,124,950,0.13052631578947368,0.11058326389232555,0.15344548050297027,237,950,0.24947368421052632,0.22300334352128665,0.2779620159262359,292,950,0.30736842105263157,0.27885210608440864,0.33743638458322417,96,950,0.10105263157894737,0.083464496071095,0.12185429061214466,67,950,0.07052631578947369,0.055915759347617174,0.08859628541956432,82,950,0.0863157894736842,0.07008200236741764,0.10588180545979393,57,950,0.06,0.04659674245418227,0.07694746027297913,2,950,0.002105263157894737,0.0005775169811057398,0.007643554525945324,21,950,0.022105263157894735,0.01450288944553997,0.03355708193754921,3,950,0.003157894736842105,0.001074518361442939,0.009243337349610133,93,950,0.09789473684210526,0.08058548275495298,0.11844295131628066,563,950,0.5926315789473684,0.5610742697293171,0.6234427402228594,96,950,0.10105263157894737,0.083464496071095,0.12185429061214466,290,950,0.30526315789473685,0.2768112135752057,0.3352837086844232,494,950,0.52,0.4882134369147039,0.5516254629613342,427,950,0.4494736842105263,0.4181076473100425,0.48124671089786114,2,950,0.002105263157894737,0.0005775169811057398,0.007643554525945324,0,950,0.0,0.0,0.0040275030990470535,27,950,0.028421052631578948,0.019604932436986383,0.04103574417011484,359,950,0.3778947368421053,0.3476120335942116,0.4091609987415557,311 0.29; 363 0.22; 364 0.07; 150 0.06; 350 0.05; 365 0.05; 323 0.04,7,53 0.16; 38 0.15; 52 0.12; 35 0.10; 99 0.10; 44 0.09; 13 0.03; 41 0.03,8,earned income 0.33; shelter deduction 0.22; unearned income 0.16; other element 0.13,"wrong include/exclude decision 0.31; wrong amount, known item 0.25; unreported source of income 0.10; other 0.10",422,161,258,583,0.7238421955403087,0.6861732318851095,0.7585805142705822,0.27615780445969124,258,0.30677764565992865,841,159753.0
2-3,homeless <=   0.500 & rawben_rel_max <=   0.688 & total_deductions_by_hh_size > 249.000,test_2024,1535,352,537,189,537,0.35195530726256985,0.31274300730106275,0.3932707312870932,90,537,0.16759776536312848,0.13839133953977184,0.2015262999317481,133,537,0.24767225325884543,0.21304036995383047,0.2858887065077435,16,537,0.0297951582867784,0.018421625298408253,0.047848424934414074,13,537,0.024208566108007448,0.014201100719180496,0.04097512832828922,41,537,0.07635009310986965,0.0567768883634478,0.10194167174731292,55,537,0.10242085661080075,0.07953572011370927,0.13095400552869693,211,537,0.3929236499068901,0.35251515916575576,0.43485326811498587,120,537,0.22346368715083798,0.19026507687166805,0.2605907744533779,60,537,0.11173184357541899,0.08779582621818023,0.14118360139981362,42,537,0.0782122905027933,0.058381341750031804,0.10403515875584644,28,537,0.0521415270018622,0.036318196634080965,0.07432713834015178,22,537,0.040968342644320296,0.027208051251440456,0.06124964135208708,22,537,0.040968342644320296,0.027208051251440456,0.06124964135208708,4,537,0.0074487895716946,0.0029003442049021985,0.018994421286509702,1,537,0.00186219739292365,0.00032879077560053847,0.010472153530458758,27,537,0.05027932960893855,0.03478194007385207,0.07216545450526315,315,528,0.5965909090909091,0.5541931349569166,0.6375932916783823,45,528,0.08522727272727272,0.06430417258339167,0.11214234833561877,166,528,0.3143939393939394,0.2762534536021522,0.35521576580452824,293,537,0.5456238361266295,0.5033346551668476,0.587264884513532,217,537,0.40409683426443205,0.363415180455994,0.44614088919545297,1,537,0.00186219739292365,0.00032879077560053847,0.010472153530458758,18,537,0.0335195530726257,0.021305970812890956,0.05235996021016644,8,537,0.0148975791433892,0.007567648549603312,0.029118878522278735,209,528,0.3958333333333333,0.35501664902614144,0.43815485166128126,311 0.32; 363 0.25; 150 0.07; 323 0.06; 350 0.05; 331 0.04,6,38 0.15; 56 0.13; 35 0.11; 52 0.08; 53 0.07; 44 0.06; 57 0.05; 99 0.05; 37 0.04,9,earned income 0.35; shelter deduction 0.25; unearned income 0.17,"wrong amount, known item 0.39; wrong include/exclude decision 0.22; unreported source of income 0.11; household composition 0.08",261,91,153,352,0.7414772727272727,0.6933046383997201,0.7844360192412076,0.2585227272727273,153,0.30297029702970296,505,97496.0
2-3,total_deductions_by_hh_size > 257.000 & unc_rawben_rel_max <=   0.721 & utilities >  89.500,all_2022_24,4164,918,1458,496,1458,0.3401920438957476,0.3163212138443093,0.36490279838793244,253,1458,0.17352537722908093,0.15495095165517048,0.19381569994374415,327,1458,0.2242798353909465,0.20360987423239485,0.2463989365717305,63,1458,0.043209876543209874,0.0339180757492291,0.05490249140387421,59,1458,0.04046639231824417,0.031500641271008004,0.051847376735867715,92,1458,0.06310013717421124,0.051731213042305844,0.07676533542094761,168,1458,0.11522633744855967,0.09983820287746986,0.13263677936410814,454,1458,0.3113854595336077,0.28813800089703945,0.3356242452998125,394,1458,0.27023319615912206,0.24806401619301685,0.2936099928104209,161,1458,0.11042524005486969,0.09534955535183057,0.12754846588384913,97,1458,0.06652949245541838,0.05484286047019943,0.08049437442583854,102,1458,0.06995884773662552,0.057964113443149556,0.08421380788567293,83,1458,0.05692729766803841,0.046156847359322344,0.070026465524919,22,1458,0.015089163237311385,0.009985490760479594,0.02274144764379074,25,1458,0.017146776406035666,0.011640884452592799,0.02519046581134824,4,1458,0.0027434842249657062,0.0010673715285293402,0.007033095717716765,116,1458,0.07956104252400549,0.06674952678788723,0.09458231655273189,862,1452,0.59366391184573,0.5681858489717065,0.6186476636851649,138,1452,0.09504132231404959,0.08100703914625237,0.11121277377845043,449,1452,0.30922865013774103,0.28598532766802187,0.3334787678764385,776,1458,0.532235939643347,0.5065728000702582,0.5577296523979162,632,1458,0.4334705075445816,0.4082410413587452,0.45904964184523517,3,1458,0.00205761316872428,0.0007000028082262038,0.006032327151462999,15,1458,0.0102880658436214,0.006244490154753046,0.01690548724361898,32,1458,0.02194787379972565,0.015589067543979748,0.030819243725859605,559,1452,0.3849862258953168,0.3602922494624714,0.41028718720151724,311 0.30; 363 0.22; 150 0.06; 323 0.05; 350 0.05; 364 0.04; 365 0.04,7,38 0.15; 53 0.13; 35 0.11; 52 0.10; 99 0.08; 44 0.08; 56 0.05; 37 0.03; 13 0.03,9,earned income 0.34; shelter deduction 0.22; unearned income 0.17; other element 0.12,"wrong amount, known item 0.31; wrong include/exclude decision 0.27; unreported source of income 0.11; other 0.08",676,242,387,918,0.7363834422657952,0.7069389034209346,0.763857814800504,0.2636165577342048,387,0.296551724137931,1305,250546.0
2-3,total_deductions_by_hh_size > 257.000 & unc_rawben_rel_max <=   0.721 & utilities >  89.500,train_2022_23,2654,564,918,303,918,0.3300653594771242,0.30040930085213446,0.3611377588596424,155,918,0.16884531590413943,0.1460028192388389,0.1944478612251367,198,918,0.21568627450980393,0.19029347972474953,0.24344871633149268,50,918,0.054466230936819175,0.04155597515173674,0.0710898416567041,45,918,0.049019607843137254,0.036834906614223735,0.06496305954395352,53,918,0.05773420479302832,0.044408131335192995,0.07474639586340596,114,918,0.12418300653594772,0.10440211301627801,0.14709619211553643,235,918,0.2559912854030501,0.22881703208833665,0.2851992587798558,278,918,0.3028322440087146,0.2739807167577262,0.33332708970273295,99,918,0.10784313725490197,0.08938707684586011,0.1295676763351636,56,918,0.06100217864923747,0.047273527983247285,0.07838970960550982,76,918,0.08278867102396514,0.0666536974197694,0.10240094277004197,59,918,0.06427015250544663,0.050151195490599834,0.08202075248831543,3,918,0.0032679738562091504,0.001111994874888533,0.00956402582107485,20,918,0.02178649237472767,0.014146882088503173,0.03341183081835632,3,918,0.0032679738562091504,0.001111994874888533,0.00956402582107485,89,918,0.09694989106753812,0.0794547578492299,0.11780429403126672,541,918,0.5893246187363834,0.5571920913056602,0.6207126593586622,94,918,0.10239651416122005,0.08441244699908022,0.12369445553167994,282,918,0.30718954248366015,0.2782012695651854,0.3377848174154845,480,918,0.5228758169934641,0.49053679088283975,0.5550241818482673,412,918,0.44880174291938996,0.41690669979814887,0.48112350408937354,2,918,0.002178649237472767,0.0005976551498451167,0.007908795416065555,0,918,0.0,0.0,0.004167310305805248,24,918,0.026143790849673203,0.01763038893073987,0.038606604496330466,348,918,0.3790849673202614,0.34826548710790073,0.4109122284562481,311 0.29; 363 0.22; 364 0.05; 150 0.05; 365 0.05; 350 0.05; 323 0.05,7,53 0.16; 38 0.15; 52 0.12; 35 0.11; 99 0.10; 44 0.09; 41 0.03,7,earned income 0.33; shelter deduction 0.22; unearned income 0.17; other element 0.12,"wrong include/exclude decision 0.30; wrong amount, known item 0.26; unreported source of income 0.11; other 0.10",415,149,243,564,0.7358156028368794,0.6979207683660882,0.7705197263070742,0.2641843971631206,243,0.30111524163568776,807,152045.0
2-3,total_deductions_by_hh_size > 257.000 & unc_rawben_rel_max <=   0.721 & utilities >  89.500,test_2024,1510,354,540,193,540,0.3574074074074074,0.3181239159282523,0.39870539613614286,98,540,0.1814814814814815,0.15126046142845595,0.21620241746863467,129,540,0.2388888888888889,0.20484805601249945,0.27661860633918534,13,540,0.024074074074074074,0.014121910147205635,0.040749949600191404,14,540,0.025925925925925925,0.015505080684031202,0.04304432046512693,39,540,0.07222222222222222,0.053279210094112364,0.09720872609907329,54,540,0.1,0.07745374213091771,0.12819731508868448,219,540,0.40555555555555556,0.3649505134146639,0.44749487509552,116,540,0.21481481481481482,0.18225318143765196,0.25140544269113846,62,540,0.11481481481481481,0.09060400044336862,0.14446738799032235,41,540,0.07592592592592592,0.05645866078595399,0.10138435821075387,26,540,0.04814814814814815,0.03306642018611193,0.06961347778417942,24,540,0.044444444444444446,0.030045663208441514,0.06527915195832765,19,540,0.03518518518518519,0.02263891769403522,0.05429819046392843,5,540,0.009259259259259259,0.00396124471441759,0.021490283818890638,1,540,0.001851851851851852,0.00032696374195914993,0.010414399184304673,27,540,0.05,0.03458743728657325,0.0717700020854792,321,534,0.601123595505618,0.5590112459503245,0.6417913695409281,44,534,0.08239700374531835,0.06195043177269188,0.10880913758750635,167,534,0.31273408239700373,0.27486752390684577,0.353275780738983,296,540,0.5481481481481482,0.5059786778068043,0.5896373986389845,220,540,0.4074074074074074,0.36675986343404454,0.44936306647790036,1,540,0.001851851851851852,0.00032696374195914993,0.010414399184304673,15,540,0.027777777777777776,0.016904543233252446,0.045322399317666795,8,540,0.014814814814814815,0.00752550178132232,0.028958650957269207,211,534,0.3951310861423221,0.3545562098551498,0.4372040407465144,311 0.33; 363 0.24; 150 0.06; 323 0.06; 350 0.06; 331 0.04,6,38 0.15; 56 0.13; 35 0.11; 52 0.07; 53 0.07; 44 0.06; 57 0.05; 99 0.05; 37 0.05,9,earned income 0.36; shelter deduction 0.24; unearned income 0.18,"wrong amount, known item 0.41; wrong include/exclude decision 0.21; unreported source of income 0.11; household composition 0.08",261,93,144,354,0.7372881355932204,0.6890691869805387,0.7804122819151963,0.2627118644067797,144,0.2891566265060241,498,98501.0
2-3,cat_elig >   0.50 & unc_rawben_rel_max >   1.63 & utilities <= 873.00,all_2022_24,146,70,103,21,103,0.20388349514563106,0.13739723831977257,0.2916641010836059,49,103,0.47572815533980584,0.3818982496802315,0.5713034994511932,17,103,0.1650485436893204,0.1056773773482109,0.24850676066544677,3,103,0.02912621359223301,0.009954187460887338,0.08215974568874726,3,103,0.02912621359223301,0.009954187460887338,0.08215974568874726,5,103,0.04854368932038835,0.020910505724241017,0.108642028120254,5,103,0.04854368932038835,0.020910505724241017,0.108642028120254,24,103,0.23300970873786409,0.16187497360880482,0.32334426683686435,39,103,0.3786407766990291,0.29092567626448873,0.4750830693926337,15,103,0.14563106796116504,0.09028388487703763,0.22646165244175953,4,103,0.038834951456310676,0.015203743545083998,0.09562948995198081,6,103,0.05825242718446602,0.026968129757982066,0.12130370443394317,5,103,0.04854368932038835,0.020910505724241017,0.108642028120254,1,103,0.009708737864077669,0.0017158473082714565,0.05295948514650271,0,103,0.0,0.0,0.03595603210734395,0,103,0.0,0.0,0.03595603210734395,9,103,0.08737864077669903,0.04665069238646754,0.15777904284774835,56,103,0.5436893203883495,0.44765761687698924,0.6365792346864467,7,103,0.06796116504854369,0.03330731523877016,0.13368381930058532,40,103,0.3883495145631068,0.2998604961029176,0.484867549901635,54,103,0.5242718446601942,0.428696500548807,0.6181017503197686,43,103,0.4174757281553398,0.32688581020320867,0.5140001368436345,0,103,0.0,0.0,0.03595603210734395,1,103,0.009708737864077669,0.0017158473082714565,0.05295948514650271,5,103,0.04854368932038835,0.020910505724241017,0.108642028120254,41,103,0.39805825242718446,0.30883242526006155,0.49461492109192123,331 0.22; 311 0.20; 363 0.17; 333 0.09; 342 0.05; 323 0.05,6,37 0.23; 38 0.18; 35 0.15; 99 0.09; 52 0.08; 53 0.07,6,unearned income 0.48; earned income 0.20; shelter deduction 0.17,"wrong include/exclude decision 0.38; wrong amount, known item 0.23; unreported source of income 0.15",67,3,6,70,0.9571428571428572,0.8814013892581987,0.9853187251488564,0.04285714285714286,6,0.07894736842105263,76,30009.0
2-3,cat_elig >   0.50 & unc_rawben_rel_max >   1.63 & utilities <= 873.00,train_2022_23,100,52,71,16,71,0.22535211267605634,0.1437454836103039,0.33515395199770026,35,71,0.49295774647887325,0.3800495431702562,0.6065889038966157,11,71,0.15492957746478872,0.08877213299311604,0.2565117732836071,3,71,0.04225352112676056,0.014472998249826653,0.11702606109684685,2,71,0.028169014084507043,0.007759100870383076,0.09701685261003423,1,71,0.014084507042253521,0.0024905391347781955,0.07556230847938292,3,71,0.04225352112676056,0.014472998249826653,0.11702606109684685,16,71,0.22535211267605634,0.1437454836103039,0.33515395199770026,25,71,0.352112676056338,0.25122584561603256,0.4681815427882774,11,71,0.15492957746478872,0.08877213299311604,0.2565117732836071,2,71,0.028169014084507043,0.007759100870383076,0.09701685261003423,5,71,0.07042253521126761,0.03045315340626454,0.1544921176729214,5,71,0.07042253521126761,0.03045315340626454,0.1544921176729214,1,71,0.014084507042253521,0.0024905391347781955,0.07556230847938292,0,71,0.0,0.0,0.05132974174790491,0,71,0.0,0.0,0.05132974174790491,6,71,0.08450704225352113,0.039305972354112026,0.17236240459133007,39,71,0.5492957746478874,0.4340086039234117,0.6595222666084852,5,71,0.07042253521126761,0.03045315340626454,0.1544921176729214,27,71,0.38028169014084506,0.27627002252580524,0.4965835776110171,38,71,0.5352112676056338,0.4203903355696419,0.6464174290959985,28,71,0.39436619718309857,0.28893226488668644,0.5106444411163921,0,71,0.0,0.0,0.05132974174790491,0,71,0.0,0.0,0.05132974174790491,5,71,0.07042253521126761,0.03045315340626454,0.1544921176729214,30,71,0.4225352112676056,0.3145283047701463,0.5384946129654448,311 0.23; 331 0.23; 363 0.15; 333 0.10; 342 0.06,5,38 0.23; 37 0.21; 35 0.15; 99 0.08; 52 0.08,5,unearned income 0.49; earned income 0.23; shelter deduction 0.15,"wrong include/exclude decision 0.35; wrong amount, known item 0.23; unreported source of income 0.15; other 0.08",50,2,4,52,0.9615384615384616,0.8701857125563401,0.9893885116779224,0.038461538461538464,4,0.07142857142857142,56,17710.0
2-3,cat_elig >   0.50 & unc_rawben_rel_max >   1.63 & utilities <= 873.00,test_2024,46,18,32,5,32,0.15625,0.06864319106627216,0.31754492553566527,14,32,0.4375,0.2816508596944317,0.6067469796877387,6,32,0.1875,0.08889423936162782,0.3530949575492244,0,32,0.0,0.0,0.1071827150573635,1,32,0.03125,0.005537717362550945,0.15744607800372734,4,32,0.125,0.04970053844474301,0.2806864978482796,2,32,0.0625,0.017310203195157234,0.2014746724800358,8,32,0.25,0.1325224398262155,0.42106891770246624,14,32,0.4375,0.2816508596944317,0.6067469796877387,4,32,0.125,0.04970053844474301,0.2806864978482796,2,32,0.0625,0.017310203195157234,0.2014746724800358,1,32,0.03125,0.005537717362550945,0.15744607800372734,0,32,0.0,0.0,0.1071827150573635,0,32,0.0,0.0,0.1071827150573635,0,32,0.0,0.0,0.1071827150573635,0,32,0.0,0.0,0.1071827150573635,3,32,0.09375,0.032400962626319516,0.24218499335778831,17,32,0.53125,0.3644923793257382,0.6913087009831766,2,32,0.0625,0.017310203195157234,0.2014746724800358,13,32,0.40625,0.255194024803138,0.5774027342701177,16,32,0.5,0.33630614316859386,0.6636938568314061,15,32,0.46875,0.30869129901682335,0.6355076206742619,0,32,0.0,0.0,0.1071827150573635,1,32,0.03125,0.005537717362550945,0.15744607800372734,0,32,0.0,0.0,0.1071827150573635,11,32,0.34375,0.20410233354328552,0.5168922649121406,331 0.22; 363 0.19; 311 0.16; 323 0.12; 346 0.09,5,37 0.28; 35 0.12; 99 0.09; 53 0.09; 57 0.09; 38 0.09,6,unearned income 0.44; shelter deduction 0.19; earned income 0.16,"wrong include/exclude decision 0.44; wrong amount, known item 0.25; unreported source of income 0.12",17,1,2,18,0.9444444444444444,0.7424220019799247,0.9901250641690756,0.05555555555555555,2,0.1,20,12299.0
2-3,cat_elig >  0.50 & unc_rawben_rel_max >  1.52 & utilities > 39.00,all_2022_24,253,102,142,34,142,0.23943661971830985,0.176701506561674,0.3158986843303622,67,142,0.47183098591549294,0.39154906128510736,0.5535969052978154,20,142,0.14084507042253522,0.09306085211498924,0.20755022181727698,2,142,0.014084507042253521,0.0038709351215819483,0.04989698843383708,6,142,0.04225352112676056,0.019506519874938975,0.0891154370975572,7,142,0.04929577464788732,0.024080963350659727,0.09825450197610572,6,142,0.04225352112676056,0.019506519874938975,0.0891154370975572,36,142,0.2535211267605634,0.18911141381614543,0.3309157937844293,51,142,0.3591549295774648,0.2849132817662331,0.44081655114838103,20,142,0.14084507042253522,0.09306085211498924,0.20755022181727698,5,142,0.035211267605633804,0.015131966133144728,0.07977648248508216,9,142,0.06338028169014084,0.033699289202541324,0.11606319283276272,5,142,0.035211267605633804,0.015131966133144728,0.07977648248508216,2,142,0.014084507042253521,0.0038709351215819483,0.04989698843383708,0,142,0.0,0.0,0.02634090684688045,0,142,0.0,0.0,0.02634090684688045,14,142,0.09859154929577464,0.059639790254579064,0.1586902335520714,78,142,0.5492957746478874,0.4672327915920091,0.628761766887876,13,142,0.09154929577464789,0.054282468943980436,0.15033404650840076,51,142,0.3591549295774648,0.2849132817662331,0.44081655114838103,81,142,0.5704225352112676,0.4882056455048774,0.6489294380378157,54,142,0.38028169014084506,0.30458316031697674,0.46228719766044524,0,142,0.0,0.0,0.02634090684688045,1,142,0.007042253521126761,0.0012441822045132188,0.03881023299663651,6,142,0.04225352112676056,0.019506519874938975,0.0891154370975572,59,142,0.4154929577464789,0.337706015033418,0.49773188471535046,311 0.22; 331 0.21; 363 0.14; 333 0.08; 346 0.06; 323 0.04,6,37 0.23; 38 0.19; 35 0.14; 99 0.10; 52 0.07; 53 0.06,6,unearned income 0.47; earned income 0.24; shelter deduction 0.14,"wrong include/exclude decision 0.36; wrong amount, known item 0.25; unreported source of income 0.14",98,4,10,102,0.9607843137254902,0.9034734282412418,0.9846461769045611,0.0392156862745098,10,0.08928571428571429,112,42351.0
2-3,cat_elig >  0.50 & unc_rawben_rel_max >  1.52 & utilities > 39.00,train_2022_23,161,70,90,23,90,0.25555555555555554,0.17674636135607297,0.35437842765008193,45,90,0.5,0.39883544540986604,0.601164554590134,12,90,0.13333333333333333,0.07794605243571105,0.2187411310735215,2,90,0.022222222222222223,0.006115313794863603,0.07744677380807581,3,90,0.03333333333333333,0.011400183632439498,0.09347441356112923,1,90,0.011111111111111112,0.00196403353551235,0.06028554447679775,4,90,0.044444444444444446,0.01741696001324882,0.1087701467709492,24,90,0.26666666666666666,0.18623692042961365,0.3662003781671706,29,90,0.32222222222222224,0.23466628727198596,0.42433355927794497,13,90,0.14444444444444443,0.08639907001192244,0.23160062308793938,3,90,0.03333333333333333,0.011400183632439498,0.09347441356112923,6,90,0.06666666666666667,0.030909506550389258,0.1379026194150674,5,90,0.05555555555555555,0.023960618284343184,0.12353899809048416,2,90,0.022222222222222223,0.006115313794863603,0.07744677380807581,0,90,0.0,0.0,0.04093706842168078,0,90,0.0,0.0,0.04093706842168078,8,90,0.08888888888888889,0.04572994532477847,0.16570719982193682,49,90,0.5444444444444444,0.4418444949284148,0.6434055434341024,10,90,0.1111111111111111,0.0614825297021024,0.19257963462587152,31,90,0.34444444444444444,0.2544576592146297,0.44716720651655983,54,90,0.6,0.4967011780834921,0.6951114082321718,31,90,0.34444444444444444,0.2544576592146297,0.44716720651655983,0,90,0.0,0.0,0.04093706842168078,0,90,0.0,0.0,0.04093706842168078,5,90,0.05555555555555555,0.023960618284343184,0.12353899809048416,41,90,0.45555555555555555,0.3565944565658975,0.5581555050715851,311 0.23; 331 0.22; 363 0.13; 333 0.10; 350 0.04; 346 0.04,6,38 0.26; 37 0.21; 35 0.14; 99 0.09; 52 0.07,5,unearned income 0.50; earned income 0.26,"wrong include/exclude decision 0.32; wrong amount, known item 0.27; unreported source of income 0.14; other 0.09",67,3,7,70,0.9571428571428572,0.8814013892581987,0.9853187251488564,0.04285714285714286,7,0.09090909090909091,77,23324.0
2-3,cat_elig >  0.50 & unc_rawben_rel_max >  1.52 & utilities > 39.00,test_2024,92,32,52,11,52,0.21153846153846154,0.12244245849448492,0.34032365135910086,22,52,0.4230769230769231,0.29867847908860445,0.558059150205685,8,52,0.15384615384615385,0.08007589590882647,0.2752434359154765,0,52,0.0,0.0,0.06879459041288215,3,52,0.057692307692307696,0.019813812690573196,0.15642755575159178,6,52,0.11538461538461539,0.05396895756082726,0.22971918891062054,2,52,0.038461538461538464,0.010611488322077554,0.12981428744365978,12,52,0.23076923076923078,0.13724127341871611,0.3613404291112973,22,52,0.4230769230769231,0.29867847908860445,0.558059150205685,7,52,0.1346153846153846,0.06676796994292626,0.2527357692049491,2,52,0.038461538461538464,0.010611488322077554,0.12981428744365978,3,52,0.057692307692307696,0.019813812690573196,0.15642755575159178,0,52,0.0,0.0,0.06879459041288215,0,52,0.0,0.0,0.06879459041288215,0,52,0.0,0.0,0.06879459041288215,0,52,0.0,0.0,0.06879459041288215,6,52,0.11538461538461539,0.05396895756082726,0.22971918891062054,29,52,0.5576923076923077,0.42339524991516386,0.6840515281141191,3,52,0.057692307692307696,0.019813812690573196,0.15642755575159178,20,52,0.38461538461538464,0.26470271334885215,0.5204037305925822,27,52,0.5192307692307693,0.3868545397052721,0.6489610529711556,23,52,0.4423076923076923,0.31594847188588093,0.5766047500848361,0,52,0.0,0.0,0.06879459041288215,1,52,0.019230769230769232,0.0034027204090655225,0.10120746268024422,1,52,0.019230769230769232,0.0034027204090655225,0.10120746268024422,18,52,0.34615384615384615,0.23150828073938617,0.4819669778491929,331 0.19; 311 0.19; 363 0.15; 346 0.10; 323 0.10; 365 0.06,6,37 0.25; 35 0.13; 99 0.12; 38 0.08; 57 0.08; 52 0.08; 53 0.08,7,unearned income 0.42; earned income 0.21; shelter deduction 0.15,"wrong include/exclude decision 0.42; wrong amount, known item 0.23; unreported source of income 0.13",31,1,3,32,0.96875,0.8425539219962727,0.9944622826374491,0.03125,3,0.08571428571428572,35,19027.0
4+,months_since_cert_n >   4.500 & rawben_rel_max <=   0.611 & total_deductions_by_hh_size >   0.600 & utilities > 984.000,all_2022_24,75,27,27,19,27,0.7037037037037037,0.515189666191624,0.8414714668235244,4,27,0.14814814814814814,0.059158318596448906,0.32479063346829484,2,27,0.07407407407407407,0.020554221697383523,0.2336997729073062,0,27,0.0,6.938893903907228e-18,0.12455903714463581,0,27,0.0,6.938893903907228e-18,0.12455903714463581,0,27,0.0,6.938893903907228e-18,0.12455903714463581,2,27,0.07407407407407407,0.020554221697383523,0.2336997729073062,14,27,0.5185185185185185,0.3398532458621043,0.6925704935029092,4,27,0.14814814814814814,0.059158318596448906,0.32479063346829484,4,27,0.14814814814814814,0.059158318596448906,0.32479063346829484,2,27,0.07407407407407407,0.020554221697383523,0.2336997729073062,2,27,0.07407407407407407,0.020554221697383523,0.2336997729073062,0,27,0.0,6.938893903907228e-18,0.12455903714463581,0,27,0.0,6.938893903907228e-18,0.12455903714463581,0,27,0.0,6.938893903907228e-18,0.12455903714463581,0,27,0.0,6.938893903907228e-18,0.12455903714463581,1,27,0.037037037037037035,0.006567976533097597,0.1828385393415652,15,27,0.5555555555555556,0.37312719479576884,0.7241440232992717,2,27,0.07407407407407407,0.020554221697383523,0.2336997729073062,10,27,0.37037037037037035,0.21532287067936856,0.5577109537655369,13,27,0.48148148148148145,0.3074295064970908,0.6601467541378958,13,27,0.48148148148148145,0.3074295064970908,0.6601467541378958,0,27,0.0,6.938893903907228e-18,0.12455903714463581,0,27,0.0,6.938893903907228e-18,0.12455903714463581,1,27,0.037037037037037035,0.006567976533097597,0.1828385393415652,11,27,0.4074074074074074,0.24514513372857344,0.5927361694463591,311 0.67; 350 0.07; 363 0.07,3,38 0.37; 44 0.15; 35 0.15; 53 0.07; 41 0.07,5,earned income 0.70; unearned income 0.15,"wrong amount, known item 0.52; wrong include/exclude decision 0.15; unreported source of income 0.15",20,7,4,27,0.7407407407407407,0.553210695973843,0.8682979157713322,0.25925925925925924,4,0.12903225806451613,31,6965.0
4+,months_since_cert_n >   4.500 & rawben_rel_max <=   0.611 & total_deductions_by_hh_size >   0.600 & utilities > 984.000,train_2022_23,34,18,18,12,18,0.6666666666666666,0.4374906934425036,0.8372144563633714,4,18,0.2222222222222222,0.09000781913382,0.4521502645230549,2,18,0.1111111111111111,0.031018868453582787,0.3280024486660421,0,18,0.0,0.0,0.1758845505823749,0,18,0.0,0.0,0.1758845505823749,0,18,0.0,0.0,0.1758845505823749,0,18,0.0,0.0,0.1758845505823749,12,18,0.6666666666666666,0.4374906934425036,0.8372144563633714,3,18,0.16666666666666666,0.05836470400465757,0.39222499638359243,2,18,0.1111111111111111,0.031018868453582787,0.3280024486660421,0,18,0.0,0.0,0.1758845505823749,0,18,0.0,0.0,0.1758845505823749,0,18,0.0,0.0,0.1758845505823749,0,18,0.0,0.0,0.1758845505823749,0,18,0.0,0.0,0.1758845505823749,0,18,0.0,0.0,0.1758845505823749,1,18,0.05555555555555555,0.009874935830924525,0.2575779980200754,13,18,0.7222222222222222,0.49126922453805477,0.8750043085364452,1,18,0.05555555555555555,0.009874935830924525,0.2575779980200754,4,18,0.2222222222222222,0.09000781913382,0.4521502645230549,8,18,0.4444444444444444,0.24559231101389126,0.6628393057174837,9,18,0.5,0.2903070395897999,0.7096929604102,0,18,0.0,0.0,0.1758845505823749,0,18,0.0,0.0,0.1758845505823749,1,18,0.05555555555555555,0.009874935830924525,0.2575779980200754,7,18,0.3888888888888889,0.20304991926931162,0.6138133141934384,311 0.61; 350 0.11; 363 0.11,3,38 0.44; 44 0.22; 35 0.11,3,earned income 0.67; unearned income 0.22,"wrong amount, known item 0.67; wrong include/exclude decision 0.17",13,5,2,18,0.7222222222222222,0.49126922453805477,0.8750043085364452,0.2777777777777778,2,0.1,20,3565.0
4+,months_since_cert_n >   4.500 & rawben_rel_max <=   0.611 & total_deductions_by_hh_size >   0.600 & utilities > 984.000,test_2024,41,9,9,7,9,0.7777777777777778,0.4525833436728054,0.9367762376877727,0,9,0.0,0.0,0.2991527535509594,0,9,0.0,0.0,0.2991527535509594,0,9,0.0,0.0,0.2991527535509594,0,9,0.0,0.0,0.2991527535509594,0,9,0.0,0.0,0.2991527535509594,2,9,0.2222222222222222,0.06322376231222723,0.5474166563271946,2,9,0.2222222222222222,0.06322376231222723,0.5474166563271946,1,9,0.1111111111111111,0.019890371327130535,0.4350062147680601,2,9,0.2222222222222222,0.06322376231222723,0.5474166563271946,2,9,0.2222222222222222,0.06322376231222723,0.5474166563271946,2,9,0.2222222222222222,0.06322376231222723,0.5474166563271946,0,9,0.0,0.0,0.2991527535509594,0,9,0.0,0.0,0.2991527535509594,0,9,0.0,0.0,0.2991527535509594,0,9,0.0,0.0,0.2991527535509594,0,9,0.0,0.0,0.2991527535509594,2,9,0.2222222222222222,0.06322376231222723,0.5474166563271946,1,9,0.1111111111111111,0.019890371327130535,0.4350062147680601,6,9,0.6666666666666666,0.35419734749908977,0.879418401317257,5,9,0.5555555555555556,0.2666473457440297,0.811224570528086,4,9,0.4444444444444444,0.188775429471914,0.7333526542559703,0,9,0.0,0.0,0.2991527535509594,0,9,0.0,0.0,0.2991527535509594,0,9,0.0,0.0,0.2991527535509594,4,9,0.4444444444444444,0.188775429471914,0.7333526542559703,311 0.78,1,41 0.22; 35 0.22; 38 0.22; 32 0.11,4,earned income 0.78,"change in circumstances 0.22; unreported source of income 0.22; wrong amount, known item 0.22; household composition 0.22",7,2,2,9,0.7777777777777778,0.4525833436728054,0.9367762376877727,0.2222222222222222,2,0.18181818181818182,11,3400.0
2-3,months_since_cert_n >=  12.0 & shelter_expenses_by_hh_size >= 399.0 & unc_rawben_rel_max >=   1.4,all_2022_24,58,29,50,9,50,0.18,0.0977008273245379,0.3079631945470261,20,50,0.4,0.2760818978624575,0.5381881089724063,7,50,0.14,0.06950745262022862,0.2618645719852809,2,50,0.04,0.011038652660826577,0.13460337877954667,4,50,0.08,0.031549003255790686,0.18838502545063704,0,50,0.0,0.0,0.07135003417431873,8,50,0.16,0.08337321362087696,0.2851448096176598,9,50,0.18,0.0977008273245379,0.3079631945470261,20,50,0.4,0.2760818978624575,0.5381881089724063,5,50,0.1,0.04347512399157111,0.2136049033478839,2,50,0.04,0.011038652660826577,0.13460337877954667,6,50,0.12,0.05617523710624646,0.23805078886623582,2,50,0.04,0.011038652660826577,0.13460337877954667,0,50,0.0,0.0,0.07135003417431873,2,50,0.04,0.011038652660826577,0.13460337877954667,0,50,0.0,0.0,0.07135003417431873,4,50,0.08,0.031549003255790686,0.18838502545063704,15,50,0.3,0.1910338908960936,0.4375061227736339,2,50,0.04,0.011038652660826577,0.13460337877954667,33,50,0.66,0.5215356854148285,0.7756323036493895,31,50,0.62,0.4815019502239357,0.7413740415742278,17,50,0.34,0.2243676963506106,0.47846431458517147,0,50,0.0,0.0,0.07135003417431873,1,50,0.02,0.0035391680889764604,0.10495686471836953,1,50,0.02,0.0035391680889764604,0.10495686471836953,18,50,0.36,0.24138562967182875,0.49859237989698046,331 0.20; 363 0.14; 333 0.12; 311 0.12; 365 0.08; 364 0.04; 372 0.04; 520 0.04,8,37 0.22; 53 0.14; 38 0.12; 35 0.10; 39 0.10; 99 0.08,6,unearned income 0.40; earned income 0.18; other element 0.16; shelter deduction 0.14,"wrong include/exclude decision 0.40; wrong amount, known item 0.18; change in circumstances 0.12; unreported source of income 0.10",28,1,4,29,0.9655172413793104,0.8282410893529976,0.9938869433859677,0.034482758620689655,4,0.12121212121212122,33,17162.0
2-3,months_since_cert_n >=  12.0 & shelter_expenses_by_hh_size >= 399.0 & unc_rawben_rel_max >=   1.4,train_2022_23,37,19,32,9,32,0.28125,0.15564406845647866,0.4537483693811179,11,32,0.34375,0.20410233354328552,0.5168922649121406,3,32,0.09375,0.032400962626319516,0.24218499335778831,1,32,0.03125,0.005537717362550945,0.15744607800372734,2,32,0.0625,0.017310203195157234,0.2014746724800358,0,32,0.0,0.0,0.1071827150573635,6,32,0.1875,0.08889423936162782,0.3530949575492244,4,32,0.125,0.04970053844474301,0.2806864978482796,12,32,0.375,0.2293366846595921,0.5474589941047487,4,32,0.125,0.04970053844474301,0.2806864978482796,0,32,0.0,0.0,0.1071827150573635,6,32,0.1875,0.08889423936162782,0.3530949575492244,2,32,0.0625,0.017310203195157234,0.2014746724800358,0,32,0.0,0.0,0.1071827150573635,2,32,0.0625,0.017310203195157234,0.2014746724800358,0,32,0.0,0.0,0.1071827150573635,2,32,0.0625,0.017310203195157234,0.2014746724800358,6,32,0.1875,0.08889423936162782,0.3530949575492244,2,32,0.0625,0.017310203195157234,0.2014746724800358,24,32,0.75,0.5789310822975338,0.8674775601737845,18,32,0.5625,0.3932530203122613,0.7183491403055682,13,32,0.40625,0.255194024803138,0.5774027342701177,0,32,0.0,0.0,0.1071827150573635,0,32,0.0,0.0,0.1071827150573635,1,32,0.03125,0.005537717362550945,0.15744607800372734,9,32,0.28125,0.15564406845647866,0.4537483693811179,311 0.19; 333 0.16; 331 0.09; 363 0.09; 365 0.06; 372 0.06; 520 0.06; 371 0.06,8,37 0.16; 53 0.16; 39 0.16; 35 0.12; 38 0.12; 52 0.06,6,unearned income 0.34; earned income 0.28; other element 0.19,"wrong include/exclude decision 0.38; change in circumstances 0.19; unreported source of income 0.12; wrong amount, known item 0.12",19,0,2,19,1.0,0.8318156346315496,1.0,0.0,2,0.09523809523809523,21,9574.0
2-3,months_since_cert_n >=  12.0 & shelter_expenses_by_hh_size >= 399.0 & unc_rawben_rel_max >=   1.4,test_2024,21,10,18,0,18,0.0,0.0,0.1758845505823749,9,18,0.5,0.2903070395897999,0.7096929604102,4,18,0.2222222222222222,0.09000781913382,0.4521502645230549,1,18,0.05555555555555555,0.009874935830924525,0.2575779980200754,2,18,0.1111111111111111,0.031018868453582787,0.3280024486660421,0,18,0.0,0.0,0.1758845505823749,2,18,0.1111111111111111,0.031018868453582787,0.3280024486660421,5,18,0.2777777777777778,0.12499569146355474,0.5087307754619452,8,18,0.4444444444444444,0.24559231101389126,0.6628393057174837,1,18,0.05555555555555555,0.009874935830924525,0.2575779980200754,2,18,0.1111111111111111,0.031018868453582787,0.3280024486660421,0,18,0.0,0.0,0.1758845505823749,0,18,0.0,0.0,0.1758845505823749,0,18,0.0,0.0,0.1758845505823749,0,18,0.0,0.0,0.1758845505823749,0,18,0.0,0.0,0.1758845505823749,2,18,0.1111111111111111,0.031018868453582787,0.3280024486660421,9,18,0.5,0.2903070395897999,0.7096929604102,0,18,0.0,0.0,0.1758845505823749,9,18,0.5,0.2903070395897999,0.7096929604102,13,18,0.7222222222222222,0.49126922453805477,0.8750043085364452,4,18,0.2222222222222222,0.09000781913382,0.4521502645230549,0,18,0.0,0.0,0.1758845505823749,1,18,0.05555555555555555,0.009874935830924525,0.2575779980200754,0,18,0.0,0.0,0.1758845505823749,9,18,0.5,0.2903070395897999,0.7096929604102,331 0.39; 363 0.22; 365 0.11; 150 0.11,4,37 0.33; 57 0.17; 38 0.11; 99 0.11; 53 0.11,5,unearned income 0.50; shelter deduction 0.22; medical deduction 0.11,"wrong include/exclude decision 0.44; wrong amount, known item 0.28; other 0.11",9,1,2,10,0.9,0.5958436145024278,0.9821242504842788,0.1,2,0.16666666666666666,12,7588.0
4+,months_since_cert_n >   5.5 & shelter_expenses_by_hh_size > 402.0 & utilities > 984.0,all_2022_24,73,28,30,20,30,0.6666666666666666,0.48779725813830266,0.807697044731538,4,30,0.13333333333333333,0.05309569424218104,0.2968168394441695,5,30,0.16666666666666666,0.07336434240351683,0.33564705185680177,0,30,0.0,0.0,0.113517091390478,0,30,0.0,0.0,0.113517091390478,0,30,0.0,0.0,0.113517091390478,1,30,0.03333333333333333,0.0059084379948573795,0.16670751396958874,14,30,0.4666666666666667,0.30232127224128236,0.6385798671847496,5,30,0.16666666666666666,0.07336434240351683,0.33564705185680177,2,30,0.06666666666666667,0.01847663532769335,0.21323817721072091,1,30,0.03333333333333333,0.0059084379948573795,0.16670751396958874,3,30,0.1,0.03459925995971615,0.25621441315266624,3,30,0.1,0.03459925995971615,0.25621441315266624,0,30,0.0,0.0,0.113517091390478,0,30,0.0,0.0,0.113517091390478,0,30,0.0,0.0,0.113517091390478,2,30,0.06666666666666667,0.01847663532769335,0.21323817721072091,17,30,0.5666666666666667,0.3919700954540873,0.7262276256938489,3,30,0.1,0.03459925995971615,0.25621441315266624,10,30,0.3333333333333333,0.19230295526846194,0.5122027418616973,14,30,0.4666666666666667,0.30232127224128236,0.6385798671847496,14,30,0.4666666666666667,0.30232127224128236,0.6385798671847496,0,30,0.0,0.0,0.113517091390478,0,30,0.0,0.0,0.113517091390478,2,30,0.06666666666666667,0.01847663532769335,0.21323817721072091,13,30,0.43333333333333335,0.2737723743061511,0.6080299045459127,311 0.43; 312 0.23; 363 0.17,3,38 0.33; 53 0.13; 44 0.10; 99 0.07; 39 0.07; 35 0.07,6,earned income 0.67; shelter deduction 0.17,"wrong amount, known item 0.47; wrong include/exclude decision 0.17; method or computation 0.10; change in circumstances 0.10",23,5,5,28,0.8214285714285714,0.644082084514089,0.9212161417056989,0.17857142857142858,5,0.15151515151515152,33,7454.0
4+,months_since_cert_n >   5.5 & shelter_expenses_by_hh_size > 402.0 & utilities > 984.0,train_2022_23,41,20,21,14,21,0.6666666666666666,0.45373075657210293,0.8280546356731631,4,21,0.19047619047619047,0.07667440615177301,0.40000986539273287,3,21,0.14285714285714285,0.04980921798213492,0.346364941492295,0,21,0.0,0.0,0.15464382326420195,0,21,0.0,0.0,0.15464382326420195,0,21,0.0,0.0,0.15464382326420195,0,21,0.0,0.0,0.15464382326420195,12,21,0.5714285714285714,0.3654621629703244,0.7553030051347894,4,21,0.19047619047619047,0.07667440615177301,0.40000986539273287,1,21,0.047619047619047616,0.008455769471923294,0.22669816586235464,0,21,0.0,0.0,0.15464382326420195,2,21,0.09523809523809523,0.026518208796947246,0.2891458386074067,1,21,0.047619047619047616,0.008455769471923294,0.22669816586235464,0,21,0.0,0.0,0.15464382326420195,0,21,0.0,0.0,0.15464382326420195,0,21,0.0,0.0,0.15464382326420195,1,21,0.047619047619047616,0.008455769471923294,0.22669816586235464,14,21,0.6666666666666666,0.45373075657210293,0.8280546356731631,3,21,0.14285714285714285,0.04980921798213492,0.346364941492295,4,21,0.19047619047619047,0.07667440615177301,0.40000986539273287,9,21,0.42857142857142855,0.24469699486521043,0.6345378370296754,10,21,0.47619047619047616,0.28343712296762946,0.6763078209973324,0,21,0.0,0.0,0.15464382326420195,0,21,0.0,0.0,0.15464382326420195,2,21,0.09523809523809523,0.026518208796947246,0.2891458386074067,7,21,0.3333333333333333,0.17194536432683688,0.5462692434278971,311 0.43; 312 0.24; 363 0.14,3,38 0.43; 44 0.14; 53 0.14; 39 0.10,4,earned income 0.67; unearned income 0.19,"wrong amount, known item 0.57; wrong include/exclude decision 0.19",16,4,3,20,0.8,0.5839782779742401,0.9193436467288,0.2,3,0.13043478260869565,23,4806.0
4+,months_since_cert_n >   5.5 & shelter_expenses_by_hh_size > 402.0 & utilities > 984.0,test_2024,32,8,9,6,9,0.6666666666666666,0.35419734749908977,0.879418401317257,0,9,0.0,0.0,0.2991527535509594,2,9,0.2222222222222222,0.06322376231222723,0.5474166563271946,0,9,0.0,0.0,0.2991527535509594,0,9,0.0,0.0,0.2991527535509594,0,9,0.0,0.0,0.2991527535509594,1,9,0.1111111111111111,0.019890371327130535,0.4350062147680601,2,9,0.2222222222222222,0.06322376231222723,0.5474166563271946,1,9,0.1111111111111111,0.019890371327130535,0.4350062147680601,1,9,0.1111111111111111,0.019890371327130535,0.4350062147680601,1,9,0.1111111111111111,0.019890371327130535,0.4350062147680601,1,9,0.1111111111111111,0.019890371327130535,0.4350062147680601,2,9,0.2222222222222222,0.06322376231222723,0.5474166563271946,0,9,0.0,0.0,0.2991527535509594,0,9,0.0,0.0,0.2991527535509594,0,9,0.0,0.0,0.2991527535509594,1,9,0.1111111111111111,0.019890371327130535,0.4350062147680601,3,9,0.3333333333333333,0.12058159868274293,0.6458026525009102,0,9,0.0,0.0,0.2991527535509594,6,9,0.6666666666666666,0.35419734749908977,0.879418401317257,5,9,0.5555555555555556,0.2666473457440297,0.811224570528086,4,9,0.4444444444444444,0.188775429471914,0.7333526542559703,0,9,0.0,0.0,0.2991527535509594,0,9,0.0,0.0,0.2991527535509594,0,9,0.0,0.0,0.2991527535509594,6,9,0.6666666666666666,0.35419734749908977,0.879418401317257,311 0.44; 312 0.22; 363 0.22,3,45 0.22; 41 0.11; 99 0.11; 7 0.11; 38 0.11; 53 0.11,6,earned income 0.67; shelter deduction 0.22,"method or computation 0.22; wrong amount, known item 0.22; change in circumstances 0.11; other 0.11; household composition 0.11",7,1,2,8,0.875,0.5291051942301386,0.9775830911367038,0.125,2,0.2,10,2648.0
1,medical_deductions <=  604.000 & rawben_rel_max >    0.987 & rawben_rel_max <=    0.998 & shelter_expenses_by_hh_size > 1270.000,all_2022_24,183,77,101,2,101,0.019801980198019802,0.005447208292721675,0.06934752967388699,3,101,0.0297029702970297,0.010152296701083398,0.08371883842085293,74,101,0.7326732673267327,0.6390037155312416,0.8092916176189582,8,101,0.07920792079207921,0.04068048623667317,0.14857263466190143,13,101,0.12871287128712872,0.07678641606600466,0.2078486906092082,0,101,0.0,0.0,0.03664194365595336,1,101,0.009900990099009901,0.001749866201761846,0.05396847460951917,24,101,0.2376237623762376,0.16519850461757263,0.3292769707662444,57,101,0.5643564356435643,0.4670547024429458,0.6569418790666838,3,101,0.0297029702970297,0.010152296701083398,0.08371883842085293,1,101,0.009900990099009901,0.001749866201761846,0.05396847460951917,9,101,0.0891089108910891,0.047588698373386994,0.16074081968051523,1,101,0.009900990099009901,0.001749866201761846,0.05396847460951917,0,101,0.0,0.0,0.03664194365595336,0,101,0.0,0.0,0.03664194365595336,0,101,0.0,0.0,0.03664194365595336,6,101,0.0594059405940594,0.02750775260018063,0.12359257398773865,66,101,0.6534653465346535,0.5565780094377456,0.7391061464698331,14,101,0.13861386138613863,0.08439911478812395,0.21931238904241657,21,101,0.2079207920792079,0.14020699355070065,0.29703929036713345,51,101,0.504950495049505,0.40906319132283897,0.6004750072548249,50,101,0.49504950495049505,0.39952499274517517,0.590936808677161,0,101,0.0,0.0,0.03664194365595336,0,101,0.0,0.0,0.03664194365595336,0,101,0.0,0.0,0.03664194365595336,30,101,0.297029702970297,0.2166816101177431,0.39225224819803983,363 0.73; 365 0.13,2,53 0.47; 56 0.22; 52 0.10,3,shelter deduction 0.73; medical deduction 0.13,"wrong include/exclude decision 0.56; wrong amount, known item 0.24",76,1,76,77,0.987012987012987,0.9300363315482386,0.9977038418278451,0.012987012987012988,76,0.49673202614379086,153,18199.0
1,medical_deductions <=  604.000 & rawben_rel_max >    0.987 & rawben_rel_max <=    0.998 & shelter_expenses_by_hh_size > 1270.000,train_2022_23,101,43,58,1,58,0.017241379310344827,0.003049959884541764,0.09141072677298324,2,58,0.034482758620689655,0.009507728866485675,0.11729364755327057,40,58,0.6896551724137931,0.5619669315326005,0.7937806558519432,5,58,0.08620689655172414,0.03738483193379338,0.18643861377265664,9,58,0.15517241379310345,0.08384397416750201,0.26934223058787304,0,58,0.0,0.0,0.062119996895293766,1,58,0.017241379310344827,0.003049959884541764,0.09141072677298324,1,58,0.017241379310344827,0.003049959884541764,0.09141072677298324,45,58,0.7758620689655172,0.6533863695244156,0.8640646666712842,2,58,0.034482758620689655,0.009507728866485675,0.11729364755327057,1,58,0.017241379310344827,0.003049959884541764,0.09141072677298324,2,58,0.034482758620689655,0.009507728866485675,0.11729364755327057,1,58,0.017241379310344827,0.003049959884541764,0.09141072677298324,0,58,0.0,0.0,0.062119996895293766,0,58,0.0,0.0,0.062119996895293766,0,58,0.0,0.0,0.062119996895293766,6,58,0.10344827586206896,0.04828075015859154,0.20788338531008968,43,58,0.7413793103448276,0.6162236918664121,0.8365459648048255,9,58,0.15517241379310345,0.08384397416750201,0.26934223058787304,6,58,0.10344827586206896,0.04828075015859154,0.20788338531008968,31,58,0.5344827586206896,0.40799953310272974,0.6566818464217328,27,58,0.46551724137931033,0.34331815357826717,0.5920004668972703,0,58,0.0,0.0,0.062119996895293766,0,58,0.0,0.0,0.062119996895293766,0,58,0.0,0.0,0.062119996895293766,22,58,0.3793103448275862,0.2656408890260369,0.5079742826383442,363 0.69; 365 0.16,2,53 0.64; 52 0.14,2,shelter deduction 0.69; medical deduction 0.16,wrong include/exclude decision 0.78,42,1,42,43,0.9767441860465116,0.8794073213878312,0.9958830188225801,0.023255813953488372,42,0.49411764705882355,85,10836.0
1,medical_deductions <=  604.000 & rawben_rel_max >    0.987 & rawben_rel_max <=    0.998 & shelter_expenses_by_hh_size > 1270.000,test_2024,82,34,43,1,43,0.023255813953488372,0.004116981177419918,0.12059267861216882,1,43,0.023255813953488372,0.004116981177419918,0.12059267861216882,34,43,0.7906976744186046,0.6479406820576336,0.8857729400218853,3,43,0.06976744186046512,0.024011153791962503,0.18609268553034927,4,43,0.09302325581395349,0.036771045103346514,0.2160298839853268,0,43,0.0,0.0,0.08201257002322722,0,43,0.0,0.0,0.08201257002322722,23,43,0.5348837209302325,0.38915389728872773,0.6748917373608144,12,43,0.27906976744186046,0.16746451821827157,0.42691312900129397,1,43,0.023255813953488372,0.004116981177419918,0.12059267861216882,0,43,0.0,0.0,0.08201257002322722,7,43,0.16279069767441862,0.08116524502857546,0.2997269533591824,0,43,0.0,0.0,0.08201257002322722,0,43,0.0,0.0,0.08201257002322722,0,43,0.0,0.0,0.08201257002322722,0,43,0.0,0.0,0.08201257002322722,0,43,0.0,0.0,0.08201257002322722,23,43,0.5348837209302325,0.38915389728872773,0.6748917373608144,5,43,0.11627906976744186,0.050703529948620846,0.24479448890641395,15,43,0.3488372093023256,0.22418398748963103,0.49828492902901905,20,43,0.46511627906976744,0.3251082626391856,0.6108461027112723,23,43,0.5348837209302325,0.38915389728872773,0.6748917373608144,0,43,0.0,0.0,0.08201257002322722,0,43,0.0,0.0,0.08201257002322722,0,43,0.0,0.0,0.08201257002322722,8,43,0.18604651162790697,0.0974163558010598,0.3261729323530596,363 0.79,1,56 0.51; 53 0.23; 64 0.16,3,shelter deduction 0.79,"wrong amount, known item 0.53; wrong include/exclude decision 0.28",34,0,34,34,1.0,0.8984820937803899,1.0,0.0,34,0.5,68,7363.0
4+,HH_size_n >  4.500 & months_since_cert_n >  5.500 & percent_abawd >  0.268 & utilities > 30.500,all_2022_24,53,26,40,18,40,0.45,0.30705075280944694,0.6017117011155924,2,40,0.05,0.013820377146101098,0.165041708179252,4,40,0.1,0.03957888759557486,0.23052074380473897,2,40,0.05,0.013820377146101098,0.165041708179252,1,40,0.025,0.0044267174077949195,0.1288165948800778,2,40,0.05,0.013820377146101098,0.165041708179252,11,40,0.275,0.1610785343314309,0.4283525083312457,7,40,0.175,0.08745302996883066,0.3195029205439244,6,40,0.15,0.07061091708507435,0.2907262603902003,6,40,0.15,0.07061091708507435,0.2907262603902003,9,40,0.225,0.1231595325467853,0.3750339640409305,5,40,0.125,0.05459419773541284,0.26112420670238146,2,40,0.05,0.013820377146101098,0.165041708179252,0,40,0.0,0.0,0.08762453925039232,2,40,0.05,0.013820377146101098,0.165041708179252,0,40,0.0,0.0,0.08762453925039232,3,40,0.075,0.025835556771858226,0.19864530159097524,22,40,0.55,0.39828829888440775,0.6929492471905531,5,40,0.125,0.05459419773541284,0.26112420670238146,13,40,0.325,0.20084316962661725,0.4798254191110201,20,40,0.5,0.35199278797099753,0.6480072120290025,20,40,0.5,0.35199278797099753,0.6480072120290025,0,40,0.0,0.0,0.08762453925039232,0,40,0.0,0.0,0.08762453925039232,0,40,0.0,0.0,0.08762453925039232,15,40,0.375,0.2422277353579172,0.529678399454681,311 0.30; 150 0.15; 312 0.12; 363 0.10; 366 0.05; 364 0.05,6,35 0.15; 38 0.12; 7 0.12; 52 0.10; 99 0.07; 12 0.07; 41 0.07; 123 0.05,8,earned income 0.45; other element 0.28; shelter deduction 0.10,"household composition 0.23; wrong amount, known item 0.17; wrong include/exclude decision 0.15; unreported source of income 0.15; change in circumstances 0.12",17,9,10,26,0.6538461538461539,0.46220229009632996,0.8058798502714787,0.34615384615384615,10,0.2777777777777778,36,14203.0
4+,HH_size_n >  4.500 & months_since_cert_n >  5.500 & percent_abawd >  0.268 & utilities > 30.500,train_2022_23,39,19,28,11,28,0.39285714285714285,0.23565451827580033,0.575912739650937,1,28,0.03571428571428571,0.00633235649754188,0.17712576118498663,4,28,0.14285714285714285,0.056989129307017855,0.31490173044877334,1,28,0.03571428571428571,0.00633235649754188,0.17712576118498663,1,28,0.03571428571428571,0.00633235649754188,0.17712576118498663,1,28,0.03571428571428571,0.00633235649754188,0.17712576118498663,9,28,0.32142857142857145,0.1793304754342074,0.5066149544436882,4,28,0.14285714285714285,0.056989129307017855,0.31490173044877334,4,28,0.14285714285714285,0.056989129307017855,0.31490173044877334,2,28,0.07142857142857142,0.019811647447770794,0.2264573842591786,9,28,0.32142857142857145,0.1793304754342074,0.5066149544436882,4,28,0.14285714285714285,0.056989129307017855,0.31490173044877334,2,28,0.07142857142857142,0.019811647447770794,0.2264573842591786,0,28,0.0,0.0,0.12064720365810762,0,28,0.0,0.0,0.12064720365810762,0,28,0.0,0.0,0.12064720365810762,3,28,0.10714285714285714,0.03711769205479949,0.2719622536765708,16,28,0.5714285714285714,0.390704789856154,0.7349170381926877,5,28,0.17857142857142858,0.0787838582943011,0.355917915485911,7,28,0.25,0.12676334942200781,0.433560252407046,16,28,0.5714285714285714,0.390704789856154,0.7349170381926877,12,28,0.42857142857142855,0.2650829618073122,0.609295210143846,0,28,0.0,0.0,0.12064720365810762,0,28,0.0,0.0,0.12064720365810762,0,28,0.0,0.0,0.12064720365810762,9,28,0.32142857142857145,0.1793304754342074,0.5066149544436882,311 0.25; 150 0.21; 312 0.14; 363 0.14,4,7 0.18; 38 0.14; 99 0.11; 52 0.11; 12 0.11; 35 0.07; 123 0.07,7,earned income 0.39; other element 0.32; shelter deduction 0.14,"household composition 0.32; wrong include/exclude decision 0.14; wrong amount, known item 0.14; change in circumstances 0.14",11,8,10,19,0.5789473684210527,0.36275551465160105,0.7685837960796962,0.42105263157894735,10,0.3448275862068966,29,5654.0
4+,HH_size_n >  4.500 & months_since_cert_n >  5.500 & percent_abawd >  0.268 & utilities > 30.500,test_2024,14,7,12,7,12,0.5833333333333334,0.3195073356553728,0.8067425380947535,1,12,0.08333333333333333,0.014864709450773478,0.35388592179859524,0,12,0.0,0.0,0.2425007574992425,1,12,0.08333333333333333,0.014864709450773478,0.35388592179859524,0,12,0.0,0.0,0.2425007574992425,1,12,0.08333333333333333,0.014864709450773478,0.35388592179859524,2,12,0.16666666666666666,0.04696414761482223,0.44803635738467273,3,12,0.25,0.08894003962896138,0.53231033912066,2,12,0.16666666666666666,0.04696414761482223,0.44803635738467273,4,12,0.3333333333333333,0.13811783989736134,0.609382412602386,0,12,0.0,0.0,0.2425007574992425,1,12,0.08333333333333333,0.014864709450773478,0.35388592179859524,0,12,0.0,0.0,0.2425007574992425,0,12,0.0,0.0,0.2425007574992425,2,12,0.16666666666666666,0.04696414761482223,0.44803635738467273,0,12,0.0,0.0,0.2425007574992425,0,12,0.0,0.0,0.2425007574992425,6,12,0.5,0.2537781703934222,0.7462218296065778,0,12,0.0,0.0,0.2425007574992425,6,12,0.5,0.2537781703934222,0.7462218296065778,4,12,0.3333333333333333,0.13811783989736134,0.609382412602386,8,12,0.6666666666666666,0.3906175873976139,0.8618821601026385,0,12,0.0,0.0,0.2425007574992425,0,12,0.0,0.0,0.2425007574992425,0,12,0.0,0.0,0.2425007574992425,6,12,0.5,0.2537781703934222,0.7462218296065778,311 0.42; 371 0.08; 321 0.08; 372 0.08; 366 0.08,5,35 0.33; 29 0.17; 37 0.08; 52 0.08; 57 0.08,5,earned income 0.58; other element 0.17,"unreported source of income 0.33; wrong amount, known item 0.25; wrong include/exclude decision 0.17; limits and thresholds 0.17",6,1,0,7,0.8571428571428571,0.48686549668097007,0.9743210440510253,0.14285714285714285,0,0.0,7,8549.0
1,elderly_disabled_i >    0.500 & shelter_expenses_by_hh_size > 2070.000 & unc_rawben_rel_max <=    0.991,all_2022_24,116,47,68,10,68,0.14705882352941177,0.08188729839104542,0.2499761344946364,13,68,0.19117647058823528,0.11527185601824742,0.30010864775672413,27,68,0.39705882352941174,0.28928521841697113,0.5158416161746859,5,68,0.07352941176470588,0.03181437515487155,0.160853939581994,7,68,0.10294117647058823,0.05076512677817478,0.19758123521821724,1,68,0.014705882352941176,0.0026006166023507804,0.07871160361546173,5,68,0.07352941176470588,0.03181437515487155,0.160853939581994,17,68,0.25,0.16234881695499528,0.3643877813390294,28,68,0.4117647058823529,0.3025783771245051,0.5303874810969154,11,68,0.16176470588235295,0.09279997195749148,0.2669024845579536,0,68,0.0,0.0,0.05347319658804926,4,68,0.058823529411764705,0.023110391480533066,0.14171889962656925,2,68,0.029411764705882353,0.008103009605045342,0.10104823424253043,1,68,0.014705882352941176,0.0026006166023507804,0.07871160361546173,2,68,0.029411764705882353,0.008103009605045342,0.10104823424253043,0,68,0.0,0.0,0.05347319658804926,3,68,0.04411764705882353,0.0151163456535321,0.12187392182380694,37,68,0.5441176470588235,0.4265639778429344,0.6569530930463552,8,68,0.11764705882352941,0.06083419938921196,0.21535118623694333,23,68,0.3382352941176471,0.2371409124378905,0.4566298276347137,36,68,0.5294117647058824,0.4124071581374707,0.643270889122056,30,68,0.4411764705882353,0.329460449863809,0.559183455617138,0,68,0.0,0.0,0.05347319658804926,1,68,0.014705882352941176,0.0026006166023507804,0.07871160361546173,1,68,0.014705882352941176,0.0026006166023507804,0.07871160361546173,24,68,0.35294117647058826,0.2500181058015448,0.4715916579008227,363 0.40; 311 0.13; 365 0.10; 346 0.09; 364 0.07,5,53 0.26; 35 0.16; 52 0.12; 56 0.12; 38 0.07; 99 0.04,6,shelter deduction 0.40; unearned income 0.19; earned income 0.15; medical deduction 0.10,"wrong include/exclude decision 0.41; wrong amount, known item 0.25; unreported source of income 0.16",40,7,31,47,0.851063829787234,0.7231410342888723,0.925933739125025,0.14893617021276595,31,0.3974358974358974,78,10659.0
1,elderly_disabled_i >    0.500 & shelter_expenses_by_hh_size > 2070.000 & unc_rawben_rel_max <=    0.991,train_2022_23,55,25,34,3,34,0.08823529411764706,0.030465390304310128,0.22960817952360413,6,34,0.17647058823529413,0.08348855603569685,0.33514067740052156,16,34,0.47058823529411764,0.31451251633111366,0.6326355957994516,2,34,0.058823529411764705,0.016282313063842452,0.1909393688946371,4,34,0.11764705882352941,0.04671370973436122,0.26621174796298774,1,34,0.029411764705882353,0.00521077192559663,0.1491590221634482,2,34,0.058823529411764705,0.016282313063842452,0.1909393688946371,2,34,0.058823529411764705,0.016282313063842452,0.1909393688946371,20,34,0.5882352941176471,0.42221304146519273,0.7363426221431113,6,34,0.17647058823529413,0.08348855603569685,0.33514067740052156,0,34,0.0,0.0,0.10151790621961015,2,34,0.058823529411764705,0.016282313063842452,0.1909393688946371,2,34,0.058823529411764705,0.016282313063842452,0.1909393688946371,0,34,0.0,0.0,0.10151790621961015,0,34,0.0,0.0,0.10151790621961015,0,34,0.0,0.0,0.10151790621961015,2,34,0.058823529411764705,0.016282313063842452,0.1909393688946371,19,34,0.5588235294117647,0.3945361778918369,0.7111675978470325,4,34,0.11764705882352941,0.04671370973436122,0.26621174796298774,11,34,0.3235294117647059,0.19131451326458573,0.4915741595188061,19,34,0.5588235294117647,0.3945361778918369,0.7111675978470325,14,34,0.4117647058823529,0.26365737785688864,0.5777869585348072,0,34,0.0,0.0,0.10151790621961015,0,34,0.0,0.0,0.10151790621961015,1,34,0.029411764705882353,0.00521077192559663,0.1491590221634482,16,34,0.47058823529411764,0.31451251633111366,0.6326355957994516,363 0.47; 365 0.12; 364 0.06; 311 0.06; 342 0.06,5,53 0.35; 52 0.24; 35 0.18,3,shelter deduction 0.47; unearned income 0.18; medical deduction 0.12,wrong include/exclude decision 0.59; unreported source of income 0.18,19,6,18,25,0.76,0.5656994004476144,0.8850384226967327,0.24,18,0.4186046511627907,43,5286.0
1,elderly_disabled_i >    0.500 & shelter_expenses_by_hh_size > 2070.000 & unc_rawben_rel_max <=    0.991,test_2024,61,22,34,7,34,0.20588235294117646,0.1034939602235132,0.3679871610821398,7,34,0.20588235294117646,0.1034939602235132,0.3679871610821398,11,34,0.3235294117647059,0.19131451326458573,0.4915741595188061,3,34,0.08823529411764706,0.030465390304310128,0.22960817952360413,3,34,0.08823529411764706,0.030465390304310128,0.22960817952360413,0,34,0.0,0.0,0.10151790621961015,3,34,0.08823529411764706,0.030465390304310128,0.22960817952360413,15,34,0.4411764705882353,0.28883240215296746,0.6054638221081631,8,34,0.23529411764705882,0.12436838109244344,0.3999646280826443,5,34,0.14705882352941177,0.06449346382626417,0.30128388174051957,0,34,0.0,0.0,0.10151790621961015,2,34,0.058823529411764705,0.016282313063842452,0.1909393688946371,0,34,0.0,0.0,0.10151790621961015,1,34,0.029411764705882353,0.00521077192559663,0.1491590221634482,2,34,0.058823529411764705,0.016282313063842452,0.1909393688946371,0,34,0.0,0.0,0.10151790621961015,1,34,0.029411764705882353,0.00521077192559663,0.1491590221634482,18,34,0.5294117647058824,0.3673644042005483,0.6854874836688863,4,34,0.11764705882352941,0.04671370973436122,0.26621174796298774,12,34,0.35294117647058826,0.21487714895296073,0.5208634116998658,17,34,0.5,0.34069062628048985,0.6593093737195102,16,34,0.47058823529411764,0.31451251633111366,0.6326355957994516,0,34,0.0,0.0,0.10151790621961015,1,34,0.029411764705882353,0.00521077192559663,0.1491590221634482,0,34,0.0,0.0,0.10151790621961015,8,34,0.23529411764705882,0.12436838109244344,0.3999646280826443,363 0.32; 311 0.21; 346 0.12; 365 0.09; 331 0.09,5,56 0.24; 53 0.18; 35 0.15; 38 0.12; 29 0.06; 57 0.06,6,shelter deduction 0.32; earned income 0.21; unearned income 0.21; medical deduction 0.09,"wrong amount, known item 0.44; wrong include/exclude decision 0.24; unreported source of income 0.15",21,1,13,22,0.9545454545454546,0.7820151050048196,0.9919307806988522,0.045454545454545456,13,0.37142857142857144,35,5373.0
2-3,elderly_disabled_i >    0.500 & rawben_rel_max <=    0.997 & shelter_expenses_by_hh_size > 1100.000 & total_deductions_by_hh_size >  103.000,all_2022_24,94,44,68,10,68,0.14705882352941177,0.08188729839104542,0.2499761344946364,15,68,0.22058823529411764,0.1384889157967965,0.3325696352377016,32,68,0.47058823529411764,0.3567291108779441,0.5875928418625294,1,68,0.014705882352941176,0.0026006166023507804,0.07871160361546173,8,68,0.11764705882352941,0.06083419938921196,0.21535118623694333,0,68,0.0,0.0,0.05347319658804926,2,68,0.029411764705882353,0.008103009605045342,0.10104823424253043,26,68,0.38235294117647056,0.2760927529710457,0.5011950579908482,24,68,0.35294117647058826,0.2500181058015448,0.4715916579008227,7,68,0.10294117647058823,0.05076512677817478,0.19758123521821724,1,68,0.014705882352941176,0.0026006166023507804,0.07871160361546173,3,68,0.04411764705882353,0.0151163456535321,0.12187392182380694,1,68,0.014705882352941176,0.0026006166023507804,0.07871160361546173,0,68,0.0,0.0,0.05347319658804926,1,68,0.014705882352941176,0.0026006166023507804,0.07871160361546173,0,68,0.0,0.0,0.05347319658804926,5,68,0.07352941176470588,0.03181437515487155,0.160853939581994,40,68,0.5882352941176471,0.4696125189030847,0.6974216228754949,12,68,0.17647058823529413,0.10393485385088719,0.28360662629432115,16,68,0.23529411764705882,0.1503436437092872,0.34855393095497417,34,68,0.5,0.3843786388809909,0.6156213611190091,33,68,0.4852941176470588,0.370506471844866,0.6016545045253707,1,68,0.014705882352941176,0.0026006166023507804,0.07871160361546173,0,68,0.0,0.0,0.05347319658804926,0,68,0.0,0.0,0.05347319658804926,21,68,0.3088235294117647,0.21172233668927842,0.42637035612379925,363 0.47; 365 0.12; 311 0.12; 331 0.09,4,53 0.19; 56 0.19; 38 0.15; 52 0.10; 35 0.10; 99 0.07,6,shelter deduction 0.47; unearned income 0.22; earned income 0.15,"wrong amount, known item 0.38; wrong include/exclude decision 0.35; unreported source of income 0.10",40,4,28,44,0.9090909090909091,0.7884048060208251,0.9640783885211635,0.09090909090909091,28,0.3888888888888889,72,12230.0
2-3,elderly_disabled_i >    0.500 & rawben_rel_max <=    0.997 & shelter_expenses_by_hh_size > 1100.000 & total_deductions_by_hh_size >  103.000,train_2022_23,45,21,36,4,36,0.1111111111111111,0.04406568908741834,0.2531512901503632,9,36,0.25,0.13750323839225387,0.41070767683203424,15,36,0.4166666666666667,0.2714033350508729,0.5780003033572231,1,36,0.027777777777777776,0.004920280295569679,0.141700337350308,5,36,0.1388888888888889,0.060817253631150966,0.2865985128039319,0,36,0.0,0.0,0.09642183044857634,2,36,0.05555555555555555,0.015369663767066846,0.18144974107611211,5,36,0.1388888888888889,0.060817253631150966,0.2865985128039319,17,36,0.4722222222222222,0.31985792907209337,0.6299432837306054,4,36,0.1111111111111111,0.04406568908741834,0.2531512901503632,1,36,0.027777777777777776,0.004920280295569679,0.141700337350308,2,36,0.05555555555555555,0.015369663767066846,0.18144974107611211,1,36,0.027777777777777776,0.004920280295569679,0.141700337350308,0,36,0.0,0.0,0.09642183044857634,1,36,0.027777777777777776,0.004920280295569679,0.141700337350308,0,36,0.0,0.0,0.09642183044857634,5,36,0.1388888888888889,0.060817253631150966,0.2865985128039319,17,36,0.4722222222222222,0.31985792907209337,0.6299432837306054,11,36,0.3055555555555556,0.18004270282805354,0.46856578679083716,8,36,0.2222222222222222,0.11716192974839595,0.38085019827859085,19,36,0.5277777777777778,0.3700567162693947,0.6801420709279067,17,36,0.4722222222222222,0.31985792907209337,0.6299432837306054,0,36,0.0,0.0,0.09642183044857634,0,36,0.0,0.0,0.09642183044857634,0,36,0.0,0.0,0.09642183044857634,10,36,0.2777777777777778,0.15848170025813796,0.43992800216345146,363 0.42; 365 0.14; 346 0.11; 331 0.08,4,53 0.28; 52 0.17; 99 0.14; 35 0.11; 38 0.11,5,shelter deduction 0.42; unearned income 0.25; medical deduction 0.14,"wrong include/exclude decision 0.47; other 0.14; wrong amount, known item 0.14",20,1,13,21,0.9523809523809523,0.7733018341376452,0.9915442305280766,0.047619047619047616,13,0.38235294117647056,34,6855.0
2-3,elderly_disabled_i >    0.500 & rawben_rel_max <=    0.997 & shelter_expenses_by_hh_size > 1100.000 & total_deductions_by_hh_size >  103.000,test_2024,49,23,32,6,32,0.1875,0.08889423936162782,0.3530949575492244,6,32,0.1875,0.08889423936162782,0.3530949575492244,17,32,0.53125,0.3644923793257382,0.6913087009831766,0,32,0.0,0.0,0.1071827150573635,3,32,0.09375,0.032400962626319516,0.24218499335778831,0,32,0.0,0.0,0.1071827150573635,0,32,0.0,0.0,0.1071827150573635,21,32,0.65625,0.4831077350878594,0.7958976664567146,7,32,0.21875,0.11023696931531854,0.3875533079044484,3,32,0.09375,0.032400962626319516,0.24218499335778831,0,32,0.0,0.0,0.1071827150573635,1,32,0.03125,0.005537717362550945,0.15744607800372734,0,32,0.0,0.0,0.1071827150573635,0,32,0.0,0.0,0.1071827150573635,0,32,0.0,0.0,0.1071827150573635,0,32,0.0,0.0,0.1071827150573635,0,32,0.0,0.0,0.1071827150573635,23,32,0.71875,0.546251630618882,0.8443559315435214,1,32,0.03125,0.005537717362550945,0.15744607800372734,8,32,0.25,0.1325224398262155,0.42106891770246624,15,32,0.46875,0.30869129901682335,0.6355076206742619,16,32,0.5,0.33630614316859386,0.6636938568314061,1,32,0.03125,0.005537717362550945,0.15744607800372734,0,32,0.0,0.0,0.1071827150573635,0,32,0.0,0.0,0.1071827150573635,11,32,0.34375,0.20410233354328552,0.5168922649121406,363 0.53; 311 0.16; 331 0.09,3,56 0.41; 38 0.19; 37 0.09; 35 0.09,4,shelter deduction 0.53; unearned income 0.19; earned income 0.19,"wrong amount, known item 0.66; wrong include/exclude decision 0.22",20,3,15,23,0.8695652173913043,0.678721020269818,0.954624234856553,0.13043478260869565,15,0.39473684210526316,38,5375.0
2-3,count_divisible_by_100 <=   2.5 & HH_size_n >   2.5 & shelter_expenses_by_hh_size <= 730.0 & total_deductions_by_hh_size > 436.0,all_2022_24,322,105,175,50,175,0.2857142857142857,0.22394740858280318,0.3566870746694155,33,175,0.18857142857142858,0.1375416963754857,0.25298041928440557,27,175,0.15428571428571428,0.10825199414499395,0.21517163883525228,2,175,0.011428571428571429,0.0031396763424969137,0.04070694547256177,2,175,0.011428571428571429,0.0031396763424969137,0.04070694547256177,46,175,0.26285714285714284,0.2032357622095416,0.33266639925624714,15,175,0.08571428571428572,0.05263048266283355,0.13659618495812265,48,175,0.2742857142857143,0.21356542670728643,0.3447028956517173,55,175,0.3142857142857143,0.25011944068508674,0.3864304448001694,16,175,0.09142857142857143,0.05706101902645581,0.1433487290411079,6,175,0.03428571428571429,0.015806185310079338,0.07277275829140936,19,175,0.10857142857142857,0.07061513886953752,0.1633438505378487,8,175,0.045714285714285714,0.023343158944225943,0.08760194555047776,2,175,0.011428571428571429,0.0031396763424969137,0.04070694547256177,2,175,0.011428571428571429,0.0031396763424969137,0.04070694547256177,0,175,0.0,0.0,0.021480460921843688,19,175,0.10857142857142857,0.07061513886953752,0.1633438505378487,120,175,0.6857142857142857,0.6135695551998306,0.7498805593149132,12,175,0.06857142857142857,0.0396572195728587,0.11602020670827501,43,175,0.24571428571428572,0.18784402229792574,0.3145088978280405,95,175,0.5428571428571428,0.46891937006133627,0.6149537332882198,73,175,0.41714285714285715,0.34663288177927876,0.49121245174491246,1,175,0.005714285714285714,0.0010093989597420756,0.031654142408709104,1,175,0.005714285714285714,0.0010093989597420756,0.031654142408709104,5,175,0.02857142857142857,0.012264270311919512,0.06513159284296167,58,175,0.3314285714285714,0.2659638845649973,0.40413524226008135,311 0.27; 323 0.24; 363 0.15; 350 0.07; 331 0.03,5,53 0.19; 38 0.12; 99 0.11; 35 0.09; 52 0.09; 44 0.07; 41 0.06; 56 0.05,8,earned income 0.29; dep care or child support deduction 0.26; unearned income 0.19; shelter deduction 0.15,"wrong include/exclude decision 0.31; wrong amount, known item 0.27; other 0.11; change in circumstances 0.11",81,24,49,105,0.7714285714285715,0.6823796607286441,0.841317161074784,0.22857142857142856,49,0.3181818181818182,154,38339.0
2-3,count_divisible_by_100 <=   2.5 & HH_size_n >   2.5 & shelter_expenses_by_hh_size <= 730.0 & total_deductions_by_hh_size > 436.0,train_2022_23,191,73,122,32,122,0.26229508196721313,0.19235330068179046,0.3467498257883117,26,122,0.21311475409836064,0.14978911098268174,0.2939560416536483,18,122,0.14754098360655737,0.09540970329114055,0.22119148423349355,1,122,0.00819672131147541,0.0014483536709422769,0.04497190799133792,2,122,0.01639344262295082,0.0045071521687355225,0.05780610513250667,30,122,0.2459016393442623,0.17802151523932291,0.3292956199528552,13,122,0.10655737704918032,0.06333639360136176,0.1737998157284624,28,122,0.22950819672131148,0.16383013773421828,0.3117010061800358,40,122,0.32786885245901637,0.25093515296898794,0.4153119386128101,13,122,0.10655737704918032,0.06333639360136176,0.1737998157284624,4,122,0.03278688524590164,0.012822391019358004,0.08127685755980818,12,122,0.09836065573770492,0.05716445517274649,0.16407875851811568,7,122,0.05737704918032787,0.028068085045679897,0.11371015045037228,1,122,0.00819672131147541,0.0014483536709422769,0.04497190799133792,2,122,0.01639344262295082,0.0045071521687355225,0.05780610513250667,0,122,0.0,0.0,0.0305272660233182,15,122,0.12295081967213115,0.07594305873968113,0.192979141868067,84,122,0.6885245901639344,0.6016525423842098,0.7638863573119161,7,122,0.05737704918032787,0.028068085045679897,0.11371015045037228,31,122,0.2540983606557377,0.18517041283138747,0.33803971799975263,65,122,0.5327868852459017,0.4446080003691328,0.6189639821867152,54,122,0.4426229508196721,0.35757368067900913,0.531175349848257,0,122,0.0,0.0,0.0305272660233182,0,122,0.0,0.0,0.0305272660233182,3,122,0.02459016393442623,0.008397468237782701,0.0698087847024215,40,122,0.32786885245901637,0.25093515296898794,0.4153119386128101,311 0.25; 323 0.22; 363 0.15; 350 0.10; 331 0.04,5,53 0.25; 38 0.15; 99 0.12; 35 0.11; 44 0.07; 52 0.06,6,earned income 0.26; dep care or child support deduction 0.25; unearned income 0.21; shelter deduction 0.15,"wrong include/exclude decision 0.33; wrong amount, known item 0.23; other 0.12; unreported source of income 0.11",59,14,35,73,0.8082191780821918,0.7034428294648694,0.8821774595452501,0.1917808219178082,35,0.32407407407407407,108,24311.0
2-3,count_divisible_by_100 <=   2.5 & HH_size_n >   2.5 & shelter_expenses_by_hh_size <= 730.0 & total_deductions_by_hh_size > 436.0,test_2024,131,32,53,18,53,0.33962264150943394,0.22686862857429074,0.4740546388917903,7,53,0.1320754716981132,0.06547770200689572,0.2484050880623493,9,53,0.16981132075471697,0.09199841772223752,0.29225536823734133,1,53,0.018867924528301886,0.003338367386749398,0.09943143501149412,0,53,0.0,0.0,0.06758430445307662,16,53,0.3018867924528302,0.19518140287607166,0.43537086869967556,2,53,0.03773584905660377,0.010410068833819265,0.12754523150959116,20,53,0.37735849056603776,0.25936076571733824,0.5119334976390768,15,53,0.2830188679245283,0.17966135362950314,0.4157054200010772,3,53,0.05660377358490566,0.019436308927314183,0.15370448936126319,2,53,0.03773584905660377,0.010410068833819265,0.12754523150959116,7,53,0.1320754716981132,0.06547770200689572,0.2484050880623493,1,53,0.018867924528301886,0.003338367386749398,0.09943143501149412,1,53,0.018867924528301886,0.003338367386749398,0.09943143501149412,0,53,0.0,0.0,0.06758430445307662,0,53,0.0,0.0,0.06758430445307662,4,53,0.07547169811320754,0.029739073598901808,0.17858722263484245,36,53,0.6792452830188679,0.5451826763724886,0.7890795541065968,5,53,0.09433962264150944,0.04097203744189684,0.20253975673701435,12,53,0.22641509433962265,0.13454499977265527,0.35526528002242436,30,53,0.5660377358490566,0.4326511497976876,0.6904980930103964,19,53,0.3584905660377358,0.2430176984112362,0.4930910670000117,1,53,0.018867924528301886,0.003338367386749398,0.09943143501149412,1,53,0.018867924528301886,0.003338367386749398,0.09943143501149412,2,53,0.03773584905660377,0.010410068833819265,0.12754523150959116,18,53,0.33962264150943394,0.22686862857429074,0.4740546388917903,311 0.32; 323 0.28; 363 0.17,3,56 0.17; 52 0.15; 41 0.09; 44 0.08; 99 0.08; 38 0.06; 35 0.06; 53 0.06; 57 0.06,9,earned income 0.34; dep care or child support deduction 0.30; shelter deduction 0.17,"wrong amount, known item 0.38; wrong include/exclude decision 0.28; change in circumstances 0.13",22,10,14,32,0.6875,0.514330003019676,0.8204764788338126,0.3125,14,0.30434782608695654,46,14028.0
2-3,months_since_cert_n >   2.500 & months_since_cert_n <=  18.000 & rawben_rel_max <=   0.903 & utilities > 967.000,all_2022_24,298,55,59,24,59,0.4067796610169492,0.29088843022555855,0.534068286344357,11,59,0.1864406779661017,0.10742612239043585,0.30379192425382523,12,59,0.2033898305084746,0.12036154854418066,0.32268254963282317,2,59,0.03389830508474576,0.009345713033501513,0.11543786981607584,1,59,0.01694915254237288,0.002998156692981528,0.08995937462385317,0,59,0.0,0.0,0.061131479784092065,9,59,0.15254237288135594,0.08238371089067363,0.26518223268810226,23,59,0.3898305084745763,0.2757917606558441,0.5173389043813288,15,59,0.2542372881355932,0.1605583829520582,0.3779638698231735,3,59,0.05084745762711865,0.017442401159453308,0.1391672332228667,7,59,0.11864406779661017,0.058675082779140006,0.22523875773415053,7,59,0.11864406779661017,0.058675082779140006,0.22523875773415053,3,59,0.05084745762711865,0.017442401159453308,0.1391672332228667,0,59,0.0,0.0,0.061131479784092065,0,59,0.0,0.0,0.061131479784092065,0,59,0.0,0.0,0.061131479784092065,1,59,0.01694915254237288,0.002998156692981528,0.08995937462385317,28,59,0.4745762711864407,0.35265669027401325,0.5996042324268729,7,59,0.11864406779661017,0.058675082779140006,0.22523875773415053,24,59,0.4067796610169492,0.29088843022555855,0.534068286344357,41,59,0.6949152542372882,0.5685343274025617,0.7974652652239788,17,59,0.288135593220339,0.1883634728582083,0.4138108829825087,0,59,0.0,0.0,0.061131479784092065,0,59,0.0,0.0,0.061131479784092065,1,59,0.01694915254237288,0.002998156692981528,0.08995937462385317,24,59,0.4067796610169492,0.29088843022555855,0.534068286344357,311 0.37; 363 0.20; 150 0.07; 331 0.05; 130 0.05; 350 0.05,6,38 0.25; 53 0.10; 44 0.08; 52 0.08; 35 0.05; 37 0.05; 39 0.05; 56 0.05; 13 0.03,9,earned income 0.41; shelter deduction 0.20; unearned income 0.19,"wrong amount, known item 0.39; wrong include/exclude decision 0.25; change in circumstances 0.12",39,16,23,55,0.7090909090909091,0.5785902917965606,0.8122896298914968,0.2909090909090909,23,0.2948717948717949,78,11948.0
2-3,months_since_cert_n >   2.500 & months_since_cert_n <=  18.000 & rawben_rel_max <=   0.903 & utilities > 967.000,train_2022_23,152,30,32,13,32,0.40625,0.255194024803138,0.5774027342701177,4,32,0.125,0.04970053844474301,0.2806864978482796,7,32,0.21875,0.11023696931531854,0.3875533079044484,2,32,0.0625,0.017310203195157234,0.2014746724800358,1,32,0.03125,0.005537717362550945,0.15744607800372734,0,32,0.0,0.0,0.1071827150573635,5,32,0.15625,0.06864319106627216,0.31754492553566527,11,32,0.34375,0.20410233354328552,0.5168922649121406,10,32,0.3125,0.17952352116618736,0.4856699969803239,2,32,0.0625,0.017310203195157234,0.2014746724800358,5,32,0.15625,0.06864319106627216,0.31754492553566527,3,32,0.09375,0.032400962626319516,0.24218499335778831,1,32,0.03125,0.005537717362550945,0.15744607800372734,0,32,0.0,0.0,0.1071827150573635,0,32,0.0,0.0,0.1071827150573635,0,32,0.0,0.0,0.1071827150573635,0,32,0.0,0.0,0.1071827150573635,17,32,0.53125,0.3644923793257382,0.6913087009831766,6,32,0.1875,0.08889423936162782,0.3530949575492244,9,32,0.28125,0.15564406845647866,0.4537483693811179,22,32,0.6875,0.514330003019676,0.8204764788338126,10,32,0.3125,0.17952352116618736,0.4856699969803239,0,32,0.0,0.0,0.1071827150573635,0,32,0.0,0.0,0.1071827150573635,0,32,0.0,0.0,0.1071827150573635,12,32,0.375,0.2293366846595921,0.5474589941047487,311 0.41; 363 0.22; 364 0.06; 331 0.06,4,38 0.28; 53 0.19; 52 0.09; 44 0.06; 35 0.06; 13 0.06,6,earned income 0.41; shelter deduction 0.22; other element 0.16,"wrong amount, known item 0.34; wrong include/exclude decision 0.31; household composition 0.16",22,8,15,30,0.7333333333333333,0.5555169795568831,0.8581750444608938,0.26666666666666666,15,0.3333333333333333,45,6671.0
2-3,months_since_cert_n >   2.500 & months_since_cert_n <=  18.000 & rawben_rel_max <=   0.903 & utilities > 967.000,test_2024,146,25,27,11,27,0.4074074074074074,0.24514513372857344,0.5927361694463591,7,27,0.25925925925925924,0.13170208422866778,0.4467893040261568,5,27,0.18518518518518517,0.0818058657428532,0.36699056505191746,0,27,0.0,6.938893903907228e-18,0.12455903714463581,0,27,0.0,6.938893903907228e-18,0.12455903714463581,0,27,0.0,6.938893903907228e-18,0.12455903714463581,4,27,0.14814814814814814,0.059158318596448906,0.32479063346829484,12,27,0.4444444444444444,0.2758559767007283,0.6268728052042312,5,27,0.18518518518518517,0.0818058657428532,0.36699056505191746,1,27,0.037037037037037035,0.006567976533097597,0.1828385393415652,2,27,0.07407407407407407,0.020554221697383523,0.2336997729073062,4,27,0.14814814814814814,0.059158318596448906,0.32479063346829484,2,27,0.07407407407407407,0.020554221697383523,0.2336997729073062,0,27,0.0,6.938893903907228e-18,0.12455903714463581,0,27,0.0,6.938893903907228e-18,0.12455903714463581,0,27,0.0,6.938893903907228e-18,0.12455903714463581,1,27,0.037037037037037035,0.006567976533097597,0.1828385393415652,11,27,0.4074074074074074,0.24514513372857344,0.5927361694463591,1,27,0.037037037037037035,0.006567976533097597,0.1828385393415652,15,27,0.5555555555555556,0.37312719479576884,0.7241440232992717,19,27,0.7037037037037037,0.515189666191624,0.8414714668235244,7,27,0.25925925925925924,0.13170208422866778,0.4467893040261568,0,27,0.0,6.938893903907228e-18,0.12455903714463581,0,27,0.0,6.938893903907228e-18,0.12455903714463581,1,27,0.037037037037037035,0.006567976533097597,0.1828385393415652,12,27,0.4444444444444444,0.2758559767007283,0.6268728052042312,311 0.33; 363 0.19; 350 0.07; 312 0.07; 333 0.07; 150 0.07,6,38 0.22; 44 0.11; 56 0.11; 52 0.07; 39 0.07; 37 0.07; 40 0.07; 43 0.04,8,earned income 0.41; unearned income 0.26; shelter deduction 0.19,"wrong amount, known item 0.44; wrong include/exclude decision 0.19; change in circumstances 0.15",17,8,8,25,0.68,0.48409913734576715,0.8279501248310887,0.32,8,0.24242424242424243,33,5277.0
2-3,elderly_disabled_i >= 1.00 & married < 1.00 & unc_rawben_rel_max >= 1.42,all_2022_24,113,50,69,10,69,0.14492753623188406,0.08067008672383712,0.24663738592915235,44,69,0.6376811594202898,0.5197955221181357,0.7410444374653989,11,69,0.15942028985507245,0.09141730642401869,0.26334700407986916,1,69,0.014492753623188406,0.002562858644330375,0.07763307335057362,1,69,0.014492753623188406,0.002562858644330375,0.07763307335057362,1,69,0.014492753623188406,0.002562858644330375,0.07763307335057362,1,69,0.014492753623188406,0.002562858644330375,0.07763307335057362,21,69,0.30434782608695654,0.2084947626304856,0.42083792638238626,23,69,0.3333333333333333,0.23350891006988278,0.4507374546447857,9,69,0.13043478260869565,0.07016548568804834,0.22968514911404272,0,69,0.0,0.0,0.05273909414400562,2,69,0.028985507246376812,0.007985035233144928,0.09966773461265746,3,69,0.043478260869565216,0.014895633850267168,0.1202139738464336,2,69,0.028985507246376812,0.007985035233144928,0.09966773461265746,0,69,0.0,0.0,0.05273909414400562,0,69,0.0,0.0,0.05273909414400562,9,69,0.13043478260869565,0.07016548568804834,0.22968514911404272,44,69,0.6376811594202898,0.5197955221181357,0.7410444374653989,8,69,0.11594202898550725,0.05993426545958408,0.21245953149160868,17,69,0.2463768115942029,0.15989647451132608,0.35960886309795215,43,69,0.6231884057971014,0.5052166912305035,0.7281664305021328,24,69,0.34782608695652173,0.24617977948252023,0.46552342308304673,0,69,0.0,0.0,0.05273909414400562,1,69,0.014492753623188406,0.002562858644330375,0.07763307335057362,1,69,0.014492753623188406,0.002562858644330375,0.07763307335057362,29,69,0.42028985507246375,0.3110593225861805,0.5379280692338784,331 0.22; 363 0.16; 333 0.13; 311 0.13; 342 0.10; 350 0.06,6,38 0.25; 37 0.22; 35 0.13; 99 0.13; 53 0.07,5,unearned income 0.64; shelter deduction 0.16,"wrong include/exclude decision 0.33; wrong amount, known item 0.30; unreported source of income 0.13",49,1,2,50,0.98,0.8950431352816304,0.9964608319110235,0.02,2,0.038461538461538464,52,20388.0
2-3,elderly_disabled_i >= 1.00 & married < 1.00 & unc_rawben_rel_max >= 1.42,train_2022_23,69,37,50,7,50,0.14,0.06950745262022862,0.2618645719852809,33,50,0.66,0.5215356854148285,0.7756323036493895,7,50,0.14,0.06950745262022862,0.2618645719852809,1,50,0.02,0.0035391680889764604,0.10495686471836953,1,50,0.02,0.0035391680889764604,0.10495686471836953,0,50,0.0,0.0,0.07135003417431873,1,50,0.02,0.0035391680889764604,0.10495686471836953,14,50,0.28,0.17474014357680362,0.4166538714598967,18,50,0.36,0.24138562967182875,0.49859237989698046,6,50,0.12,0.05617523710624646,0.23805078886623582,0,50,0.0,0.0,0.07135003417431873,2,50,0.04,0.011038652660826577,0.13460337877954667,3,50,0.06,0.020614596364630478,0.16217343370877002,2,50,0.04,0.011038652660826577,0.13460337877954667,0,50,0.0,0.0,0.07135003417431873,0,50,0.0,0.0,0.07135003417431873,5,50,0.1,0.04347512399157111,0.2136049033478839,29,50,0.58,0.4423319668777783,0.7062520276543307,8,50,0.16,0.08337321362087696,0.2851448096176598,13,50,0.26,0.15871379651367384,0.3955342198899992,32,50,0.64,0.5014076201030195,0.7586143703281711,17,50,0.34,0.2243676963506106,0.47846431458517147,0,50,0.0,0.0,0.07135003417431873,0,50,0.0,0.0,0.07135003417431873,1,50,0.02,0.0035391680889764604,0.10495686471836953,25,50,0.5,0.36644286412332855,0.6335571358766714,331 0.26; 333 0.14; 363 0.14; 311 0.12; 350 0.08; 342 0.08,6,38 0.26; 37 0.26; 35 0.12; 99 0.10; 53 0.08,5,unearned income 0.66; earned income 0.14,"wrong include/exclude decision 0.36; wrong amount, known item 0.28; unreported source of income 0.12",36,1,1,37,0.972972972972973,0.8617562156243666,0.9952131489450924,0.02702702702702703,1,0.02631578947368421,38,12426.0
2-3,elderly_disabled_i >= 1.00 & married < 1.00 & unc_rawben_rel_max >= 1.42,test_2024,44,13,19,3,19,0.15789473684210525,0.055203710399278266,0.3756592764317668,11,19,0.5789473684210527,0.36275551465160105,0.7685837960796962,4,19,0.21052631578947367,0.08507538491591576,0.43334714240266087,0,19,0.0,0.0,0.16818436536845052,0,19,0.0,0.0,0.16818436536845052,1,19,0.05263157894736842,0.009351752490529969,0.2463921533654521,0,19,0.0,0.0,0.16818436536845052,7,19,0.3684210526315789,0.19149272376273843,0.5896084250184328,5,19,0.2631578947368421,0.11806238339540162,0.48791968441070643,3,19,0.15789473684210525,0.055203710399278266,0.3756592764317668,0,19,0.0,0.0,0.16818436536845052,0,19,0.0,0.0,0.16818436536845052,0,19,0.0,0.0,0.16818436536845052,0,19,0.0,0.0,0.16818436536845052,0,19,0.0,0.0,0.16818436536845052,0,19,0.0,0.0,0.16818436536845052,4,19,0.21052631578947367,0.08507538491591576,0.43334714240266087,15,19,0.7894736842105263,0.5666528575973392,0.9149246150840843,0,19,0.0,0.0,0.16818436536845052,4,19,0.21052631578947367,0.08507538491591576,0.43334714240266087,11,19,0.5789473684210527,0.36275551465160105,0.7685837960796962,7,19,0.3684210526315789,0.19149272376273843,0.5896084250184328,0,19,0.0,0.0,0.16818436536845052,1,19,0.05263157894736842,0.009351752490529969,0.2463921533654521,0,19,0.0,0.0,0.16818436536845052,4,19,0.21052631578947367,0.08507538491591576,0.43334714240266087,363 0.21; 342 0.16; 311 0.16; 331 0.11; 333 0.11; 346 0.11,6,99 0.21; 38 0.21; 35 0.16; 44 0.11; 37 0.11,5,unearned income 0.58; shelter deduction 0.21,"wrong amount, known item 0.37; wrong include/exclude decision 0.26; other 0.21",13,0,1,13,1.0,0.7718981569447083,1.0,0.0,1,0.07142857142857142,14,7962.0
2-3,HH_size_n > 2.500 & rawben_rel_max > 0.986 & unc_rawben_rel_max > 1.440,all_2022_24,68,32,45,12,45,0.26666666666666666,0.15964748860054623,0.4103911669717528,21,45,0.4666666666666667,0.3293490394201473,0.6092279113758954,5,45,0.1111111111111111,0.04840400437825558,0.23499375490890945,0,45,0.0,0.0,0.07865426194064076,0,45,0.0,0.0,0.07865426194064076,4,45,0.08888888888888889,0.035110548134203154,0.20733851168365702,3,45,0.06666666666666667,0.022931616462147086,0.17856874388640825,14,45,0.3111111111111111,0.19528525463541907,0.4566507998754897,12,45,0.26666666666666666,0.15964748860054623,0.4103911669717528,6,45,0.13333333333333333,0.0625706363434968,0.2617758224129731,2,45,0.044444444444444446,0.012273869040444335,0.14827779183880616,4,45,0.08888888888888889,0.035110548134203154,0.20733851168365702,2,45,0.044444444444444446,0.012273869040444335,0.14827779183880616,1,45,0.022222222222222223,0.003933497522757505,0.11566946388718813,0,45,0.0,0.0,0.07865426194064076,0,45,0.0,0.0,0.07865426194064076,4,45,0.08888888888888889,0.035110548134203154,0.20733851168365702,29,45,0.6444444444444445,0.49835546011952203,0.7678110864309596,6,45,0.13333333333333333,0.0625706363434968,0.2617758224129731,10,45,0.2222222222222222,0.12544551866005632,0.3626957379736329,25,45,0.5555555555555556,0.4117588341636533,0.6906129145096089,20,45,0.4444444444444444,0.30938708549039107,0.5882411658363468,0,45,0.0,0.0,0.07865426194064076,0,45,0.0,0.0,0.07865426194064076,0,45,0.0,0.0,0.07865426194064076,20,45,0.4444444444444444,0.30938708549039107,0.5882411658363468,311 0.22; 342 0.11; 363 0.11; 331 0.09; 350 0.09; 333 0.07; 344 0.04; 312 0.04,8,38 0.24; 37 0.16; 35 0.13; 99 0.09; 52 0.07; 39 0.04; 41 0.04,7,unearned income 0.47; earned income 0.27; shelter deduction 0.11,"wrong amount, known item 0.31; wrong include/exclude decision 0.27; unreported source of income 0.13; change in circumstances 0.09",30,2,4,32,0.9375,0.7985253275199642,0.9826897968048427,0.0625,4,0.1111111111111111,36,11422.0
2-3,HH_size_n > 2.500 & rawben_rel_max > 0.986 & unc_rawben_rel_max > 1.440,train_2022_23,47,22,28,8,28,0.2857142857142857,0.15253815848329969,0.470596357370175,15,28,0.5357142857142857,0.3581239514210167,0.7046869626034041,3,28,0.10714285714285714,0.03711769205479949,0.2719622536765708,0,28,0.0,0.0,0.12064720365810762,0,28,0.0,0.0,0.12064720365810762,0,28,0.0,0.0,0.12064720365810762,2,28,0.07142857142857142,0.019811647447770794,0.2264573842591786,9,28,0.32142857142857145,0.1793304754342074,0.5066149544436882,5,28,0.17857142857142858,0.0787838582943011,0.355917915485911,5,28,0.17857142857142858,0.0787838582943011,0.355917915485911,1,28,0.03571428571428571,0.00633235649754188,0.17712576118498663,3,28,0.10714285714285714,0.03711769205479949,0.2719622536765708,2,28,0.07142857142857142,0.019811647447770794,0.2264573842591786,1,28,0.03571428571428571,0.00633235649754188,0.17712576118498663,0,28,0.0,0.0,0.12064720365810762,0,28,0.0,0.0,0.12064720365810762,2,28,0.07142857142857142,0.019811647447770794,0.2264573842591786,15,28,0.5357142857142857,0.3581239514210167,0.7046869626034041,4,28,0.14285714285714285,0.056989129307017855,0.31490173044877334,9,28,0.32142857142857145,0.1793304754342074,0.5066149544436882,17,28,0.6071428571428571,0.42408726034906297,0.7643454817241996,11,28,0.39285714285714285,0.23565451827580033,0.575912739650937,0,28,0.0,0.0,0.12064720365810762,0,28,0.0,0.0,0.12064720365810762,0,28,0.0,0.0,0.12064720365810762,14,28,0.5,0.3263284683244634,0.6736715316755366,311 0.21; 331 0.14; 333 0.11; 350 0.11; 363 0.11; 342 0.07; 312 0.07,7,38 0.32; 35 0.18; 37 0.14; 39 0.07; 99 0.07,5,unearned income 0.54; earned income 0.29,"wrong amount, known item 0.32; wrong include/exclude decision 0.18; unreported source of income 0.18; change in circumstances 0.11",20,2,2,22,0.9090909090909091,0.7218461934161421,0.9747051037171622,0.09090909090909091,2,0.08333333333333333,24,7278.0
2-3,HH_size_n > 2.500 & rawben_rel_max > 0.986 & unc_rawben_rel_max > 1.440,test_2024,21,10,17,4,17,0.23529411764705882,0.0955488907167594,0.47262245889171595,6,17,0.35294117647058826,0.17309486143904904,0.5870003327878818,2,17,0.11764705882352941,0.03287908001292092,0.3433684249770991,0,17,0.0,0.0,0.18432366037156456,0,17,0.0,0.0,0.18432366037156456,4,17,0.23529411764705882,0.0955488907167594,0.47262245889171595,1,17,0.058823529411764705,0.01046013064516424,0.269825452035628,5,17,0.29411764705882354,0.13279793865556402,0.5313353332621391,7,17,0.4117647058823529,0.21610786039131383,0.6399492561448447,1,17,0.058823529411764705,0.01046013064516424,0.269825452035628,1,17,0.058823529411764705,0.01046013064516424,0.269825452035628,1,17,0.058823529411764705,0.01046013064516424,0.269825452035628,0,17,0.0,0.0,0.18432366037156456,0,17,0.0,0.0,0.18432366037156456,0,17,0.0,0.0,0.18432366037156456,0,17,0.0,0.0,0.18432366037156456,2,17,0.11764705882352941,0.03287908001292092,0.3433684249770991,14,17,0.8235294117647058,0.5897007098262422,0.9380898628745101,2,17,0.11764705882352941,0.03287908001292092,0.3433684249770991,1,17,0.058823529411764705,0.01046013064516424,0.269825452035628,8,17,0.47058823529411764,0.26164801196088106,0.6903710268845051,9,17,0.5294117647058824,0.30962897311549487,0.738351988039119,0,17,0.0,0.0,0.18432366037156456,0,17,0.0,0.0,0.18432366037156456,0,17,0.0,0.0,0.18432366037156456,6,17,0.35294117647058826,0.17309486143904904,0.5870003327878818,311 0.24; 342 0.18; 323 0.12; 363 0.12; 366 0.12,5,37 0.18; 53 0.12; 52 0.12; 56 0.12; 38 0.12; 99 0.12,6,unearned income 0.35; dep care or child support deduction 0.24; earned income 0.24,"wrong include/exclude decision 0.41; wrong amount, known item 0.29; other 0.12",10,0,2,10,1.0,0.7224598312333834,1.0,0.0,2,0.16666666666666666,12,4144.0
1,medical_deductions > 132.00 & unc_rawben_rel_max >   2.03 & utilities >  29.50,all_2022_24,58,25,42,1,42,0.023809523809523808,0.00421529549910029,0.12321481165248252,27,42,0.6428571428571429,0.4916608928707938,0.7701100749837315,6,42,0.14285714285714285,0.06715875684189933,0.2784138235217878,2,42,0.047619047619047616,0.013157248639206365,0.1579013531547973,6,42,0.14285714285714285,0.06715875684189933,0.2784138235217878,0,42,0.0,0.0,0.08380161250916197,0,42,0.0,0.0,0.08380161250916197,10,42,0.23809523809523808,0.13480820811018188,0.38527835082318873,16,42,0.38095238095238093,0.24999520898785943,0.5318623178000363,9,42,0.21428571428571427,0.11705668531051237,0.3594013789804373,0,42,0.0,0.0,0.08380161250916197,1,42,0.023809523809523808,0.00421529549910029,0.12321481165248252,1,42,0.023809523809523808,0.00421529549910029,0.12321481165248252,0,42,0.0,0.0,0.08380161250916197,0,42,0.0,0.0,0.08380161250916197,0,42,0.0,0.0,0.08380161250916197,5,42,0.11904761904761904,0.05193726765019084,0.2500068180710754,22,42,0.5238095238095238,0.3772221394020704,0.6664063552403504,3,42,0.07142857142857142,0.024589963551172864,0.19009713288525165,17,42,0.40476190476190477,0.27042647671209086,0.5550595447182258,26,42,0.6190476190476191,0.46813768219996377,0.7500047910121407,14,42,0.3333333333333333,0.2101228076197232,0.4844777298833308,1,42,0.023809523809523808,0.00421529549910029,0.12321481165248252,0,42,0.0,0.0,0.08380161250916197,1,42,0.023809523809523808,0.00421529549910029,0.12321481165248252,18,42,0.42857142857142855,0.2911742951914822,0.5779402208812553,331 0.43; 365 0.14; 363 0.14; 346 0.12,4,35 0.21; 38 0.21; 37 0.17; 52 0.12; 99 0.12,5,unearned income 0.64; medical deduction 0.14,"wrong include/exclude decision 0.38; wrong amount, known item 0.24; unreported source of income 0.21",25,0,1,25,1.0,0.8668035060468213,1.0,0.0,1,0.038461538461538464,26,7723.0
1,medical_deductions > 132.00 & unc_rawben_rel_max >   2.03 & utilities >  29.50,train_2022_23,32,16,26,0,26,0.0,0.0,0.12873304380462175,17,26,0.6538461538461539,0.46220229009632996,0.8058798502714787,4,26,0.15384615384615385,0.06149933998929477,0.33531584418313565,1,26,0.038461538461538464,0.0068218089769898765,0.18893176991958405,4,26,0.15384615384615385,0.06149933998929477,0.33531584418313565,0,26,0.0,0.0,0.12873304380462175,0,26,0.0,0.0,0.12873304380462175,4,26,0.15384615384615385,0.06149933998929477,0.33531584418313565,10,26,0.38461538461538464,0.22428359511834428,0.5746547996057992,6,26,0.23076923076923078,0.11033699683676687,0.42051925751956787,0,26,0.0,0.0,0.12873304380462175,1,26,0.038461538461538464,0.0068218089769898765,0.18893176991958405,1,26,0.038461538461538464,0.0068218089769898765,0.18893176991958405,0,26,0.0,0.0,0.12873304380462175,0,26,0.0,0.0,0.12873304380462175,0,26,0.0,0.0,0.12873304380462175,4,26,0.15384615384615385,0.06149933998929477,0.33531584418313565,12,26,0.46153846153846156,0.28755582695234905,0.6454236379556988,2,26,0.07692307692307693,0.02135463918337556,0.24141947480515052,12,26,0.46153846153846156,0.28755582695234905,0.6454236379556988,14,26,0.5384615384615384,0.3545763620443012,0.712444173047651,11,26,0.4230769230769231,0.255441899027294,0.6105170307888017,1,26,0.038461538461538464,0.0068218089769898765,0.18893176991958405,0,26,0.0,0.0,0.12873304380462175,0,26,0.0,0.0,0.12873304380462175,10,26,0.38461538461538464,0.22428359511834428,0.5746547996057992,331 0.42; 346 0.15; 365 0.15; 363 0.15,4,35 0.23; 37 0.19; 99 0.15; 38 0.15; 53 0.12,5,unearned income 0.65; medical deduction 0.15,wrong include/exclude decision 0.38; unreported source of income 0.23; other 0.15,16,0,1,16,1.0,0.8063865817272802,1.0,0.0,1,0.058823529411764705,17,5223.0
1,medical_deductions > 132.00 & unc_rawben_rel_max >   2.03 & utilities >  29.50,test_2024,26,9,16,1,16,0.0625,0.01111905730833121,0.2832926836802987,10,16,0.625,0.3864064709793481,0.815190174452472,2,16,0.125,0.034976749337057134,0.3602333143674828,1,16,0.0625,0.01111905730833121,0.2832926836802987,2,16,0.125,0.034976749337057134,0.3602333143674828,0,16,0.0,0.0,0.19361341827271994,0,16,0.0,0.0,0.19361341827271994,6,16,0.375,0.18480982554752806,0.613593529020652,6,16,0.375,0.18480982554752806,0.613593529020652,3,16,0.1875,0.06591478773586765,0.4300935986845823,0,16,0.0,0.0,0.19361341827271994,0,16,0.0,0.0,0.19361341827271994,0,16,0.0,0.0,0.19361341827271994,0,16,0.0,0.0,0.19361341827271994,0,16,0.0,0.0,0.19361341827271994,0,16,0.0,0.0,0.19361341827271994,1,16,0.0625,0.01111905730833121,0.2832926836802987,10,16,0.625,0.3864064709793481,0.815190174452472,1,16,0.0625,0.01111905730833121,0.2832926836802987,5,16,0.3125,0.14164435051961052,0.5559606813326594,12,16,0.75,0.5050123107060135,0.8981809801576265,3,16,0.1875,0.06591478773586765,0.4300935986845823,0,16,0.0,0.0,0.19361341827271994,0,16,0.0,0.0,0.19361341827271994,1,16,0.0625,0.01111905730833121,0.2832926836802987,8,16,0.5,0.2799923761135083,0.7200076238864916,331 0.44; 363 0.12; 365 0.12; 334 0.06,4,38 0.31; 35 0.19; 52 0.19; 37 0.12,4,unearned income 0.62; shelter deduction 0.12,"wrong amount, known item 0.38; wrong include/exclude decision 0.38",9,0,0,9,1.0,0.7008472464490407,1.0,0.0,0,0.0,9,2500.0
2-3,expedited_i <=    0.5 & medical_deductions >  104.0 & total_deductions_by_hh_size >  493.0 & total_deductions_by_hh_size <= 1440.0,all_2022_24,219,92,143,10,143,0.06993006993006994,0.03842468118206634,0.12393802802295459,36,143,0.2517482517482518,0.18774286311226696,0.32874292838006225,44,143,0.3076923076923077,0.237902379952512,0.387544359935912,2,143,0.013986013986013986,0.003843806098051971,0.04955795471087411,43,143,0.3006993006993007,0.2315600256429578,0.3802665956959543,2,143,0.013986013986013986,0.003843806098051971,0.04955795471087411,6,143,0.04195804195804196,0.01936911089693883,0.08851312411003467,37,143,0.25874125874125875,0.1939370880307501,0.33616882201109094,71,143,0.4965034965034965,0.4157242744569096,0.5774656662683346,12,143,0.08391608391608392,0.04865348029310678,0.14094946601093786,3,143,0.02097902097902098,0.007159887536964584,0.05986199182147335,4,143,0.027972027972027972,0.010930213279755858,0.06971178462819394,3,143,0.02097902097902098,0.007159887536964584,0.05986199182147335,2,143,0.013986013986013986,0.003843806098051971,0.04955795471087411,1,143,0.006993006993006993,0.0012354740923871538,0.03854616816702707,0,143,0.0,0.0,0.02616152370990237,10,143,0.06993006993006994,0.03842468118206634,0.12393802802295459,93,143,0.6503496503496503,0.5691862888048546,0.7236462600096502,18,143,0.1258741258741259,0.08112425328590993,0.19019940431520582,31,143,0.21678321678321677,0.15713427867091181,0.291250920073858,88,143,0.6153846153846154,0.5336183508362926,0.691113605230653,53,143,0.3706293706293706,0.29582198022284456,0.45220582661118613,1,143,0.006993006993006993,0.0012354740923871538,0.03854616816702707,1,143,0.006993006993006993,0.0012354740923871538,0.03854616816702707,0,143,0.0,0.0,0.02616152370990237,60,143,0.4195804195804196,0.34183688468115886,0.5015317519994549,363 0.31; 365 0.30; 331 0.16,3,53 0.36; 38 0.13; 56 0.12; 35 0.08; 52 0.07,5,shelter deduction 0.31; medical deduction 0.30; unearned income 0.25,"wrong include/exclude decision 0.50; wrong amount, known item 0.26",86,6,63,92,0.9347826086956522,0.8649403972069417,0.9697702086260162,0.06521739130434782,63,0.4064516129032258,155,24882.0
2-3,expedited_i <=    0.5 & medical_deductions >  104.0 & total_deductions_by_hh_size >  493.0 & total_deductions_by_hh_size <= 1440.0,train_2022_23,141,56,96,7,96,0.07291666666666667,0.0357671262379895,0.14293193307195748,20,96,0.20833333333333334,0.13910723657424498,0.30000431612523104,28,96,0.2916666666666667,0.21016461419964405,0.38920078058569607,2,96,0.020833333333333332,0.005731849710137293,0.07280855829614466,31,96,0.3229166666666667,0.23775702086652156,0.4217035647010175,2,96,0.020833333333333332,0.005731849710137293,0.07280855829614466,6,96,0.0625,0.028956279687604516,0.12971104936160943,13,96,0.13541666666666666,0.08087629796762788,0.21801314290671706,58,96,0.6041666666666666,0.5041492795838095,0.6961680230235204,6,96,0.0625,0.028956279687604516,0.12971104936160943,3,96,0.03125,0.010683876777878007,0.08788826148913696,3,96,0.03125,0.010683876777878007,0.08788826148913696,2,96,0.020833333333333332,0.005731849710137293,0.07280855829614466,1,96,0.010416666666666666,0.001841122818436635,0.056667554927112326,1,96,0.010416666666666666,0.001841122818436635,0.056667554927112326,0,96,0.0,0.0,0.03847694748481595,9,96,0.09375,0.050107540469390296,0.16865497936202267,62,96,0.6458333333333334,0.546241158747365,0.734203064902897,15,96,0.15625,0.09703624472178266,0.2419166566740283,19,96,0.19791666666666666,0.1305263160188847,0.2885535064198583,59,96,0.6145833333333334,0.5146051824336462,0.7057438504344169,37,96,0.3854166666666667,0.29425614956558316,0.485394817566354,0,96,0.0,0.0,0.03847694748481595,0,96,0.0,0.0,0.03847694748481595,0,96,0.0,0.0,0.03847694748481595,38,96,0.3958333333333333,0.3038319769764796,0.49585072041619044,365 0.32; 363 0.29; 331 0.11; 311 0.06,4,53 0.46; 38 0.12; 52 0.10; 99 0.09,4,medical deduction 0.32; shelter deduction 0.29; unearned income 0.21,"wrong include/exclude decision 0.60; wrong amount, known item 0.14; other 0.09",52,4,41,56,0.9285714285714286,0.830243171685138,0.9718744187536204,0.07142857142857142,41,0.422680412371134,97,15636.0
2-3,expedited_i <=    0.5 & medical_deductions >  104.0 & total_deductions_by_hh_size >  493.0 & total_deductions_by_hh_size <= 1440.0,test_2024,78,36,47,3,47,0.06382978723404255,0.0219449870207728,0.17162877934377904,16,47,0.3404255319148936,0.22167260713762188,0.4832934049469702,16,47,0.3404255319148936,0.22167260713762188,0.4832934049469702,0,47,0.0,6.938893903907228e-18,0.0755601711983887,12,47,0.2553191489361702,0.15253006046383732,0.3950844913992039,0,47,0.0,6.938893903907228e-18,0.0755601711983887,0,47,0.0,6.938893903907228e-18,0.0755601711983887,24,47,0.5106382978723404,0.37242217589372884,0.6472467566339649,13,47,0.2765957446808511,0.16936405991152936,0.41758835700689967,6,47,0.1276595744680851,0.059845227802024795,0.25174213372869025,0,47,0.0,6.938893903907228e-18,0.0755601711983887,1,47,0.02127659574468085,0.003765671010464995,0.11113236524331144,1,47,0.02127659574468085,0.003765671010464995,0.11113236524331144,1,47,0.02127659574468085,0.003765671010464995,0.11113236524331144,0,47,0.0,6.938893903907228e-18,0.0755601711983887,0,47,0.0,6.938893903907228e-18,0.0755601711983887,1,47,0.02127659574468085,0.003765671010464995,0.11113236524331144,31,47,0.6595744680851063,0.5167065950530297,0.7783273928623781,3,47,0.06382978723404255,0.0219449870207728,0.17162877934377904,12,47,0.2553191489361702,0.15253006046383732,0.3950844913992039,29,47,0.6170212765957447,0.47426308443976317,0.7420951733648692,16,47,0.3404255319148936,0.22167260713762188,0.4832934049469702,1,47,0.02127659574468085,0.003765671010464995,0.11113236524331144,1,47,0.02127659574468085,0.003765671010464995,0.11113236524331144,0,47,0.0,6.938893903907228e-18,0.0755601711983887,22,47,0.46808510638297873,0.33331462168462633,0.6076785807322921,363 0.34; 365 0.26; 331 0.26,3,56 0.36; 53 0.17; 35 0.13; 38 0.13,4,shelter deduction 0.34; unearned income 0.34; medical deduction 0.26,"wrong amount, known item 0.51; wrong include/exclude decision 0.28",34,2,22,36,0.9444444444444444,0.8185502589238878,0.9846303362329332,0.05555555555555555,22,0.3793103448275862,58,9246.0
2-3,married <   1.000 & months_since_cert_n >=   5.000 & total_deductions_by_hh_size >= 654.000 & unc_rawben_rel_max >=   0.274,all_2022_24,130,53,86,24,86,0.27906976744186046,0.195285453305378,0.3817479031798136,15,86,0.1744186046511628,0.10864674362052464,0.26803399225238944,21,86,0.2441860465116279,0.16561843751812289,0.3446307120963096,3,86,0.03488372093023256,0.011933581807332512,0.09761032658254476,3,86,0.03488372093023256,0.011933581807332512,0.09761032658254476,14,86,0.16279069767441862,0.09952040412263215,0.2548989294600289,6,86,0.06976744186046512,0.03236497351786072,0.14396314174277575,23,86,0.26744186046511625,0.1853195577468752,0.3694523964480633,29,86,0.3372093023255814,0.24616399807168987,0.44217636986476705,11,86,0.12790697674418605,0.07294546819879526,0.21468965851310656,3,86,0.03488372093023256,0.011933581807332512,0.09761032658254476,5,86,0.05813953488372093,0.02508656569078512,0.12898014727959828,6,86,0.06976744186046512,0.03236497351786072,0.14396314174277575,1,86,0.011627906976744186,0.002055515742405551,0.0629655880669656,0,86,0.0,0.0,0.042759701519118086,0,86,0.0,0.0,0.042759701519118086,8,86,0.09302325581395349,0.04789171128373092,0.1729592085574117,46,86,0.5348837209302325,0.4302411599878987,0.6365430468828602,11,86,0.12790697674418605,0.07294546819879526,0.21468965851310656,29,86,0.3372093023255814,0.24616399807168987,0.44217636986476705,44,86,0.5116279069767442,0.4077653726724701,0.614496029617783,38,86,0.4418604651162791,0.3416256631747516,0.547067325373983,1,86,0.011627906976744186,0.002055515742405551,0.0629655880669656,2,86,0.023255813953488372,0.006400792019477797,0.08088171408014642,1,86,0.011627906976744186,0.002055515742405551,0.0629655880669656,28,86,0.32558139534883723,0.23585553745183332,0.43022342819437065,311 0.27; 363 0.24; 323 0.14; 331 0.06; 350 0.05,5,53 0.16; 38 0.16; 35 0.13; 99 0.09; 37 0.08; 52 0.08; 56 0.06,7,earned income 0.28; shelter deduction 0.24; unearned income 0.17; dep care or child support deduction 0.16,"wrong include/exclude decision 0.34; wrong amount, known item 0.27; unreported source of income 0.13; other 0.09",47,6,21,53,0.8867924528301887,0.7742322969866086,0.9470704108893132,0.11320754716981132,21,0.28378378378378377,74,19271.0
2-3,married <   1.000 & months_since_cert_n >=   5.000 & total_deductions_by_hh_size >= 654.000 & unc_rawben_rel_max >=   0.274,train_2022_23,64,28,49,12,49,0.24489795918367346,0.14602203389475285,0.38086587260315785,10,49,0.20408163265306123,0.11481727042813811,0.33637270110943834,12,49,0.24489795918367346,0.14602203389475285,0.38086587260315785,2,49,0.04081632653061224,0.011265396927928273,0.13713283476831106,3,49,0.061224489795918366,0.021039764955529186,0.16520743422087725,8,49,0.16326530612244897,0.08512596988208977,0.29036606669515236,2,49,0.04081632653061224,0.011265396927928273,0.13713283476831106,12,49,0.24489795918367346,0.14602203389475285,0.38086587260315785,20,49,0.40816326530612246,0.2821503460597105,0.5475293002795374,5,49,0.10204081632653061,0.044378892487039884,0.21756624164970087,0,49,0.0,0.0,0.07270029673590504,3,49,0.061224489795918366,0.021039764955529186,0.16520743422087725,3,49,0.061224489795918366,0.021039764955529186,0.16520743422087725,0,49,0.0,0.0,0.07270029673590504,0,49,0.0,0.0,0.07270029673590504,0,49,0.0,0.0,0.07270029673590504,6,49,0.12244897959183673,0.057347477598098245,0.2424466240188096,24,49,0.4897959183673469,0.3557488315940086,0.6253266846659078,6,49,0.12244897959183673,0.057347477598098245,0.2424466240188096,19,49,0.3877551020408163,0.26428814373960496,0.5275425351194757,27,49,0.5510204081632653,0.41314866799678107,0.6814737507036366,22,49,0.4489795918367347,0.3185262492963633,0.5868513320032188,0,49,0.0,0.0,0.07270029673590504,0,49,0.0,0.0,0.07270029673590504,0,49,0.0,0.0,0.07270029673590504,14,49,0.2857142857142857,0.1784943493972417,0.4240914920610033,311 0.24; 363 0.24; 323 0.14; 350 0.06; 331 0.06,5,53 0.24; 38 0.20; 99 0.12; 35 0.10; 37 0.08,5,earned income 0.24; shelter deduction 0.24; unearned income 0.20; dep care or child support deduction 0.16,"wrong include/exclude decision 0.41; wrong amount, known item 0.24; other 0.12",26,2,11,28,0.9285714285714286,0.7735426157408214,0.9801883525522292,0.07142857142857142,11,0.28205128205128205,39,10731.0
2-3,married <   1.000 & months_since_cert_n >=   5.000 & total_deductions_by_hh_size >= 654.000 & unc_rawben_rel_max >=   0.274,test_2024,66,25,37,12,37,0.32432432432432434,0.19633077820815478,0.48536631495176064,5,37,0.13513513513513514,0.059132072625076235,0.2797772747070557,9,37,0.24324324324324326,0.13361203432663304,0.4011760249070895,1,37,0.02702702702702703,0.004786851054907726,0.13824378437563367,0,37,0.0,0.0,0.09406095745514377,6,37,0.16216216216216217,0.07651103235297099,0.31136799295455864,4,37,0.10810810810810811,0.04285120520506268,0.24708846415167163,11,37,0.2972972972972973,0.17489302346408198,0.45783439172043583,9,37,0.24324324324324326,0.13361203432663304,0.4011760249070895,6,37,0.16216216216216217,0.07651103235297099,0.31136799295455864,3,37,0.08108108108108109,0.027960066396321384,0.2130099249850153,2,37,0.05405405405405406,0.01495066277053994,0.1770496506353991,3,37,0.08108108108108109,0.027960066396321384,0.2130099249850153,1,37,0.02702702702702703,0.004786851054907726,0.13824378437563367,0,37,0.0,0.0,0.09406095745514377,0,37,0.0,0.0,0.09406095745514377,2,37,0.05405405405405406,0.01495066277053994,0.1770496506353991,22,37,0.5945945945945946,0.4348568313132931,0.7365370416005986,5,37,0.13513513513513514,0.059132072625076235,0.2797772747070557,10,37,0.2702702702702703,0.15397298246990684,0.4297847547392133,17,37,0.4594594594594595,0.31038327828457724,0.6161622047523264,16,37,0.43243243243243246,0.2867148684035131,0.5908609366579929,1,37,0.02702702702702703,0.004786851054907726,0.13824378437563367,2,37,0.05405405405405406,0.01495066277053994,0.1770496506353991,1,37,0.02702702702702703,0.004786851054907726,0.13824378437563367,14,37,0.3783783783783784,0.2406378746389103,0.5389985744718004,311 0.30; 363 0.24; 323 0.14; 150 0.05; 331 0.05,5,35 0.16; 56 0.14; 38 0.11; 52 0.08; 37 0.08; 13 0.05; 64 0.05; 57 0.05; 99 0.05,9,earned income 0.32; shelter deduction 0.24; dep care or child support deduction 0.16; unearned income 0.14,"wrong amount, known item 0.30; wrong include/exclude decision 0.24; unreported source of income 0.16; household composition 0.08",21,4,10,25,0.84,0.6534598601976183,0.9359665239142201,0.16,10,0.2857142857142857,35,8540.0
4+,months_since_cert_n >  1.500 & rawben_rel_max <=  0.983 & total_deductions_by_hh_size > 31.000 & unc_rawben_rel_max >  0.776,all_2022_24,2227,601,884,336,884,0.38009049773755654,0.34867533493943104,0.4125433328950113,162,884,0.1832579185520362,0.1591430532686851,0.21011380516191774,166,884,0.18778280542986425,0.16340893757054695,0.21485853716819017,61,884,0.06900452488687783,0.05409291993431024,0.08764587671590304,5,884,0.005656108597285068,0.002418263829039,0.013171904507294867,56,884,0.06334841628959276,0.0491037051141328,0.08137182115091267,98,884,0.11085972850678733,0.09182305569609125,0.13326394180436374,278,884,0.31447963800904977,0.28473000847773877,0.34583472288875716,228,884,0.2579185520361991,0.23016930190185553,0.2877627256129624,99,884,0.11199095022624435,0.09285818963845835,0.13448146193903024,67,884,0.0757918552036199,0.060121440206052604,0.09513328090636201,85,884,0.09615384615384616,0.07843084184359922,0.11737165265541952,54,884,0.06108597285067873,0.0471177309999468,0.07885248711103153,10,884,0.011312217194570135,0.006155940043911855,0.020697498677589816,2,884,0.0022624434389140274,0.0006206500184450362,0.00821155608678815,6,884,0.006787330316742082,0.003114255621701154,0.014728566791666274,55,884,0.06221719457013575,0.04810999021369164,0.08011288197432026,495,878,0.5637813211845103,0.5307706123604536,0.5962363240326582,84,878,0.09567198177676538,0.07793958106782614,0.11692716144012541,298,878,0.33940774487471526,0.3088467486004507,0.37136792940974983,521,883,0.5900339750849377,0.5572714108843169,0.6220165250898186,333,883,0.37712344280860705,0.34575236923737557,0.4095590640557852,1,883,0.0011325028312570782,0.00019993739569502825,0.0063870337161698165,6,883,0.006795016987542469,0.0031177866216128237,0.01474515530623539,22,883,0.02491506228765572,0.016510103801097152,0.03743594473789786,400,878,0.45558086560364464,0.4229030057771131,0.4886457349491126,311 0.31; 363 0.19; 350 0.08; 364 0.07; 312 0.07; 150 0.05,6,38 0.16; 53 0.13; 35 0.11; 52 0.09; 44 0.08; 99 0.06; 39 0.04; 56 0.04; 37 0.03; 41 0.02,10,earned income 0.38; shelter deduction 0.19; unearned income 0.18,"wrong amount, known item 0.31; wrong include/exclude decision 0.26; unreported source of income 0.11; change in circumstances 0.10",410,191,219,601,0.6821963394342762,0.643912938824865,0.7181653309237765,0.3178036605657238,219,0.26707317073170733,820,207611.0
4+,months_since_cert_n >  1.500 & rawben_rel_max <=  0.983 & total_deductions_by_hh_size > 31.000 & unc_rawben_rel_max >  0.776,train_2022_23,1467,382,555,211,555,0.3801801801801802,0.3407478961346923,0.421259799784867,105,555,0.1891891891891892,0.15878276557949164,0.22386877646748557,97,555,0.17477477477477477,0.14544373739633515,0.20857715152818296,38,555,0.06846846846846846,0.05028683279202727,0.09258298935435551,3,555,0.005405405405405406,0.0018399597097775349,0.015770755025847013,36,555,0.06486486486486487,0.047218255831681974,0.08849390303408607,65,555,0.11711711711711711,0.09295871712909896,0.14653955930558304,146,555,0.26306306306306304,0.22815012832303946,0.30123351097654016,159,555,0.2864864864864865,0.2504398662285699,0.32546858439500576,63,555,0.11351351351351352,0.08973550212123312,0.1426051110328342,48,555,0.08648648648648649,0.06585165812348119,0.1128064804259754,60,555,0.10810810810810811,0.0849162566692772,0.13668786156386795,33,555,0.05945945945945946,0.04264834785781396,0.08232731608703195,2,555,0.0036036036036036037,0.000988774285630786,0.013043108809686383,2,555,0.0036036036036036037,0.000988774285630786,0.013043108809686383,5,555,0.009009009009009009,0.003854017780899624,0.02091436023533968,37,555,0.06666666666666667,0.04875045630447869,0.09054053420159672,311,555,0.5603603603603604,0.5187910647956888,0.6010997951546084,58,555,0.1045045045045045,0.0817143325679924,0.13273212238453796,186,555,0.33513513513513515,0.2971149704283814,0.3754219344834935,325,555,0.5855855855855856,0.5441493852972079,0.6258451176173927,213,555,0.3837837837837838,0.3442546677562188,0.4249106914439553,1,555,0.0018018018018018018,0.0003181249154944289,0.010134926539515362,0,555,0.0,0.0,0.006874219814702412,16,555,0.02882882882882883,0.017821597664663055,0.04631392839495742,258,555,0.4648648648648649,0.4237527070570752,0.5064600759569309,311 0.32; 363 0.17; 350 0.08; 364 0.07; 312 0.06; 150 0.06,6,38 0.17; 53 0.16; 35 0.11; 52 0.10; 44 0.08; 99 0.07; 39 0.05; 41 0.03,8,earned income 0.38; unearned income 0.19; shelter deduction 0.17; other element 0.12,"wrong include/exclude decision 0.29; wrong amount, known item 0.26; unreported source of income 0.11; change in circumstances 0.11",266,116,139,382,0.6963350785340314,0.6484550090857707,0.7403055600182348,0.3036649214659686,139,0.2667946257197697,521,127267.0
4+,months_since_cert_n >  1.500 & rawben_rel_max <=  0.983 & total_deductions_by_hh_size > 31.000 & unc_rawben_rel_max >  0.776,test_2024,760,219,329,125,329,0.3799392097264438,0.3291616665282381,0.43348819454681975,57,329,0.17325227963525835,0.136189409113267,0.21785768115429566,69,329,0.20972644376899696,0.1692112395748851,0.2569422220116473,23,329,0.06990881458966565,0.04703206621237452,0.10271363865144056,2,329,0.0060790273556231,0.0016686396941568045,0.02189091536146124,20,329,0.060790273556231005,0.03969324012417458,0.09202587190989808,33,329,0.10030395136778116,0.0723157679644443,0.1375185796651789,132,329,0.4012158054711246,0.34968596628094556,0.45502594473017793,69,329,0.20972644376899696,0.1692112395748851,0.2569422220116473,36,329,0.1094224924012158,0.08009167969037975,0.1477692607689859,19,329,0.057750759878419454,0.03727954847928324,0.0884306992782086,25,329,0.07598784194528875,0.05199669920428329,0.10976673421269342,21,329,0.06382978723404255,0.04212391864182578,0.09560405766882767,8,329,0.0243161094224924,0.012371608848584847,0.047241131866518064,0,329,0.0,0.0,0.011541826502456422,1,329,0.00303951367781155,0.0005367366400418384,0.017013954138995396,18,329,0.0547112462006079,0.03488404946696235,0.08481733401394867,184,323,0.5696594427244582,0.5151558402524228,0.6225255320086358,26,323,0.0804953560371517,0.05552169743780954,0.11533048294559328,112,323,0.34674922600619196,0.296920791533777,0.4001801894918941,196,328,0.5975609756097561,0.5436561803509097,0.649206920598459,120,328,0.36585365853658536,0.3155583804367387,0.41925485575787946,0,328,0.0,0.0,0.01157660763448585,6,328,0.018292682926829267,0.008409879867216617,0.03932855919527585,6,328,0.018292682926829267,0.008409879867216617,0.03932855919527585,142,323,0.43962848297213625,0.3865227304160268,0.494153413624389,311 0.29; 363 0.21; 350 0.08; 312 0.08; 364 0.07; 150 0.05,6,38 0.14; 56 0.11; 35 0.11; 44 0.08; 52 0.07; 53 0.07; 99 0.05; 57 0.05; 37 0.04; 40 0.02,10,earned income 0.38; shelter deduction 0.21; unearned income 0.17,"wrong amount, known item 0.40; wrong include/exclude decision 0.21; unreported source of income 0.11; change in circumstances 0.08",144,75,80,219,0.6575342465753424,0.5924539293525277,0.7171830504573462,0.3424657534246575,80,0.26755852842809363,299,80344.0
4+,months_since_cert_n > 0.500 & rawben_rel_max > 0.793 & unc_rawben_rel_max <= 0.879,all_2022_24,1365,347,505,174,505,0.3445544554455445,0.30441972006121387,0.3870363244131372,112,505,0.22178217821782178,0.18772395021564653,0.260041326837173,94,505,0.18613861386138614,0.15460645826730224,0.22240988630829844,37,505,0.07326732673267326,0.05361988055816567,0.09935817783957537,3,505,0.005940594059405941,0.0020223157525900747,0.017318870188182064,29,505,0.05742574257425743,0.04027766872214669,0.08125641968571931,56,505,0.11089108910891089,0.08638814248295817,0.1412693446407361,165,505,0.32673267326732675,0.2872672470931672,0.36881433114257445,132,505,0.2613861386138614,0.22496698267704612,0.30140821935046097,52,505,0.10297029702970296,0.07939086741941458,0.13254463470934214,40,505,0.07920792079207921,0.05870519997701967,0.1060643471669245,41,505,0.08118811881188119,0.06040885561531985,0.10829118777735873,30,505,0.0594059405940594,0.04192560828444079,0.08353897637215958,3,505,0.005940594059405941,0.0020223157525900747,0.017318870188182064,0,505,0.0,0.0,0.0075496971945689965,5,505,0.009900990099009901,0.004236255166176005,0.02296592327206489,37,505,0.07326732673267326,0.05361988055816567,0.09935817783957537,315,503,0.6262425447316103,0.5831550370920214,0.6674163445783071,46,503,0.09145129224652088,0.06926245093727143,0.11983331389339758,142,503,0.2823061630218688,0.2447337530783193,0.32317858876575983,316,504,0.626984126984127,0.5839511667090571,0.6680959282906436,172,504,0.3412698412698413,0.30121536678756244,0.3837257644628117,1,504,0.001984126984126984,0.0003503240243380159,0.011152475273710823,1,504,0.001984126984126984,0.0003503240243380159,0.011152475273710823,14,504,0.027777777777777776,0.016617309115281177,0.04608255635458187,238,503,0.4731610337972167,0.4298966122931046,0.5168323065643846,311 0.27; 363 0.19; 350 0.11; 364 0.07; 312 0.07; 150 0.06,6,38 0.16; 53 0.11; 52 0.11; 35 0.10; 44 0.10; 99 0.07; 56 0.04; 39 0.03; 37 0.03,9,earned income 0.34; unearned income 0.22; shelter deduction 0.19,"wrong amount, known item 0.33; wrong include/exclude decision 0.26; unreported source of income 0.10; change in circumstances 0.08",223,124,127,347,0.6426512968299711,0.5909192180939049,0.6912594061057338,0.3573487031700288,127,0.2679324894514768,474,109158.0
4+,months_since_cert_n > 0.500 & rawben_rel_max > 0.793 & unc_rawben_rel_max <= 0.879,train_2022_23,930,235,342,118,342,0.34502923976608185,0.29661893780137955,0.3968823645289358,79,342,0.2309941520467836,0.1894614413726651,0.2785030834271276,59,342,0.17251461988304093,0.13616565547141585,0.21613898341528837,26,342,0.07602339181286549,0.05240542872733585,0.10906039840277228,2,342,0.005847953216374269,0.0016051537631270336,0.021068810271274843,19,342,0.05555555555555555,0.03585103267415765,0.08513383438636947,39,342,0.11403508771929824,0.08454913748496803,0.15209561548864764,89,342,0.260233918128655,0.21657753688533662,0.3092169308710004,102,342,0.2982456140350877,0.25221799021256536,0.3487554033872791,39,342,0.11403508771929824,0.08454913748496803,0.15209561548864764,28,342,0.08187134502923976,0.057249185888141846,0.11578262983327511,29,342,0.0847953216374269,0.05968693090207647,0.11912787911499492,21,342,0.06140350877192982,0.040508727350003756,0.09204212830183224,1,342,0.0029239766081871343,0.0005163269912675048,0.01637464274747994,0,342,0.0,0.0,0.011107975443093023,4,342,0.011695906432748537,0.0045573783097931225,0.0296825743159176,29,342,0.0847953216374269,0.05968693090207647,0.11912787911499492,211,342,0.6169590643274854,0.5644082417093815,0.6669115301167955,37,342,0.10818713450292397,0.07951409971492382,0.145564664667383,94,342,0.27485380116959063,0.23023597417806635,0.3244734650565428,207,342,0.6052631578947368,0.5525644788237076,0.6556233158198517,122,342,0.3567251461988304,0.30780420855659824,0.40882907095633486,1,342,0.0029239766081871343,0.0005163269912675048,0.01637464274747994,0,342,0.0,0.0,0.011107975443093023,12,342,0.03508771929824561,0.020183389099730702,0.060320517891215425,162,342,0.47368421052631576,0.4213515619627099,0.5266014893764002,311 0.27; 363 0.17; 350 0.11; 364 0.08; 312 0.07; 150 0.06,6,38 0.16; 53 0.14; 52 0.12; 35 0.11; 44 0.10; 99 0.08; 39 0.04,7,earned income 0.35; unearned income 0.23; shelter deduction 0.17; other element 0.11,"wrong include/exclude decision 0.30; wrong amount, known item 0.26; unreported source of income 0.11; other 0.08",160,75,85,235,0.6808510638297872,0.6187521207280515,0.737132281319163,0.3191489361702128,85,0.265625,320,72164.0
4+,months_since_cert_n > 0.500 & rawben_rel_max > 0.793 & unc_rawben_rel_max <= 0.879,test_2024,435,112,163,56,163,0.34355828220858897,0.27500912912254916,0.4193117117228995,33,163,0.20245398773006135,0.14794738409143202,0.27066284261461737,35,163,0.2147239263803681,0.15863761247485125,0.2839474502433198,11,163,0.06748466257668712,0.03809659248758991,0.11679043808512095,1,163,0.006134969325153374,0.0010837669947276023,0.03392908351737489,10,163,0.06134969325153374,0.033661544479215155,0.10923806808743489,17,163,0.10429447852760736,0.06614071161960253,0.16067082698947335,76,163,0.4662576687116564,0.3913329078981605,0.5427362930685049,30,163,0.18404907975460122,0.13207224408435841,0.2505757286035084,13,163,0.07975460122699386,0.047198771362706025,0.13166309522212652,12,163,0.0736196319018405,0.04261180829935435,0.12426264027941736,12,163,0.0736196319018405,0.04261180829935435,0.12426264027941736,9,163,0.05521472392638037,0.029317035586734756,0.10159515897385443,2,163,0.012269938650306749,0.0033712637819556593,0.04362900473620768,0,163,0.0,0.0,0.023025432506041655,1,163,0.006134969325153374,0.0010837669947276023,0.03392908351737489,8,163,0.049079754601226995,0.0250760903742194,0.09384868618030898,104,161,0.6459627329192547,0.5694771847141707,0.7156450174483903,9,161,0.055900621118012424,0.02968466687954458,0.10281586696628076,48,161,0.2981366459627329,0.23285040519125388,0.37283165564775766,109,162,0.6728395061728395,0.5973158777909593,0.740355731744887,50,162,0.30864197530864196,0.24262970310893917,0.3835195863335168,0,162,0.0,0.0,0.023164272414159054,1,162,0.006172839506172839,0.00109046202853268,0.034133510726192307,2,162,0.012345679012345678,0.003392114427184602,0.043891558668106324,76,161,0.4720496894409938,0.39648809223008363,0.5489140392707026,311 0.27; 363 0.21; 350 0.12; 364 0.07; 312 0.07; 150 0.06,6,38 0.15; 56 0.12; 44 0.12; 52 0.09; 35 0.08; 57 0.05; 99 0.05; 53 0.04; 37 0.04; 54 0.03,10,earned income 0.34; shelter deduction 0.21; unearned income 0.20,"wrong amount, known item 0.47; wrong include/exclude decision 0.18; unreported source of income 0.08; change in circumstances 0.07",63,49,42,112,0.5625,0.47006481596728117,0.6507898683602834,0.4375,42,0.2727272727272727,154,36994.0
2-3,total_deductions_by_hh_size >= 625.000 & unc_rawben_rel_max <   0.997 & utilities < 875.000,all_2022_24,291,118,203,49,203,0.2413793103448276,0.18766753222645577,0.3046976399632778,32,203,0.15763546798029557,0.11392781482451186,0.21406036550284974,44,203,0.21674876847290642,0.16561150770757832,0.278407490404987,6,203,0.029556650246305417,0.0136148410989714,0.06297323402711541,19,203,0.09359605911330049,0.06073861797024491,0.14154950975647929,34,203,0.16748768472906403,0.1224009737548033,0.22492567620342557,19,203,0.09359605911330049,0.06073861797024491,0.14154950975647929,64,203,0.31527093596059114,0.25528931937615373,0.3821143750450846,73,203,0.35960591133004927,0.2967619788726979,0.4276648288874432,24,203,0.11822660098522167,0.0807474401792938,0.1698868616245986,6,203,0.029556650246305417,0.0136148410989714,0.06297323402711541,7,203,0.034482758620689655,0.016801781553449614,0.06945552838807084,7,203,0.034482758620689655,0.016801781553449614,0.06945552838807084,3,203,0.014778325123152709,0.005038378098600752,0.04254199258118513,6,203,0.029556650246305417,0.0136148410989714,0.06297323402711541,0,203,0.0,1.734723475976807e-18,0.01857266623348494,13,203,0.06403940886699508,0.03780305461836859,0.10646966421575377,123,203,0.6059113300492611,0.5373206870573981,0.6705678614744253,25,203,0.12315270935960591,0.0848243264868977,0.1754792101324284,55,203,0.270935960591133,0.21447166178226112,0.3359089193000743,101,203,0.4975369458128079,0.42944271787806476,0.5657226647142183,91,203,0.4482758620689655,0.38145451107276,0.5170185233651867,2,203,0.009852216748768473,0.0027059476770762148,0.03520518818727602,3,203,0.014778325123152709,0.005038378098600752,0.04254199258118513,6,203,0.029556650246305417,0.0136148410989714,0.06297323402711541,62,203,0.3054187192118227,0.24615947967490837,0.3719057451154627,311 0.22; 363 0.22; 323 0.15; 365 0.09; 350 0.04; 342 0.03; 331 0.03,7,53 0.21; 38 0.13; 35 0.12; 56 0.11; 52 0.10; 99 0.06; 37 0.03,7,earned income 0.24; shelter deduction 0.22; dep care or child support deduction 0.17; unearned income 0.16,"wrong include/exclude decision 0.36; wrong amount, known item 0.32; unreported source of income 0.12",106,12,69,118,0.8983050847457628,0.8306284602477156,0.9408650198116402,0.1016949152542373,69,0.3689839572192513,187,40589.0
2-3,total_deductions_by_hh_size >= 625.000 & unc_rawben_rel_max <   0.997 & utilities < 875.000,train_2022_23,164,61,114,26,114,0.22807017543859648,0.16065986333040766,0.3132101452234477,19,114,0.16666666666666666,0.1093729979154317,0.24569346418284255,22,114,0.19298245614035087,0.13103797364220363,0.27494429407989107,5,114,0.043859649122807015,0.01887723116129667,0.0985821380258155,12,114,0.10526315789473684,0.06124627210871392,0.1750166435339793,15,114,0.13157894736842105,0.08138578986699035,0.20579293139952332,15,114,0.13157894736842105,0.08138578986699035,0.20579293139952332,24,114,0.21052631578947367,0.14575199266859673,0.2941741454693783,49,114,0.4298245614035088,0.34269963895219036,0.5215248793842885,15,114,0.13157894736842105,0.08138578986699035,0.20579293139952332,3,114,0.02631578947368421,0.008989398451945727,0.07452610031928616,4,114,0.03508771929824561,0.013727719127262943,0.08675971485190909,4,114,0.03508771929824561,0.013727719127262943,0.08675971485190909,0,114,0.0,0.0,0.03259969314741144,6,114,0.05263157894736842,0.024341829683317877,0.11008947471173444,0,114,0.0,0.0,0.03259969314741144,9,114,0.07894736842105263,0.04208813714490404,0.14325897287396874,61,114,0.5350877192982456,0.44388224357839473,0.6240054972533658,16,114,0.14035087719298245,0.08827331019950806,0.21587734627494576,37,114,0.32456140350877194,0.24555015263764907,0.415011143203548,56,114,0.49122807017543857,0.4012505479700841,0.5817775168219758,55,114,0.4824561403508772,0.3928049157542809,0.5732512138298388,0,114,0.0,0.0,0.03259969314741144,0,114,0.0,0.0,0.03259969314741144,3,114,0.02631578947368421,0.008989398451945727,0.07452610031928616,29,114,0.2543859649122807,0.18335230338938902,0.34143351078828676,311 0.22; 363 0.19; 323 0.11; 365 0.11; 364 0.04; 350 0.04; 342 0.04; 372 0.04,8,53 0.28; 38 0.15; 52 0.13; 35 0.13; 99 0.08,5,earned income 0.23; shelter deduction 0.19; unearned income 0.17; dep care or child support deduction 0.13; other element 0.13,"wrong include/exclude decision 0.43; wrong amount, known item 0.21; unreported source of income 0.13",55,6,32,61,0.9016393442622951,0.8015516580247642,0.9541360486326903,0.09836065573770492,32,0.34408602150537637,93,22080.0
2-3,total_deductions_by_hh_size >= 625.000 & unc_rawben_rel_max <   0.997 & utilities < 875.000,test_2024,127,57,89,23,89,0.25842696629213485,0.1788141889199488,0.358031363073985,13,89,0.14606741573033707,0.08739377564182575,0.2340311028609144,22,89,0.24719101123595505,0.16928115452187475,0.3460223301229396,1,89,0.011235955056179775,0.0019861320934023673,0.06093393821990546,7,89,0.07865168539325842,0.03861933093175789,0.15355314347626609,19,89,0.21348314606741572,0.14114687024752387,0.3095304123499324,4,89,0.0449438202247191,0.01761420103381913,0.10993207132684676,40,89,0.449438202247191,0.3503221712111898,0.552738525717773,24,89,0.2696629213483146,0.18841924495236884,0.3699683743906843,9,89,0.10112359550561797,0.05411793406379983,0.1811386750424629,3,89,0.033707865168539325,0.01152901222365258,0.09447519278789399,3,89,0.033707865168539325,0.01152901222365258,0.09447519278789399,3,89,0.033707865168539325,0.01152901222365258,0.09447519278789399,3,89,0.033707865168539325,0.01152901222365258,0.09447519278789399,0,89,0.0,0.0,0.04137800296418846,0,89,0.0,0.0,0.04137800296418846,4,89,0.0449438202247191,0.01761420103381913,0.10993207132684676,62,89,0.6966292134831461,0.5946267078910946,0.7823594707184943,9,89,0.10112359550561797,0.05411793406379983,0.1811386750424629,18,89,0.20224719101123595,0.1319367734752211,0.29719844177311583,45,89,0.5056179775280899,0.4036837527420452,0.6070872809325145,36,89,0.4044943820224719,0.30853277331729134,0.508359654215194,2,89,0.02247191011235955,0.006184269063094168,0.07827786859933303,3,89,0.033707865168539325,0.01152901222365258,0.09447519278789399,3,89,0.033707865168539325,0.01152901222365258,0.09447519278789399,33,89,0.3707865168539326,0.27773476646124157,0.47453145902388577,363 0.25; 311 0.22; 323 0.19; 365 0.08; 350 0.04,5,56 0.25; 53 0.12; 38 0.11; 35 0.10; 57 0.08; 52 0.07; 37 0.06,7,earned income 0.26; shelter deduction 0.25; dep care or child support deduction 0.21; unearned income 0.15,"wrong amount, known item 0.45; wrong include/exclude decision 0.27; unreported source of income 0.10",51,6,37,57,0.8947368421052632,0.7887695089206027,0.9508560104608731,0.10526315789473684,37,0.39361702127659576,94,18509.0
4+,rawben_rel_max >  0.776 & total_deductions_by_hh_size > 31.700 & unc_rawben_rel_max <=  0.983,all_2022_24,2780,736,1070,406,1070,0.3794392523364486,0.3508438827639328,0.4088972187169561,204,1070,0.19065420560747665,0.16823978062674635,0.215281960382356,202,1070,0.18878504672897195,0.16646536724651947,0.21333142959949583,67,1070,0.06261682242990654,0.0496065760800378,0.07875648975760528,5,1070,0.004672897196261682,0.001997554931101009,0.01089224185084523,60,1070,0.056074766355140186,0.043810906099863954,0.07151485516697467,126,1070,0.11775700934579439,0.09979751327418633,0.13845140537452316,341,1070,0.3186915887850467,0.29146226582681756,0.3472181503537439,263,1070,0.2457943925233645,0.22093539736087406,0.27247219645929466,130,1070,0.12149532710280374,0.10326194889611202,0.14243685807877143,89,1070,0.08317757009345794,0.06808453191347871,0.10125291971812134,92,1070,0.08598130841121496,0.07062975222492396,0.10429511565130659,67,1070,0.06261682242990654,0.0496065760800378,0.07875648975760528,11,1070,0.010280373831775701,0.005749911065484799,0.01831471820572243,2,1070,0.001869158878504673,0.0005127297940369416,0.006789650743278804,9,1070,0.008411214953271028,0.004431353295213865,0.015908331812906365,66,1070,0.0616822429906542,0.04877576670405305,0.07772482705204657,651,1063,0.6124176857949201,0.5827744824068332,0.6412512773685638,106,1063,0.09971777986829727,0.08312180585544708,0.11919651394010645,304,1063,0.28598306679209784,0.2596264681008827,0.31388097667817355,623,1069,0.5827876520112254,0.5529829258770774,0.6119994909121297,413,1069,0.3863423760523854,0.35761000714701235,0.41588870878644896,1,1069,0.0009354536950420954,0.00016514538883390844,0.005279833627639726,7,1069,0.006548175865294668,0.0031754592539392,0.013454768358412894,25,1069,0.023386342376052385,0.015889977917984233,0.03429599548200324,462,1063,0.43461900282220134,0.4051073319361111,0.4646015358095787,311 0.30; 363 0.19; 350 0.09; 312 0.07; 364 0.06; 150 0.06,6,38 0.16; 35 0.12; 53 0.12; 44 0.09; 52 0.08; 99 0.06; 56 0.04; 39 0.04; 37 0.03; 12 0.03,10,earned income 0.38; unearned income 0.19; shelter deduction 0.19,"wrong amount, known item 0.32; wrong include/exclude decision 0.25; unreported source of income 0.12; change in circumstances 0.09",509,227,263,736,0.6915760869565217,0.657286672073341,0.7238759984226137,0.30842391304347827,263,0.26326326326326327,999,249576.0
4+,rawben_rel_max >  0.776 & total_deductions_by_hh_size > 31.700 & unc_rawben_rel_max <=  0.983,train_2022_23,1810,458,663,252,663,0.38009049773755654,0.34393202853430177,0.41763053744838435,130,663,0.19607843137254902,0.16764379617446815,0.22801478301435266,114,663,0.17194570135746606,0.14513351040538722,0.20253766067932014,41,663,0.06184012066365008,0.04590910086548833,0.08281952074420129,3,663,0.004524886877828055,0.0015400100378586204,0.013218517324561481,36,663,0.05429864253393665,0.039476163344403306,0.07425639323275085,87,663,0.13122171945701358,0.10763104725032181,0.15906137265869405,174,663,0.26244343891402716,0.23039057425225218,0.2972333772228808,181,663,0.2730015082956259,0.240470141362239,0.3081483011584436,85,663,0.1282051282051282,0.10488184678589448,0.15581214711010716,65,663,0.09803921568627451,0.07766602920920472,0.12304370455665513,64,663,0.09653092006033183,0.07632028326559398,0.12139023749375877,40,663,0.06033182503770739,0.04461611093830811,0.0811132976648744,2,663,0.0030165912518853697,0.0008276309693620422,0.010931683386550966,2,663,0.0030165912518853697,0.0008276309693620422,0.010931683386550966,7,663,0.010558069381598794,0.005123482584524391,0.021631896803924078,43,663,0.06485671191553545,0.0485039421444408,0.08622310547826302,398,663,0.6003016591251885,0.5625405163581225,0.6369071485745992,74,663,0.11161387631975868,0.08984644915307925,0.13785620167134444,191,663,0.28808446455505277,0.25491049890893647,0.32370007367681697,381,663,0.5746606334841629,0.5367032694247228,0.6117577743973782,262,663,0.3951734539969834,0.35866558912283536,0.4328891069249217,1,663,0.0015082956259426848,0.00026629399941535594,0.00849380734999056,0,663,0.0,0.0,0.005760888342898823,19,663,0.02865761689291101,0.01842170216399533,0.04432423330253825,293,663,0.4419306184012066,0.4045702166020066,0.4799600826474703,311 0.31; 363 0.17; 350 0.09; 150 0.07; 364 0.06; 312 0.06,6,38 0.17; 53 0.15; 35 0.13; 52 0.09; 44 0.08; 99 0.06; 39 0.05; 12 0.03,8,earned income 0.38; unearned income 0.20; shelter deduction 0.17; other element 0.13,"wrong include/exclude decision 0.27; wrong amount, known item 0.26; unreported source of income 0.13; household composition 0.10",321,137,159,458,0.7008733624454149,0.6574094318239473,0.7409955624424852,0.29912663755458513,159,0.2576985413290113,617,151580.0
4+,rawben_rel_max >  0.776 & total_deductions_by_hh_size > 31.700 & unc_rawben_rel_max <=  0.983,test_2024,970,278,407,154,407,0.3783783783783784,0.3326048206421163,0.4264263972287128,74,407,0.18181818181818182,0.14737886573657039,0.2222078557638813,88,407,0.21621621621621623,0.17897425558093102,0.2587652527843367,26,407,0.06388206388206388,0.043964095470298836,0.09195592820792653,2,407,0.004914004914004914,0.0013486051545460002,0.017738069612566187,24,407,0.05896805896805897,0.03994293920245281,0.08624097206651313,39,407,0.09582309582309582,0.07088956953094146,0.1283151848074702,167,407,0.4103194103194103,0.36358549409278607,0.45873045443822924,82,407,0.20147420147420148,0.1653794408792706,0.24315173025821885,45,407,0.11056511056511056,0.08366479209392565,0.1447482994722643,24,407,0.05896805896805897,0.03994293920245281,0.08624097206651313,28,407,0.0687960687960688,0.04802315560309315,0.09763298048439167,27,407,0.06633906633906633,0.04598912728006703,0.09479895260278805,9,407,0.022113022113022112,0.011676350442895694,0.0414867177566245,0,407,0.0,0.0,0.009350562357852756,2,407,0.004914004914004914,0.0013486051545460002,0.017738069612566187,23,407,0.056511056511056514,0.03794789272833693,0.08336796233599929,253,400,0.6325,0.5841997778817278,0.6782793723593568,32,400,0.08,0.057235397942962354,0.11075522016076943,113,400,0.2825,0.24060954581038724,0.3285284528504738,242,406,0.5960591133004927,0.547643837222269,0.6426735927311571,151,406,0.37192118226600984,0.3263133484424642,0.41993007828630136,0,406,0.0,8.673617379884035e-19,0.009373377421911293,7,406,0.017241379310344827,0.008376166256052942,0.03515674987544762,6,406,0.014778325123152709,0.006790084162757613,0.03186289786737305,169,400,0.4225,0.375054573432128,0.4714198858608225,311 0.29; 363 0.22; 350 0.09; 312 0.08; 364 0.06; 150 0.05,6,38 0.14; 56 0.12; 35 0.11; 44 0.09; 53 0.08; 52 0.07; 99 0.06; 57 0.04; 37 0.03; 98 0.02,10,earned income 0.38; shelter deduction 0.22; unearned income 0.18,"wrong amount, known item 0.41; wrong include/exclude decision 0.20; unreported source of income 0.11; change in circumstances 0.07",188,90,104,278,0.6762589928057554,0.6191765209320921,0.7285365207196726,0.3237410071942446,104,0.27225130890052357,382,97996.0
4+,months_since_cert_n >=   5.000 & rawben_rel_max >=   0.536 & shelter_expenses_by_hh_size < 504.000 & total_deductions_by_hh_size >= 234.000,all_2022_24,445,138,217,84,217,0.3870967741935484,0.32478840173451806,0.4533331116035486,29,217,0.1336405529953917,0.09468520599167325,0.18534174545225762,30,217,0.1382488479262673,0.09858506422035085,0.19049815198529163,10,217,0.04608294930875576,0.02522080989471242,0.08273711107669876,2,217,0.009216589861751152,0.002531117911770518,0.03297668496594817,35,217,0.16129032258064516,0.11831639468634436,0.21604814532785588,27,217,0.12442396313364056,0.08693709806679736,0.17497732385371037,77,217,0.3548387096774194,0.2942081109702785,0.4205195490358073,51,217,0.2350230414746544,0.18351916537111318,0.29574561083047207,19,217,0.08755760368663594,0.05676895107737882,0.13269535274943645,13,217,0.059907834101382486,0.03534085851650902,0.09978585674003683,18,217,0.08294930875576037,0.05311133800653018,0.12729670105857352,13,217,0.059907834101382486,0.03534085851650902,0.09978585674003683,3,217,0.013824884792626729,0.00471256297766506,0.039851504661765194,2,217,0.009216589861751152,0.002531117911770518,0.03297668496594817,1,217,0.004608294930875576,0.0008139199742202268,0.025637618141786903,20,217,0.09216589861751152,0.06045543615172465,0.13806513243680218,100,214,0.4672897196261682,0.4016081859947096,0.5341249338501685,20,214,0.09345794392523364,0.061314593416230995,0.13993989608439697,94,214,0.4392523364485981,0.37440868000859484,0.5062385425604645,115,217,0.5299539170506913,0.4636036712575701,0.595262049693555,87,217,0.4009216589861751,0.33798428647332507,0.46730602114987635,0,217,0.0,0.0,0.017395273354295564,3,217,0.013824884792626729,0.00471256297766506,0.039851504661765194,12,217,0.055299539170506916,0.031912950034635595,0.09415750046019872,88,214,0.411214953271028,0.3474189931115309,0.47814233218170965,311 0.34; 323 0.14; 363 0.14; 350 0.07; 150 0.06; 312 0.05,6,38 0.20; 53 0.16; 99 0.09; 35 0.09; 44 0.08; 52 0.05; 56 0.04; 39 0.03; 37 0.03,9,earned income 0.39; dep care or child support deduction 0.16; shelter deduction 0.14; unearned income 0.13,"wrong amount, known item 0.35; wrong include/exclude decision 0.24; other 0.09; unreported source of income 0.09",105,33,55,138,0.7608695652173914,0.6832512521549521,0.8243572350589543,0.2391304347826087,55,0.2849740932642487,193,50712.0
4+,months_since_cert_n >=   5.000 & rawben_rel_max >=   0.536 & shelter_expenses_by_hh_size < 504.000 & total_deductions_by_hh_size >= 234.000,train_2022_23,272,96,146,57,146,0.3904109589041096,0.31505775755108917,0.47138339096841414,22,146,0.1506849315068493,0.1016638993381026,0.21761726156781408,21,146,0.14383561643835616,0.09604069695750717,0.20989303573087847,7,146,0.04794520547945205,0.023415726447948322,0.09565401119500264,2,146,0.0136986301369863,0.0037646536254598156,0.04856794292983591,24,146,0.1643835616438356,0.11302403887542764,0.23295197846555113,13,146,0.08904109589041095,0.05277376832674105,0.1463805386213962,50,146,0.3424657534246575,0.27041584886057934,0.4225933021362066,38,146,0.2602739726027397,0.1958945175946809,0.3369454947917325,11,146,0.07534246575342465,0.04258787980687761,0.12987157070619754,9,146,0.06164383561643835,0.032766350054853774,0.11299824402315926,13,146,0.08904109589041095,0.05277376832674105,0.1463805386213962,9,146,0.06164383561643835,0.032766350054853774,0.11299824402315926,0,146,0.0,0.0,0.025637740120233635,0,146,0.0,0.0,0.025637740120233635,0,146,0.0,0.0,0.025637740120233635,16,146,0.1095890410958904,0.06858949770917319,0.17060709389155718,75,146,0.5136986301369864,0.433317762545053,0.5933770938900093,17,146,0.11643835616438356,0.07398125182718562,0.17856276799107584,54,146,0.3698630136986301,0.2958277620369417,0.4505711018299684,74,146,0.5068493150684932,0.42662208627112597,0.5867253419464052,61,146,0.4178082191780822,0.3409174566492344,0.4989134047403932,0,146,0.0,0.0,0.025637740120233635,0,146,0.0,0.0,0.025637740120233635,11,146,0.07534246575342465,0.04258787980687761,0.12987157070619754,55,146,0.3767123287671233,0.30222177132891903,0.4575245207555222,311 0.34; 323 0.14; 363 0.14; 350 0.08; 150 0.05,5,38 0.23; 53 0.18; 99 0.11; 44 0.10; 35 0.08; 52 0.05,6,earned income 0.39; dep care or child support deduction 0.16; unearned income 0.15; shelter deduction 0.14,"wrong amount, known item 0.34; wrong include/exclude decision 0.26; other 0.11; change in circumstances 0.09",72,24,38,96,0.75,0.6549000204355595,0.8258615058220327,0.25,38,0.2835820895522388,134,32299.0
4+,months_since_cert_n >=   5.000 & rawben_rel_max >=   0.536 & shelter_expenses_by_hh_size < 504.000 & total_deductions_by_hh_size >= 234.000,test_2024,173,42,71,27,71,0.38028169014084506,0.27627002252580524,0.4965835776110171,7,71,0.09859154929577464,0.048582206325328975,0.18980927648636933,9,71,0.1267605633802817,0.0681445057945265,0.22369318874968427,3,71,0.04225352112676056,0.014472998249826653,0.11702606109684685,0,71,0.0,0.0,0.05132974174790491,11,71,0.15492957746478872,0.08877213299311604,0.2565117732836071,14,71,0.19718309859154928,0.12125422432474278,0.3041989995507489,27,71,0.38028169014084506,0.27627002252580524,0.4965835776110171,13,71,0.18309859154929578,0.11024622287362806,0.2884838951356075,8,71,0.11267605633802817,0.05821202176555296,0.20690256691240155,4,71,0.056338028169014086,0.022124161220470236,0.1360980039924595,5,71,0.07042253521126761,0.03045315340626454,0.1544921176729214,4,71,0.056338028169014086,0.022124161220470236,0.1360980039924595,3,71,0.04225352112676056,0.014472998249826653,0.11702606109684685,2,71,0.028169014084507043,0.007759100870383076,0.09701685261003423,1,71,0.014084507042253521,0.0024905391347781955,0.07556230847938292,4,71,0.056338028169014086,0.022124161220470236,0.1360980039924595,25,68,0.36764705882352944,0.26300294660514806,0.48644584072698266,3,68,0.04411764705882353,0.0151163456535321,0.12187392182380694,40,68,0.5882352941176471,0.4696125189030847,0.6974216228754949,41,71,0.5774647887323944,0.4615053870345554,0.6854716952298539,26,71,0.36619718309859156,0.2637005388157354,0.4824299554548308,0,71,0.0,0.0,0.05132974174790491,3,71,0.04225352112676056,0.014472998249826653,0.11702606109684685,1,71,0.014084507042253521,0.0024905391347781955,0.07556230847938292,33,68,0.4852941176470588,0.370506471844866,0.6016545045253707,311 0.34; 363 0.13; 323 0.13; 350 0.06; 520 0.06; 361 0.06,6,38 0.14; 56 0.13; 35 0.11; 53 0.10; 99 0.06; 37 0.04; 65 0.04; 97 0.04; 44 0.04; 54 0.04; 28 0.03,11,earned income 0.38; other element 0.20; dep care or child support deduction 0.15; shelter deduction 0.13,"wrong amount, known item 0.38; wrong include/exclude decision 0.18; unreported source of income 0.11; change in circumstances 0.07; other 0.06",33,9,17,42,0.7857142857142857,0.6405986210195627,0.8829433146894876,0.21428571428571427,17,0.288135593220339,59,18413.0
2-3,cat_elig >=   1.000 & medical_deductions >= 179.000 & rawben_rel_max >=   0.137,all_2022_24,276,100,158,5,158,0.03164556962025317,0.013591135465855646,0.07193446487422996,39,158,0.2468354430379747,0.18614420233817375,0.31954531135916975,40,158,0.25316455696202533,0.19177560916879438,0.3262716666861157,1,158,0.006329113924050633,0.0011180903011854051,0.034976461408634564,65,158,0.41139240506329117,0.33765203434972685,0.48933929544434346,1,158,0.006329113924050633,0.0011180903011854051,0.034976461408634564,7,158,0.04430379746835443,0.02162368008397879,0.08861744457123964,33,158,0.2088607594936709,0.15276372327031879,0.2787792174816263,88,158,0.5569620253164557,0.4790657761349476,0.6321540832831499,9,158,0.056962025316455694,0.03025373514703126,0.10470291382331998,4,158,0.02531645569620253,0.009887970714336322,0.06327986746818287,4,158,0.02531645569620253,0.009887970714336322,0.06327986746818287,5,158,0.03164556962025317,0.013591135465855646,0.07193446487422996,2,158,0.012658227848101266,0.0034781615921472622,0.04497415227523912,1,158,0.006329113924050633,0.0011180903011854051,0.034976461408634564,0,158,0.0,0.0,0.023736789552253557,12,158,0.0759493670886076,0.0439770159976039,0.12805291944544658,91,158,0.5759493670886076,0.4979853861070987,0.6503077597836981,21,158,0.13291139240506328,0.08860137311535388,0.19464842174579428,45,158,0.2848101265822785,0.220196337626779,0.3596397490159631,106,158,0.6708860759493671,0.5943212522995901,0.739338325954703,48,158,0.3037974683544304,0.23744673582299608,0.37946263729244517,1,158,0.006329113924050633,0.0011180903011854051,0.034976461408634564,0,158,0.0,0.0,0.023736789552253557,3,158,0.0189873417721519,0.006477966396770545,0.054332109628182246,80,158,0.5063291139240507,0.4291511645270228,0.5832065976305437,365 0.41; 363 0.25; 331 0.16,3,53 0.39; 38 0.11; 52 0.09; 99 0.08; 37 0.07; 56 0.07,6,medical deduction 0.41; shelter deduction 0.25; unearned income 0.25,"wrong include/exclude decision 0.56; wrong amount, known item 0.21",92,8,78,100,0.92,0.8500173312059693,0.9589070305141891,0.08,78,0.43820224719101125,178,22590.0
2-3,cat_elig >=   1.000 & medical_deductions >= 179.000 & rawben_rel_max >=   0.137,train_2022_23,183,66,109,4,109,0.03669724770642202,0.014361469198727862,0.09057855292077416,20,109,0.1834862385321101,0.12203581560283452,0.2664875658451421,29,109,0.26605504587155965,0.1920974014994754,0.3559416195707682,1,109,0.009174311926605505,0.0016212895577145392,0.050146852687698494,48,109,0.44036697247706424,0.35077779448943264,0.5340164657833747,1,109,0.009174311926605505,0.0016212895577145392,0.050146852687698494,6,109,0.05504587155963303,0.02546924522642792,0.11491869680913343,12,109,0.11009174311926606,0.06410740604439105,0.18262429573934827,66,109,0.6055045871559633,0.5116631519621372,0.692162387555204,6,109,0.05504587155963303,0.02546924522642792,0.11491869680913343,3,109,0.027522935779816515,0.009403685491248322,0.07781237667022406,3,109,0.027522935779816515,0.009403685491248322,0.07781237667022406,5,109,0.045871559633027525,0.019750157151731958,0.10291382492579973,1,109,0.009174311926605505,0.0016212895577145392,0.050146852687698494,1,109,0.009174311926605505,0.0016212895577145392,0.050146852687698494,0,109,0.0,0.0,0.03404418228738337,12,109,0.11009174311926606,0.06410740604439105,0.18262429573934827,65,109,0.5963302752293578,0.5024644394796234,0.6836371400796881,16,109,0.14678899082568808,0.09241831740304014,0.22520922421281786,28,109,0.25688073394495414,0.18411863732206862,0.3461964237901453,71,109,0.6513761467889908,0.5581460530797037,0.7342992862277856,35,109,0.3211009174311927,0.24082843883410393,0.4135543419843177,0,109,0.0,0.0,0.03404418228738337,0,109,0.0,0.0,0.03404418228738337,3,109,0.027522935779816515,0.009403685491248322,0.07781237667022406,53,109,0.48623853211009177,0.39448546073748586,0.5789285993254696,365 0.44; 363 0.27; 331 0.12,3,53 0.46; 52 0.12; 99 0.11; 38 0.10,4,medical deduction 0.44; shelter deduction 0.27; unearned income 0.18,"wrong include/exclude decision 0.61; other 0.11; wrong amount, known item 0.11",60,6,56,66,0.9090909090909091,0.8155105617491718,0.9576676014086023,0.09090909090909091,56,0.45901639344262296,122,15385.0
2-3,cat_elig >=   1.000 & medical_deductions >= 179.000 & rawben_rel_max >=   0.137,test_2024,93,34,49,1,49,0.02040816326530612,0.003611579538530696,0.10693768467754147,19,49,0.3877551020408163,0.26428814373960496,0.5275425351194757,11,49,0.22448979591836735,0.1302483771472861,0.35879056187045744,0,49,0.0,0.0,0.07270029673590504,17,49,0.3469387755102041,0.2292420960931444,0.4868906478056021,0,49,0.0,0.0,0.07270029673590504,1,49,0.02040816326530612,0.003611579538530696,0.10693768467754147,21,49,0.42857142857142855,0.3002310889895705,0.5672975248298444,22,49,0.4489795918367347,0.3185262492963633,0.5868513320032188,3,49,0.061224489795918366,0.021039764955529186,0.16520743422087725,1,49,0.02040816326530612,0.003611579538530696,0.10693768467754147,1,49,0.02040816326530612,0.003611579538530696,0.10693768467754147,0,49,0.0,0.0,0.07270029673590504,1,49,0.02040816326530612,0.003611579538530696,0.10693768467754147,0,49,0.0,0.0,0.07270029673590504,0,49,0.0,0.0,0.07270029673590504,0,49,0.0,0.0,0.07270029673590504,26,49,0.5306122448979592,0.39380627019919845,0.6629671810210522,5,49,0.10204081632653061,0.044378892487039884,0.21756624164970087,17,49,0.3469387755102041,0.2292420960931444,0.4868906478056021,35,49,0.7142857142857143,0.5759085079389967,0.8215056506027583,13,49,0.2653061224489796,0.1621113124514944,0.4026255615265835,1,49,0.02040816326530612,0.003611579538530696,0.10693768467754147,0,49,0.0,0.0,0.07270029673590504,0,49,0.0,0.0,0.07270029673590504,27,49,0.5510204081632653,0.41314866799678107,0.6814737507036366,365 0.35; 331 0.24; 363 0.22,3,53 0.24; 56 0.22; 37 0.16; 38 0.14,4,unearned income 0.39; medical deduction 0.35; shelter deduction 0.22,"wrong include/exclude decision 0.45; wrong amount, known item 0.43",32,2,22,34,0.9411764705882353,0.8090606311053629,0.9837176869361576,0.058823529411764705,22,0.39285714285714285,56,7205.0
1,medical_deductions >= 358.000 & rawben_rel_max >=   0.833 & rawben_rel_max <   0.916 & unc_rawben_rel_max <   1.520,all_2022_24,48,27,37,1,37,0.02702702702702703,0.004786851054907726,0.13824378437563367,1,37,0.02702702702702703,0.004786851054907726,0.13824378437563367,1,37,0.02702702702702703,0.004786851054907726,0.13824378437563367,4,37,0.10810810810810811,0.04285120520506268,0.24708846415167163,27,37,0.7297297297297297,0.5702152452607867,0.8460270175300932,0,37,0.0,0.0,0.09406095745514377,3,37,0.08108108108108109,0.027960066396321384,0.2130099249850153,4,37,0.10810810810810811,0.04285120520506268,0.24708846415167163,26,37,0.7027027027027027,0.5421656082795643,0.825106976535918,1,37,0.02702702702702703,0.004786851054907726,0.13824378437563367,0,37,0.0,0.0,0.09406095745514377,1,37,0.02702702702702703,0.004786851054907726,0.13824378437563367,2,37,0.05405405405405406,0.01495066277053994,0.1770496506353991,0,37,0.0,0.0,0.09406095745514377,0,37,0.0,0.0,0.09406095745514377,0,37,0.0,0.0,0.09406095745514377,3,37,0.08108108108108109,0.027960066396321384,0.2130099249850153,23,37,0.6216216216216216,0.4610014255281996,0.7593621253610898,7,37,0.1891891891891892,0.09479858757337126,0.342050115709556,7,37,0.1891891891891892,0.09479858757337126,0.342050115709556,32,37,0.8648648648648649,0.7202227252929444,0.9408679273749238,3,37,0.08108108108108109,0.027960066396321384,0.2130099249850153,1,37,0.02702702702702703,0.004786851054907726,0.13824378437563367,0,37,0.0,0.0,0.09406095745514377,1,37,0.02702702702702703,0.004786851054907726,0.13824378437563367,19,37,0.5135135135135135,0.3589463722598092,0.6655384667278896,365 0.73; 364 0.11,2,53 0.68; 99 0.08,2,medical deduction 0.73; utility allowance 0.11,"wrong include/exclude decision 0.70; wrong amount, known item 0.11",27,0,27,27,1.0,0.8754409628553641,1.0,0.0,27,0.5,54,7549.0
1,medical_deductions >= 358.000 & rawben_rel_max >=   0.833 & rawben_rel_max <   0.916 & unc_rawben_rel_max <   1.520,train_2022_23,32,21,29,1,29,0.034482758620689655,0.006113056614032261,0.1717589106470025,1,29,0.034482758620689655,0.006113056614032261,0.1717589106470025,0,29,0.0,0.0,0.11697359446555587,3,29,0.10344827586206896,0.035814240381301043,0.26385447247069155,21,29,0.7241379310344828,0.5428252365556403,0.8530141866149725,0,29,0.0,0.0,0.11697359446555587,3,29,0.10344827586206896,0.035814240381301043,0.26385447247069155,1,29,0.034482758620689655,0.006113056614032261,0.1717589106470025,22,29,0.7586206896551724,0.578920477816713,0.8778173181493787,1,29,0.034482758620689655,0.006113056614032261,0.1717589106470025,0,29,0.0,0.0,0.11697359446555587,0,29,0.0,0.0,0.11697359446555587,2,29,0.06896551724137931,0.019120864097994433,0.21964947595851925,0,29,0.0,0.0,0.11697359446555587,0,29,0.0,0.0,0.11697359446555587,0,29,0.0,0.0,0.11697359446555587,3,29,0.10344827586206896,0.035814240381301043,0.26385447247069155,18,29,0.6206896551724138,0.4400222620928496,0.7731220426913266,6,29,0.20689655172413793,0.09845936515585207,0.3839044660825772,5,29,0.1724137931034483,0.07597745271479928,0.34548800572815114,24,29,0.8275862068965517,0.6545119942718488,0.9240225472852007,3,29,0.10344827586206896,0.035814240381301043,0.26385447247069155,1,29,0.034482758620689655,0.006113056614032261,0.1717589106470025,0,29,0.0,0.0,0.11697359446555587,1,29,0.034482758620689655,0.006113056614032261,0.1717589106470025,15,29,0.5172413793103449,0.3443073797056916,0.6861418066920478,365 0.72; 364 0.10,2,53 0.72; 99 0.10,2,medical deduction 0.72; utility allowance 0.10,wrong include/exclude decision 0.76,21,0,21,21,1.0,0.8453561767357979,0.9999999999999999,0.0,21,0.5,42,5824.0
1,medical_deductions >= 358.000 & rawben_rel_max >=   0.833 & rawben_rel_max <   0.916 & unc_rawben_rel_max <   1.520,test_2024,16,6,8,0,8,0.0,0.0,0.3244156195108769,0,8,0.0,0.0,0.3244156195108769,1,8,0.125,0.02241690886329617,0.4708948057698615,1,8,0.125,0.02241690886329617,0.4708948057698615,6,8,0.75,0.40926987910258916,0.9285223111419724,0,8,0.0,0.0,0.3244156195108769,0,8,0.0,0.0,0.3244156195108769,3,8,0.375,0.13684175946152105,0.6942621454161981,4,8,0.5,0.21521252682444186,0.7847874731755582,0,8,0.0,0.0,0.3244156195108769,0,8,0.0,0.0,0.3244156195108769,1,8,0.125,0.02241690886329617,0.4708948057698615,0,8,0.0,0.0,0.3244156195108769,0,8,0.0,0.0,0.3244156195108769,0,8,0.0,0.0,0.3244156195108769,0,8,0.0,0.0,0.3244156195108769,0,8,0.0,0.0,0.3244156195108769,5,8,0.625,0.30573785458380187,0.863158240538479,1,8,0.125,0.02241690886329617,0.4708948057698615,2,8,0.25,0.07147768885802763,0.5907301208974108,8,8,1.0,0.6755843804891231,1.0,0,8,0.0,0.0,0.3244156195108769,0,8,0.0,0.0,0.3244156195108769,0,8,0.0,0.0,0.3244156195108769,0,8,0.0,0.0,0.3244156195108769,4,8,0.5,0.21521252682444186,0.7847874731755582,365 0.75,1,53 0.50; 56 0.38,2,medical deduction 0.75,"wrong include/exclude decision 0.50; wrong amount, known item 0.38",6,0,6,6,1.0,0.6096569663469354,0.9999999999999999,0.0,6,0.5,12,1725.0
1,expedited_i <=   0.50 & percent_abawd <=   0.50 & shelter_expenses_by_hh_size <= 850.00 & unc_rawben_rel_max >   1.93,all_2022_24,155,69,112,5,112,0.044642857142857144,0.019216974525702958,0.1002703253734697,71,112,0.6339285714285714,0.5416490959133228,0.7173252276457441,21,112,0.1875,0.12603362094830625,0.2696929574138711,5,112,0.044642857142857144,0.019216974525702958,0.1002703253734697,3,112,0.026785714285714284,0.009150654164698513,0.07580673592659858,3,112,0.026785714285714284,0.009150654164698513,0.07580673592659858,4,112,0.03571428571428571,0.01397438629425541,0.08824795870097946,30,112,0.26785714285714285,0.19454473061185257,0.35656644188576486,53,112,0.4732142857142857,0.383176074674878,0.5650290606133086,9,112,0.08035714285714286,0.04285009181748941,0.14569702769743442,1,112,0.008928571428571428,0.0015778140883850773,0.04884966619503642,4,112,0.03571428571428571,0.01397438629425541,0.08824795870097946,3,112,0.026785714285714284,0.009150654164698513,0.07580673592659858,3,112,0.026785714285714284,0.009150654164698513,0.07580673592659858,2,112,0.017857142857142856,0.004910708625338288,0.062781726562021,0,112,0.0,0.0,0.03316252537948371,7,112,0.0625,0.030601532803567907,0.12341567690348033,53,112,0.4732142857142857,0.383176074674878,0.5650290606133086,11,112,0.09821428571428571,0.05572918231381242,0.16734784700898697,48,112,0.42857142857142855,0.34079005131078005,0.5210903094577175,84,112,0.75,0.6624206047806067,0.8209981325296514,23,112,0.20535714285714285,0.14091826779571093,0.289338220374342,2,112,0.017857142857142856,0.004910708625338288,0.062781726562021,0,112,0.0,0.0,0.03316252537948371,3,112,0.026785714285714284,0.009150654164698513,0.07580673592659858,60,112,0.5357142857142857,0.44370185823984964,0.6253579613759014,331 0.44; 363 0.19; 333 0.13,3,37 0.28; 38 0.21; 53 0.12; 35 0.08; 52 0.07,5,unearned income 0.63; shelter deduction 0.19,"wrong include/exclude decision 0.47; wrong amount, known item 0.27; unreported source of income 0.08",69,0,1,69,1.0,0.9472609058559944,1.0,0.0,1,0.014285714285714285,70,16823.0
1,expedited_i <=   0.50 & percent_abawd <=   0.50 & shelter_expenses_by_hh_size <= 850.00 & unc_rawben_rel_max >   1.93,train_2022_23,111,49,73,2,73,0.0273972602739726,0.007545600452515573,0.09450328973196781,52,73,0.7123287671232876,0.5999432011345229,0.8034841090724483,11,73,0.1506849315068493,0.08627588209726772,0.25002112369126345,3,73,0.0410958904109589,0.01407368523428873,0.1140027733506444,2,73,0.0273972602739726,0.007545600452515573,0.09450328973196781,1,73,0.0136986301369863,0.0024221890927605197,0.0735991326912731,2,73,0.0273972602739726,0.007545600452515573,0.09450328973196781,17,73,0.2328767123287671,0.15078759076763015,0.3416748254235996,34,73,0.4657534246575342,0.3559185287228166,0.5790125502760589,8,73,0.1095890410958904,0.056586041610119084,0.20162825897706282,1,73,0.0136986301369863,0.0024221890927605197,0.0735991326912731,2,73,0.0273972602739726,0.007545600452515573,0.09450328973196781,3,73,0.0410958904109589,0.01407368523428873,0.1140027733506444,3,73,0.0410958904109589,0.01407368523428873,0.1140027733506444,0,73,0.0,0.0,0.04999375338358389,0,73,0.0,0.0,0.04999375338358389,5,73,0.0684931506849315,0.029608602066378893,0.15052299331945376,27,73,0.3698630136986301,0.26822983017391167,0.4845082700218156,9,73,0.1232876712328767,0.06623676164045252,0.21800510734717915,37,73,0.5068493150684932,0.39472044284713675,0.6182933413530882,52,73,0.7123287671232876,0.5999432011345229,0.8034841090724483,16,73,0.2191780821917808,0.13966002654277956,0.3267748212480004,2,73,0.0273972602739726,0.007545600452515573,0.09450328973196781,0,73,0.0,0.0,0.04999375338358389,3,73,0.0410958904109589,0.01407368523428873,0.1140027733506444,39,73,0.5342465753424658,0.42098744972394103,0.6440814712771833,331 0.52; 363 0.15; 333 0.12,3,37 0.29; 38 0.21; 53 0.15; 35 0.11,4,unearned income 0.71; shelter deduction 0.15,"wrong include/exclude decision 0.47; wrong amount, known item 0.23; unreported source of income 0.11",49,0,1,49,1.0,0.9272997032640949,0.9999999999999999,0.0,1,0.02,50,10354.0
1,expedited_i <=   0.50 & percent_abawd <=   0.50 & shelter_expenses_by_hh_size <= 850.00 & unc_rawben_rel_max >   1.93,test_2024,44,20,39,3,39,0.07692307692307693,0.026506914073495688,0.2032137312805527,19,39,0.48717948717948717,0.3386492878313309,0.6380089135430342,10,39,0.2564102564102564,0.14568625843452188,0.410819567678415,2,39,0.05128205128205128,0.014177657646399527,0.1688593904563791,1,39,0.02564102564102564,0.00454058606523737,0.13181286478627147,2,39,0.05128205128205128,0.014177657646399527,0.1688593904563791,2,39,0.05128205128205128,0.014177657646399527,0.1688593904563791,13,39,0.3333333333333333,0.20632766106915157,0.4902289567975947,19,39,0.48717948717948717,0.3386492878313309,0.6380089135430342,1,39,0.02564102564102564,0.00454058606523737,0.13181286478627147,0,39,0.0,0.0,0.08966985360023902,2,39,0.05128205128205128,0.014177657646399527,0.1688593904563791,0,39,0.0,0.0,0.08966985360023902,0,39,0.0,0.0,0.08966985360023902,2,39,0.05128205128205128,0.014177657646399527,0.1688593904563791,0,39,0.0,0.0,0.08966985360023902,2,39,0.05128205128205128,0.014177657646399527,0.1688593904563791,26,39,0.6666666666666666,0.5097710432024052,0.7936723389308484,2,39,0.05128205128205128,0.014177657646399527,0.1688593904563791,11,39,0.28205128205128205,0.16543325013943294,0.43775617322477384,32,39,0.8205128205128205,0.6733164837555724,0.9102284818853,7,39,0.1794871794871795,0.08977151811469994,0.3266835162444276,0,39,0.0,0.0,0.08966985360023902,0,39,0.0,0.0,0.08966985360023902,0,39,0.0,0.0,0.08966985360023902,21,39,0.5384615384615384,0.3856918682173881,0.6843335276595165,331 0.28; 363 0.26; 333 0.15; 366 0.05; 311 0.05,5,37 0.26; 38 0.21; 52 0.15; 57 0.08; 99 0.05; 53 0.05,6,unearned income 0.49; shelter deduction 0.26; earned income 0.08,"wrong include/exclude decision 0.49; wrong amount, known item 0.33",20,0,0,20,1.0,0.8388698745050667,1.0,0.0,0,0.0,20,6469.0
1,rawben_rel_max >=   0.988 & rawben_rel_max <   0.992 & total_deductions_by_hh_size >= 495.000 & utilities < 850.000,all_2022_24,540,221,299,4,299,0.013377926421404682,0.005214298641134945,0.033887330725504254,14,299,0.046822742474916385,0.028092997206193616,0.0770497572898862,216,299,0.7224080267558528,0.6690716156357206,0.7701018664750594,35,299,0.11705685618729098,0.08538144687017349,0.1584476703977316,29,299,0.09698996655518395,0.06838071309090066,0.1358237290993401,0,299,0.0,0.0,0.012685179314862951,1,299,0.0033444816053511705,0.0005906120949380513,0.01869867973286896,66,299,0.22073578595317725,0.17743231951259172,0.2711242856565793,167,299,0.5585284280936454,0.5018539543619406,0.6137180146145803,3,299,0.010033444816053512,0.0034179691788082753,0.029079547674886866,0,299,0.0,0.0,0.012685179314862951,30,299,0.10033444816053512,0.07118787901152007,0.13962067569166473,8,299,0.026755852842809364,0.013618505953465709,0.05189957346494972,3,299,0.010033444816053512,0.0034179691788082753,0.029079547674886866,0,299,0.0,0.0,0.012685179314862951,0,299,0.0,0.0,0.012685179314862951,22,299,0.07357859531772576,0.04908895910557607,0.10888669549405625,183,299,0.6120401337792643,0.555718266845991,0.665519502337635,37,299,0.12374581939799331,0.09112522895960543,0.1659121133341878,79,299,0.26421404682274247,0.21745558076436378,0.31695448707308005,142,299,0.47491638795986624,0.4189903364491928,0.5314788197037269,153,299,0.5117056856187291,0.45525818522489564,0.5678562085704086,1,299,0.0033444816053511705,0.0005906120949380513,0.01869867973286896,0,299,0.0,0.0,0.012685179314862951,3,299,0.010033444816053512,0.0034179691788082753,0.029079547674886866,82,299,0.27424749163879597,0.22678222776236373,0.32744017761391225,363 0.72; 364 0.12,2,53 0.52; 56 0.18; 64 0.10,3,shelter deduction 0.72; utility allowance 0.12,"wrong include/exclude decision 0.56; wrong amount, known item 0.22",221,0,220,221,1.0,0.9829141938146678,1.0,0.0,220,0.4988662131519274,441,43754.0
1,rawben_rel_max >=   0.988 & rawben_rel_max <   0.992 & total_deductions_by_hh_size >= 495.000 & utilities < 850.000,train_2022_23,345,128,171,2,171,0.011695906432748537,0.00321325400608612,0.041636484271303245,8,171,0.04678362573099415,0.023893560130576114,0.08958972988736011,124,171,0.7251461988304093,0.6538391520090502,0.7865594716594587,18,171,0.10526315789473684,0.06762647375458761,0.16024606916426007,18,171,0.10526315789473684,0.06762647375458761,0.16024606916426007,0,171,0.0,0.0,0.021971887697207072,1,171,0.005847953216374269,0.0010330277288595376,0.03237778525843868,4,171,0.023391812865497075,0.00913320257216747,0.05859438628540417,122,171,0.7134502923976608,0.6415747826883528,0.775945990399974,2,171,0.011695906432748537,0.00321325400608612,0.041636484271303245,0,171,0.0,0.0,0.021971887697207072,14,171,0.08187134502923976,0.049393152144960546,0.13272368961352254,7,171,0.04093567251461988,0.019968152921721997,0.08207621180612308,2,171,0.011695906432748537,0.00321325400608612,0.041636484271303245,0,171,0.0,0.0,0.021971887697207072,0,171,0.0,0.0,0.021971887697207072,20,171,0.11695906432748537,0.07700082366242583,0.17374956983660417,111,171,0.6491228070175439,0.5750288904421552,0.7166637044551689,26,171,0.15204678362573099,0.10592160216555799,0.21346234307401887,34,171,0.19883040935672514,0.1459175024787931,0.2649778450815129,77,171,0.4502923976608187,0.3776290550831713,0.5251400799510539,92,171,0.5380116959064327,0.46327168647667566,0.6110813279089167,1,171,0.005847953216374269,0.0010330277288595376,0.03237778525843868,0,171,0.0,0.0,0.021971887697207072,1,171,0.005847953216374269,0.0010330277288595376,0.03237778525843868,49,171,0.28654970760233917,0.22405400960002597,0.3584252173116472,363 0.73; 364 0.11,2,53 0.65; 99 0.12,2,shelter deduction 0.73; utility allowance 0.11,wrong include/exclude decision 0.71; other 0.12,128,0,127,128,1.0,0.9708620041018919,0.9999999999999999,0.0,127,0.4980392156862745,255,24572.0
1,rawben_rel_max >=   0.988 & rawben_rel_max <   0.992 & total_deductions_by_hh_size >= 495.000 & utilities < 850.000,test_2024,195,93,128,2,128,0.015625,0.004295359707748747,0.055182073818543405,6,128,0.046875,0.021657548893279907,0.09849875988938049,92,128,0.71875,0.6353641980095492,0.7893879287850285,17,128,0.1328125,0.08460158144609939,0.2024216342915737,11,128,0.0859375,0.048662628996882715,0.147342273856238,0,128,0.0,0.0,0.02913799589810803,0,128,0.0,0.0,0.02913799589810803,62,128,0.484375,0.3995214745657504,0.5701390878060655,45,128,0.3515625,0.27427156702687105,0.4375037755053798,1,128,0.0078125,0.0013803963628788857,0.04292731834932121,0,128,0.0,0.0,0.02913799589810803,16,128,0.125,0.07842577339785958,0.19342772352572143,1,128,0.0078125,0.0013803963628788857,0.04292731834932121,1,128,0.0078125,0.0013803963628788857,0.04292731834932121,0,128,0.0,0.0,0.02913799589810803,0,128,0.0,0.0,0.02913799589810803,2,128,0.015625,0.004295359707748747,0.055182073818543405,72,128,0.5625,0.47597943503754575,0.6453783154751909,11,128,0.0859375,0.048662628996882715,0.147342273856238,45,128,0.3515625,0.27427156702687105,0.4375037755053798,65,128,0.5078125,0.4222456986856391,0.5929240201284529,61,128,0.4765625,0.3919872293426451,0.5625036142150788,0,128,0.0,0.0,0.02913799589810803,0,128,0.0,0.0,0.02913799589810803,2,128,0.015625,0.004295359707748747,0.055182073818543405,33,128,0.2578125,0.18986792282559609,0.33987079393755004,363 0.72; 364 0.13,2,56 0.41; 53 0.33; 64 0.12,3,shelter deduction 0.72; utility allowance 0.13,"wrong amount, known item 0.48; wrong include/exclude decision 0.35",93,0,93,93,1.0,0.9603310973796383,0.9999999999999999,0.0,93,0.5,186,19182.0
1,rawben_rel_max <   1.000 & total_deductions_by_hh_size >= 425.000 & unc_rawben_rel_max >=   0.986 & utilities < 800.000,all_2022_24,666,234,316,5,316,0.015822784810126583,0.006776894722392592,0.036499527106412674,16,316,0.05063291139240506,0.03140326041443045,0.0806572095181862,220,316,0.6962025316455697,0.6433888109010398,0.74430309659317,43,316,0.1360759493670886,0.10261708036101205,0.17827696219005076,30,316,0.0949367088607595,0.06731043634030419,0.1322933675426179,1,316,0.0031645569620253164,0.0005588262213099739,0.0177052144788366,1,316,0.0031645569620253164,0.0005588262213099739,0.0177052144788366,67,316,0.2120253164556962,0.1705548950490372,0.26041343427397773,180,316,0.569620253164557,0.5145141781447586,0.6230539180628643,4,316,0.012658227848101266,0.004933170445699828,0.032090156100940764,0,316,0.0,0.0,0.012010945417981901,32,316,0.10126582278481013,0.0726474379458255,0.13946255650142592,7,316,0.022151898734177215,0.010770786513426323,0.045011825879708284,4,316,0.012658227848101266,0.004933170445699828,0.032090156100940764,0,316,0.0,0.0,0.012010945417981901,0,316,0.0,0.0,0.012010945417981901,22,316,0.06962025316455696,0.04642211732326562,0.10315692430233908,198,316,0.6265822784810127,0.5720279954525296,0.6780958158340573,38,316,0.12025316455696203,0.08887725710616076,0.1607513090340787,80,316,0.25316455696202533,0.20838280506712326,0.3038757629240325,150,316,0.47468354430379744,0.42025983136334377,0.5297154063793389,162,316,0.5126582278481012,0.45772631335333386,0.5672860677753249,1,316,0.0031645569620253164,0.0005588262213099739,0.0177052144788366,0,316,0.0,0.0,0.012010945417981901,3,316,0.00949367088607595,0.0032337971821637303,0.02753643408231219,87,316,0.27531645569620256,0.22898783696744218,0.32704239799886625,363 0.70; 364 0.14,2,53 0.52; 56 0.17; 64 0.10,3,shelter deduction 0.70; utility allowance 0.14,"wrong include/exclude decision 0.57; wrong amount, known item 0.21",234,0,231,234,1.0,0.9838480736759255,1.0,0.0,231,0.4967741935483871,465,45653.0
1,rawben_rel_max <   1.000 & total_deductions_by_hh_size >= 425.000 & unc_rawben_rel_max >=   0.986 & utilities < 800.000,train_2022_23,422,137,183,3,183,0.01639344262295082,0.005590545476989187,0.04708294907668623,10,183,0.0546448087431694,0.029949173888395457,0.09765410075707964,127,183,0.6939890710382514,0.6238011558730948,0.7561998717353179,24,183,0.13114754098360656,0.08973788084498721,0.18772495398408726,18,183,0.09836065573770492,0.06312566378280363,0.1501116452532997,0,183,0.0,0.0,0.020560731657189836,1,183,0.00546448087431694,0.0009652423746200223,0.030299743581398343,4,183,0.02185792349726776,0.00853203484731592,0.05484571400518802,131,183,0.7158469945355191,0.6465865296692125,0.7762315151345144,3,183,0.01639344262295082,0.005590545476989187,0.04708294907668623,0,183,0.0,0.0,0.020560731657189836,16,183,0.08743169398907104,0.05453271973712673,0.13729608070131955,6,183,0.03278688524590164,0.015111268614645863,0.06967498883551514,3,183,0.01639344262295082,0.005590545476989187,0.04708294907668623,0,183,0.0,0.0,0.020560731657189836,0,183,0.0,0.0,0.020560731657189836,20,183,0.1092896174863388,0.07186934619194058,0.1627764714418198,121,183,0.6612021857923497,0.5899401663676263,0.7258353354478153,27,183,0.14754098360655737,0.10342152716176932,0.2061540705637907,35,183,0.1912568306010929,0.14085463822253994,0.25435499389364835,81,183,0.4426229508196721,0.3725714489855463,0.5150338808767543,100,183,0.546448087431694,0.4741016476768128,0.6168845138632298,1,183,0.00546448087431694,0.0009652423746200223,0.030299743581398343,0,183,0.0,0.0,0.020560731657189836,1,183,0.00546448087431694,0.0009652423746200223,0.030299743581398343,52,183,0.28415300546448086,0.22376848486548565,0.3534134703307876,363 0.69; 364 0.13,2,53 0.64; 99 0.11,2,shelter deduction 0.69; utility allowance 0.13,wrong include/exclude decision 0.72; other 0.11,137,0,134,137,1.0,0.9727239679185695,1.0,0.0,134,0.4944649446494465,271,25874.0
1,rawben_rel_max <   1.000 & total_deductions_by_hh_size >= 425.000 & unc_rawben_rel_max >=   0.986 & utilities < 800.000,test_2024,244,97,133,2,133,0.015037593984962405,0.0041334978576213245,0.05317071372715991,6,133,0.045112781954887216,0.020836924674096327,0.09492904123100854,93,133,0.6992481203007519,0.6166148612234348,0.7706942611487093,19,133,0.14285714285714285,0.09340160831673866,0.21236505912941805,12,133,0.09022556390977443,0.05236602199372364,0.15109257539186668,1,133,0.007518796992481203,0.0013284534153853028,0.04136031958931502,0,133,0.0,0.0,0.028073334424619414,63,133,0.47368421052631576,0.39076033835480756,0.558085626614909,49,133,0.3684210526315789,0.29120790393262075,0.45302192091596316,1,133,0.007518796992481203,0.0013284534153853028,0.04136031958931502,0,133,0.0,0.0,0.028073334424619414,16,133,0.12030075187969924,0.07542116562091343,0.18649918608500055,1,133,0.007518796992481203,0.0013284534153853028,0.04136031958931502,1,133,0.007518796992481203,0.0013284534153853028,0.04136031958931502,0,133,0.0,0.0,0.028073334424619414,0,133,0.0,0.0,0.028073334424619414,2,133,0.015037593984962405,0.0041334978576213245,0.05317071372715991,77,133,0.5789473684210527,0.49397675745299596,0.6594853476378536,11,133,0.08270676691729323,0.0468079420631385,0.1420352167423709,45,133,0.3383458646616541,0.2634780244474995,0.42229004608076076,69,133,0.518796992481203,0.4345513610645472,0.601987235385655,62,133,0.46616541353383456,0.38352640000091553,0.5507041263887202,0,133,0.0,0.0,0.028073334424619414,0,133,0.0,0.0,0.028073334424619414,2,133,0.015037593984962405,0.0041334978576213245,0.05317071372715991,35,133,0.2631578947368421,0.1957272138754272,0.343886470852024,363 0.70; 364 0.14,2,56 0.41; 53 0.35,2,shelter deduction 0.70; utility allowance 0.14,"wrong amount, known item 0.47; wrong include/exclude decision 0.37",97,0,97,97,1.0,0.9619046107955446,0.9999999999999999,0.0,97,0.5,194,19779.0
2-3,HH_size_n >   2.5 & months_since_cert_n <=  10.5 & shelter_expenses_by_hh_size > 279.0 & total_deductions_by_hh_size > 402.0,all_2022_24,507,152,244,73,244,0.29918032786885246,0.24519978957307081,0.35938636545497943,54,244,0.22131147540983606,0.17376739338969224,0.2774950258329081,41,244,0.1680327868852459,0.12634488799885046,0.22001181725159985,5,244,0.020491803278688523,0.008783739317213993,0.047064834933436425,3,244,0.012295081967213115,0.004190009506554231,0.0355192241329962,46,244,0.1885245901639344,0.14441807599730946,0.2422869807808908,22,244,0.09016393442622951,0.06029623684636472,0.13273673259863566,69,244,0.2827868852459016,0.2299837535001463,0.34232372030570396,70,244,0.28688524590163933,0.23377952931097812,0.34659761480042206,30,244,0.12295081967213115,0.08749618178704302,0.17009415010235732,11,244,0.045081967213114756,0.025356453605252707,0.0789101424786977,23,244,0.0942622950819672,0.06363366789459564,0.13746897185595475,11,244,0.045081967213114756,0.025356453605252707,0.0789101424786977,4,244,0.01639344262295082,0.006392979148907858,0.04138592479619256,2,244,0.00819672131147541,0.002250675085449823,0.029388888248550606,0,244,0.0,0.0,0.015500222722900431,24,244,0.09836065573770492,0.06699084854626253,0.14218146150983785,165,244,0.6762295081967213,0.6151787091517504,0.7318171139868994,27,244,0.11065573770491803,0.07717087537373765,0.1562104455990127,52,244,0.21311475409836064,0.1663842737309652,0.2687388048805351,125,244,0.5122950819672131,0.4498730917966296,0.5743359191200204,108,244,0.4426229508196721,0.3816671952493633,0.5053574204729369,1,244,0.004098360655737705,0.0007238093800681408,0.02284608364838229,2,244,0.00819672131147541,0.002250675085449823,0.029388888248550606,8,244,0.03278688524590164,0.01670526758026407,0.06335231758703636,81,244,0.3319672131147541,0.2758845345790552,0.39325898289339495,311 0.28; 323 0.17; 363 0.17; 350 0.08; 331 0.04; 333 0.04,6,53 0.17; 38 0.13; 35 0.12; 99 0.10; 44 0.07; 52 0.07; 41 0.05; 56 0.05,8,earned income 0.30; unearned income 0.22; dep care or child support deduction 0.19; shelter deduction 0.17,"wrong include/exclude decision 0.29; wrong amount, known item 0.28; unreported source of income 0.12; other 0.10",116,36,66,152,0.7631578947368421,0.689606437132478,0.8237353150055905,0.23684210526315788,66,0.30275229357798167,218,54905.0
2-3,HH_size_n >   2.5 & months_since_cert_n <=  10.5 & shelter_expenses_by_hh_size > 279.0 & total_deductions_by_hh_size > 402.0,train_2022_23,277,93,152,42,152,0.27631578947368424,0.21140472817032446,0.3522547825123175,33,152,0.21710526315789475,0.15897489998370834,0.28918271646786814,24,152,0.15789473684210525,0.10845931073666493,0.22419641148384617,4,152,0.02631578947368421,0.01028006956146572,0.06570477659001114,3,152,0.019736842105263157,0.006734529912818171,0.056416772435207,30,152,0.19736842105263158,0.14189466065483167,0.2677623243863897,16,152,0.10526315789473684,0.06583727213184384,0.16415009966105354,32,152,0.21052631578947367,0.1532572000978816,0.2820668725502431,49,152,0.3223684210526316,0.2532349895684616,0.4002593277383423,19,152,0.125,0.0815029483374135,0.18698505486583905,6,152,0.039473684210526314,0.018214356323955294,0.083437577434425,16,152,0.10526315789473684,0.06583727213184384,0.16415009966105354,8,152,0.05263157894736842,0.02690716919410706,0.10041185217117664,2,152,0.013157894736842105,0.0036157414374440727,0.04670201710712938,2,152,0.013157894736842105,0.0036157414374440727,0.04670201710712938,0,152,0.0,0.0,0.024650670937670042,18,152,0.11842105263157894,0.07623319170162929,0.17942126769817152,100,152,0.6578947368421053,0.5794152788817886,0.7285897724010526,14,152,0.09210526315789473,0.05565814076397554,0.14866214342201842,38,152,0.25,0.18789862687528025,0.3244267085935548,78,152,0.5131578947368421,0.43435739989649,0.5913096877104134,70,152,0.4605263157894737,0.3832356823282931,0.5397630548509966,0,152,0.0,0.0,0.024650670937670042,0,152,0.0,0.0,0.024650670937670042,4,152,0.02631578947368421,0.01028006956146572,0.06570477659001114,52,152,0.34210526315789475,0.27141022759894745,0.4205847211182115,311 0.25; 323 0.18; 363 0.16; 350 0.09; 331 0.05; 150 0.04,6,53 0.24; 38 0.13; 35 0.12; 99 0.12; 44 0.07; 52 0.05; 41 0.05,7,earned income 0.28; unearned income 0.22; dep care or child support deduction 0.20; shelter deduction 0.16,"wrong include/exclude decision 0.32; wrong amount, known item 0.21; unreported source of income 0.12; other 0.12",75,18,43,93,0.8064516129032258,0.7146734140699786,0.8739166133562513,0.1935483870967742,43,0.3161764705882353,136,31706.0
2-3,HH_size_n >   2.5 & months_since_cert_n <=  10.5 & shelter_expenses_by_hh_size > 279.0 & total_deductions_by_hh_size > 402.0,test_2024,230,59,92,31,92,0.33695652173913043,0.24863459523567621,0.43834892757696464,21,92,0.22826086956521738,0.1544207850299761,0.32388508632442525,17,92,0.18478260869565216,0.11869236960805385,0.27614244116305176,1,92,0.010869565217391304,0.0019212795763616508,0.05902928886156091,0,92,0.0,0.0,0.04008280329209862,16,92,0.17391304347826086,0.10998076035163003,0.26398628527365164,6,92,0.06521739130434782,0.03022979137398394,0.13505960279305834,37,92,0.40217391304347827,0.3078479905397603,0.5043421231478242,21,92,0.22826086956521738,0.1544207850299761,0.32388508632442525,11,92,0.11956521739130435,0.06809064764004356,0.2015375722561184,5,92,0.05434782608695652,0.023434718368504144,0.12098691065271419,7,92,0.07608695652173914,0.03734308465448332,0.1488140746583829,3,92,0.03260869565217391,0.011150975342623229,0.09153512338694722,2,92,0.021739130434782608,0.005981915837670909,0.0758364177460756,0,92,0.0,0.0,0.04008280329209862,0,92,0.0,0.0,0.04008280329209862,6,92,0.06521739130434782,0.03022979137398394,0.13505960279305834,65,92,0.7065217391304348,0.6067033690450713,0.7897841687255837,13,92,0.14130434782608695,0.08447613379881469,0.22688761638899513,14,92,0.15217391304347827,0.092864555668254,0.23936695966537982,47,92,0.5108695652173914,0.41035314036206955,0.6105146247837545,38,92,0.41304347826086957,0.31788936478397756,0.5151685140494309,1,92,0.010869565217391304,0.0019212795763616508,0.05902928886156091,2,92,0.021739130434782608,0.005981915837670909,0.0758364177460756,4,92,0.043478260869565216,0.01703544061158062,0.10651842326381375,29,92,0.31521739130434784,0.2293129742179435,0.41593501830304946,311 0.33; 363 0.18; 323 0.16; 350 0.05; 342 0.05,5,38 0.13; 56 0.12; 35 0.12; 52 0.10; 44 0.08; 99 0.07; 57 0.07; 53 0.05; 41 0.04,9,earned income 0.34; unearned income 0.23; shelter deduction 0.18,"wrong amount, known item 0.40; wrong include/exclude decision 0.23; unreported source of income 0.12",41,18,23,59,0.6949152542372882,0.5685343274025617,0.7974652652239788,0.3050847457627119,23,0.2804878048780488,82,23199.0
1,elderly_disabled_i >   0.500 & rawben_rel_max >   0.994 & shelter_expenses_by_hh_size <= 814.000 & unc_rawben_rel_max >   1.470,all_2022_24,627,200,280,21,280,0.075,0.04957469946472045,0.1119294634204944,194,280,0.6928571428571428,0.6365161724030808,0.7439777368758973,40,280,0.14285714285714285,0.10669537571406831,0.1886862737693055,8,280,0.02857142857142857,0.014547075355375631,0.05535670196267783,8,280,0.02857142857142857,0.014547075355375631,0.05535670196267783,1,280,0.0035714285714285713,0.0006307070519590754,0.019949785729930544,8,280,0.02857142857142857,0.014547075355375631,0.05535670196267783,49,280,0.175,0.13497608836258426,0.2238212126672859,123,280,0.4392857142857143,0.3823635050235871,0.4978513753885864,51,280,0.18214285714285713,0.14133751482027698,0.23155215321992575,0,280,0.0,0.0,0.013534309276723356,11,280,0.039285714285714285,0.022075536853285366,0.06896679098026687,10,280,0.03571428571428571,0.019512721132581616,0.06448342319580436,14,280,0.05,0.030014144576117664,0.08216673377293336,1,280,0.0035714285714285713,0.0006307070519590754,0.019949785729930544,0,280,0.0,0.0,0.013534309276723356,21,280,0.075,0.04957469946472045,0.1119294634204944,95,279,0.34050179211469533,0.28739871571447945,0.39793752902462526,30,279,0.10752688172043011,0.07636332795050593,0.1493517012389768,154,279,0.5519713261648745,0.49330551988426824,0.6092253666614167,186,280,0.6642857142857143,0.6070782866199484,0.7170461546176996,82,280,0.29285714285714287,0.2426445979753265,0.3486767587250303,4,280,0.014285714285714285,0.005568997959385648,0.036150045338002756,1,280,0.0035714285714285713,0.0006307070519590754,0.019949785729930544,7,280,0.025,0.012161513281489334,0.05069608053139786,146,279,0.5232974910394266,0.4647722279813623,0.5811898935736001,331 0.50; 363 0.14; 333 0.14,3,37 0.29; 35 0.18; 38 0.14; 99 0.07; 53 0.07,5,unearned income 0.69; shelter deduction 0.14,"wrong include/exclude decision 0.44; unreported source of income 0.18; wrong amount, known item 0.17",199,1,3,200,0.995,0.9722256001302286,0.999116854010634,0.005,3,0.014778325123152709,203,48497.0
1,elderly_disabled_i >   0.500 & rawben_rel_max >   0.994 & shelter_expenses_by_hh_size <= 814.000 & unc_rawben_rel_max >   1.470,train_2022_23,429,136,190,15,190,0.07894736842105263,0.048424060448929086,0.12615972342408888,130,190,0.6842105263157895,0.6150206033379475,0.7460989912176073,25,190,0.13157894736842105,0.09073623386341251,0.1870245770254782,6,190,0.031578947368421054,0.014551485760764173,0.06717297379796831,5,190,0.02631578947368421,0.011291598467941314,0.06011515838920391,1,190,0.005263157894736842,0.0009296576420357184,0.02920628840876039,8,190,0.042105263157894736,0.0214870522061478,0.08087281275575922,34,190,0.17894736842105263,0.13097514823744372,0.23964498696573244,87,190,0.45789473684210524,0.38858560565121514,0.5288727727360866,29,190,0.15263157894736842,0.1084218902620147,0.2106097314332251,0,190,0.0,0.0,0.019818243349208835,7,190,0.03684210526315789,0.01795866325734832,0.07408349900297143,9,190,0.04736842105263158,0.025117656734069158,0.08755991092942515,10,190,0.05263157894736842,0.02883612554849993,0.09415914481658165,1,190,0.005263157894736842,0.0009296576420357184,0.02920628840876039,0,190,0.0,0.0,0.019818243349208835,13,190,0.06842105263157895,0.04041788620673421,0.1135304922631092,65,190,0.34210526315789475,0.2783743885990523,0.41209453035332944,17,190,0.08947368421052632,0.0566126613093191,0.13860652796687342,108,190,0.5684210526315789,0.49732539730810527,0.6368047378125292,132,190,0.6947368421052632,0.6259321440195607,0.7558228559391686,50,190,0.2631578947368421,0.2056833340953978,0.3300200443331747,3,190,0.015789473684210527,0.005384028565230823,0.04538732288873984,0,190,0.0,0.0,0.019818243349208835,5,190,0.02631578947368421,0.011291598467941314,0.06011515838920391,105,190,0.5526315789473685,0.4815831519861901,0.6215938750296828,331 0.53; 363 0.13; 333 0.12,3,37 0.30; 38 0.17; 35 0.15; 53 0.08; 52 0.07,5,unearned income 0.68; shelter deduction 0.13,"wrong include/exclude decision 0.46; wrong amount, known item 0.18; unreported source of income 0.15",135,1,2,136,0.9926470588235294,0.9595261451733299,0.9987008774007824,0.007352941176470588,2,0.014492753623188406,138,31427.0
1,elderly_disabled_i >   0.500 & rawben_rel_max >   0.994 & shelter_expenses_by_hh_size <= 814.000 & unc_rawben_rel_max >   1.470,test_2024,198,64,90,6,90,0.06666666666666667,0.030909506550389258,0.1379026194150674,64,90,0.7111111111111111,0.6103576218490169,0.7945800603729402,15,90,0.16666666666666666,0.10368397504925966,0.25694073723186084,2,90,0.022222222222222223,0.006115313794863603,0.07744677380807581,3,90,0.03333333333333333,0.011400183632439498,0.09347441356112923,0,90,0.0,0.0,0.04093706842168078,0,90,0.0,0.0,0.04093706842168078,15,90,0.16666666666666666,0.10368397504925966,0.25694073723186084,36,90,0.4,0.30488859176782823,0.5032988219165079,22,90,0.24444444444444444,0.16732663395366268,0.3424856454618631,0,90,0.0,0.0,0.04093706842168078,4,90,0.044444444444444446,0.01741696001324882,0.1087701467709492,1,90,0.011111111111111112,0.00196403353551235,0.06028554447679775,4,90,0.044444444444444446,0.01741696001324882,0.1087701467709492,0,90,0.0,0.0,0.04093706842168078,0,90,0.0,0.0,0.04093706842168078,8,90,0.08888888888888889,0.04572994532477847,0.16570719982193682,30,89,0.33707865168539325,0.24742688328112894,0.44021314015664026,13,89,0.14606741573033707,0.08739377564182575,0.2340311028609144,46,89,0.5168539325842697,0.4145040372503965,0.6178090637732825,54,90,0.6,0.4967011780834921,0.6951114082321718,32,90,0.35555555555555557,0.2644371816701689,0.4585001936516499,1,90,0.011111111111111112,0.00196403353551235,0.06028554447679775,1,90,0.011111111111111112,0.00196403353551235,0.06028554447679775,2,90,0.022222222222222223,0.006115313794863603,0.07744677380807581,41,89,0.4606741573033708,0.3608954818482133,0.563707282429869,331 0.42; 333 0.18; 363 0.17,3,37 0.28; 35 0.24; 99 0.09; 38 0.08; 53 0.06; 56 0.04,6,unearned income 0.71; shelter deduction 0.17,"wrong include/exclude decision 0.40; unreported source of income 0.24; wrong amount, known item 0.17",64,0,1,64,1.0,0.9433739770288436,1.0,0.0,1,0.015384615384615385,65,17070.0
4+,months_since_cert_n >=  11 & total_deductions_by_hh_size >= 228,all_2022_24,130,54,97,38,97,0.3917525773195876,0.30051137678779105,0.4912412332461631,12,97,0.12371134020618557,0.07220328986970112,0.20388911643880644,15,97,0.15463917525773196,0.09601037466762025,0.23958128591690042,7,97,0.07216494845360824,0.0353937079719825,0.14153327454316997,0,97,0.0,0.0,0.03809538920445529,9,97,0.09278350515463918,0.04958265664341581,0.1670104953890787,16,97,0.16494845360824742,0.10415835095438805,0.2512663943888036,27,97,0.27835051546391754,0.19891045889682296,0.37467821879175006,22,97,0.2268041237113402,0.15481698841986685,0.319606265475351,8,97,0.08247422680412371,0.04238219710770542,0.15437787016611806,7,97,0.07216494845360824,0.0353937079719825,0.14153327454316997,12,97,0.12371134020618557,0.07220328986970112,0.20388911643880644,9,97,0.09278350515463918,0.04958265664341581,0.1670104953890787,1,97,0.010309278350515464,0.0018221178995736602,0.05610635606355266,0,97,0.0,0.0,0.03809538920445529,0,97,0.0,0.0,0.03809538920445529,11,97,0.1134020618556701,0.06451291694876782,0.1917464046010688,37,97,0.38144329896907214,0.291045123554349,0.4808744017209342,11,97,0.1134020618556701,0.06451291694876782,0.1917464046010688,49,97,0.5051546391752577,0.40737305891143216,0.6025434834679033,48,97,0.4948453608247423,0.3974565165320967,0.5926269410885678,39,97,0.4020618556701031,0.31002040253768065,0.5015652922549447,0,97,0.0,0.0,0.03809538920445529,0,97,0.0,0.0,0.03809538920445529,10,97,0.10309278350515463,0.056966879372416616,0.1794593574187489,33,97,0.3402061855670103,0.25362119291999513,0.438965993320604,311 0.35; 363 0.15; 323 0.08; 364 0.07; 150 0.06; 361 0.06,6,38 0.16; 99 0.11; 52 0.10; 35 0.08; 39 0.06; 53 0.05; 37 0.05; 44 0.04; 98 0.03; 12 0.03; 54 0.03,11,earned income 0.39; other element 0.16; shelter deduction 0.15; unearned income 0.12,"wrong amount, known item 0.28; wrong include/exclude decision 0.23; change in circumstances 0.12; other 0.11; method or computation 0.09",42,12,18,54,0.7777777777777778,0.6506107316841219,0.8680471201042104,0.2222222222222222,18,0.25,72,23098.0
4+,months_since_cert_n >=  11 & total_deductions_by_hh_size >= 228,train_2022_23,89,41,73,29,73,0.3972602739726027,0.29286528165068365,0.5119279553459432,10,73,0.136986301369863,0.07614307799620813,0.23412635939187332,11,73,0.1506849315068493,0.08627588209726772,0.25002112369126345,6,73,0.0821917808219178,0.03821322997342026,0.16794593381286216,0,73,0.0,0.0,0.04999375338358389,4,73,0.0547945205479452,0.02151214924893479,0.1325918777364481,13,73,0.1780821917808219,0.10713272068797698,0.2812194219014537,18,73,0.2465753424657534,0.16204336317654708,0.3564466214151324,14,73,0.1917808219178082,0.1178225404547499,0.29655717053513053,4,73,0.0547945205479452,0.02151214924893479,0.1325918777364481,6,73,0.0821917808219178,0.03821322997342026,0.16794593381286216,11,73,0.1506849315068493,0.08627588209726772,0.25002112369126345,9,73,0.1232876712328767,0.06623676164045252,0.21800510734717915,1,73,0.0136986301369863,0.0024221890927605197,0.0735991326912731,0,73,0.0,0.0,0.04999375338358389,0,73,0.0,0.0,0.04999375338358389,10,73,0.136986301369863,0.07614307799620813,0.23412635939187332,30,73,0.410958904109589,0.30531095731906,0.5255098480780166,10,73,0.136986301369863,0.07614307799620813,0.23412635939187332,33,73,0.4520547945205479,0.3431446980664788,0.565758812531947,35,73,0.4794520547945205,0.36877263024700824,0.592186017152317,29,73,0.3972602739726027,0.29286528165068365,0.5119279553459432,0,73,0.0,0.0,0.04999375338358389,0,73,0.0,0.0,0.04999375338358389,9,73,0.1232876712328767,0.06623676164045252,0.21800510734717915,27,73,0.3698630136986301,0.26822983017391167,0.4845082700218156,311 0.34; 363 0.15; 150 0.08; 364 0.08; 361 0.07; 350 0.05,6,38 0.18; 99 0.14; 52 0.10; 39 0.08; 35 0.05; 44 0.05; 98 0.04; 53 0.04; 37 0.04; 12 0.04,10,earned income 0.40; other element 0.18; shelter deduction 0.15; unearned income 0.14,"wrong amount, known item 0.25; wrong include/exclude decision 0.19; change in circumstances 0.15; other 0.14; method or computation 0.12",31,10,13,41,0.7560975609756098,0.606563693455418,0.8617514424897758,0.24390243902439024,13,0.24074074074074073,54,17305.0
4+,months_since_cert_n >=  11 & total_deductions_by_hh_size >= 228,test_2024,41,13,24,9,24,0.375,0.21159133433631458,0.5729038096209293,2,24,0.08333333333333333,0.023158327842973503,0.258492152014506,4,24,0.16666666666666666,0.06678568000728924,0.3585347038786943,1,24,0.041666666666666664,0.007393265354805126,0.20242226248842232,0,24,0.0,0.0,0.13798057582897535,5,24,0.20833333333333334,0.0924468910478809,0.40470844485235474,3,24,0.125,0.04344255039315584,0.3100428814785757,9,24,0.375,0.21159133433631458,0.5729038096209293,8,24,0.3333333333333333,0.17971978688379642,0.5329404050591954,4,24,0.16666666666666666,0.06678568000728924,0.3585347038786943,1,24,0.041666666666666664,0.007393265354805126,0.20242226248842232,1,24,0.041666666666666664,0.007393265354805126,0.20242226248842232,0,24,0.0,0.0,0.13798057582897535,0,24,0.0,0.0,0.13798057582897535,0,24,0.0,0.0,0.13798057582897535,0,24,0.0,0.0,0.13798057582897535,1,24,0.041666666666666664,0.007393265354805126,0.20242226248842232,7,24,0.2916666666666667,0.14914460334164278,0.49168063658709704,1,24,0.041666666666666664,0.007393265354805126,0.20242226248842232,16,24,0.6666666666666666,0.4670595949408046,0.8202802131162036,13,24,0.5416666666666666,0.35074553553106635,0.7210894164831857,10,24,0.4166666666666667,0.24467347246538232,0.6116566235061137,0,24,0.0,0.0,0.13798057582897535,0,24,0.0,0.0,0.13798057582897535,1,24,0.041666666666666664,0.007393265354805126,0.20242226248842232,6,24,0.25,0.1199920347934233,0.4489982531210644,311 0.38; 323 0.17; 363 0.17; 130 0.04; 334 0.04,5,35 0.17; 38 0.12; 52 0.12; 56 0.08; 53 0.08; 57 0.08; 37 0.08,7,earned income 0.38; dep care or child support deduction 0.21; shelter deduction 0.17,"wrong amount, known item 0.38; wrong include/exclude decision 0.33; unreported source of income 0.17",11,2,5,13,0.8461538461538461,0.5776482949136899,0.9567427368172621,0.15384615384615385,5,0.2777777777777778,18,5793.0
4+,HH_size_n >   4.5 & shelter_expenses_by_hh_size <= 268.0 & total_deductions_by_hh_size > 222.0,all_2022_24,104,46,76,19,76,0.25,0.16628799382577897,0.3577696402897699,11,76,0.14473684210526316,0.08278431339921274,0.24087653508077764,11,76,0.14473684210526316,0.08278431339921274,0.24087653508077764,3,76,0.039473684210526314,0.013514390129808602,0.10974967271462335,1,76,0.013157894736842105,0.002326420140567463,0.0708384462949749,27,76,0.35526315789473684,0.257016182954391,0.46743823679671614,4,76,0.05263157894736842,0.020655095015801955,0.1276585660330748,22,76,0.2894736842105263,0.19960875564331393,0.39959767308556926,31,76,0.40789473684210525,0.3044362924110896,0.5202165201577967,8,76,0.10526315789473684,0.054310612607017986,0.19420144125963795,3,76,0.039473684210526314,0.013514390129808602,0.10974967271462335,1,76,0.013157894736842105,0.002326420140567463,0.0708384462949749,3,76,0.039473684210526314,0.013514390129808602,0.10974967271462335,1,76,0.013157894736842105,0.002326420140567463,0.0708384462949749,0,76,0.0,0.0,0.04811526823109757,1,76,0.013157894736842105,0.002326420140567463,0.0708384462949749,6,76,0.07894736842105263,0.03668350552145426,0.1617293519363121,62,76,0.8157894736842105,0.7142152897559246,0.8869750671507506,3,76,0.039473684210526314,0.013514390129808602,0.10974967271462335,11,76,0.14473684210526316,0.08278431339921274,0.24087653508077764,42,76,0.5526315789473685,0.4410031528161144,0.6591952400016647,31,76,0.40789473684210525,0.3044362924110896,0.5202165201577967,1,76,0.013157894736842105,0.002326420140567463,0.0708384462949749,0,76,0.0,0.0,0.04811526823109757,2,76,0.02631578947368421,0.007246507130607822,0.09096795750937933,36,76,0.47368421052631576,0.36541913011833066,0.5844816734727798,323 0.21; 311 0.21; 366 0.14; 363 0.14; 350 0.05,5,52 0.21; 53 0.20; 38 0.17; 35 0.11; 99 0.08,5,dep care or child support deduction 0.36; earned income 0.25; unearned income 0.14,"wrong include/exclude decision 0.41; wrong amount, known item 0.29; unreported source of income 0.11",35,11,25,46,0.7608695652173914,0.6206458383088198,0.860879634388686,0.2391304347826087,25,0.352112676056338,71,18514.0
4+,HH_size_n >   4.5 & shelter_expenses_by_hh_size <= 268.0 & total_deductions_by_hh_size > 222.0,train_2022_23,70,33,59,13,59,0.22033898305084745,0.13354072524323754,0.34132942446650893,10,59,0.1694915254237288,0.0947573785633763,0.28463461654814215,6,59,0.1016949152542373,0.047447326513182495,0.2046404624673654,3,59,0.05084745762711865,0.017442401159453308,0.1391672332228667,1,59,0.01694915254237288,0.002998156692981528,0.08995937462385317,23,59,0.3898305084745763,0.2757917606558441,0.5173389043813288,3,59,0.05084745762711865,0.017442401159453308,0.1391672332228667,15,59,0.2542372881355932,0.1605583829520582,0.3779638698231735,27,59,0.4576271186440678,0.3370110214024243,0.583423849765719,5,59,0.0847457627118644,0.036741491306199775,0.1835202461416055,3,59,0.05084745762711865,0.017442401159453308,0.1391672332228667,1,59,0.01694915254237288,0.002998156692981528,0.08995937462385317,2,59,0.03389830508474576,0.009345713033501513,0.11543786981607584,1,59,0.01694915254237288,0.002998156692981528,0.08995937462385317,0,59,0.0,0.0,0.061131479784092065,1,59,0.01694915254237288,0.002998156692981528,0.08995937462385317,4,59,0.06779661016949153,0.026678187098391565,0.16175749881667106,48,59,0.8135593220338984,0.6962080757461748,0.8925738776095642,3,59,0.05084745762711865,0.017442401159453308,0.1391672332228667,8,59,0.13559322033898305,0.07034090749685569,0.24539898454917758,34,59,0.576271186440678,0.4493425547283663,0.6938746771689757,22,59,0.3728813559322034,0.26083818032585154,0.5004664331785788,1,59,0.01694915254237288,0.002998156692981528,0.08995937462385317,0,59,0.0,0.0,0.061131479784092065,2,59,0.03389830508474576,0.009345713033501513,0.11543786981607584,31,59,0.5254237288135594,0.4003957675731271,0.6473433097259869,323 0.24; 311 0.17; 366 0.15; 363 0.10; 350 0.07; 150 0.05,6,52 0.25; 53 0.20; 38 0.19; 35 0.08; 99 0.07,5,dep care or child support deduction 0.39; earned income 0.22; unearned income 0.17,"wrong include/exclude decision 0.46; wrong amount, known item 0.25; unreported source of income 0.08",24,9,18,33,0.7272727272727273,0.5578211674561319,0.849327273436772,0.2727272727272727,18,0.35294117647058826,51,14518.0
4+,HH_size_n >   4.5 & shelter_expenses_by_hh_size <= 268.0 & total_deductions_by_hh_size > 222.0,test_2024,34,13,17,6,17,0.35294117647058826,0.17309486143904904,0.5870003327878818,1,17,0.058823529411764705,0.01046013064516424,0.269825452035628,5,17,0.29411764705882354,0.13279793865556402,0.5313353332621391,0,17,0.0,0.0,0.18432366037156456,0,17,0.0,0.0,0.18432366037156456,4,17,0.23529411764705882,0.0955488907167594,0.47262245889171595,1,17,0.058823529411764705,0.01046013064516424,0.269825452035628,7,17,0.4117647058823529,0.21610786039131383,0.6399492561448447,4,17,0.23529411764705882,0.0955488907167594,0.47262245889171595,3,17,0.17647058823529413,0.0619101371254899,0.41029929017375777,0,17,0.0,0.0,0.18432366037156456,0,17,0.0,0.0,0.18432366037156456,1,17,0.058823529411764705,0.01046013064516424,0.269825452035628,0,17,0.0,0.0,0.18432366037156456,0,17,0.0,0.0,0.18432366037156456,0,17,0.0,0.0,0.18432366037156456,2,17,0.11764705882352941,0.03287908001292092,0.3433684249770991,14,17,0.8235294117647058,0.5897007098262422,0.9380898628745101,0,17,0.0,0.0,0.18432366037156456,3,17,0.17647058823529413,0.0619101371254899,0.41029929017375777,8,17,0.47058823529411764,0.26164801196088106,0.6903710268845051,9,17,0.5294117647058824,0.30962897311549487,0.738351988039119,0,17,0.0,0.0,0.18432366037156456,0,17,0.0,0.0,0.18432366037156456,0,17,0.0,0.0,0.18432366037156456,5,17,0.29411764705882354,0.13279793865556402,0.5313353332621391,311 0.35; 363 0.29; 323 0.12,3,56 0.24; 35 0.18; 53 0.18; 38 0.12; 99 0.12,5,earned income 0.35; shelter deduction 0.29; dep care or child support deduction 0.24,"wrong amount, known item 0.41; wrong include/exclude decision 0.24; unreported source of income 0.18",11,2,7,13,0.8461538461538461,0.5776482949136899,0.9567427368172621,0.15384615384615385,7,0.35,20,3996.0
4+,months_since_cert_n >  10.5 & shelter_expenses_by_hh_size > 251.0 & total_deductions_by_hh_size > 208.0 & total_deductions_by_hh_size <= 278.0,all_2022_24,102,42,75,27,75,0.36,0.26064766399338823,0.4729954888599277,12,75,0.16,0.09396421323774289,0.25916915797745316,13,75,0.17333333333333334,0.10419048023286545,0.2743102097582053,7,75,0.09333333333333334,0.04594793932894482,0.1803488380068779,0,75,0.0,0.0,0.04872554590470005,2,75,0.02666666666666667,0.00734353502360055,0.09211664843284882,14,75,0.18666666666666668,0.11458005622312066,0.2892879525438247,21,75,0.28,0.19103020085378442,0.3904090393442836,18,75,0.24,0.15754748728758244,0.3477897965828615,5,75,0.06666666666666667,0.028809638090317204,0.14675250169375617,8,75,0.10666666666666667,0.05504846963856164,0.19661562647313574,8,75,0.10666666666666667,0.05504846963856164,0.19661562647313574,10,75,0.13333333333333333,0.0740650509941473,0.22833368266929943,1,75,0.013333333333333334,0.002357490433136912,0.07173537424743781,0,75,0.0,0.0,0.04872554590470005,0,75,0.0,0.0,0.04872554590470005,4,75,0.05333333333333334,0.020933088960043124,0.1292617320481556,36,75,0.48,0.37068921756788065,0.5912598042683074,4,75,0.05333333333333334,0.020933088960043124,0.1292617320481556,35,75,0.4666666666666667,0.35815509458811656,0.5784266084721967,44,75,0.5866666666666667,0.47366310663468214,0.6912244654085031,31,75,0.41333333333333333,0.30877553459149687,0.5263368933653177,0,75,0.0,0.0,0.04872554590470005,0,75,0.0,0.0,0.04872554590470005,0,75,0.0,0.0,0.04872554590470005,30,75,0.4,0.29662343078170594,0.5131216783992341,311 0.32; 363 0.17; 364 0.09; 150 0.08; 350 0.05; 361 0.05,6,38 0.17; 52 0.12; 44 0.07; 35 0.07; 99 0.05; 53 0.05; 39 0.04; 98 0.04; 37 0.04; 43 0.03; 123 0.03; 54 0.03; 41 0.03,13,earned income 0.36; other element 0.19; shelter deduction 0.17; unearned income 0.16,"wrong amount, known item 0.28; wrong include/exclude decision 0.24; method or computation 0.13; change in circumstances 0.11",32,10,15,42,0.7619047619047619,0.6147216491768113,0.8651917918898182,0.23809523809523808,15,0.2631578947368421,57,17177.0
4+,months_since_cert_n >  10.5 & shelter_expenses_by_hh_size > 251.0 & total_deductions_by_hh_size > 208.0 & total_deductions_by_hh_size <= 278.0,train_2022_23,72,32,56,19,56,0.3392857142857143,0.22919799319334652,0.4700079103921191,7,56,0.125,0.06188990138969254,0.23625720697639396,10,56,0.17857142857142858,0.09999749741344179,0.2984143097574895,6,56,0.10714285714285714,0.050038674581190865,0.21468686751661398,0,56,0.0,0.0,0.06419614448811528,1,56,0.017857142857142856,0.003159128964463985,0.0944585817919329,13,56,0.23214285714285715,0.1409924724565329,0.35768403351924316,14,56,0.25,0.15516915222973843,0.37692892001431927,11,56,0.19642857142857142,0.11338480016444107,0.3184485732747718,2,56,0.03571428571428571,0.009849218502577639,0.12119005852210082,7,56,0.125,0.06188990138969254,0.23625720697639396,7,56,0.125,0.06188990138969254,0.23625720697639396,10,56,0.17857142857142858,0.09999749741344179,0.2984143097574895,1,56,0.017857142857142856,0.003159128964463985,0.0944585817919329,0,56,0.0,0.0,0.06419614448811528,0,56,0.0,0.0,0.06419614448811528,4,56,0.07142857142857142,0.028125581246379636,0.16975682831486205,29,56,0.5178571428571429,0.3901016225125491,0.6433199437557326,4,56,0.07142857142857142,0.028125581246379636,0.16975682831486205,23,56,0.4107142857142857,0.2916657897956285,0.5412263788629634,36,56,0.6428571428571429,0.5119364571733127,0.7554360729729401,20,56,0.35714285714285715,0.2445639270270599,0.4880635428266874,0,56,0.0,0.0,0.06419614448811528,0,56,0.0,0.0,0.06419614448811528,0,56,0.0,0.0,0.06419614448811528,22,56,0.39285714285714285,0.27580225617512844,0.523668346215182,311 0.29; 363 0.18; 364 0.11; 150 0.09; 361 0.07; 312 0.05,6,38 0.16; 52 0.11; 99 0.07; 39 0.05; 44 0.05; 98 0.05; 53 0.05; 43 0.04; 123 0.04; 54 0.04; 35 0.04; 12 0.04; 65 0.04,13,earned income 0.34; other element 0.23; shelter deduction 0.18,"wrong amount, known item 0.25; wrong include/exclude decision 0.20; method or computation 0.18; change in circumstances 0.12",24,8,12,32,0.75,0.5789310822975338,0.8674775601737845,0.25,12,0.2727272727272727,44,10460.0
4+,months_since_cert_n >  10.5 & shelter_expenses_by_hh_size > 251.0 & total_deductions_by_hh_size > 208.0 & total_deductions_by_hh_size <= 278.0,test_2024,30,10,19,8,19,0.42105263157894735,0.2314162039203038,0.6372444853483988,5,19,0.2631578947368421,0.11806238339540162,0.48791968441070643,3,19,0.15789473684210525,0.055203710399278266,0.3756592764317668,1,19,0.05263157894736842,0.009351752490529969,0.2463921533654521,0,19,0.0,0.0,0.16818436536845052,1,19,0.05263157894736842,0.009351752490529969,0.2463921533654521,1,19,0.05263157894736842,0.009351752490529969,0.2463921533654521,7,19,0.3684210526315789,0.19149272376273843,0.5896084250184328,7,19,0.3684210526315789,0.19149272376273843,0.5896084250184328,3,19,0.15789473684210525,0.055203710399278266,0.3756592764317668,1,19,0.05263157894736842,0.009351752490529969,0.2463921533654521,1,19,0.05263157894736842,0.009351752490529969,0.2463921533654521,0,19,0.0,0.0,0.16818436536845052,0,19,0.0,0.0,0.16818436536845052,0,19,0.0,0.0,0.16818436536845052,0,19,0.0,0.0,0.16818436536845052,0,19,0.0,0.0,0.16818436536845052,7,19,0.3684210526315789,0.19149272376273843,0.5896084250184328,0,19,0.0,0.0,0.16818436536845052,12,19,0.631578947368421,0.4103915749815672,0.8085072762372616,8,19,0.42105263157894735,0.2314162039203038,0.6372444853483988,11,19,0.5789473684210527,0.36275551465160105,0.7685837960796962,0,19,0.0,0.0,0.16818436536845052,0,19,0.0,0.0,0.16818436536845052,0,19,0.0,0.0,0.16818436536845052,8,19,0.42105263157894735,0.2314162039203038,0.6372444853483988,311 0.42; 363 0.16; 350 0.11; 334 0.05; 323 0.05,5,38 0.21; 35 0.16; 52 0.16; 44 0.11; 37 0.05; 58 0.05; 41 0.05,7,earned income 0.42; unearned income 0.26; shelter deduction 0.16,"wrong include/exclude decision 0.37; wrong amount, known item 0.37; unreported source of income 0.16",8,2,3,10,0.8,0.49015684672072335,0.9433190520193067,0.2,3,0.23076923076923078,13,6717.0
2-3,elderly_disabled_i >   0.5 & married <=   0.5 & total_deductions_by_hh_size > 724.0,all_2022_24,81,31,43,12,43,0.27906976744186046,0.16746451821827157,0.42691312900129397,13,43,0.3023255813953488,0.18601827946182872,0.4510564575240983,13,43,0.3023255813953488,0.18601827946182872,0.4510564575240983,0,43,0.0,0.0,0.08201257002322722,3,43,0.06976744186046512,0.024011153791962503,0.18609268553034927,2,43,0.046511627906976744,0.012848990317319689,0.15455775923863058,0,43,0.0,0.0,0.08201257002322722,18,43,0.4186046511627907,0.2838433433748524,0.5667168424428823,11,43,0.2558139534883721,0.14929365877065542,0.40238689868254857,5,43,0.11627906976744186,0.050703529948620846,0.24479448890641395,0,43,0.0,0.0,0.08201257002322722,2,43,0.046511627906976744,0.012848990317319689,0.15455775923863058,3,43,0.06976744186046512,0.024011153791962503,0.18609268553034927,1,43,0.023255813953488372,0.004116981177419918,0.12059267861216882,0,43,0.0,0.0,0.08201257002322722,0,43,0.0,0.0,0.08201257002322722,3,43,0.06976744186046512,0.024011153791962503,0.18609268553034927,27,43,0.627906976744186,0.47859538265273166,0.7562386110622568,6,43,0.13953488372093023,0.06555634267713947,0.27263876594425684,10,43,0.23255813953488372,0.1315353846924483,0.37744808299439414,19,43,0.4418604651162791,0.3043308562392133,0.5889264193448829,22,43,0.5116279069767442,0.36752063766074083,0.6538279072224399,1,43,0.023255813953488372,0.004116981177419918,0.12059267861216882,0,43,0.0,0.0,0.08201257002322722,1,43,0.023255813953488372,0.004116981177419918,0.12059267861216882,13,43,0.3023255813953488,0.18601827946182872,0.4510564575240983,363 0.30; 311 0.23; 331 0.09; 365 0.07; 350 0.05; 312 0.05,6,38 0.19; 56 0.16; 53 0.14; 35 0.12; 37 0.09; 99 0.07,6,shelter deduction 0.30; unearned income 0.30; earned income 0.28,"wrong amount, known item 0.42; wrong include/exclude decision 0.26; unreported source of income 0.12",29,2,13,31,0.9354838709677419,0.7928101168125354,0.9821255922249368,0.06451612903225806,13,0.29545454545454547,44,12176.0
2-3,elderly_disabled_i >   0.5 & married <=   0.5 & total_deductions_by_hh_size > 724.0,train_2022_23,32,16,21,4,21,0.19047619047619047,0.07667440615177301,0.40000986539273287,8,21,0.38095238095238093,0.20750767797982506,0.5912170418449848,5,21,0.23809523809523808,0.10627856389112261,0.45091581972345923,0,21,0.0,0.0,0.15464382326420195,3,21,0.14285714285714285,0.04980921798213492,0.346364941492295,1,21,0.047619047619047616,0.008455769471923294,0.22669816586235464,0,21,0.0,0.0,0.15464382326420195,3,21,0.14285714285714285,0.04980921798213492,0.346364941492295,8,21,0.38095238095238093,0.20750767797982506,0.5912170418449848,1,21,0.047619047619047616,0.008455769471923294,0.22669816586235464,0,21,0.0,0.0,0.15464382326420195,2,21,0.09523809523809523,0.026518208796947246,0.2891458386074067,3,21,0.14285714285714285,0.04980921798213492,0.346364941492295,1,21,0.047619047619047616,0.008455769471923294,0.22669816586235464,0,21,0.0,0.0,0.15464382326420195,0,21,0.0,0.0,0.15464382326420195,3,21,0.14285714285714285,0.04980921798213492,0.346364941492295,12,21,0.5714285714285714,0.3654621629703244,0.7553030051347894,3,21,0.14285714285714285,0.04980921798213492,0.346364941492295,6,21,0.2857142857142857,0.13813675745628204,0.49956773822837586,14,21,0.6666666666666666,0.45373075657210293,0.8280546356731631,7,21,0.3333333333333333,0.17194536432683688,0.5462692434278971,0,21,0.0,0.0,0.15464382326420195,0,21,0.0,0.0,0.15464382326420195,0,21,0.0,0.0,0.15464382326420195,10,21,0.47619047619047616,0.28343712296762946,0.6763078209973324,363 0.24; 311 0.14; 331 0.14; 365 0.14; 334 0.10,5,53 0.24; 37 0.14; 99 0.14; 38 0.10; 98 0.05; 39 0.05; 44 0.05,7,unearned income 0.38; shelter deduction 0.24; earned income 0.19,"wrong include/exclude decision 0.38; method or computation 0.14; wrong amount, known item 0.14; other 0.14",14,2,5,16,0.875,0.6397666856325173,0.9650232506629428,0.125,5,0.23809523809523808,21,5718.0
2-3,elderly_disabled_i >   0.5 & married <=   0.5 & total_deductions_by_hh_size > 724.0,test_2024,49,15,22,8,22,0.36363636363636365,0.19732972772607899,0.5704865065628195,5,22,0.22727272727272727,0.10122890794820358,0.4344035606295935,8,22,0.36363636363636365,0.19732972772607899,0.5704865065628195,0,22,0.0,1.3877787807814457e-17,0.14865952572596125,0,22,0.0,1.3877787807814457e-17,0.14865952572596125,1,22,0.045454545454545456,0.008069219301147859,0.21798489499518053,0,22,0.0,1.3877787807814457e-17,0.14865952572596125,15,22,0.6818181818181818,0.47318222782839336,0.8363961264530752,3,22,0.13636363636363635,0.04748917264236269,0.3333541187947,4,22,0.18181818181818182,0.07306766024105121,0.38517021976637866,0,22,0.0,1.3877787807814457e-17,0.14865952572596125,0,22,0.0,1.3877787807814457e-17,0.14865952572596125,0,22,0.0,1.3877787807814457e-17,0.14865952572596125,0,22,0.0,1.3877787807814457e-17,0.14865952572596125,0,22,0.0,1.3877787807814457e-17,0.14865952572596125,0,22,0.0,1.3877787807814457e-17,0.14865952572596125,0,22,0.0,1.3877787807814457e-17,0.14865952572596125,15,22,0.6818181818181818,0.47318222782839336,0.8363961264530752,3,22,0.13636363636363635,0.04748917264236269,0.3333541187947,4,22,0.18181818181818182,0.07306766024105121,0.38517021976637866,5,22,0.22727272727272727,0.10122890794820358,0.4344035606295935,15,22,0.6818181818181818,0.47318222782839336,0.8363961264530752,1,22,0.045454545454545456,0.008069219301147859,0.21798489499518053,0,22,0.0,1.3877787807814457e-17,0.14865952572596125,1,22,0.045454545454545456,0.008069219301147859,0.21798489499518053,3,22,0.13636363636363635,0.04748917264236269,0.3333541187947,363 0.36; 311 0.32; 342 0.09,3,56 0.32; 38 0.27; 35 0.18,3,earned income 0.36; shelter deduction 0.36; unearned income 0.23,"wrong amount, known item 0.68; unreported source of income 0.18",15,0,8,15,1.0,0.7961107336956521,1.0,0.0,8,0.34782608695652173,23,6458.0
1,expedited_i <=   0.50 & shelter_expenses_by_hh_size <= 968.00 & unc_rawben_rel_max >   1.93,all_2022_24,265,106,165,13,165,0.07878787878787878,0.046619396082262975,0.13012377621650698,102,165,0.6181818181818182,0.5421606295799133,0.6888250990556837,27,165,0.16363636363636364,0.11496465647221278,0.22761442356493444,6,165,0.03636363636363636,0.016770196391116012,0.07705502203846532,5,165,0.030303030303030304,0.013011490419272673,0.068968306028996,5,165,0.030303030303030304,0.013011490419272673,0.068968306028996,7,165,0.04242424242424243,0.020699586619953553,0.08497105379094044,45,165,0.2727272727272727,0.21052126848329025,0.34527540721748484,72,165,0.43636363636363634,0.3629908886094082,0.5126321805868087,18,165,0.10909090909090909,0.07012656978618631,0.16584371241914694,1,165,0.006060606060606061,0.001070620565756266,0.03352748795726175,6,165,0.03636363636363636,0.016770196391116012,0.07705502203846532,5,165,0.030303030303030304,0.013011490419272673,0.068968306028996,4,165,0.024242424242424242,0.00946671593967631,0.06066765852727969,4,165,0.024242424242424242,0.00946671593967631,0.06066765852727969,0,165,0.0,0.0,0.02275268654170536,10,165,0.06060606060606061,0.03324939331698606,0.10795751303784593,74,165,0.4484848484848485,0.3746292007371486,0.5246847124216936,15,165,0.09090909090909091,0.05586585661801881,0.1445681596433765,76,165,0.46060606060606063,0.38631151790521195,0.5366932392162558,117,165,0.7090909090909091,0.6356598121666215,0.7730072461886655,42,165,0.2545454545454545,0.19418660232856483,0.32607380742827224,2,165,0.012121212121212121,0.0033303221439865346,0.043113208360344143,0,165,0.0,0.0,0.02275268654170536,4,165,0.024242424242424242,0.00946671593967631,0.06066765852727969,88,165,0.5333333333333333,0.4573189068484033,0.6078309140488163,331 0.43; 363 0.16; 333 0.10; 311 0.07,4,37 0.26; 38 0.21; 53 0.11; 35 0.11; 99 0.06; 52 0.06,6,unearned income 0.62; shelter deduction 0.16,"wrong include/exclude decision 0.44; wrong amount, known item 0.27; unreported source of income 0.11",106,0,1,106,1.0,0.9650260010779157,0.9999999999999998,0.0,1,0.009345794392523364,107,25550.0
1,expedited_i <=   0.50 & shelter_expenses_by_hh_size <= 968.00 & unc_rawben_rel_max >   1.93,train_2022_23,191,74,109,9,109,0.08256880733944955,0.044046211040786556,0.14951361086886378,71,109,0.6513761467889908,0.5581460530797037,0.7342992862277856,15,109,0.13761467889908258,0.08520256971803858,0.21470101193978974,4,109,0.03669724770642202,0.014361469198727862,0.09057855292077416,3,109,0.027522935779816515,0.009403685491248322,0.07781237667022406,2,109,0.01834862385321101,0.0050462566124631555,0.06444584559097954,5,109,0.045871559633027525,0.019750157151731958,0.10291382492579973,29,109,0.26605504587155965,0.1920974014994754,0.3559416195707682,44,109,0.4036697247706422,0.31636285992031193,0.4975355605203767,13,109,0.11926605504587157,0.07103906424729986,0.19341659749446913,1,109,0.009174311926605505,0.0016212895577145392,0.050146852687698494,4,109,0.03669724770642202,0.014361469198727862,0.09057855292077416,5,109,0.045871559633027525,0.019750157151731958,0.10291382492579973,3,109,0.027522935779816515,0.009403685491248322,0.07781237667022406,2,109,0.01834862385321101,0.0050462566124631555,0.06444584559097954,0,109,0.0,0.0,0.03404418228738337,8,109,0.07339449541284404,0.03765663179125689,0.1381792301603638,43,109,0.3944954128440367,0.30783761244479607,0.48833684803786287,11,109,0.10091743119266056,0.057289138093107164,0.1717186037326025,55,109,0.5045871559633027,0.4121794122144945,0.5966825677645203,73,109,0.6697247706422018,0.5769768715088236,0.750916387714725,30,109,0.27522935779816515,0.2001190236455971,0.3656439573826762,2,109,0.01834862385321101,0.0050462566124631555,0.06444584559097954,0,109,0.0,0.0,0.03404418228738337,4,109,0.03669724770642202,0.014361469198727862,0.09057855292077416,58,109,0.5321100917431193,0.4389455497458302,0.6230883101072736,331 0.47; 363 0.14; 333 0.10; 311 0.08,4,37 0.25; 38 0.22; 53 0.13; 35 0.12; 99 0.07,5,unearned income 0.65; shelter deduction 0.14,"wrong include/exclude decision 0.40; wrong amount, known item 0.27; unreported source of income 0.12",74,0,1,74,1.0,0.9506484964337834,0.9999999999999998,0.0,1,0.013333333333333334,75,16533.0
1,expedited_i <=   0.50 & shelter_expenses_by_hh_size <= 968.00 & unc_rawben_rel_max >   1.93,test_2024,74,32,56,4,56,0.07142857142857142,0.028125581246379636,0.16975682831486205,31,56,0.5535714285714286,0.42412986131783886,0.676134837487006,12,56,0.21428571428571427,0.127057803147445,0.33819713656004946,2,56,0.03571428571428571,0.009849218502577639,0.12119005852210082,2,56,0.03571428571428571,0.009849218502577639,0.12119005852210082,3,56,0.05357142857142857,0.01838544792866792,0.14607539536429218,2,56,0.03571428571428571,0.009849218502577639,0.12119005852210082,16,56,0.2857142857142857,0.18418621391703333,0.4147549908635875,28,56,0.5,0.37331520958682995,0.62668479041317,5,56,0.08928571428571429,0.03874157726308829,0.19256239856643498,0,56,0.0,0.0,0.06419614448811528,2,56,0.03571428571428571,0.009849218502577639,0.12119005852210082,0,56,0.0,0.0,0.06419614448811528,1,56,0.017857142857142856,0.003159128964463985,0.0944585817919329,2,56,0.03571428571428571,0.009849218502577639,0.12119005852210082,0,56,0.0,0.0,0.06419614448811528,2,56,0.03571428571428571,0.009849218502577639,0.12119005852210082,31,56,0.5535714285714286,0.42412986131783886,0.676134837487006,4,56,0.07142857142857142,0.028125581246379636,0.16975682831486205,21,56,0.375,0.26010029646692184,0.505948739655107,44,56,0.7857142857142857,0.6618028634399505,0.8729421968525549,12,56,0.21428571428571427,0.127057803147445,0.33819713656004946,0,56,0.0,0.0,0.06419614448811528,0,56,0.0,0.0,0.06419614448811528,0,56,0.0,0.0,0.06419614448811528,30,56,0.5357142857142857,0.4070395665724008,0.6598035659641625,331 0.36; 363 0.21; 333 0.11; 346 0.07; 366 0.05,5,37 0.29; 38 0.18; 52 0.12; 35 0.09; 53 0.07,5,unearned income 0.55; shelter deduction 0.21,"wrong include/exclude decision 0.50; wrong amount, known item 0.29",32,0,0,32,1.0,0.8928172849426366,1.0,0.0,0,0.0,32,9017.0
1,homeless >   0.500 & rawben_rel_max <=   0.991 & shelter_expenses_by_hh_size > 672.000 & unc_rawben_rel_max >   0.792,all_2022_24,91,37,48,2,48,0.041666666666666664,0.011501652078965613,0.13975911147771472,0,48,0.0,0.0,0.0741026511527422,32,48,0.6666666666666666,0.5253984633247204,0.783233986291032,12,48,0.25,0.1492048880971003,0.3878464374792707,2,48,0.041666666666666664,0.011501652078965613,0.13975911147771472,0,48,0.0,0.0,0.0741026511527422,0,48,0.0,0.0,0.0741026511527422,3,48,0.0625,0.021482843131227225,0.1683569766274222,33,48,0.6875,0.5466666274950367,0.800544878322685,1,48,0.020833333333333332,0.003687015979399688,0.10899469137531158,0,48,0.0,0.0,0.0741026511527422,11,48,0.22916666666666666,0.13307691028989044,0.36539535908451154,0,48,0.0,0.0,0.0741026511527422,0,48,0.0,0.0,0.0741026511527422,0,48,0.0,0.0,0.0741026511527422,0,48,0.0,0.0,0.0741026511527422,0,48,0.0,0.0,0.0741026511527422,25,48,0.5208333333333334,0.3832899563598438,0.6552890998421255,3,48,0.0625,0.021482843131227225,0.1683569766274222,20,48,0.4166666666666667,0.28849459734577015,0.5571891778463536,17,48,0.3541666666666667,0.23433457112685735,0.4956120354593591,30,48,0.625,0.48362506125249566,0.7478492759593187,1,48,0.020833333333333332,0.003687015979399688,0.10899469137531158,0,48,0.0,0.0,0.0741026511527422,0,48,0.0,0.0,0.0741026511527422,10,48,0.20833333333333334,0.11730147795889813,0.3425917352135348,363 0.67; 364 0.25,2,53 0.69; 64 0.21,2,shelter deduction 0.67; utility allowance 0.25,wrong include/exclude decision 0.69; change in circumstances 0.23,37,0,36,37,1.0,0.9059390425448564,1.0,0.0,36,0.4931506849315068,73,7073.0
1,homeless >   0.500 & rawben_rel_max <=   0.991 & shelter_expenses_by_hh_size > 672.000 & unc_rawben_rel_max >   0.792,train_2022_23,60,26,34,2,34,0.058823529411764705,0.016282313063842452,0.1909393688946371,0,34,0.0,0.0,0.10151790621961015,23,34,0.6764705882352942,0.5084258404811939,0.8086854867354143,7,34,0.20588235294117646,0.1034939602235132,0.3679871610821398,2,34,0.058823529411764705,0.016282313063842452,0.1909393688946371,0,34,0.0,0.0,0.10151790621961015,0,34,0.0,0.0,0.10151790621961015,1,34,0.029411764705882353,0.00521077192559663,0.1491590221634482,22,34,0.6470588235294118,0.4791365883001342,0.7851228510470394,1,34,0.029411764705882353,0.00521077192559663,0.1491590221634482,0,34,0.0,0.0,0.10151790621961015,10,34,0.29411764705882354,0.16834452609931952,0.4616922588146376,0,34,0.0,0.0,0.10151790621961015,0,34,0.0,0.0,0.10151790621961015,0,34,0.0,0.0,0.10151790621961015,0,34,0.0,0.0,0.10151790621961015,0,34,0.0,0.0,0.10151790621961015,18,34,0.5294117647058824,0.3673644042005483,0.6854874836688863,2,34,0.058823529411764705,0.016282313063842452,0.1909393688946371,14,34,0.4117647058823529,0.26365737785688864,0.5777869585348072,13,34,0.38235294117647056,0.23899964851608782,0.5495928000061734,20,34,0.5882352941176471,0.42221304146519273,0.7363426221431113,1,34,0.029411764705882353,0.00521077192559663,0.1491590221634482,0,34,0.0,0.0,0.10151790621961015,0,34,0.0,0.0,0.10151790621961015,7,34,0.20588235294117646,0.1034939602235132,0.3679871610821398,363 0.68; 364 0.21,2,53 0.65; 64 0.26,2,shelter deduction 0.68; utility allowance 0.21,wrong include/exclude decision 0.65; change in circumstances 0.29,26,0,25,26,1.0,0.8712669561953784,1.0,0.0,25,0.49019607843137253,51,4823.0
1,homeless >   0.500 & rawben_rel_max <=   0.991 & shelter_expenses_by_hh_size > 672.000 & unc_rawben_rel_max >   0.792,test_2024,31,11,14,0,14,0.0,0.0,0.21531701192718142,0,14,0.0,0.0,0.21531701192718142,9,14,0.6428571428571429,0.3876400468214042,0.8365550926279727,5,14,0.35714285714285715,0.16344490737202735,0.6123599531785959,0,14,0.0,0.0,0.21531701192718142,0,14,0.0,0.0,0.21531701192718142,0,14,0.0,0.0,0.21531701192718142,2,14,0.14285714285714285,0.040093073737921175,0.39941907763863693,11,14,0.7857142857142857,0.5241027622679172,0.9242875166308363,0,14,0.0,0.0,0.21531701192718142,0,14,0.0,0.0,0.21531701192718142,1,14,0.07142857142857142,0.012721886112291636,0.3146926955395781,0,14,0.0,0.0,0.21531701192718142,0,14,0.0,0.0,0.21531701192718142,0,14,0.0,0.0,0.21531701192718142,0,14,0.0,0.0,0.21531701192718142,0,14,0.0,0.0,0.21531701192718142,7,14,0.5,0.2679886791947528,0.7320113208052472,1,14,0.07142857142857142,0.012721886112291636,0.3146926955395781,6,14,0.42857142857142855,0.21380509930400526,0.6740973309713064,4,14,0.2857142857142857,0.11721187910109099,0.5464954117248438,10,14,0.7142857142857143,0.4535045882751561,0.882788120898909,0,14,0.0,0.0,0.21531701192718142,0,14,0.0,0.0,0.21531701192718142,0,14,0.0,0.0,0.21531701192718142,3,14,0.21428571428571427,0.0757124833691637,0.4758972377320828,363 0.64; 364 0.36,2,53 0.79,1,shelter deduction 0.64; utility allowance 0.36,wrong include/exclude decision 0.79,11,0,11,11,1.0,0.7411599827511859,1.0,0.0,11,0.5,22,2250.0
4+,cat_elig >   0.500 & months_since_cert_n >   5.500 & rawben_rel_max <=   0.976 & shelter_expenses_by_hh_size > 350.000,all_2022_24,705,231,372,155,372,0.4166666666666667,0.3676679082790905,0.4673689796013358,68,372,0.1827956989247312,0.14682839959377633,0.2252474962091364,60,372,0.16129032258064516,0.12740692165656406,0.20209784843807158,21,372,0.056451612903225805,0.03721572145213531,0.08475481081464942,1,372,0.002688172043010753,0.00047467387372550005,0.015068044122366474,20,372,0.053763440860215055,0.03506961846393747,0.08157952308931263,47,372,0.12634408602150538,0.09635758102473466,0.16396910979395066,132,372,0.3548387096774194,0.3079266705279789,0.4047182309411507,67,372,0.18010752688172044,0.14438927622114703,0.2223652288682311,46,372,0.12365591397849462,0.09399992140105942,0.1610053787040913,27,372,0.07258064516129033,0.05035787118507914,0.10354100536291344,40,372,0.10752688172043011,0.07996347105416293,0.14311348476977995,29,372,0.07795698924731183,0.05482424227666707,0.10971741569839477,4,372,0.010752688172043012,0.004189167245977484,0.027317722890718404,2,372,0.005376344086021506,0.0014755968760074394,0.01938851183361917,1,372,0.002688172043010753,0.00047467387372550005,0.015068044122366474,24,372,0.06451612903225806,0.043734252688912276,0.09420045171847637,180,371,0.48517520215633425,0.43473148727580924,0.535922783754941,12,371,0.03234501347708895,0.01859759696402592,0.0556780437332713,179,371,0.48247978436657685,0.4320724338706633,0.5332462500747688,189,372,0.5080645161290323,0.4574383044862557,0.5585258676543481,169,372,0.4543010752688172,0.40442730219255335,0.5051090556773579,1,372,0.002688172043010753,0.00047467387372550005,0.015068044122366474,3,372,0.008064516129032258,0.0027463284388496174,0.023439170984311627,10,372,0.026881720430107527,0.014665738892749969,0.04876949552515375,133,371,0.3584905660377358,0.3113710448723452,0.4085106331484509,311 0.34; 363 0.16; 350 0.09; 312 0.07; 150 0.06; 364 0.06,6,38 0.17; 35 0.12; 44 0.10; 52 0.07; 53 0.07; 99 0.06; 39 0.03; 41 0.03; 54 0.03; 56 0.03; 37 0.03,11,earned income 0.42; unearned income 0.18; shelter deduction 0.16,"wrong amount, known item 0.35; wrong include/exclude decision 0.18; unreported source of income 0.12; change in circumstances 0.11",155,76,64,231,0.670995670995671,0.6080396755994628,0.728357283031376,0.329004329004329,64,0.21694915254237288,295,86798.0
4+,cat_elig >   0.500 & months_since_cert_n >   5.500 & rawben_rel_max <=   0.976 & shelter_expenses_by_hh_size > 350.000,train_2022_23,423,145,232,90,232,0.3879310344827586,0.3275393347352842,0.45197369434864343,48,232,0.20689655172413793,0.15975127623422933,0.2635904921391196,41,232,0.17672413793103448,0.1330241934413022,0.2309556981469503,15,232,0.06465517241379311,0.03956951837514469,0.10392340229703528,1,232,0.004310344827586207,0.0007612677661303184,0.024007899335856776,10,232,0.04310344827586207,0.02357853393525097,0.07751304617614584,27,232,0.11637931034482758,0.08122615330394345,0.16402998471411614,67,232,0.28879310344827586,0.23429001364259866,0.35017684886172634,46,232,0.19827586206896552,0.15206841308086408,0.25431281906817166,27,232,0.11637931034482758,0.08122615330394345,0.16402998471411614,16,232,0.06896551724137931,0.04289288028032762,0.10908030850400899,30,232,0.12931034482758622,0.09210020250876778,0.17859673984576174,23,232,0.09913793103448276,0.06697139887763606,0.144363666691797,2,232,0.008620689655172414,0.002367246725904753,0.03088218848823898,2,232,0.008620689655172414,0.002367246725904753,0.03088218848823898,1,232,0.004310344827586207,0.0007612677661303184,0.024007899335856776,18,232,0.07758620689655173,0.04963750226425734,0.11929622274439255,116,232,0.5,0.43618601448383265,0.5638139855161673,10,232,0.04310344827586207,0.02357853393525097,0.07751304617614584,106,232,0.45689655172413796,0.39401836029616316,0.5211789585822707,117,232,0.5043103448275862,0.44042848116748556,0.568051786944671,106,232,0.45689655172413796,0.39401836029616316,0.5211789585822707,0,232,0.0,0.0,0.01628889898983046,0,232,0.0,0.0,0.01628889898983046,9,232,0.03879310344827586,0.020540909815985397,0.07207040218325478,82,232,0.35344827586206895,0.29477743702375514,0.4168934471629193,311 0.31; 363 0.18; 350 0.10; 312 0.07; 364 0.06; 150 0.05,6,38 0.16; 35 0.12; 44 0.11; 52 0.09; 53 0.08; 99 0.08; 39 0.05; 64 0.04; 98 0.03,9,earned income 0.39; unearned income 0.21; shelter deduction 0.18,"wrong amount, known item 0.29; wrong include/exclude decision 0.20; change in circumstances 0.13; unreported source of income 0.12; method or computation 0.10",95,50,41,145,0.6551724137931034,0.5747012667155194,0.7276335644069625,0.3448275862068966,41,0.22043010752688172,186,49987.0
4+,cat_elig >   0.500 & months_since_cert_n >   5.500 & rawben_rel_max <=   0.976 & shelter_expenses_by_hh_size > 350.000,test_2024,282,86,140,65,140,0.4642857142857143,0.38373105430024007,0.5467480282461166,20,140,0.14285714285714285,0.09441918873244962,0.2103716367311159,19,140,0.1357142857142857,0.08863403938424923,0.20225260258858757,6,140,0.04285714285714286,0.01978727129897899,0.09034498529438482,0,140,0.0,0.0,0.02670715564899167,10,140,0.07142857142857142,0.03925796000206603,0.12649103055421254,20,140,0.14285714285714285,0.09441918873244962,0.2103716367311159,65,140,0.4642857142857143,0.38373105430024007,0.5467480282461166,21,140,0.15,0.10024980413951363,0.21844520481478058,19,140,0.1357142857142857,0.08863403938424923,0.20225260258858757,11,140,0.07857142857142857,0.04443691687302743,0.13521625717397984,10,140,0.07142857142857142,0.03925796000206603,0.12649103055421254,6,140,0.04285714285714286,0.01978727129897899,0.09034498529438482,2,140,0.014285714285714285,0.003926358459994089,0.05058916417045497,0,140,0.0,0.0,0.02670715564899167,0,140,0.0,0.0,0.02670715564899167,6,140,0.04285714285714286,0.01978727129897899,0.09034498529438482,64,139,0.460431654676259,0.37974890221800617,0.5432427192704117,2,139,0.014388489208633094,0.003954669579790876,0.050942503232611104,73,139,0.5251798561151079,0.4426067651721205,0.6063985666079771,72,140,0.5142857142857142,0.4322250304707133,0.5955833365107439,63,140,0.45,0.3700223563402904,0.5326483592246088,1,140,0.007142857142857143,0.001261971964112183,0.03934936717560818,3,140,0.02142857142857143,0.007313870780766552,0.06110583534041121,1,140,0.007142857142857143,0.001261971964112183,0.03934936717560818,51,139,0.3669064748201439,0.29136609862384355,0.44960571910992575,311 0.40; 363 0.14; 150 0.08; 323 0.06; 312 0.06; 350 0.06,6,38 0.17; 35 0.14; 44 0.10; 56 0.09; 54 0.06; 57 0.05; 53 0.04; 99 0.04; 41 0.04; 37 0.04,10,earned income 0.46; other element 0.14; unearned income 0.14,"wrong amount, known item 0.46; wrong include/exclude decision 0.15; unreported source of income 0.14",60,26,23,86,0.6976744186046512,0.5938776628562396,0.7845661760780623,0.3023255813953488,23,0.21100917431192662,109,36811.0
4+,count_divisible_by_100 > 0.500 & HH_size_n > 5.500 & months_since_cert_n > 5.500 & rawben_rel_max <= 0.845,all_2022_24,49,21,39,19,39,0.48717948717948717,0.3386492878313309,0.6380089135430342,10,39,0.2564102564102564,0.14568625843452188,0.410819567678415,5,39,0.1282051282051282,0.05602734948028318,0.26706049037630475,0,39,0.0,0.0,0.08966985360023902,1,39,0.02564102564102564,0.00454058606523737,0.13181286478627147,3,39,0.07692307692307693,0.026506914073495688,0.2032137312805527,1,39,0.02564102564102564,0.00454058606523737,0.13181286478627147,12,39,0.3076923076923077,0.1856575344598306,0.464215486155646,7,39,0.1794871794871795,0.08977151811469994,0.3266835162444276,4,39,0.10256410256410256,0.04061265558286986,0.2357915870224483,1,39,0.02564102564102564,0.00454058606523737,0.13181286478627147,5,39,0.1282051282051282,0.05602734948028318,0.26706049037630475,0,39,0.0,0.0,0.08966985360023902,1,39,0.02564102564102564,0.00454058606523737,0.13181286478627147,0,39,0.0,0.0,0.08966985360023902,1,39,0.02564102564102564,0.00454058606523737,0.13181286478627147,8,39,0.20512820512820512,0.10779590197911117,0.3553427296312862,25,39,0.6410256410256411,0.484178631846895,0.772581153035089,0,39,0.0,0.0,0.08966985360023902,14,39,0.358974358974359,0.22741884696491105,0.515821368153105,25,39,0.6410256410256411,0.484178631846895,0.772581153035089,14,39,0.358974358974359,0.22741884696491105,0.515821368153105,0,39,0.0,0.0,0.08966985360023902,0,39,0.0,0.0,0.08966985360023902,0,39,0.0,0.0,0.08966985360023902,16,39,0.41025641025641024,0.27079089435400483,0.5658165152665509,311 0.36; 363 0.13; 312 0.10; 366 0.05; 346 0.05; 333 0.05; 350 0.05,7,99 0.21; 38 0.18; 52 0.10; 44 0.10; 35 0.10; 40 0.08,6,earned income 0.49; unearned income 0.26; shelter deduction 0.13,"wrong amount, known item 0.31; other 0.21; wrong include/exclude decision 0.18; change in circumstances 0.13",13,8,5,21,0.6190476190476191,0.40878295815501514,0.7924923220201749,0.38095238095238093,5,0.19230769230769232,26,9075.0
4+,count_divisible_by_100 > 0.500 & HH_size_n > 5.500 & months_since_cert_n > 5.500 & rawben_rel_max <= 0.845,train_2022_23,32,15,28,12,28,0.42857142857142855,0.2650829618073122,0.609295210143846,9,28,0.32142857142857145,0.1793304754342074,0.5066149544436882,2,28,0.07142857142857142,0.019811647447770794,0.2264573842591786,0,28,0.0,0.0,0.12064720365810762,1,28,0.03571428571428571,0.00633235649754188,0.17712576118498663,3,28,0.10714285714285714,0.03711769205479949,0.2719622536765708,1,28,0.03571428571428571,0.00633235649754188,0.17712576118498663,7,28,0.25,0.12676334942200781,0.433560252407046,4,28,0.14285714285714285,0.056989129307017855,0.31490173044877334,2,28,0.07142857142857142,0.019811647447770794,0.2264573842591786,1,28,0.03571428571428571,0.00633235649754188,0.17712576118498663,4,28,0.14285714285714285,0.056989129307017855,0.31490173044877334,0,28,0.0,0.0,0.12064720365810762,1,28,0.03571428571428571,0.00633235649754188,0.17712576118498663,0,28,0.0,0.0,0.12064720365810762,1,28,0.03571428571428571,0.00633235649754188,0.17712576118498663,8,28,0.2857142857142857,0.15253815848329969,0.470596357370175,18,28,0.6428571428571429,0.4582997758222723,0.7929438802754113,0,28,0.0,0.0,0.12064720365810762,10,28,0.35714285714285715,0.20705611972458876,0.5417002241777278,20,28,0.7142857142857143,0.529403642629825,0.8474618415167003,8,28,0.2857142857142857,0.15253815848329969,0.470596357370175,0,28,0.0,0.0,0.12064720365810762,0,28,0.0,0.0,0.12064720365810762,0,28,0.0,0.0,0.12064720365810762,11,28,0.39285714285714285,0.23565451827580033,0.575912739650937,311 0.39; 366 0.07; 363 0.07; 346 0.07; 333 0.07; 350 0.07; 334 0.04,7,99 0.29; 44 0.14; 38 0.11; 52 0.07; 41 0.07; 40 0.07; 35 0.07,7,earned income 0.43; unearned income 0.32,"other 0.29; wrong amount, known item 0.25; wrong include/exclude decision 0.14; change in circumstances 0.14",7,8,3,15,0.4666666666666667,0.24809225259746442,0.6988336984894921,0.5333333333333333,3,0.16666666666666666,18,7197.0
4+,count_divisible_by_100 > 0.500 & HH_size_n > 5.500 & months_since_cert_n > 5.500 & rawben_rel_max <= 0.845,test_2024,17,6,11,7,11,0.6363636363636364,0.35379677689163724,0.8483377638586862,1,11,0.09090909090909091,0.01623175226282597,0.3773646254862038,3,11,0.2727272727272727,0.09745880573921467,0.5656502930102463,0,11,0.0,2.7755575615628914e-17,0.2588400172488141,0,11,0.0,2.7755575615628914e-17,0.2588400172488141,0,11,0.0,2.7755575615628914e-17,0.2588400172488141,0,11,0.0,2.7755575615628914e-17,0.2588400172488141,5,11,0.45454545454545453,0.21270957543988045,0.7199122443100118,3,11,0.2727272727272727,0.09745880573921467,0.5656502930102463,2,11,0.18181818181818182,0.05136660067100063,0.4769861375782448,0,11,0.0,2.7755575615628914e-17,0.2588400172488141,1,11,0.09090909090909091,0.01623175226282597,0.3773646254862038,0,11,0.0,2.7755575615628914e-17,0.2588400172488141,0,11,0.0,2.7755575615628914e-17,0.2588400172488141,0,11,0.0,2.7755575615628914e-17,0.2588400172488141,0,11,0.0,2.7755575615628914e-17,0.2588400172488141,0,11,0.0,2.7755575615628914e-17,0.2588400172488141,7,11,0.6363636363636364,0.35379677689163724,0.8483377638586862,0,11,0.0,2.7755575615628914e-17,0.2588400172488141,4,11,0.36363636363636365,0.15166223614131383,0.6462032231083628,5,11,0.45454545454545453,0.21270957543988045,0.7199122443100118,6,11,0.5454545454545454,0.28008775568998817,0.7872904245601196,0,11,0.0,2.7755575615628914e-17,0.2588400172488141,0,11,0.0,2.7755575615628914e-17,0.2588400172488141,0,11,0.0,2.7755575615628914e-17,0.2588400172488141,5,11,0.45454545454545453,0.21270957543988045,0.7199122443100118,311 0.27; 363 0.27; 312 0.27,3,38 0.36; 52 0.18; 35 0.18; 56 0.09,4,earned income 0.64; shelter deduction 0.27,"wrong amount, known item 0.45; wrong include/exclude decision 0.27; unreported source of income 0.18",6,0,2,6,1.0,0.6096569663469354,0.9999999999999999,0.0,2,0.25,8,1878.0
4+,months_since_cert_n >   5.500 & rawben_rel_max >   0.661 & rawben_rel_max <=   0.997 & shelter_expenses_by_hh_size > 161.000,all_2022_24,1087,354,530,210,530,0.39622641509433965,0.35547501303233187,0.4384713560779062,104,530,0.19622641509433963,0.16465199688227994,0.23217282905859843,104,530,0.19622641509433963,0.16465199688227994,0.23217282905859843,21,530,0.03962264150943396,0.026059323177527023,0.05981184160243768,4,530,0.007547169811320755,0.0029387003212368104,0.019243160365528707,23,530,0.04339622641509434,0.029088553324452166,0.0642754707605948,64,530,0.12075471698113208,0.09570821721317826,0.15125942262605496,178,530,0.33584905660377357,0.29694880564123377,0.3771118145876881,102,530,0.19245283018867926,0.16115054531280387,0.22818142132299224,67,530,0.12641509433962264,0.10078512444135738,0.15742180435549918,42,530,0.07924528301886792,0.05915951519612632,0.10538667228720207,54,530,0.1018867924528302,0.07893119910444896,0.130572144209373,33,530,0.062264150943396226,0.04467564407113672,0.08615267653932152,7,530,0.013207547169811321,0.006412065286924297,0.027009084357464602,4,530,0.007547169811320755,0.0029387003212368104,0.019243160365528707,3,530,0.005660377358490566,0.0019268327870322014,0.016508598247192183,40,530,0.07547169811320754,0.05591142988324077,0.10114189829500536,245,525,0.4666666666666667,0.4243878458354503,0.5094297660922044,44,525,0.0838095238095238,0.06302264516069778,0.11064296662173384,236,525,0.44952380952380955,0.40749152518122617,0.49228943002350806,297,528,0.5625,0.5198847146467329,0.6042123849408134,214,528,0.4053030303030303,0.364255828310561,0.44771826322345953,2,528,0.003787878787878788,0.001039366577243855,0.01370487306102438,4,528,0.007575757575757576,0.002949846254456755,0.01931542972245065,11,528,0.020833333333333332,0.011671945065967516,0.036916958096177,217,525,0.41333333333333333,0.37198815283521947,0.45593763817668265,311 0.31; 363 0.20; 312 0.08; 350 0.07; 150 0.06; 364 0.04,6,38 0.18; 35 0.13; 53 0.11; 44 0.09; 99 0.08; 52 0.05; 56 0.04; 41 0.03; 39 0.03; 37 0.03,10,earned income 0.40; shelter deduction 0.20; unearned income 0.20,"wrong amount, known item 0.34; wrong include/exclude decision 0.19; unreported source of income 0.13; change in circumstances 0.10",254,100,126,354,0.7175141242937854,0.6684735384459447,0.7618844747084791,0.2824858757062147,126,0.2625,480,114020.0
4+,months_since_cert_n >   5.500 & rawben_rel_max >   0.661 & rawben_rel_max <=   0.997 & shelter_expenses_by_hh_size > 161.000,train_2022_23,722,230,337,126,337,0.37388724035608306,0.32392291087446423,0.426694384666925,74,337,0.2195845697329377,0.17868315827661593,0.26680706357423795,67,337,0.19881305637982197,0.15970090071626036,0.2447145227531753,13,337,0.03857566765578635,0.0226799382348869,0.06487275486360812,2,337,0.005934718100890208,0.001628991241610667,0.021377590114655703,16,337,0.04747774480712166,0.029432346533353724,0.07572383158574911,39,337,0.11572700296735905,0.08582128816653667,0.15429494177722605,92,337,0.27299703264094954,0.22819015033244952,0.3229209816420513,80,337,0.23738872403560832,0.19508054682081652,0.28561664507125295,39,337,0.11572700296735905,0.08582128816653667,0.15429494177722605,30,337,0.08902077151335312,0.06306720064567897,0.12423857423626034,37,337,0.10979228486646884,0.08070985400997746,0.14767071925338007,19,337,0.05637982195845697,0.036387310467305374,0.08637235267240526,4,337,0.011869436201780416,0.0046251334662052845,0.03011710457046629,2,337,0.005934718100890208,0.001628991241610667,0.021377590114655703,3,337,0.008902077151335312,0.003031982669908794,0.02584242702656018,31,337,0.09198813056379822,0.06556154458640742,0.12761205863573447,169,335,0.5044776119402985,0.45119022454628416,0.557663469923344,33,335,0.09850746268656717,0.07100428887468989,0.13511444034864045,133,335,0.3970149253731343,0.34607222839049556,0.45029279880805384,193,335,0.5761194029850746,0.5226311576470042,0.6278816483366767,132,335,0.3940298507462687,0.34318812406409627,0.44727444015470097,1,335,0.0029850746268656717,0.0005271198970087636,0.016712793974251433,0,335,0.0,0.0,0.011337450891508009,9,335,0.026865671641791045,0.014197082119803861,0.05026253558947387,136,335,0.4059701492537313,0.35473651540252993,0.45933590073527597,311 0.30; 363 0.20; 350 0.08; 312 0.07; 150 0.05; 323 0.04; 364 0.04,7,38 0.18; 53 0.15; 35 0.12; 99 0.09; 44 0.09; 52 0.06; 39 0.04; 41 0.04,8,earned income 0.37; unearned income 0.22; shelter deduction 0.20,"wrong amount, known item 0.27; wrong include/exclude decision 0.24; unreported source of income 0.12; change in circumstances 0.11; other 0.09",164,66,86,230,0.7130434782608696,0.6514602765484011,0.7676268319900282,0.28695652173913044,86,0.2721518987341772,316,68996.0
4+,months_since_cert_n >   5.500 & rawben_rel_max >   0.661 & rawben_rel_max <=   0.997 & shelter_expenses_by_hh_size > 161.000,test_2024,365,124,193,84,193,0.43523316062176165,0.3672239201170958,0.5057704062854531,30,193,0.15544041450777202,0.11110337669376555,0.2132264397677954,37,193,0.19170984455958548,0.14240583708607246,0.25304715659006094,8,193,0.04145077720207254,0.021150699451912076,0.07964913147813524,2,193,0.010362694300518135,0.0028463803033692073,0.03699072729990164,7,193,0.03626943005181347,0.017677770766951817,0.0729616062752994,25,193,0.12953367875647667,0.0892999175677898,0.18422762945479074,86,193,0.44559585492227977,0.3772140210354503,0.5161012131426908,22,193,0.11398963730569948,0.07649186944980843,0.1665543159093839,28,193,0.14507772020725387,0.10231967466414255,0.2016892340218262,12,193,0.06217616580310881,0.035921305335108504,0.10552034114612308,17,193,0.08808290155440414,0.05572082436293392,0.13652309155727804,14,193,0.07253886010362694,0.043698125193299936,0.1180644290635238,3,193,0.015544041450777202,0.005300119263662775,0.04469744222740414,2,193,0.010362694300518135,0.0028463803033692073,0.03699072729990164,0,193,0.0,0.0,0.019516199827678698,9,193,0.046632124352331605,0.02472416363338991,0.08623612118445345,76,190,0.4,0.33298685327539645,0.47097679539444526,11,190,0.05789473684210526,0.03263129818720638,0.10068167487946249,103,190,0.5421052631578948,0.4711272272639134,0.6114143943487848,104,193,0.538860103626943,0.46845865815457277,0.6077447460038979,82,193,0.42487046632124353,0.35726398189399977,0.495409436732957,1,193,0.0051813471502590676,0.0009151977360702616,0.028761455979404514,4,193,0.02072538860103627,0.008088373473795232,0.05206964190506777,2,193,0.010362694300518135,0.0028463803033692073,0.03699072729990164,81,190,0.4263157894736842,0.3581406529355483,0.49741150924222977,311 0.33; 363 0.19; 312 0.11; 150 0.06; 350 0.05; 364 0.04,6,38 0.17; 35 0.15; 56 0.10; 44 0.09; 99 0.05; 54 0.04; 57 0.04; 52 0.04; 53 0.04; 41 0.03; 12 0.03,11,earned income 0.44; shelter deduction 0.19; unearned income 0.16,"wrong amount, known item 0.45; unreported source of income 0.15; wrong include/exclude decision 0.11; change in circumstances 0.09",90,34,40,124,0.7258064516129032,0.6413919627801241,0.7966501142902505,0.27419354838709675,40,0.24390243902439024,164,45024.0
1,months_since_cert_n >   5.50 & shelter_expenses_by_hh_size <= 652.00 & unc_rawben_rel_max >   1.87 & utilities <= 508.00,all_2022_24,51,28,44,9,44,0.20454545454545456,0.11153127823467596,0.34500863681833227,21,44,0.4772727272727273,0.3375475794427176,0.620647798638283,7,44,0.1590909090909091,0.07926576557718398,0.29366490563782555,3,44,0.06818181818181818,0.023458970172840127,0.1822532133661719,1,44,0.022727272727272728,0.004023148385637013,0.11807979131537633,0,44,0.0,6.938893903907228e-18,0.08029831778201396,3,44,0.06818181818181818,0.023458970172840127,0.1822532133661719,11,44,0.25,0.14574066080685744,0.39440849808414946,14,44,0.3181818181818182,0.19999129931673562,0.46557172533126934,9,44,0.20454545454545456,0.11153127823467596,0.34500863681833227,0,44,0.0,6.938893903907228e-18,0.08029831778201396,2,44,0.045454545454545456,0.012554846366981079,0.15135271525303162,3,44,0.06818181818181818,0.023458970172840127,0.1822532133661719,0,44,0.0,6.938893903907228e-18,0.08029831778201396,2,44,0.045454545454545456,0.012554846366981079,0.15135271525303162,0,44,0.0,6.938893903907228e-18,0.08029831778201396,3,44,0.06818181818181818,0.023458970172840127,0.1822532133661719,13,44,0.29545454545454547,0.18155360887243294,0.4422047938565727,2,44,0.045454545454545456,0.012554846366981079,0.15135271525303162,29,44,0.6590909090909091,0.5113886797193951,0.7812436737136005,25,44,0.5681818181818182,0.42223890740554393,0.7031749583514542,17,44,0.38636363636363635,0.25720998886701985,0.5337669015379832,1,44,0.022727272727272728,0.004023148385637013,0.11807979131537633,0,44,0.0,6.938893903907228e-18,0.08029831778201396,1,44,0.022727272727272728,0.004023148385637013,0.11807979131537633,16,44,0.36363636363636365,0.23783334127491423,0.5113389272110895,331 0.30; 311 0.18; 363 0.16; 333 0.07; 364 0.07,5,38 0.25; 35 0.20; 37 0.11; 52 0.11; 53 0.09,5,unearned income 0.48; earned income 0.20; shelter deduction 0.16,"wrong include/exclude decision 0.32; wrong amount, known item 0.25; unreported source of income 0.20",28,0,0,28,1.0,0.8793527963418923,1.0,0.0,0,0.0,28,7713.0
1,months_since_cert_n >   5.50 & shelter_expenses_by_hh_size <= 652.00 & unc_rawben_rel_max >   1.87 & utilities <= 508.00,train_2022_23,46,25,40,8,40,0.2,0.10499864973166874,0.34757607381856676,19,40,0.475,0.32935229550181694,0.6250289314607027,7,40,0.175,0.08745302996883066,0.3195029205439244,2,40,0.05,0.013820377146101098,0.165041708179252,1,40,0.025,0.0044267174077949195,0.1288165948800778,0,40,0.0,0.0,0.08762453925039232,3,40,0.075,0.025835556771858226,0.19864530159097524,11,40,0.275,0.1610785343314309,0.4283525083312457,13,40,0.325,0.20084316962661725,0.4798254191110201,6,40,0.15,0.07061091708507435,0.2907262603902003,0,40,0.0,0.0,0.08762453925039232,2,40,0.05,0.013820377146101098,0.165041708179252,3,40,0.075,0.025835556771858226,0.19864530159097524,0,40,0.0,0.0,0.08762453925039232,2,40,0.05,0.013820377146101098,0.165041708179252,0,40,0.0,0.0,0.08762453925039232,3,40,0.075,0.025835556771858226,0.19864530159097524,12,40,0.3,0.18074670915695296,0.454303106543204,1,40,0.025,0.0044267174077949195,0.1288165948800778,27,40,0.675,0.52017458088898,0.7991568303733828,25,40,0.625,0.47032160054531913,0.7577722646420829,13,40,0.325,0.20084316962661725,0.4798254191110201,1,40,0.025,0.0044267174077949195,0.1288165948800778,0,40,0.0,0.0,0.08762453925039232,1,40,0.025,0.0044267174077949195,0.1288165948800778,16,40,0.4,0.2634811061240136,0.5540438017260649,331 0.30; 311 0.20; 363 0.17; 333 0.07,4,38 0.28; 35 0.15; 37 0.12; 52 0.12; 99 0.07,5,unearned income 0.47; earned income 0.20; shelter deduction 0.17,"wrong include/exclude decision 0.33; wrong amount, known item 0.28; unreported source of income 0.15",25,0,0,25,1.0,0.8668035060468213,1.0,0.0,0,0.0,25,6831.0
1,months_since_cert_n >   5.50 & shelter_expenses_by_hh_size <= 652.00 & unc_rawben_rel_max >   1.87 & utilities <= 508.00,test_2024,5,3,4,1,4,0.25,0.045586062644636216,0.6993639475573634,2,4,0.5,0.15003570882017148,0.8499642911798285,0,4,0.0,0.0,0.48990002040399916,1,4,0.25,0.045586062644636216,0.6993639475573634,0,4,0.0,0.0,0.48990002040399916,0,4,0.0,0.0,0.48990002040399916,0,4,0.0,0.0,0.48990002040399916,0,4,0.0,0.0,0.48990002040399916,1,4,0.25,0.045586062644636216,0.6993639475573634,3,4,0.75,0.3006360524426366,0.9544139373553637,0,4,0.0,0.0,0.48990002040399916,0,4,0.0,0.0,0.48990002040399916,0,4,0.0,0.0,0.48990002040399916,0,4,0.0,0.0,0.48990002040399916,0,4,0.0,0.0,0.48990002040399916,0,4,0.0,0.0,0.48990002040399916,0,4,0.0,0.0,0.48990002040399916,1,4,0.25,0.045586062644636216,0.6993639475573634,1,4,0.25,0.045586062644636216,0.6993639475573634,2,4,0.5,0.15003570882017148,0.8499642911798285,0,4,0.0,0.0,0.48990002040399916,4,4,1.0,0.5100999795960008,1.0,0,4,0.0,0.0,0.48990002040399916,0,4,0.0,0.0,0.48990002040399916,0,4,0.0,0.0,0.48990002040399916,0,4,0.0,0.0,0.48990002040399916,346 0.25; 331 0.25; 312 0.25,3,35 0.75,1,unearned income 0.50; earned income 0.25,unreported source of income 0.75,3,0,0,3,1.0,0.43849391955098227,1.0,0.0,0,0.0,3,882.0
4+,HH_size_n >   5.5 & months_since_cert_n >  10.5 & utilities <= 390.0,all_2022_24,62,29,56,19,56,0.3392857142857143,0.22919799319334652,0.4700079103921191,13,56,0.23214285714285715,0.1409924724565329,0.35768403351924316,8,56,0.14285714285714285,0.0742070004258528,0.25736167420851525,4,56,0.07142857142857142,0.028125581246379636,0.16975682831486205,0,56,0.0,0.0,0.06419614448811528,0,56,0.0,0.0,0.06419614448811528,12,56,0.21428571428571427,0.127057803147445,0.33819713656004946,12,56,0.21428571428571427,0.127057803147445,0.33819713656004946,10,56,0.17857142857142858,0.09999749741344179,0.2984143097574895,8,56,0.14285714285714285,0.0742070004258528,0.25736167420851525,5,56,0.08928571428571429,0.03874157726308829,0.19256239856643498,3,56,0.05357142857142857,0.01838544792866792,0.14607539536429218,5,56,0.08928571428571429,0.03874157726308829,0.19256239856643498,1,56,0.017857142857142856,0.003159128964463985,0.0944585817919329,2,56,0.03571428571428571,0.009849218502577639,0.12119005852210082,2,56,0.03571428571428571,0.009849218502577639,0.12119005852210082,8,56,0.14285714285714285,0.0742070004258528,0.25736167420851525,37,56,0.6607142857142857,0.5299920896078809,0.7708020068066535,2,56,0.03571428571428571,0.009849218502577639,0.12119005852210082,17,56,0.30357142857142855,0.19900164620775923,0.43336112484114314,35,56,0.625,0.494051260344893,0.7398997035330781,18,56,0.32142857142857145,0.21400827887722298,0.45177605843996116,0,56,0.0,0.0,0.06419614448811528,0,56,0.0,0.0,0.06419614448811528,3,56,0.05357142857142857,0.01838544792866792,0.14607539536429218,35,56,0.625,0.494051260344893,0.7398997035330781,311 0.30; 363 0.14; 350 0.12; 150 0.09; 364 0.07; 520 0.04,6,35 0.14; 99 0.14; 38 0.12; 52 0.11; 44 0.07; 12 0.05; 98 0.05; 53 0.04; 39 0.04,9,earned income 0.34; unearned income 0.23; other element 0.21,"wrong amount, known item 0.21; wrong include/exclude decision 0.18; unreported source of income 0.14; other 0.14; household composition 0.09",18,11,11,29,0.6206896551724138,0.4400222620928496,0.7731220426913266,0.3793103448275862,11,0.275,40,13718.0
4+,HH_size_n >   5.5 & months_since_cert_n >  10.5 & utilities <= 390.0,train_2022_23,51,24,45,15,45,0.3333333333333333,0.21358692207276764,0.479297831907446,10,45,0.2222222222222222,0.12544551866005632,0.3626957379736329,7,45,0.15555555555555556,0.07745325311328677,0.28784190511248803,3,45,0.06666666666666667,0.022931616462147086,0.17856874388640825,0,45,0.0,0.0,0.07865426194064076,0,45,0.0,0.0,0.07865426194064076,10,45,0.2222222222222222,0.12544551866005632,0.3626957379736329,12,45,0.26666666666666666,0.15964748860054623,0.4103911669717528,6,45,0.13333333333333333,0.0625706363434968,0.2617758224129731,4,45,0.08888888888888889,0.035110548134203154,0.20733851168365702,5,45,0.1111111111111111,0.04840400437825558,0.23499375490890945,3,45,0.06666666666666667,0.022931616462147086,0.17856874388640825,5,45,0.1111111111111111,0.04840400437825558,0.23499375490890945,1,45,0.022222222222222223,0.003933497522757505,0.11566946388718813,0,45,0.0,0.0,0.07865426194064076,1,45,0.022222222222222223,0.003933497522757505,0.11566946388718813,8,45,0.17777777777777778,0.0929427892585383,0.3133010684365414,31,45,0.6888888888888889,0.5433492001245104,0.8047147453645809,1,45,0.022222222222222223,0.003933497522757505,0.11566946388718813,13,45,0.28888888888888886,0.1772991803190016,0.43368817472260224,32,45,0.7111111111111111,0.5663118252773978,0.8227008196809984,10,45,0.2222222222222222,0.12544551866005632,0.3626957379736329,0,45,0.0,0.0,0.07865426194064076,0,45,0.0,0.0,0.07865426194064076,3,45,0.06666666666666667,0.022931616462147086,0.17856874388640825,26,45,0.5777777777777777,0.433005327959445,0.7103151201831219,311 0.31; 363 0.16; 150 0.11; 350 0.11; 364 0.07,5,99 0.18; 38 0.16; 52 0.09; 35 0.09; 44 0.09; 12 0.07; 98 0.07; 39 0.04,8,earned income 0.33; other element 0.22; unearned income 0.22,"wrong amount, known item 0.27; other 0.18; wrong include/exclude decision 0.13; household composition 0.11; method or computation 0.11",14,10,9,24,0.5833333333333334,0.3883433764938864,0.7553265275346177,0.4166666666666667,9,0.2727272727272727,33,8162.0
4+,HH_size_n >   5.5 & months_since_cert_n >  10.5 & utilities <= 390.0,test_2024,11,5,11,4,11,0.36363636363636365,0.15166223614131383,0.6462032231083628,3,11,0.2727272727272727,0.09745880573921467,0.5656502930102463,1,11,0.09090909090909091,0.01623175226282597,0.3773646254862038,1,11,0.09090909090909091,0.01623175226282597,0.3773646254862038,0,11,0.0,2.7755575615628914e-17,0.2588400172488141,0,11,0.0,2.7755575615628914e-17,0.2588400172488141,2,11,0.18181818181818182,0.05136660067100063,0.4769861375782448,0,11,0.0,2.7755575615628914e-17,0.2588400172488141,4,11,0.36363636363636365,0.15166223614131383,0.6462032231083628,4,11,0.36363636363636365,0.15166223614131383,0.6462032231083628,0,11,0.0,2.7755575615628914e-17,0.2588400172488141,0,11,0.0,2.7755575615628914e-17,0.2588400172488141,0,11,0.0,2.7755575615628914e-17,0.2588400172488141,0,11,0.0,2.7755575615628914e-17,0.2588400172488141,2,11,0.18181818181818182,0.05136660067100063,0.4769861375782448,1,11,0.09090909090909091,0.01623175226282597,0.3773646254862038,0,11,0.0,2.7755575615628914e-17,0.2588400172488141,6,11,0.5454545454545454,0.28008775568998817,0.7872904245601196,1,11,0.09090909090909091,0.01623175226282597,0.3773646254862038,4,11,0.36363636363636365,0.15166223614131383,0.6462032231083628,3,11,0.2727272727272727,0.09745880573921467,0.5656502930102463,8,11,0.7272727272727273,0.4343497069897537,0.9025411942607853,0,11,0.0,2.7755575615628914e-17,0.2588400172488141,0,11,0.0,2.7755575615628914e-17,0.2588400172488141,0,11,0.0,2.7755575615628914e-17,0.2588400172488141,9,11,0.8181818181818182,0.5230138624217553,0.9486333993289995,311 0.27; 350 0.18; 371 0.09; 321 0.09; 372 0.09; 363 0.09,6,35 0.36; 29 0.18; 52 0.18; 37 0.09,4,earned income 0.36; unearned income 0.27; other element 0.18,wrong include/exclude decision 0.36; unreported source of income 0.36; limits and thresholds 0.18,4,1,2,5,0.8,0.3755282641185388,0.9637768390302125,0.2,2,0.2857142857142857,7,5556.0
2-3,rawben_rel_max >   0.635 & rawben_rel_max <=   0.872 & shelter_expenses_by_hh_size > 365.000,all_2022_24,2555,570,830,281,830,0.3385542168674699,0.3071694048208035,0.3714266258881464,169,830,0.2036144578313253,0.1776132932965343,0.23234658397512015,202,830,0.2433734939759036,0.21540508599624203,0.2737065150560441,49,830,0.05903614457831325,0.04494145298215679,0.07719397417810961,29,830,0.03493975903614458,0.024435695737855617,0.04972898973717946,26,830,0.03132530120481928,0.02146536203353247,0.045503712188717904,74,830,0.0891566265060241,0.07161452021379983,0.11048433405300576,254,830,0.3060240963855422,0.27562517727464864,0.338210352159239,218,830,0.26265060240963856,0.23385374911087653,0.2936344452895947,96,830,0.11566265060240964,0.0956532372608134,0.13921343285974666,42,830,0.05060240963855422,0.03765216331174148,0.06769350425869396,76,830,0.09156626506024096,0.07378152364795229,0.11311440478737642,53,830,0.06385542168674699,0.049148300495505885,0.08258127500180679,7,830,0.008433734939759036,0.0040911421460109966,0.01730572747526959,1,830,0.0012048192771084338,0.00021270638372953817,0.006792940731981648,5,830,0.006024096385542169,0.002575759728511767,0.014024035724245687,78,830,0.09397590361445783,0.07595255981674894,0.11574044278710292,529,826,0.6404358353510896,0.6071291438335095,0.6724422828098403,67,826,0.0811138014527845,0.06437667701270816,0.10172924006833475,230,826,0.2784503631961259,0.24896115949709374,0.30999081398796646,441,830,0.5313253012048192,0.4973094970925902,0.5650524670982104,360,830,0.43373493975903615,0.4004003636286261,0.4676800967369876,2,830,0.0024096385542168677,0.0006610448737344099,0.008743139326238342,4,830,0.004819277108433735,0.0018756406594403266,0.01232561770905556,23,830,0.027710843373493974,0.018534919472353712,0.04123854349711194,320,826,0.387409200968523,0.3547805090688115,0.4210803299153994,311 0.28; 363 0.24; 350 0.07; 364 0.06; 312 0.06; 331 0.04; 150 0.04,7,38 0.16; 53 0.13; 35 0.12; 99 0.09; 52 0.09; 44 0.06; 37 0.04; 56 0.04; 39 0.03,9,earned income 0.34; shelter deduction 0.24; unearned income 0.20,"wrong amount, known item 0.31; wrong include/exclude decision 0.26; unreported source of income 0.12; other 0.09",408,162,229,570,0.7157894736842105,0.6774126559912365,0.7512770730210904,0.28421052631578947,229,0.28660826032540676,799,141582.0
2-3,rawben_rel_max >   0.635 & rawben_rel_max <=   0.872 & shelter_expenses_by_hh_size > 365.000,train_2022_23,1600,352,532,170,532,0.31954887218045114,0.2813388581630849,0.3603462965542793,111,532,0.20864661654135339,0.1762664928743197,0.24520432984642462,131,532,0.2462406015037594,0.21153628106289846,0.284583467758395,32,532,0.06015037593984962,0.04292634183917347,0.08368122278440185,19,532,0.03571428571428571,0.022981098369406736,0.05510466428881165,14,532,0.02631578947368421,0.015739181167563614,0.0436843499655175,55,532,0.10338345864661654,0.08029152961209388,0.1321623000271129,125,532,0.2349624060150376,0.20091360697275243,0.27281146401837625,155,532,0.29135338345864664,0.2543465686274553,0.33135189151449707,55,532,0.10338345864661654,0.08029152961209388,0.1321623000271129,29,532,0.05451127819548872,0.03821911850659447,0.07719110720189848,55,532,0.10338345864661654,0.08029152961209388,0.1321623000271129,40,532,0.07518796992481203,0.055699373998505566,0.10076776106528938,2,532,0.0037593984962406013,0.0010315471935583272,0.01360262827919332,0,532,0.0,0.0,0.007169282862696736,5,532,0.009398496240601503,0.004020908826625964,0.02181060556120805,66,532,0.12406015037593984,0.09871353199299668,0.15479720700151214,336,532,0.631578947368421,0.5897811393097209,0.6714901020422009,48,532,0.09022556390977443,0.06872730248242404,0.11759940302159055,148,532,0.2781954887218045,0.24181014368274492,0.3177611923240152,286,532,0.5375939849624061,0.4951076304473472,0.579541295653202,227,532,0.4266917293233083,0.3853356963686059,0.4690988977353233,0,532,0.0,0.0,0.007169282862696736,0,532,0.0,0.0,0.007169282862696736,19,532,0.03571428571428571,0.022981098369406736,0.05510466428881165,214,532,0.40225563909774437,0.3614315031293134,0.4444812890092589,311 0.26; 363 0.25; 350 0.07; 364 0.06; 312 0.06; 150 0.05; 331 0.04,7,38 0.15; 53 0.15; 99 0.12; 35 0.10; 52 0.09; 44 0.06; 37 0.04; 39 0.03,8,earned income 0.32; shelter deduction 0.25; unearned income 0.21,"wrong include/exclude decision 0.29; wrong amount, known item 0.23; other 0.12; unreported source of income 0.10",255,97,148,352,0.7244318181818182,0.675521874798223,0.7684959128915807,0.2755681818181818,148,0.296,500,86977.0
2-3,rawben_rel_max >   0.635 & rawben_rel_max <=   0.872 & shelter_expenses_by_hh_size > 365.000,test_2024,955,218,298,111,298,0.3724832214765101,0.31953982582456225,0.4286724815578529,58,298,0.19463087248322147,0.1536833362981746,0.24335139980181952,71,298,0.23825503355704697,0.19341005075570894,0.2897625801871432,17,298,0.05704697986577181,0.03591866462997421,0.08945040311946789,10,298,0.03355704697986577,0.01832760260646291,0.06065952176605567,12,298,0.040268456375838924,0.023182630309541624,0.06905647788495509,19,298,0.06375838926174497,0.04119372377366676,0.09742732779775351,129,298,0.43288590604026844,0.37783655900462515,0.4896436027755933,63,298,0.21140939597315436,0.16887290618636502,0.2612917894685745,41,298,0.13758389261744966,0.10306311891255618,0.1813297547006237,13,298,0.0436241610738255,0.02566849515623183,0.07319660494925397,21,298,0.07046979865771812,0.04655003435464404,0.10532300103875435,13,298,0.0436241610738255,0.02566849515623183,0.07319660494925397,5,298,0.016778523489932886,0.0071874265119050255,0.038669738305668167,1,298,0.003355704697986577,0.0005925948374719426,0.018760602336144946,0,298,0.0,0.0,0.012727205262627815,12,298,0.040268456375838924,0.023182630309541624,0.06905647788495509,193,294,0.6564625850340136,0.6004736644762484,0.7084153557277794,19,294,0.06462585034013606,0.04175948083787026,0.09872324555092166,82,294,0.2789115646258503,0.23075140279796064,0.3327749816963477,155,298,0.5201342281879194,0.4635156874936143,0.5762402639723201,133,298,0.4463087248322148,0.3909066042118382,0.5030775252123366,2,298,0.006711409395973154,0.0018424055690966328,0.02413678351550933,4,298,0.013422818791946308,0.005231836788119275,0.03399933611846484,4,298,0.013422818791946308,0.005231836788119275,0.03399933611846484,106,294,0.36054421768707484,0.30778171963650625,0.41690415365990374,311 0.32; 363 0.24; 350 0.06; 364 0.06; 312 0.05; 331 0.04,6,38 0.17; 35 0.14; 56 0.11; 53 0.08; 44 0.07; 52 0.07; 57 0.06; 37 0.04; 99 0.04,9,earned income 0.37; shelter deduction 0.24; unearned income 0.19,"wrong amount, known item 0.43; wrong include/exclude decision 0.21; unreported source of income 0.14",153,65,81,218,0.7018348623853211,0.6380405554926072,0.7586388770394337,0.2981651376146789,81,0.2709030100334448,299,54605.0
1,rawben_rel_max >   0.397 & rawben_rel_max <=   0.995 & shelter_expenses_by_hh_size > 934.000 & total_deductions_by_hh_size > 639.000,all_2022_24,6005,1021,1441,187,1441,0.1297709923664122,0.11339930967011898,0.1481114330991922,202,1441,0.14018043025676613,0.12320992619924097,0.15906433832913364,564,1441,0.39139486467730744,0.36651555848879075,0.41685169782498094,218,1441,0.15128383067314366,0.1337111025412968,0.1707109185300788,211,1441,0.14642609299097847,0.12911242265817632,0.16561995492563633,9,1441,0.006245662734212352,0.0032892874728712024,0.011827663755554114,50,1441,0.03469812630117974,0.026417613612697014,0.04545296375716831,342,1441,0.23733518390006939,0.2160846132430836,0.25998252103654956,688,1441,0.4774462179042332,0.45175039590006316,0.5032619736219661,100,1441,0.06939625260235947,0.05738746391241552,0.08369485265432787,5,1441,0.0034698126301179735,0.001482957576317446,0.008097054516357626,107,1441,0.07425399028452463,0.061819446643075426,0.08895251341123087,48,1441,0.033310201249132546,0.025215316963118333,0.043886790838871856,25,1441,0.01734906315058987,0.011778529931142132,0.02548617784028416,10,1441,0.006939625260235947,0.0037737714115567067,0.012727414600806172,1,1441,0.0006939625260235947,0.000122508779844329,0.003920564177080499,115,1441,0.0798056904927134,0.06690490883632423,0.09494092948948256,878,1436,0.6114206128133705,0.5859443101005758,0.6363023592552756,144,1436,0.10027855153203342,0.0857932474257523,0.11689682626013094,412,1436,0.28690807799442897,0.26410593923385417,0.31084730562308005,773,1439,0.5371785962473941,0.5113510150206064,0.5628081996845975,621,1439,0.4315496872828353,0.4061743746265101,0.4572895011031612,5,1439,0.0034746351633078527,0.0014850199013496566,0.008108271559057361,7,1439,0.004864489228630994,0.0023583051380139403,0.010007293414176404,33,1439,0.022932592077831826,0.016375167651800724,0.032030423093572846,499,1436,0.3474930362116992,0.3233005782655415,0.37249929305363705,363 0.39; 364 0.15; 365 0.15; 311 0.11,4,53 0.38; 56 0.09; 99 0.08; 38 0.07; 35 0.07; 52 0.07,6,shelter deduction 0.39; utility allowance 0.15; medical deduction 0.15; unearned income 0.14,"wrong include/exclude decision 0.48; wrong amount, known item 0.24; other 0.08",927,94,746,1021,0.9079333986287953,0.8886370194749365,0.924171516009962,0.0920666013712047,746,0.422184493491794,1767,195346.0
1,rawben_rel_max >   0.397 & rawben_rel_max <=   0.995 & shelter_expenses_by_hh_size > 934.000 & total_deductions_by_hh_size > 639.000,train_2022_23,3504,623,891,105,891,0.11784511784511785,0.09829641450939348,0.14067504144437534,130,891,0.14590347923681257,0.12424407044076387,0.17060319638277227,331,891,0.37149270482603813,0.3403794129847083,0.40370937323175726,140,891,0.15712682379349047,0.13470884722966692,0.18248874394177617,142,891,0.15937149270482603,0.1368070116684695,0.18486064437255498,6,891,0.006734006734006734,0.0030897608040686923,0.014613484105421433,37,891,0.04152637485970819,0.030275483065322257,0.05671376732267938,126,891,0.1414141414141414,0.12007091981812991,0.16583621726624345,484,891,0.5432098765432098,0.51038572457798,0.5756630241614616,55,891,0.06172839506172839,0.047729582921888294,0.07949025129234584,3,891,0.003367003367003367,0.0011457107248870075,0.009852436880231037,66,891,0.07407407407407407,0.05864596242516677,0.093159228571765,36,891,0.04040404040404041,0.02932562512143161,0.05542859283177934,15,891,0.016835016835016835,0.010228291113102049,0.027590245709504323,7,891,0.007856341189674524,0.0038106806636451713,0.01612759668063565,1,891,0.001122334455667789,0.0001981419736341041,0.006329940761902554,98,891,0.10998877665544332,0.09109480269378972,0.13223142621644424,536,889,0.6029246344206974,0.5703837681087067,0.6345797998970852,100,889,0.1124859392575928,0.09336079543117104,0.13494577092953616,252,889,0.28346456692913385,0.2548193460746231,0.3139731474651044,486,889,0.5466816647919011,0.5138260883170451,0.5791355299588059,368,889,0.41394825646794153,0.3820084019483896,0.4466286149648008,5,889,0.00562429696287964,0.0024046496355522367,0.013098212238267258,0,889,0.0,0.0,0.004302666900825409,30,889,0.03374578177727784,0.02373852331108555,0.047765313427704396,332,889,0.3734533183352081,0.3422635976404673,0.40573201546716564,363 0.37; 365 0.16; 364 0.16; 311 0.10,4,53 0.44; 99 0.11; 52 0.08; 38 0.08; 35 0.06,5,shelter deduction 0.37; medical deduction 0.16; utility allowance 0.16; unearned income 0.15,"wrong include/exclude decision 0.54; wrong amount, known item 0.14; other 0.11",560,63,456,623,0.898876404494382,0.8727033865013389,0.9201603928011195,0.10112359550561797,456,0.422613531047266,1079,117522.0
1,rawben_rel_max >   0.397 & rawben_rel_max <=   0.995 & shelter_expenses_by_hh_size > 934.000 & total_deductions_by_hh_size > 639.000,test_2024,2501,398,550,82,550,0.14909090909090908,0.12176117202565429,0.1812886530506852,72,550,0.13090909090909092,0.10526091404267837,0.16167750300652847,233,550,0.42363636363636364,0.3830090009678723,0.4653230853181705,78,550,0.14181818181818182,0.11514173588763282,0.17346352597785358,69,550,0.12545454545454546,0.10034386861344685,0.1557611260276202,3,550,0.005454545454545455,0.0018567019415440724,0.015912999720447372,13,550,0.023636363636363636,0.01386420390765728,0.040016905781466834,216,550,0.3927272727272727,0.35279205606809694,0.4341506365718203,204,550,0.3709090909090909,0.33156419576514373,0.4120448072422144,45,550,0.08181818181818182,0.06170806142010259,0.10772955395584605,2,550,0.0036363636363636364,0.0009977682574326173,0.01316079260184556,41,550,0.07454545454545454,0.055423197442261124,0.09956985472283444,12,550,0.02181818181818182,0.012524025584646733,0.03774594330176412,10,550,0.01818181818181818,0.009905310276036612,0.0331423770049477,3,550,0.005454545454545455,0.0018567019415440724,0.015912999720447372,0,550,0.0,0.0,0.006936279253851642,17,550,0.03090909090909091,0.019386022863235933,0.04893965003674125,342,547,0.6252285191956124,0.5839211697719876,0.6647891672831657,44,547,0.08043875685557587,0.06046455545044296,0.10626504521878752,160,547,0.29250457038391225,0.2559339681197254,0.3319693420151663,287,550,0.5218181818181818,0.4800640706524365,0.5632696189801228,253,550,0.46,0.4187678288422098,0.5017870734980983,0,550,0.0,0.0,0.006936279253851642,7,550,0.012727272727272728,0.006178396019337456,0.026035868853507053,3,550,0.005454545454545455,0.0018567019415440724,0.015912999720447372,167,547,0.3053016453382084,0.2681758628271846,0.34514310218925565,363 0.42; 364 0.14; 311 0.13; 365 0.13,4,53 0.29; 56 0.23; 35 0.08; 38 0.07; 57 0.05; 64 0.05,6,shelter deduction 0.42; earned income 0.15; utility allowance 0.14; unearned income 0.13,"wrong amount, known item 0.39; wrong include/exclude decision 0.37",367,31,290,398,0.9221105527638191,0.8915627690538327,0.9445875946715757,0.07788944723618091,290,0.42151162790697677,688,77824.0
4+,elderly_disabled_i <=   0.500 & rawben_rel_max <=   0.796 & shelter_expenses_by_hh_size <= 380.000 & unc_rawben_rel_max >   0.405,all_2022_24,4067,992,1523,640,1523,0.42022324359816154,0.3956643561564754,0.44518357463084407,255,1523,0.1674326986211425,0.1495228770108522,0.18701602787620353,279,1523,0.18319107025607353,0.16456869372757324,0.20340765692988852,76,1523,0.04990151017728168,0.04005347196988376,0.06201448321289354,1,1523,0.0006565988181221273,0.00011591223677158468,0.0037100249134868306,101,1523,0.06631648063033486,0.05487845921854853,0.07993683530840173,171,1523,0.11227839789888379,0.09738790076432666,0.1291199439263079,502,1523,0.32961260669730796,0.3064584920678176,0.35362412553966704,384,1523,0.2521339461588969,0.23096721867819156,0.27454795722479663,139,1523,0.0912672357189757,0.07781349763054116,0.106777752699552,107,1523,0.07025607353906763,0.058471968514585,0.08420268745496676,135,1523,0.08864084044648719,0.07538156003162262,0.10397011600340285,124,1523,0.08141825344714379,0.06871343082289201,0.09622941590069735,17,1523,0.011162179908076166,0.006980667070725994,0.01780356725980312,7,1523,0.004596191726854892,0.002228133592044949,0.00945716500081498,12,1523,0.007879185817465528,0.004512895445517215,0.013721871016177303,96,1523,0.06303348653972422,0.05189334869431508,0.07637247796380056,982,1512,0.6494708994708994,0.6250692164619879,0.6731149737594705,102,1512,0.06746031746031746,0.0558823927533599,0.08123061430489736,426,1512,0.28174603174603174,0.2596461084451178,0.30495219786868166,917,1520,0.6032894736842105,0.5784644473357683,0.6275937151399116,547,1520,0.35986842105263156,0.33612045644216293,0.3843229282245897,7,1520,0.004605263157894736,0.00223253464122135,0.009475768898989125,14,1520,0.009210526315789473,0.005494351573235691,0.015401258574170703,35,1520,0.023026315789473683,0.01660259329131029,0.03185493667768386,639,1512,0.4226190476190476,0.39794672109201995,0.4476835875101453,311 0.37; 363 0.18; 350 0.09; 150 0.06; 364 0.05; 323 0.05,6,38 0.17; 52 0.11; 53 0.11; 44 0.10; 35 0.09; 99 0.06; 41 0.04; 56 0.03; 37 0.03; 40 0.02,10,earned income 0.42; shelter deduction 0.18; unearned income 0.17,"wrong amount, known item 0.33; wrong include/exclude decision 0.25; unreported source of income 0.09; change in circumstances 0.09",600,392,322,992,0.6048387096774194,0.5740669610411641,0.6348015979746474,0.3951612903225806,322,0.2450532724505327,1314,299807.0
4+,elderly_disabled_i <=   0.500 & rawben_rel_max <=   0.796 & shelter_expenses_by_hh_size <= 380.000 & unc_rawben_rel_max >   0.405,train_2022_23,2702,651,1000,422,1000,0.422,0.3917447602380843,0.45285223594139273,168,1000,0.168,0.14610756799568436,0.192433492665679,182,1000,0.182,0.15931686315695637,0.20711704434398803,55,1000,0.055,0.04249722594783333,0.07090871379405425,1,1000,0.001,0.0001765418290572713,0.0056427029601604705,60,1000,0.06,0.046896260125365796,0.07647141063065788,112,1000,0.112,0.09391923505867933,0.13305043824435975,302,1000,0.302,0.2743452451592359,0.3311702066809748,270,1000,0.27,0.24340189633576415,0.29835847701397555,86,1000,0.086,0.07016826133956046,0.10500041068997089,66,1000,0.066,0.052212125206787474,0.08310962276619951,90,1000,0.09,0.07379587888497004,0.10934217795587022,95,1000,0.095,0.07834495566471479,0.11475483219026154,7,1000,0.007,0.0033948250792319975,0.01437849692694906,4,1000,0.004,0.0015565629678934295,0.010239720429805971,7,1000,0.007,0.0033948250792319975,0.01437849692694906,73,1000,0.073,0.058458786926264744,0.09080938446651277,652,997,0.6539618856569709,0.6238928646888218,0.6828489813735321,69,997,0.06920762286860582,0.055049964259121315,0.08667236223090471,276,997,0.2768304914744233,0.24995340773873012,0.30542078933701106,624,997,0.6258776328986961,0.5954110358645229,0.6553779001669132,344,997,0.34503510531594783,0.31617196230454647,0.37508787341770977,3,997,0.003009027081243731,0.0010238384665609336,0.008809485807729825,0,997,0.0,2.168404344971009e-19,0.003838369628120973,26,997,0.026078234704112337,0.017857570392389,0.037937072835870105,416,997,0.4172517552657974,0.38701759907520605,0.44812114815512494,311 0.37; 363 0.18; 350 0.09; 364 0.06; 150 0.05; 323 0.05,6,38 0.18; 53 0.12; 52 0.12; 44 0.11; 35 0.09; 99 0.07; 41 0.04; 40 0.03,8,earned income 0.42; shelter deduction 0.18; unearned income 0.17,"wrong amount, known item 0.30; wrong include/exclude decision 0.27; method or computation 0.10; change in circumstances 0.09",377,274,207,651,0.5791090629800307,0.5408281001445683,0.6164618460042408,0.42089093701996927,207,0.24125874125874125,858,189158.0
4+,elderly_disabled_i <=   0.500 & rawben_rel_max <=   0.796 & shelter_expenses_by_hh_size <= 380.000 & unc_rawben_rel_max >   0.405,test_2024,1365,341,523,218,523,0.4168260038240918,0.3753271097128597,0.45953786678102376,87,523,0.16634799235181644,0.13688869269844595,0.2006731095586271,97,523,0.18546845124282982,0.1544929609638187,0.2210309156624765,21,523,0.040152963671128104,0.02641007370346873,0.060602037716738,0,523,0.0,0.0,0.007291755244840194,41,523,0.07839388145315487,0.05831067371862454,0.10462558644002655,59,523,0.11281070745697896,0.08847221706605252,0.14279577695719847,200,523,0.3824091778202677,0.34175943476725007,0.4247738078620335,114,523,0.2179732313575526,0.18471414908797185,0.2553452539660011,53,523,0.10133843212237094,0.0783127149781377,0.13017803442358,41,523,0.07839388145315487,0.05831067371862454,0.10462558644002655,45,523,0.08604206500956023,0.06492496316790386,0.1131961267384361,29,523,0.055449330783938815,0.03888151423224257,0.0785002566833419,10,523,0.019120458891013385,0.010418264902660335,0.034835564711402034,3,523,0.0057361376673040155,0.0019526469879208603,0.016727730567685985,5,523,0.009560229445506692,0.00409021634635192,0.022182576083099356,23,523,0.04397705544933078,0.02948023150364896,0.06512429479040222,330,515,0.6407766990291263,0.5984379173057188,0.6810308068675164,33,515,0.06407766990291262,0.045987263378156604,0.08862337694058424,150,515,0.2912621359223301,0.25368192617398094,0.33193341384501523,293,523,0.5602294455066922,0.5174030023124733,0.6021775319505766,203,523,0.3881453154875717,0.3473391417587065,0.4305827231813437,4,523,0.0076481835564053535,0.002978084530356454,0.019498500462172608,14,523,0.02676864244741874,0.01601114015458372,0.04442751920716752,9,523,0.017208413001912046,0.009079200160477583,0.032378422016662564,223,515,0.4330097087378641,0.39086694506297043,0.47614448964080053,311 0.36; 363 0.19; 350 0.09; 150 0.06; 323 0.05; 312 0.05,6,38 0.15; 35 0.10; 44 0.09; 56 0.09; 52 0.08; 53 0.07; 99 0.04; 41 0.04; 37 0.04; 57 0.03; 7 0.03,11,earned income 0.42; shelter deduction 0.19; unearned income 0.17,"wrong amount, known item 0.38; wrong include/exclude decision 0.22; unreported source of income 0.10; change in circumstances 0.09",223,118,115,341,0.6539589442815249,0.6020050960561409,0.7024825295667536,0.3460410557184751,115,0.25219298245614036,456,110649.0
4+,shelter_expenses_by_hh_size <= 380.000 & total_deductions_by_hh_size >  56.000 & unc_rawben_rel_max >   0.357 & unc_rawben_rel_max <=   0.811,all_2022_24,4728,1164,1776,741,1776,0.4172297297297297,0.39449891718590735,0.44031784403599006,304,1776,0.17117117117117117,0.15436753020544094,0.18939429668971644,331,1776,0.18637387387387389,0.16894681863055705,0.20515478681568045,97,1776,0.054617117117117114,0.04497791759849759,0.06617894040504609,7,1776,0.003941441441441441,0.0019105138915168503,0.008113748941759997,115,1776,0.06475225225225226,0.05422026309121754,0.07716311394637952,181,1776,0.10191441441441441,0.08869203875074694,0.11685524141171247,614,1776,0.34572072072072074,0.3239554095821297,0.3681520228995023,457,1776,0.25731981981981983,0.23752719289833896,0.278160045786272,157,1776,0.0884009009009009,0.07607089782123407,0.10250769029582084,121,1776,0.06813063063063063,0.05731957011060687,0.0808059799383413,145,1776,0.08164414414414414,0.06979375787467253,0.09530048421968014,129,1776,0.07263513513513513,0.061464636258110245,0.08565047780597276,20,1776,0.01126126126126126,0.007301641410613761,0.01733066294725718,2,1776,0.0011261261261261261,0.00030887227727699603,0.004096913046540583,13,1776,0.00731981981981982,0.0042827024921797425,0.012483733352448225,118,1776,0.06644144144144144,0.05576885648143179,0.07898560706184082,1115,1765,0.6317280453257791,0.6089619630092618,0.6539219492641719,143,1765,0.08101983002832862,0.06918097553402136,0.0946785809124123,505,1765,0.28611898016997167,0.26551645412597247,0.3076505270214632,1067,1774,0.6014656144306652,0.5784865887946629,0.6240061417163119,645,1774,0.36358511837655016,0.34151737997882103,0.38624239344531297,8,1774,0.004509582863585118,0.0022868028454777448,0.008873696492596018,14,1774,0.007891770011273957,0.004706732480659906,0.013203524541113013,40,1774,0.02254791431792559,0.016601936179898653,0.030557270804570606,735,1765,0.4164305949008499,0.39363776924837685,0.43958641543836957,311 0.36; 363 0.19; 350 0.08; 364 0.05; 150 0.05; 312 0.05,6,38 0.18; 53 0.11; 44 0.11; 52 0.10; 35 0.09; 99 0.07; 41 0.04; 37 0.03; 56 0.03,9,earned income 0.42; shelter deduction 0.19; unearned income 0.17,"wrong amount, known item 0.35; wrong include/exclude decision 0.26; unreported source of income 0.09; change in circumstances 0.08",745,419,383,1164,0.6400343642611683,0.6120404996815032,0.6671069463419985,0.3599656357388316,383,0.2475759534583064,1547,341900.0
4+,shelter_expenses_by_hh_size <= 380.000 & total_deductions_by_hh_size >  56.000 & unc_rawben_rel_max >   0.357 & unc_rawben_rel_max <=   0.811,train_2022_23,3147,753,1155,479,1155,0.4147186147186147,0.3866335865388215,0.44336906438430723,200,1155,0.17316017316017315,0.15243067081946013,0.19605664617019578,216,1155,0.18701298701298702,0.16557630871219192,0.2105247908686309,70,1155,0.06060606060606061,0.04824758605903093,0.07587774737739388,4,1155,0.003463203463203463,0.0013475495191296238,0.008870930728731689,72,1155,0.06233766233766234,0.04979301645011633,0.07778403981020432,114,1155,0.0987012987012987,0.08280741736863742,0.11725581819349637,366,1155,0.3168831168831169,0.29069522906748835,0.3442850823055241,317,1155,0.27445887445887446,0.24950274124796426,0.3009103609395995,102,1155,0.08831168831168831,0.07328239332555525,0.10607050529320336,74,1155,0.06406926406926407,0.051341442538734544,0.07968733654548199,94,1155,0.08138528138528138,0.06696909740641566,0.09857690991675949,97,1155,0.08398268398268398,0.06933287781345876,0.10139071374556019,9,1155,0.007792207792207792,0.004104819180068265,0.014742968127532705,2,1155,0.0017316017316017316,0.00047498621796403804,0.006291771206001412,8,1155,0.006926406926406926,0.003513784246500385,0.013608141649152656,86,1155,0.07445887445887446,0.06068914924571853,0.09104996678187319,739,1153,0.6409366869037294,0.61281998714459,0.6681173512083877,96,1153,0.08326105810928014,0.06866418891790982,0.100625712136824,318,1153,0.27580225498699046,0.2507818902339225,0.30231163613995604,709,1153,0.6149176062445794,0.5864916901341488,0.6425802934459715,407,1153,0.35299219427580225,0.32593652200301143,0.3810242235303441,3,1153,0.0026019080659150044,0.0008852534689080616,0.007622047789967828,0,1153,0.0,0.0,0.00332076578159015,34,1153,0.029488291413703384,0.021177686992412802,0.040923814198415745,482,1153,0.41803989592367735,0.3898874569088444,0.44673667555665464,311 0.36; 363 0.19; 350 0.08; 364 0.06; 150 0.05; 312 0.05,6,38 0.19; 53 0.13; 44 0.11; 52 0.11; 35 0.09; 99 0.07; 41 0.03; 42 0.03,8,earned income 0.41; shelter deduction 0.19; unearned income 0.17,"wrong amount, known item 0.32; wrong include/exclude decision 0.27; unreported source of income 0.09; method or computation 0.08",475,278,249,753,0.6308100929614874,0.5957579765214207,0.6645342695707603,0.3691899070385126,249,0.24850299401197604,1002,218104.0
4+,shelter_expenses_by_hh_size <= 380.000 & total_deductions_by_hh_size >  56.000 & unc_rawben_rel_max >   0.357 & unc_rawben_rel_max <=   0.811,test_2024,1581,411,621,262,621,0.4219001610305958,0.3836536042653176,0.4611070518753748,104,621,0.16747181964573268,0.1401669475255522,0.1988655368672923,115,621,0.18518518518518517,0.15660110655001275,0.2176403011923655,27,621,0.043478260869565216,0.030050319905752985,0.06251970104035559,3,621,0.004830917874396135,0.0016442497904987407,0.014106302029354482,43,621,0.06924315619967794,0.051810390262869654,0.09197261010074251,67,621,0.10789049919484701,0.08585601276716205,0.13474645672270544,248,621,0.3993558776167472,0.36156714167905296,0.43838215747132375,140,621,0.22544283413848631,0.1943219472692376,0.25993974081299,55,621,0.08856682769726248,0.06867558367330948,0.11351715125343037,47,621,0.07568438003220612,0.057390853383055135,0.09919539183493292,51,621,0.0821256038647343,0.06301406895074338,0.10637542112162057,32,621,0.05152979066022544,0.03673459020503969,0.07183948680903876,11,621,0.017713365539452495,0.009919015374682474,0.031438026153922535,0,621,0.0,0.0,0.006148118179071304,5,621,0.008051529790660225,0.0034438437530239056,0.018708330494017267,32,621,0.05152979066022544,0.03673459020503969,0.07183948680903876,376,612,0.6143790849673203,0.5752157244019328,0.6521154594609307,47,612,0.07679738562091504,0.05824206783631376,0.1006325518710915,187,612,0.3055555555555556,0.2703663776596866,0.34317060977344555,358,621,0.5764895330112721,0.537272908866466,0.6147656237792477,238,621,0.3832528180354267,0.34584256598440066,0.42209862103003637,5,621,0.008051529790660225,0.0034438437530239056,0.018708330494017267,14,621,0.02254428341384863,0.013475694044684561,0.03748378112470237,6,621,0.00966183574879227,0.004435356199724114,0.020917629260911032,253,612,0.4133986928104575,0.37504160405259845,0.45283621387980477,311 0.36; 363 0.19; 350 0.09; 150 0.06; 312 0.06,5,38 0.17; 44 0.10; 35 0.09; 52 0.09; 56 0.08; 53 0.07; 99 0.05; 37 0.05; 41 0.04; 57 0.03,10,earned income 0.42; shelter deduction 0.19; unearned income 0.17,"wrong amount, known item 0.40; wrong include/exclude decision 0.23; unreported source of income 0.09; change in circumstances 0.08",270,141,134,411,0.656934306569343,0.6097738786422011,0.7011881849502641,0.34306569343065696,134,0.24587155963302754,545,123796.0
4+,shelter_expenses_by_hh_size <= 384.000 & total_deductions_by_hh_size >  95.900 & unc_rawben_rel_max >   0.419 & unc_rawben_rel_max <=   0.965,all_2022_24,4353,1114,1678,676,1678,0.4028605482717521,0.37964023781888206,0.4265246233666184,261,1678,0.15554231227651966,0.1389900981139052,0.17366812130461792,361,1678,0.21513706793802145,0.19613802454950302,0.23543745794540016,81,1678,0.048271752085816445,0.03900781047663863,0.05959933540440033,6,1678,0.003575685339690107,0.0016397452160124425,0.007779453357741469,125,1678,0.07449344457687723,0.06287869726105033,0.08805204437359584,168,1678,0.10011918951132301,0.08665806660589807,0.11540709815159157,558,1678,0.33253873659118,0.31040166266371766,0.3554408280916543,435,1678,0.2592371871275328,0.23883628897213757,0.2807379681992869,154,1678,0.09177592371871275,0.07887864074338968,0.10653810718340673,118,1678,0.07032181168057211,0.05904381412483987,0.08356271909445971,129,1678,0.0768772348033373,0.06507521759458611,0.09061221456311529,134,1678,0.07985697258641239,0.06782584765874808,0.0938074476527723,23,1678,0.013706793802145411,0.009150713477431124,0.0204844198193074,0,1678,0.0,0.0,0.002284162789171108,12,1678,0.007151370679380214,0.004095564466181244,0.012458669892155471,115,1678,0.06853396901072706,0.05740399971589135,0.08163501561111684,1071,1662,0.644404332129964,0.621081147963193,0.667061494170369,132,1662,0.07942238267148015,0.06737113735574557,0.09341341743025572,458,1662,0.27557160048134777,0.25462664613397495,0.2975516642167811,996,1675,0.5946268656716418,0.5709237762237996,0.6178968963161232,618,1675,0.36895522388059704,0.3461714206699077,0.3923387520587167,7,1675,0.00417910447761194,0.002025796233610842,0.008601531561935799,17,1675,0.010149253731343283,0.006346263223729645,0.016194040757301086,37,1675,0.02208955223880597,0.01606795713432023,0.030298299217678668,714,1662,0.4296028880866426,0.4059929091008666,0.453537552859022,311 0.34; 363 0.22; 350 0.07; 312 0.06; 150 0.05; 323 0.05,6,38 0.17; 53 0.13; 35 0.09; 52 0.09; 44 0.09; 99 0.07; 56 0.05; 41 0.03; 37 0.03,9,earned income 0.40; shelter deduction 0.22; unearned income 0.16,"wrong amount, known item 0.33; wrong include/exclude decision 0.26; unreported source of income 0.09; method or computation 0.08",763,351,415,1114,0.6849192100538599,0.6570432304327979,0.7115241945046887,0.31508078994614,415,0.27141922825376064,1529,341364.0
4+,shelter_expenses_by_hh_size <= 384.000 & total_deductions_by_hh_size >  95.900 & unc_rawben_rel_max >   0.419 & unc_rawben_rel_max <=   0.965,train_2022_23,2815,703,1062,428,1062,0.4030131826741996,0.37391295228792526,0.4328125498880078,174,1062,0.1638418079096045,0.14279927207778625,0.18730756556112743,221,1062,0.2080979284369115,0.18475599175495772,0.23354406333765643,55,1062,0.051789077212806026,0.040002863255531006,0.06680625359635393,4,1062,0.003766478342749529,0.0014656314810711432,0.009644462176372888,79,1062,0.0743879472693032,0.06009401763176084,0.09174993366456688,101,1062,0.0951035781544256,0.07889062552011004,0.1142352573502902,307,1062,0.2890772128060264,0.2626105988068755,0.3170642797116587,311,1062,0.2928436911487759,0.26625984623827587,0.32092083802099874,102,1062,0.096045197740113,0.07975163223181285,0.11525070207377254,73,1062,0.0687382297551789,0.05502374958551992,0.0855614930996971,81,1062,0.07627118644067797,0.061790036232986865,0.0938068179337111,95,1062,0.08945386064030132,0.07373575086600631,0.10813142339328327,7,1062,0.006591337099811676,0.0031964130818983314,0.013543034881101049,0,1062,0.0,0.0,0.00360428791670357,7,1062,0.006591337099811676,0.0031964130818983314,0.013543034881101049,79,1062,0.0743879472693032,0.06009401763176084,0.09174993366456688,686,1060,0.6471698113207547,0.6179184041254636,0.6753583393295769,92,1060,0.08679245283018867,0.07130112030146224,0.10526802307476968,282,1060,0.2660377358490566,0.24031538875293953,0.29344978831853424,636,1060,0.6,0.5701976685250887,0.629080118694362,388,1060,0.3660377358490566,0.3375698632438402,0.3954731010470842,3,1060,0.002830188679245283,0.0009629588021949288,0.008288042474686891,0,1060,0.0,2.168404344971009e-19,0.003611063902746423,33,1060,0.031132075471698113,0.02225226562919453,0.04339810938904127,464,1060,0.4377358490566038,0.40814765368760486,0.46777372408141626,311 0.34; 363 0.21; 350 0.07; 312 0.05; 323 0.05; 364 0.05,6,38 0.19; 53 0.16; 52 0.11; 35 0.10; 44 0.09; 99 0.07; 41 0.03; 37 0.02,8,earned income 0.40; shelter deduction 0.21; unearned income 0.16,"wrong include/exclude decision 0.29; wrong amount, known item 0.29; unreported source of income 0.10; method or computation 0.09",480,223,255,703,0.6827880512091038,0.6474708702658908,0.7161183695298426,0.31721194879089615,255,0.2661795407098121,958,209329.0
4+,shelter_expenses_by_hh_size <= 384.000 & total_deductions_by_hh_size >  95.900 & unc_rawben_rel_max >   0.419 & unc_rawben_rel_max <=   0.965,test_2024,1538,411,616,248,616,0.4025974025974026,0.36458769495663956,0.44181445681891085,87,616,0.14123376623376624,0.11595012020382979,0.17096447216944755,140,616,0.22727272727272727,0.19592820811563322,0.2619978168559079,26,616,0.04220779220779221,0.02896399270928394,0.06112612063580293,2,616,0.003246753246753247,0.0008908102112371672,0.011760163844069867,46,616,0.07467532467532467,0.05644982240958679,0.09817290701031661,67,616,0.10876623376623376,0.08656048355994908,0.13582149273851168,251,616,0.4074675324675325,0.3693539364946654,0.44672810769210747,124,616,0.2012987012987013,0.17152908520222243,0.23477084690946554,52,616,0.08441558441558442,0.06495372627596807,0.1090287879663803,45,616,0.07305194805194805,0.055041762438203745,0.09635433617795883,48,616,0.07792207792207792,0.059274174704470876,0.10180181632291416,39,616,0.0633116883116883,0.046656599958861775,0.08537971383485583,16,616,0.025974025974025976,0.016049967471860355,0.041773837835818256,0,616,0.0,4.336808689942018e-19,0.00619771244782538,5,616,0.008116883116883116,0.003471836119544427,0.018859030346985085,36,616,0.05844155844155844,0.04250937368858619,0.07984704769390895,385,602,0.6395348837209303,0.6004066999453017,0.6768935052568501,40,602,0.0664451827242525,0.049172157646337186,0.08921649047554815,176,602,0.292358803986711,0.257432126357242,0.32991875875860355,360,615,0.5853658536585366,0.5460161506021295,0.6236557008054036,230,615,0.37398373983739835,0.3366351279856143,0.41289690088897985,4,615,0.0065040650406504065,0.002532084673282646,0.016603021951740626,17,615,0.027642276422764227,0.01732876706980433,0.04382032180851284,4,615,0.0065040650406504065,0.002532084673282646,0.016603021951740626,250,602,0.4152823920265781,0.37657659286680545,0.45506256826045954,311 0.34; 363 0.23; 350 0.08; 312 0.06; 150 0.06,5,38 0.14; 56 0.12; 44 0.09; 35 0.08; 53 0.08; 52 0.06; 99 0.06; 37 0.04; 41 0.03; 7 0.03; 57 0.03,11,earned income 0.40; shelter deduction 0.23; unearned income 0.14,"wrong amount, known item 0.41; wrong include/exclude decision 0.20; unreported source of income 0.08; change in circumstances 0.08",283,128,160,411,0.6885644768856448,0.6422214151323001,0.7314151729051582,0.31143552311435524,160,0.28021015761821366,571,132035.0
4+,rawben_rel_max >   0.422 & shelter_expenses_by_hh_size <= 382.000 & unc_rawben_rel_max <=   0.831,all_2022_24,5742,1371,2090,787,2090,0.376555023923445,0.3560264829335307,0.3975365373063958,430,2090,0.20574162679425836,0.18895794660763887,0.22360506675497654,380,2090,0.18181818181818182,0.16587097085626484,0.19893293790168515,105,2090,0.050239234449760764,0.041671613165103344,0.06045722026718685,8,2090,0.003827751196172249,0.0019408269043155561,0.007535343594923739,117,2090,0.05598086124401914,0.04691508530426512,0.06667593323314477,263,2090,0.1258373205741627,0.11230079348886685,0.1407468104941661,685,2090,0.3277511961722488,0.3079589415997254,0.34817550524668367,534,2090,0.2555023923444976,0.23726402370201902,0.27463792723830055,199,2090,0.09521531100478468,0.08336389079268187,0.1085520592963793,174,2090,0.08325358851674641,0.07216010296640779,0.0958762948203207,165,2090,0.07894736842105263,0.06814372294455748,0.09129603601333122,143,2090,0.06842105263157895,0.05836986356900702,0.08005588936282894,27,2090,0.01291866028708134,0.008893528268187893,0.018731101980824262,9,2090,0.00430622009569378,0.00226715636507575,0.00816419622625685,19,2090,0.00909090909090909,0.005827597437855799,0.014155576074409886,135,2090,0.0645933014354067,0.05483310416393251,0.07595119203115697,1329,2078,0.6395572666025024,0.6186733192406569,0.6599261669066082,171,2078,0.08229066410009625,0.07123148144009213,0.09489143588464576,576,2078,0.27718960538979787,0.25836841368519275,0.29683309636244976,1255,2087,0.6013416387158601,0.580167312505168,0.6221435655642181,756,2087,0.36224245328222326,0.3418913618008487,0.38309976139088414,9,2087,0.004312410158121706,0.002270417636537921,0.008175902161193288,15,2087,0.007187350263536177,0.004360444656333234,0.011825190831309637,52,2087,0.024916147580258743,0.01905102340524316,0.03252705883685495,889,2078,0.4278152069297401,0.40669458749679316,0.4492022300132423,311 0.33; 363 0.18; 350 0.09; 150 0.07; 364 0.05; 312 0.04,6,38 0.17; 44 0.11; 52 0.11; 53 0.11; 35 0.10; 99 0.06; 41 0.03; 37 0.03; 56 0.03; 7 0.03,10,earned income 0.38; unearned income 0.21; shelter deduction 0.18,"wrong amount, known item 0.33; wrong include/exclude decision 0.26; unreported source of income 0.10; household composition 0.08",836,535,470,1371,0.6097738876732313,0.5836800243106868,0.6352542878311629,0.3902261123267688,470,0.2552960347637154,1841,410389.0
4+,rawben_rel_max >   0.422 & shelter_expenses_by_hh_size <= 382.000 & unc_rawben_rel_max <=   0.831,train_2022_23,3829,905,1384,518,1384,0.37427745664739887,0.34916217721191434,0.40008874594819266,289,1384,0.20881502890173412,0.1882210158008572,0.23102106485157464,255,1384,0.1842485549132948,0.16470681280596952,0.2055383217972878,75,1384,0.054190751445086706,0.04344995380697046,0.06739958406536309,4,1384,0.002890173410404624,0.001124470241198643,0.0074079155872705405,72,1384,0.05202312138728324,0.041513745403590645,0.06501253252322753,171,1384,0.12355491329479769,0.10725235360735938,0.1419415025214668,421,1384,0.3041907514450867,0.2805217396544926,0.3289437786006166,379,1384,0.2738439306358382,0.25100025715932767,0.297939621858566,124,1384,0.08959537572254335,0.07566241443116707,0.10580036921791793,106,1384,0.07658959537572255,0.06372097797373637,0.09180224600225627,112,1384,0.08092485549132948,0.06768968563328132,0.09648005823374212,109,1384,0.078757225433526,0.06570377059104264,0.09414271333046538,16,1384,0.011560693641618497,0.007128383807351457,0.018697041803179305,6,1384,0.004335260115606936,0.0019883303030599647,0.009426228822419483,11,1384,0.007947976878612716,0.004443729601399152,0.014176262766605954,100,1384,0.07225433526011561,0.05976525222140693,0.0871114518635549,878,1381,0.6357711803041275,0.6100466722217016,0.660742420191467,123,1381,0.0890658942795076,0.07516038373122155,0.10525129656492205,380,1381,0.27516292541636495,0.25225652990204206,0.299316733061751,849,1381,0.6147719044170891,0.5888201649054648,0.6400868812144668,487,1381,0.35264301230992035,0.32788354442394013,0.37822002727696774,4,1381,0.002896451846488052,0.0011269141842948573,0.007423955460291211,0,1381,0.0,0.0,0.002774035673105141,41,1381,0.029688631426502535,0.021959223890976126,0.04002735998980851,583,1381,0.4221578566256336,0.39635944059989675,0.4483881464165534,311 0.33; 363 0.18; 350 0.09; 150 0.06; 364 0.05; 323 0.04,6,38 0.17; 53 0.13; 52 0.12; 44 0.12; 35 0.09; 99 0.07; 41 0.03; 37 0.03,8,earned income 0.37; unearned income 0.21; shelter deduction 0.18,"wrong amount, known item 0.30; wrong include/exclude decision 0.27; unreported source of income 0.09; change in circumstances 0.08; method or computation 0.08",536,369,305,905,0.5922651933701657,0.5599236904216824,0.6238267012857392,0.40773480662983425,305,0.25206611570247933,1210,264864.0
4+,rawben_rel_max >   0.422 & shelter_expenses_by_hh_size <= 382.000 & unc_rawben_rel_max <=   0.831,test_2024,1913,466,706,269,706,0.3810198300283286,0.3459316819900457,0.41739579839431046,141,706,0.19971671388101983,0.1718863197434949,0.2307973212265469,125,706,0.17705382436260622,0.1506661688862521,0.20693699215700037,30,706,0.042492917847025496,0.029924756578783,0.060013054899157994,4,706,0.0056657223796034,0.002205393658075645,0.014476637938832734,45,706,0.06373937677053824,0.04797473049188647,0.08422603091741948,92,706,0.13031161473087818,0.10746605777990512,0.15715861341434442,264,706,0.37393767705382436,0.33901880810383167,0.41022102230340285,155,706,0.21954674220963172,0.19057497605368326,0.2515540848522992,75,706,0.10623229461756374,0.08559523771542674,0.13113142355660914,68,706,0.09631728045325778,0.07668851426480422,0.12031543703926134,53,706,0.07507082152974505,0.05784959770353097,0.09689140366916964,34,706,0.04815864022662889,0.03466475871788395,0.06654317274175436,11,706,0.015580736543909348,0.008721825281075814,0.027682916283802882,3,706,0.00424929178470255,0.0014461464843510208,0.012418355117133028,8,706,0.0113314447592068,0.005752697379786398,0.02219945419881931,35,706,0.049575070821529746,0.0358591769668837,0.06816628448817896,451,697,0.6470588235294118,0.6108626275215869,0.6816428401903756,48,697,0.06886657101865136,0.05233337393406454,0.0901262060908655,196,697,0.2812051649928264,0.2490969741583364,0.31571196412386604,406,706,0.5750708215297451,0.5382963796437351,0.6110327101137546,269,706,0.3810198300283286,0.3459316819900457,0.41739579839431046,5,706,0.007082152974504249,0.0030287109796363378,0.01647085061269637,15,706,0.021246458923512748,0.012917078626049924,0.034757782920526094,11,706,0.015580736543909348,0.008721825281075814,0.027682916283802882,306,697,0.43902439024390244,0.4026151314565587,0.47610211363848143,311 0.32; 363 0.18; 350 0.10; 150 0.07; 312 0.05; 323 0.04,6,38 0.16; 35 0.11; 44 0.09; 52 0.09; 56 0.08; 53 0.07; 99 0.05; 37 0.04; 7 0.03; 41 0.03,10,earned income 0.38; unearned income 0.20; shelter deduction 0.18,"wrong amount, known item 0.37; wrong include/exclude decision 0.22; unreported source of income 0.11; household composition 0.10",300,166,165,466,0.6437768240343348,0.5992831833974979,0.6859193188926356,0.3562231759656652,165,0.26148969889064977,631,145525.0
4+,elderly_disabled_i <=   0.500 & HH_size_n >   4.500 & rawben_rel_max <=   0.831 & total_deductions_by_hh_size <= 248.000,all_2022_24,3419,826,1264,562,1264,0.44462025316455694,0.4174340214272993,0.4721420896578709,225,1264,0.17800632911392406,0.1579034048081322,0.2000605553585006,212,1264,0.16772151898734178,0.1481375868572558,0.18931907965376576,59,1264,0.04667721518987342,0.03635813132741701,0.059743463698333846,0,1264,0.0,0.0,0.0030300315118229277,50,1264,0.03955696202531646,0.030132504684867886,0.05177173319469057,156,1264,0.12341772151898735,0.10641743389855852,0.1427001214805993,429,1264,0.33939873417721517,0.31381637973233845,0.3659543424146553,282,1264,0.2231012658227848,0.2010079754175193,0.24687258000833195,128,1264,0.10126582278481013,0.08582389302043594,0.11912410679278995,105,1264,0.08306962025316456,0.06908856938553871,0.09957729549852883,116,1264,0.09177215189873418,0.0770691068136205,0.10894908347134885,111,1264,0.08781645569620253,0.07343593610054805,0.10469483354764775,12,1264,0.00949367088607595,0.005438985235477794,0.01652085580460166,5,1264,0.003955696202531646,0.0016907597230822365,0.009226692425514244,9,1264,0.007120253164556962,0.003750429847271361,0.013476958810743962,67,1264,0.05300632911392405,0.0419538057661534,0.06676766227843514,807,1257,0.6420047732696897,0.6151059052081665,0.6680383057696438,75,1257,0.059665871121718374,0.047864205492065964,0.07415080416497581,374,1257,0.2975338106603023,0.27290796067914525,0.32339343039170776,774,1263,0.6128266033254157,0.5856587199187935,0.6393102106878428,446,1263,0.35312747426761676,0.3272500472152013,0.3798956606617739,4,1263,0.003167062549485352,0.0012322570688120095,0.008115083593193406,11,1263,0.00870942201108472,0.004870044855745467,0.015528401169392952,28,1263,0.022169437846397466,0.015382143558810013,0.03185470120536571,535,1257,0.42561654733492443,0.39855020062110186,0.45313616505718796,311 0.38; 363 0.17; 350 0.09; 150 0.07; 312 0.05,5,38 0.18; 44 0.11; 52 0.11; 35 0.10; 53 0.08; 99 0.05; 41 0.04; 37 0.03; 56 0.02; 98 0.02; 7 0.02,11,earned income 0.44; unearned income 0.18; shelter deduction 0.17,"wrong amount, known item 0.34; wrong include/exclude decision 0.22; unreported source of income 0.10; change in circumstances 0.09",516,310,244,826,0.6246973365617433,0.5911704249139736,0.6570697211572766,0.37530266343825663,244,0.22803738317757008,1070,286243.0
4+,elderly_disabled_i <=   0.500 & HH_size_n >   4.500 & rawben_rel_max <=   0.831 & total_deductions_by_hh_size <= 248.000,train_2022_23,2249,521,789,347,789,0.43979721166032953,0.4055365964246383,0.47464123480924253,140,789,0.17743979721166034,0.1523635294153432,0.20564190319566011,135,789,0.17110266159695817,0.14643338943517373,0.1989591833057117,39,789,0.049429657794676805,0.03636711308692937,0.06685855014769403,0,789,0.0,0.0,0.00484535624770446,26,789,0.032953105196451206,0.0225856294301795,0.0478465981421376,102,789,0.12927756653992395,0.1076507072165345,0.15449699038157336,254,789,0.32192648922686945,0.2902556986584563,0.3553229389912331,181,789,0.229404309252218,0.20141917374624807,0.26001170979972127,72,789,0.09125475285171103,0.07309240774244083,0.11337813063496016,64,789,0.08111533586818757,0.06403291231615323,0.10225705026905925,70,789,0.08871989860583017,0.07082018871733355,0.1106052057120203,81,789,0.10266159695817491,0.08337195635819665,0.1258017297854164,5,789,0.0063371356147021544,0.0027097537944520524,0.01474846232337022,2,789,0.0025348542458808617,0.0006954093653721797,0.009195090830379404,7,789,0.008871989860583017,0.004304055392304377,0.018199304673565023,53,789,0.06717363751584284,0.051720486319980705,0.08682118455097258,510,788,0.6472081218274112,0.6132036119345126,0.6797842785728818,47,788,0.05964467005076142,0.04514765265006236,0.07841443350454227,231,788,0.29314720812182743,0.26242866510603596,0.3258728335775391,501,788,0.6357868020304569,0.6016041481461496,0.668651923270154,266,788,0.33756345177664976,0.30540487568619623,0.3712981416849547,2,788,0.0025380710659898475,0.0006962922148579581,0.009206698484291974,0,788,0.0,4.336808689942018e-19,0.004851475345574164,19,788,0.024111675126903553,0.015489422100776544,0.03735144910376739,333,788,0.42258883248730966,0.3885559984435982,0.4573727832723409,311 0.38; 363 0.17; 350 0.09; 150 0.07; 312 0.05,5,38 0.18; 44 0.12; 52 0.11; 35 0.09; 53 0.09; 99 0.07; 41 0.04; 98 0.03; 42 0.03,9,earned income 0.44; unearned income 0.18; shelter deduction 0.17,"wrong amount, known item 0.32; wrong include/exclude decision 0.23; method or computation 0.10; unreported source of income 0.09; change in circumstances 0.09",310,211,157,521,0.5950095969289827,0.5523106365247634,0.6363177039116654,0.4049904030710173,157,0.23156342182890854,678,162147.0
4+,elderly_disabled_i <=   0.500 & HH_size_n >   4.500 & rawben_rel_max <=   0.831 & total_deductions_by_hh_size <= 248.000,test_2024,1170,305,475,215,475,0.45263157894736844,0.4084266593750306,0.4975965432873947,85,475,0.17894736842105263,0.1470938676852886,0.21595228369337194,77,475,0.16210526315789472,0.13169436973668763,0.19793780925527965,20,475,0.042105263157894736,0.027419358028346823,0.06413826770843126,0,475,0.0,0.0,0.008022694770045042,24,475,0.05052631578947368,0.034185397226891866,0.07407921470323284,54,475,0.11368421052631579,0.08818327280668736,0.1453837355735369,175,475,0.3684210526315789,0.32625756635721487,0.4126957743717444,101,475,0.21263157894736842,0.17821553044497707,0.2516585657070699,56,475,0.11789473684210526,0.0919133563453573,0.15000714513154026,41,475,0.0863157894736842,0.06426286278079345,0.11500644047105434,46,475,0.0968421052631579,0.0733902651715505,0.12676277082198054,30,475,0.06315789473684211,0.04459498560493699,0.08873010561520761,7,475,0.014736842105263158,0.007156371913980103,0.030103548694421507,3,475,0.00631578947368421,0.002150176513672105,0.018402757901382894,2,475,0.004210526315789474,0.0011554144294034447,0.0152207734373149,14,475,0.029473684210526315,0.01763643500214754,0.04886071144461064,297,469,0.6332622601279317,0.5887282787793542,0.6756308639018311,28,469,0.05970149253731343,0.041624988103786155,0.08493240447757727,143,469,0.3049040511727079,0.26496323020987017,0.34801498490487454,273,475,0.5747368421052632,0.529851568745568,0.6184229337203833,180,475,0.37894736842105264,0.3364552835177169,0.42338178995292564,2,475,0.004210526315789474,0.0011554144294034447,0.0152207734373149,11,475,0.023157894736842106,0.012979127482127567,0.04098777931962065,9,475,0.018947368421052633,0.00999954959495473,0.035613864110120186,202,469,0.43070362473347545,0.3866300078927389,0.47590323791304473,311 0.39; 363 0.16; 350 0.09; 150 0.07; 312 0.06,5,38 0.17; 35 0.12; 44 0.09; 52 0.09; 56 0.07; 41 0.05; 53 0.05; 37 0.05; 99 0.03; 57 0.03; 13 0.03,11,earned income 0.45; unearned income 0.18; shelter deduction 0.16,"wrong amount, known item 0.37; wrong include/exclude decision 0.21; unreported source of income 0.12; change in circumstances 0.10",206,99,87,305,0.6754098360655738,0.6209620753852788,0.7254938424703469,0.32459016393442625,87,0.22193877551020408,392,124096.0
4+,elderly_disabled_i <=   0.500 & unc_rawben_rel_max >   0.529 & unc_rawben_rel_max <=   0.965 & utilities > 260.000,all_2022_24,4496,1167,1750,755,1750,0.43142857142857144,0.408398580722838,0.45475895870375554,298,1750,0.1702857142857143,0.1534011375793235,0.18861469783021406,313,1750,0.17885714285714285,0.16161087389546713,0.1975102690857462,66,1750,0.037714285714285714,0.02975364302047736,0.047700101947141145,0,1750,0.0,2.168404344971009e-19,0.0021903916522449914,128,1750,0.07314285714285715,0.061856246959565195,0.08629943597097996,190,1750,0.10857142857142857,0.09484356947782976,0.12401405141564201,589,1750,0.3365714285714286,0.3148110126396055,0.35904778966044254,401,1750,0.22914285714285715,0.21005734724121441,0.2494149334938303,203,1750,0.116,0.10183048121765932,0.13185173957126486,119,1750,0.068,0.057126196364387524,0.08076630202315215,151,1750,0.08628571428571429,0.07401948704240664,0.10036433416470807,141,1750,0.08057142857142857,0.06871878550794124,0.09426149731805629,12,1750,0.006857142857142857,0.00392688053100448,0.01194775717858115,8,1750,0.004571428571428572,0.0023181885634429703,0.008995033793695782,11,1750,0.006285714285714286,0.003513426969517955,0.011220856901955956,115,1750,0.06571428571428571,0.05502999276912078,0.078301090265972,1125,1742,0.6458094144661309,0.6230513664652425,0.6679257760200782,149,1742,0.08553386911595867,0.07329503576447144,0.09959670882449928,465,1742,0.2669345579793341,0.24669061983010881,0.28820418391382746,1006,1747,0.5758443045220378,0.5525274616157335,0.5988283206549186,682,1747,0.39038351459645104,0.3677716834150372,0.4134763746617185,6,1747,0.0034344590726960505,0.0015749434351320585,0.0074730481136179834,11,1747,0.006296508299942759,0.0035194663646961177,0.011240064137663434,42,1747,0.024041213508872353,0.017834857315304938,0.032336214699433576,709,1742,0.4070034443168771,0.38416205837539247,0.4302540948426313,311 0.36; 363 0.18; 350 0.09; 312 0.07; 323 0.06; 150 0.05,6,38 0.18; 35 0.12; 53 0.11; 44 0.09; 52 0.08; 99 0.07; 56 0.04; 41 0.04; 39 0.03; 37 0.03,10,earned income 0.43; shelter deduction 0.18; unearned income 0.17,"wrong amount, known item 0.34; wrong include/exclude decision 0.23; unreported source of income 0.12; change in circumstances 0.09",792,375,357,1167,0.6786632390745502,0.6513211921622463,0.7048328768424766,0.3213367609254499,357,0.234251968503937,1524,383038.0
4+,elderly_disabled_i <=   0.500 & unc_rawben_rel_max >   0.529 & unc_rawben_rel_max <=   0.965 & utilities > 260.000,train_2022_23,2893,725,1088,464,1088,0.4264705882352941,0.39739230999847686,0.4560662869262052,198,1088,0.18198529411764705,0.16019061307089283,0.20601781862835733,187,1088,0.171875,0.15062125576654617,0.1954377330098478,41,1088,0.03768382352941176,0.02789825611434235,0.050722672049596434,0,1088,0.0,0.0,0.0035184590878383822,74,1088,0.06801470588235294,0.0545232750236684,0.08454598190883904,124,1088,0.11397058823529412,0.09643058065704489,0.1342270531975362,314,1088,0.28860294117647056,0.2624593275194894,0.31623413863897165,266,1088,0.24448529411764705,0.21987528090142983,0.2708933434118405,125,1088,0.11488970588235294,0.09728083158977086,0.13520856980325172,79,1088,0.07261029411764706,0.05864836239304985,0.08957973223166496,104,1088,0.09558823529411764,0.07951258711455139,0.11450969597120023,97,1088,0.08915441176470588,0.07363501360850405,0.10756489670815728,5,1088,0.004595588235294118,0.0019644810362626965,0.010712815743783055,5,1088,0.004595588235294118,0.0019644810362626965,0.010712815743783055,7,1088,0.006433823529411764,0.003119945194782886,0.013220886662145808,86,1088,0.07904411764705882,0.06445277392611358,0.09659769346769152,684,1086,0.6298342541436464,0.6007057229209142,0.6580474757090519,102,1086,0.09392265193370165,0.07797521991617737,0.11273286096456714,300,1086,0.27624309392265195,0.250473042625272,0.30359059377840364,620,1086,0.570902394106814,0.5412658878065275,0.60003905045239,429,1086,0.39502762430939226,0.3663713767217696,0.4244239094923005,3,1086,0.0027624309392265192,0.0009398938580316815,0.008090409261247305,0,1086,0.0,0.0,0.0035249159143860907,34,1086,0.03130755064456722,0.022489173065674974,0.04343013117083059,438,1086,0.40331491712707185,0.3745285167810293,0.4327829310477196,311 0.36; 363 0.17; 350 0.09; 312 0.06; 150 0.06; 323 0.05,6,38 0.19; 53 0.13; 35 0.11; 44 0.10; 52 0.09; 99 0.08; 41 0.04; 39 0.03,8,earned income 0.43; unearned income 0.18; shelter deduction 0.17,"wrong amount, known item 0.29; wrong include/exclude decision 0.24; unreported source of income 0.11; change in circumstances 0.10; method or computation 0.09",485,240,215,725,0.6689655172413793,0.6338985941656101,0.7022512633617319,0.3310344827586207,215,0.22872340425531915,940,227523.0
4+,elderly_disabled_i <=   0.500 & unc_rawben_rel_max >   0.529 & unc_rawben_rel_max <=   0.965 & utilities > 260.000,test_2024,1603,442,662,291,662,0.4395770392749245,0.4022236306297674,0.47762767334403056,100,662,0.1510574018126888,0.12579549434821335,0.18034578610046992,126,662,0.1903323262839879,0.16224736654018174,0.22199056632553288,25,662,0.0377643504531722,0.025708227658415843,0.05515424774113865,0,662,0.0,0.0,0.005769540383178221,54,662,0.08157099697885196,0.06305512039640046,0.1049151596221505,66,662,0.09969788519637462,0.07913392870597602,0.12488096012043554,275,662,0.41540785498489424,0.3784614708826814,0.4533303546806357,135,662,0.2039274924471299,0.1749835934075438,0.23628779606406627,78,662,0.11782477341389729,0.09544194619116178,0.1446175514431104,40,662,0.06042296072507553,0.044683982239887524,0.08123425416949275,47,662,0.07099697885196375,0.05380834189848788,0.09313591631547774,44,662,0.06646525679758308,0.049881407758256065,0.0880516982537444,7,662,0.010574018126888218,0.005131235842656217,0.02166432634510736,3,662,0.004531722054380665,0.0015423381069058278,0.013238354478237548,4,662,0.006042296072507553,0.002352127781585842,0.015432282204212581,29,662,0.04380664652567976,0.03067162140149775,0.06220572360067696,441,656,0.6722560975609756,0.6354236927980944,0.707082751172701,47,656,0.07164634146341463,0.05430441285133246,0.09397602293810546,165,656,0.25152439024390244,0.21983278548798746,0.2861092466603342,386,661,0.583963691376702,0.546007820628296,0.6209492410236827,253,661,0.3827534039334342,0.3464771014105292,0.4203846593457173,3,661,0.0045385779122541605,0.0015446732254068962,0.013258251260666178,11,661,0.01664145234493192,0.009317174954430728,0.029551632292287897,8,661,0.012102874432677761,0.006145125421005572,0.02369897579047097,271,656,0.41310975609756095,0.3760416893828331,0.4511895733929603,311 0.36; 363 0.19; 350 0.09; 312 0.07; 323 0.06,5,38 0.16; 35 0.12; 56 0.12; 44 0.09; 52 0.07; 53 0.07; 99 0.04; 37 0.04; 57 0.03; 41 0.03,10,earned income 0.44; shelter deduction 0.19; unearned income 0.15,"wrong amount, known item 0.42; wrong include/exclude decision 0.20; unreported source of income 0.12; change in circumstances 0.07",307,135,142,442,0.6945701357466063,0.6501064834919357,0.735680755742806,0.3054298642533937,142,0.24315068493150685,584,155515.0
4+,elderly_disabled_i <=  0.500 & HH_size_n >  4.500 & months_since_cert_n <= 12.500 & rawben_rel_max <=  0.826,all_2022_24,3619,903,1390,605,1390,0.4352517985611511,0.40940126464056226,0.4614592405990574,238,1390,0.1712230215827338,0.15233192990715064,0.1919264133651408,240,1390,0.17266187050359713,0.15370138819829735,0.19342672162422478,62,1390,0.04460431654676259,0.03494949708312867,0.0567693897688637,0,1390,0.0,0.0,0.002756123794841537,82,1390,0.058992805755395686,0.04777939381904637,0.0726371585352527,163,1390,0.11726618705035971,0.10139732537875415,0.1352447722598871,474,1390,0.3410071942446043,0.31655460239319433,0.3663361938063163,323,1390,0.23237410071942446,0.21092677340219979,0.2552966482548952,143,1390,0.10287769784172662,0.08798561789907305,0.11995881423726149,109,1390,0.07841726618705036,0.06541835149341019,0.09374004928900292,124,1390,0.08920863309352518,0.07533355455249775,0.10534809535664542,117,1390,0.0841726618705036,0.0706976351287984,0.09993983185453742,13,1390,0.00935251798561151,0.005473713853758826,0.015935892517582075,5,1390,0.0035971223021582736,0.0015374018782480735,0.008393138292170144,10,1390,0.007194244604316547,0.003912394404037684,0.013192562141957211,72,1390,0.051798561151079135,0.04133367694373349,0.06473404265941221,910,1382,0.658465991316932,0.6330549019789355,0.6829985344311129,79,1382,0.057163531114327065,0.04610662475589664,0.07067555294752922,392,1382,0.28364688856729375,0.2605060926410993,0.3079871608447248,844,1389,0.6076313894888409,0.5816896001029426,0.6329794620502842,498,1389,0.35853131749460043,0.3337326378245792,0.38411036743890514,3,1389,0.0021598272138228943,0.0007347887583951866,0.00633105419172922,12,1389,0.008639308855291577,0.004948853539349414,0.015040210543745174,32,1389,0.023038156947444204,0.016365657850300995,0.03234167541717177,592,1382,0.4283646888567294,0.4025090342513208,0.4546174944948218,311 0.38; 363 0.17; 350 0.09; 150 0.07; 312 0.05,5,38 0.18; 52 0.11; 44 0.11; 35 0.10; 53 0.08; 99 0.05; 41 0.04; 56 0.03; 37 0.03; 98 0.03,10,earned income 0.44; shelter deduction 0.17; unearned income 0.17,"wrong amount, known item 0.34; wrong include/exclude decision 0.23; unreported source of income 0.10; change in circumstances 0.09",572,331,281,903,0.6334440753045404,0.6015108951477244,0.6642466528077289,0.36655592469545956,281,0.23733108108108109,1184,312826.0
4+,elderly_disabled_i <=  0.500 & HH_size_n >  4.500 & months_since_cert_n <= 12.500 & rawben_rel_max <=  0.826,train_2022_23,2309,552,839,356,839,0.42431466030989273,0.39129064990046203,0.45802860534275336,146,839,0.17401668653158522,0.14986386910992935,0.20114111213447058,147,839,0.17520858164481526,0.15098179134909132,0.20239611500958868,43,839,0.05125148986889154,0.0382698363857872,0.06832385808776513,0,839,0.0,0.0,0.004557914559509164,46,839,0.054827175208581644,0.04135418714043279,0.07235828267595976,101,839,0.12038140643623362,0.10007465798293726,0.14414869311885933,264,839,0.3146603098927294,0.2841422879102533,0.3468678568191953,210,839,0.25029797377830754,0.2221686556655107,0.280703532892814,77,839,0.09177592371871275,0.07405652452785981,0.11321662383121502,65,839,0.07747318235995232,0.061247770689675685,0.09755027629803825,73,839,0.08700834326579261,0.06976967588497511,0.10801177201697941,81,839,0.09654350417163289,0.07835903925969007,0.11840580955650504,5,839,0.0059594755661501785,0.0025481010770973655,0.013874439053812167,2,839,0.0023837902264600714,0.0006539511649629104,0.008649813623106403,8,839,0.009535160905840286,0.004839316421518044,0.01870199905223171,54,839,0.06436233611442194,0.04966203037967819,0.08303384035095494,560,838,0.6682577565632458,0.6356743658592002,0.699305516341917,47,838,0.05608591885441527,0.042437222669481106,0.0737860668424651,231,838,0.2756563245823389,0.24647730477274307,0.3068828522924341,530,838,0.6324582338902148,0.599278745229,0.6644288216101775,284,838,0.33890214797136037,0.30765381412249604,0.37162076674877487,1,838,0.0011933174224343676,0.00021067547434014833,0.006728397149298314,0,838,0.0,0.0,0.004563328778240467,23,838,0.027446300715990454,0.0183573160342898,0.04084812118810454,359,838,0.42840095465393796,0.39529797641179004,0.4621573928643304,311 0.36; 363 0.18; 350 0.09; 150 0.07; 364 0.05; 312 0.05,6,38 0.18; 52 0.13; 44 0.12; 53 0.10; 35 0.09; 99 0.06; 41 0.03; 98 0.03; 42 0.02,9,earned income 0.42; shelter deduction 0.18; unearned income 0.17,"wrong amount, known item 0.31; wrong include/exclude decision 0.25; method or computation 0.10; unreported source of income 0.09",330,222,174,552,0.5978260869565217,0.5563805479618974,0.6379194108752965,0.40217391304347827,174,0.2396694214876033,726,172528.0
4+,elderly_disabled_i <=  0.500 & HH_size_n >  4.500 & months_since_cert_n <= 12.500 & rawben_rel_max <=  0.826,test_2024,1310,351,551,249,551,0.4519056261343013,0.4108255772715268,0.4936516645214464,92,551,0.16696914700544466,0.13815668423413793,0.20039327308701468,93,551,0.16878402903811252,0.1398260984624267,0.20232849124389676,19,551,0.034482758620689655,0.022184724344754866,0.05322706885892706,0,551,0.0,0.0,0.006923777885436131,36,551,0.06533575317604355,0.0475637537591115,0.08912678999247453,62,551,0.11252268602540835,0.08877416433341827,0.1416368214326094,210,551,0.3811252268602541,0.3415282382687547,0.42236834050255595,113,551,0.20508166969147004,0.1734649521607941,0.24078228524894596,66,551,0.11978221415607986,0.0952682128096349,0.14956130249707608,44,551,0.07985480943738657,0.06002160019729672,0.10550600263565599,51,551,0.0925589836660617,0.07110041612847216,0.11965961340067634,36,551,0.06533575317604355,0.0475637537591115,0.08912678999247453,8,551,0.014519056261343012,0.0073748997653872855,0.02838593720141549,3,551,0.0054446460980036296,0.0018533291647964334,0.01588434587615219,2,551,0.003629764065335753,0.0009959563972526978,0.013137086258525096,18,551,0.032667876588021776,0.0207620509928342,0.051045109825676886,350,544,0.6433823529411765,0.6022532229890499,0.6825006182672549,32,544,0.058823529411764705,0.04197244818967932,0.08186188640630608,161,544,0.2959558823529412,0.25913540466028945,0.3356379750903538,314,551,0.5698729582577132,0.5281899617596941,0.6105883850693827,214,551,0.38838475499092556,0.34859543486032507,0.42971967345166884,2,551,0.003629764065335753,0.0009959563972526978,0.013137086258525096,12,551,0.021778584392014518,0.012501217812817957,0.03767814869466814,9,551,0.016333938294010888,0.008616581277383835,0.030748888074589767,233,544,0.42830882352941174,0.3873715363110997,0.47025154306074785,311 0.39; 363 0.17; 350 0.09; 150 0.07; 312 0.05,5,38 0.17; 35 0.12; 52 0.09; 44 0.09; 56 0.09; 53 0.05; 41 0.05; 37 0.04; 99 0.03; 57 0.03,10,earned income 0.45; shelter deduction 0.17; unearned income 0.17,"wrong amount, known item 0.38; wrong include/exclude decision 0.21; unreported source of income 0.12; change in circumstances 0.09",242,109,107,351,0.6894586894586895,0.6392187335411714,0.735596395237416,0.31054131054131057,107,0.2336244541484716,458,140298.0
4+,elderly_disabled_i <=  0.5 & HH_size_n >  4.5 & rawben_rel_max >  0.5 & total_deductions_by_hh_size > 52.1,all_2022_24,3777,859,1285,561,1285,0.4365758754863813,0.40968705315502135,0.46384278945713525,200,1285,0.1556420233463035,0.13685014307075466,0.17648673246150626,234,1285,0.1821011673151751,0.16195752113967712,0.20413991084886204,50,1285,0.038910505836575876,0.029638023554541322,0.05093169114119787,0,1285,0.0,0.0,0.002980661083565273,73,1285,0.05680933852140078,0.04542384770626178,0.0708368316510774,167,1285,0.12996108949416343,0.11267265367262166,0.14945544647560446,400,1285,0.311284046692607,0.28656158359620554,0.3371315063847511,301,1285,0.23424124513618677,0.2118973609146941,0.25816940291415813,154,1285,0.1198443579766537,0.10320983083381864,0.1387451153752423,115,1285,0.08949416342412451,0.07508520597718482,0.10635027841438047,111,1285,0.08638132295719844,0.07222741667290924,0.10300094342968213,110,1285,0.08560311284046693,0.07151387881791024,0.10216270021243765,10,1285,0.007782101167315175,0.004232486126428854,0.0142659856795712,4,1285,0.0031128404669260703,0.001211148803268339,0.007976636569270848,13,1285,0.010116731517509728,0.005921680160078571,0.017232134862651922,67,1285,0.052140077821011675,0.04126472537452464,0.06568526754935368,821,1279,0.6419077404222049,0.6152429972396914,0.6677225692028063,102,1279,0.0797498045347928,0.06613021759084103,0.09588635561663836,355,1279,0.27756059421422985,0.2537129720693617,0.30274045133069016,758,1284,0.5903426791277259,0.5632129943651546,0.6169333838850898,489,1284,0.3808411214953271,0.3546727039926624,0.40772043503934297,4,1284,0.003115264797507788,0.0012120925692877963,0.007982827054367782,8,1284,0.006230529595015576,0.0031603975277093915,0.012246466173540825,25,1284,0.019470404984423675,0.013222435246710693,0.028585190784316726,532,1279,0.41594996090695857,0.3892283602741271,0.44317495436736876,311 0.35; 363 0.18; 350 0.08; 312 0.07; 150 0.07,5,38 0.18; 35 0.12; 53 0.11; 52 0.08; 44 0.07; 99 0.05; 56 0.04; 7 0.03; 37 0.03; 39 0.03; 41 0.02,11,earned income 0.44; shelter deduction 0.18; unearned income 0.16,"wrong amount, known item 0.31; wrong include/exclude decision 0.23; unreported source of income 0.12; household composition 0.09",617,242,279,859,0.7182770663562281,0.687273868531152,0.7473366092205002,0.2817229336437718,279,0.2451669595782074,1138,315767.0
4+,elderly_disabled_i <=  0.5 & HH_size_n >  4.5 & rawben_rel_max >  0.5 & total_deductions_by_hh_size > 52.1,train_2022_23,2388,530,786,334,786,0.42493638676844786,0.3908244101653312,0.45977854617426916,127,786,0.16157760814249364,0.137501943811247,0.18894528307576428,138,786,0.17557251908396945,0.1505703204387024,0.2037305925544851,35,786,0.044529262086514,0.03218973271201605,0.06129939219606679,0,786,0.0,0.0,0.004863760024794845,41,786,0.05216284987277354,0.03868158717397486,0.07000045742838593,111,786,0.14122137404580154,0.1186166097544812,0.16731616461445561,207,786,0.2633587786259542,0.23377054008871778,0.2952489493886661,200,786,0.2544529262086514,0.2252479672208572,0.2860464492798691,87,786,0.11068702290076336,0.09061804273421178,0.13454305285761323,75,786,0.09541984732824428,0.0768039665797369,0.11797128962353223,73,786,0.09287531806615776,0.0745160958050931,0.1151948538334167,80,786,0.10178117048346055,0.0825424387619703,0.12489358385319708,3,786,0.003816793893129771,0.0012988617129253196,0.011161358159008495,4,786,0.005089058524173028,0.001980730049621503,0.01301164310469197,7,786,0.008905852417302799,0.004320507834572107,0.018268325166880334,50,786,0.06361323155216285,0.04858279644046878,0.0828886277033089,502,786,0.638676844783715,0.6044932704175001,0.6715114373618825,66,786,0.08396946564885496,0.0665453671014178,0.10544050956043442,218,786,0.27735368956743,0.24719543895666993,0.3096777366268902,475,786,0.6043256997455471,0.5697116718185968,0.637924897336535,288,786,0.366412213740458,0.33345295118795637,0.4006709541621798,2,786,0.002544529262086514,0.000698064655821568,0.00923000193373259,0,786,0.0,0.0,0.004863760024794845,21,786,0.026717557251908396,0.017540169312154755,0.04049880964261288,334,786,0.42493638676844786,0.3908244101653312,0.45977854617426916,311 0.35; 363 0.18; 350 0.08; 150 0.08; 312 0.07,5,38 0.18; 53 0.13; 35 0.11; 52 0.09; 44 0.08; 99 0.06; 7 0.04; 39 0.03; 12 0.03,9,earned income 0.42; shelter deduction 0.18; unearned income 0.16,"wrong amount, known item 0.26; wrong include/exclude decision 0.25; unreported source of income 0.11; method or computation 0.10; household composition 0.10",374,156,176,530,0.7056603773584905,0.6654911875085116,0.7428696446184714,0.2943396226415094,176,0.24929178470254956,706,185050.0
4+,elderly_disabled_i <=  0.5 & HH_size_n >  4.5 & rawben_rel_max >  0.5 & total_deductions_by_hh_size > 52.1,test_2024,1389,329,499,227,499,0.45490981963927857,0.4117280832424621,0.4987805142960073,73,499,0.1462925851703407,0.11798769470850058,0.18000197042660357,96,499,0.19238476953907815,0.1602017417603108,0.22926802366880242,15,499,0.03006012024048096,0.018299815194584318,0.04900090137301867,0,499,0.0,0.0,0.007639781593249245,32,499,0.06412825651302605,0.04578804727878556,0.08912839559308501,56,499,0.11222444889779559,0.0874393767314229,0.1429345620994137,193,499,0.3867735470941884,0.34506217157436114,0.430214973355573,101,499,0.20240480961923848,0.16948585433804383,0.23987088941585402,67,499,0.1342685370741483,0.10713174094432368,0.16699355020103898,40,499,0.08016032064128256,0.059417761854763954,0.10731784633676196,38,499,0.07615230460921844,0.05598169482976205,0.10279912203185006,30,499,0.06012024048096192,0.042433605465481194,0.08452804607647554,7,499,0.014028056112224449,0.006811358153206442,0.02867019309474122,0,499,0.0,0.0,0.007639781593249245,6,499,0.012024048096192385,0.005521986666278816,0.02598216891671193,17,499,0.03406813627254509,0.021377308469392172,0.05387819942812465,319,493,0.6470588235294118,0.6038850136730648,0.6879585034559358,36,493,0.07302231237322515,0.05320918881330438,0.09943825455697702,137,493,0.2778904665314402,0.24018045429752205,0.3190351991421256,283,498,0.5682730923694779,0.5244106093000642,0.6110903137003405,201,498,0.4036144578313253,0.36142002500182163,0.4472845542917245,2,498,0.004016064257028112,0.0011020183742671838,0.014523629240438332,8,498,0.01606425702811245,0.008161890398146935,0.03137568480486532,4,498,0.008032128514056224,0.0031277931757751135,0.02046849696836598,198,493,0.40162271805273836,0.35927006359259833,0.4454966870176566,311 0.36; 363 0.19; 312 0.09; 350 0.08; 150 0.06,5,38 0.17; 35 0.13; 56 0.10; 44 0.07; 52 0.06; 53 0.06; 37 0.05; 57 0.04; 99 0.03; 7 0.03; 41 0.02,11,earned income 0.45; shelter deduction 0.19; unearned income 0.15,"wrong amount, known item 0.39; wrong include/exclude decision 0.20; unreported source of income 0.13; household composition 0.08",243,86,103,329,0.7386018237082067,0.6885620388117988,0.7831338068997951,0.2613981762917933,103,0.23842592592592593,432,130717.0
4+,HH_size_n >   4.500 & shelter_expenses_by_hh_size <= 392.000 & total_deductions_by_hh_size >  54.300 & unc_rawben_rel_max <=   0.803,all_2022_24,3380,849,1293,556,1293,0.4300077339520495,0.40326883626729493,0.45716130416003264,223,1293,0.17246713070378963,0.15285282339517203,0.19402192214044311,226,1293,0.17478731631863884,0.15505777063323567,0.19644360008158412,65,1293,0.050270688321732405,0.03963611090340417,0.06356970852743458,4,1293,0.0030935808197989174,0.0012036512560947427,0.007927456197583485,80,1293,0.061871616395978345,0.0499927798828817,0.07634616544398012,139,1293,0.10750193348801237,0.09176586286884683,0.1255633776490391,449,1293,0.34725444702242847,0.32179052121996005,0.37362332114906954,326,1293,0.25212683681361175,0.22921576214023406,0.2765064478814062,116,1293,0.0897138437741686,0.07532819669474428,0.10653025078257294,98,1293,0.07579273008507348,0.06258971407223904,0.0915089823298505,100,1293,0.07733952049497293,0.06399875402830081,0.09318435915992514,103,1293,0.07965970610982212,0.06611545780224047,0.09569428056519007,15,1293,0.01160092807424594,0.007042734646530596,0.019052665130897893,2,1293,0.0015467904098994587,0.0004242793756294126,0.0056224112919124065,11,1293,0.008507347254447023,0.004756897857509405,0.015169668347646261,73,1293,0.05645784996133024,0.045141315142598636,0.07040217143278577,845,1286,0.6570762052877138,0.6306984993673328,0.6825182553101408,87,1286,0.06765163297045101,0.055172791652297916,0.08270584398792334,353,1286,0.2744945567651633,0.25080266327908174,0.299529718619595,797,1292,0.6168730650154799,0.5900545995874096,0.6429985760476371,451,1292,0.34907120743034054,0.32356081418349825,0.37547647555932206,3,1292,0.0023219814241486067,0.0007899762663301163,0.006804779142046955,10,1292,0.007739938080495356,0.004209526023938209,0.01418901898341454,31,1292,0.023993808049535603,0.01695417492823334,0.03385573887604643,545,1286,0.4237947122861586,0.397052379960175,0.4509909766814468,311 0.37; 363 0.17; 350 0.08; 150 0.06; 312 0.05; 364 0.05,6,38 0.19; 52 0.12; 44 0.10; 35 0.09; 53 0.09; 99 0.06; 41 0.04; 37 0.03; 56 0.03; 13 0.02,10,earned income 0.43; shelter deduction 0.17; unearned income 0.17,"wrong amount, known item 0.35; wrong include/exclude decision 0.25; unreported source of income 0.09; method or computation 0.08",550,299,269,849,0.6478209658421673,0.6150905869612096,0.6792196343037946,0.35217903415783275,269,0.240608228980322,1118,275502.0
4+,HH_size_n >   4.500 & shelter_expenses_by_hh_size <= 392.000 & total_deductions_by_hh_size >  54.300 & unc_rawben_rel_max <=   0.803,train_2022_23,2204,532,814,339,814,0.41646191646191644,0.3830654962642154,0.4506431338666069,147,814,0.18058968058968058,0.15568292568252426,0.20849713070003192,146,814,0.17936117936117937,0.15452989133644957,0.20720470372450112,47,814,0.05773955773955774,0.04369640506450115,0.07593751915749979,2,814,0.002457002457002457,0.0006740433773170258,0.008914121372434025,47,814,0.05773955773955774,0.04369640506450115,0.07593751915749979,86,814,0.10565110565110565,0.08635473023491161,0.12865218552970586,267,814,0.32800982800982803,0.29663050715029815,0.36100490782492445,215,814,0.2641277641277641,0.23499991199207065,0.29547151425966317,71,814,0.08722358722358722,0.06972713641431913,0.10859785952621506,57,814,0.07002457002457002,0.05443833520555328,0.08965020223250317,57,814,0.07002457002457002,0.05443833520555328,0.08965020223250317,75,814,0.09213759213759214,0.07413894070167176,0.11396790052528463,8,814,0.009828009828009828,0.004988187851186153,0.019272744828198213,2,814,0.002457002457002457,0.0006740433773170258,0.008914121372434025,7,814,0.0085995085995086,0.004171674677582869,0.017643796680195944,55,814,0.06756756756756757,0.05227649573288176,0.08692111906196359,541,813,0.6654366543665436,0.6322914020709355,0.6970258119397122,58,813,0.07134071340713408,0.05559034577296179,0.09112304394666074,214,813,0.26322263222632225,0.23411497933388423,0.2945574095356347,520,813,0.6396063960639606,0.6060178048908356,0.6718818515419416,268,813,0.3296432964329643,0.298196962074085,0.3626920034242442,1,813,0.0012300123001230013,0.00021715479492457864,0.006934292927620404,0,813,0.0,0.0,0.004702992599789237,24,813,0.02952029520295203,0.019916393431263748,0.0435495221146634,350,813,0.43050430504305043,0.39687321061545144,0.464789074948849,311 0.36; 363 0.18; 350 0.08; 364 0.06; 150 0.06; 312 0.05,6,38 0.20; 52 0.13; 44 0.12; 53 0.10; 35 0.09; 99 0.07; 41 0.03; 42 0.03,8,earned income 0.42; unearned income 0.18; shelter deduction 0.18,"wrong amount, known item 0.33; wrong include/exclude decision 0.26; method or computation 0.09; unreported source of income 0.09",333,199,171,532,0.6259398496240601,0.5840561624049655,0.666017740031874,0.37406015037593987,171,0.24324324324324326,703,162973.0
4+,HH_size_n >   4.500 & shelter_expenses_by_hh_size <= 392.000 & total_deductions_by_hh_size >  54.300 & unc_rawben_rel_max <=   0.803,test_2024,1176,317,479,217,479,0.453027139874739,0.4089976827998147,0.49780405093646657,76,479,0.15866388308977036,0.12867718586621124,0.19408207928409899,80,479,0.16701461377870563,0.13628884652041168,0.2030389992990041,18,479,0.037578288100208766,0.023899934144302894,0.05861491130397662,2,479,0.0041753653444676405,0.0011457595691245362,0.015094763202732737,33,479,0.06889352818371608,0.049473240188522366,0.09517378276890304,53,479,0.11064718162839249,0.08559315338765155,0.14189677291530167,182,479,0.37995824634655534,0.3376083521547074,0.42421830072690025,111,479,0.23173277661795408,0.19617068555902045,0.2715636604459635,45,479,0.09394572025052192,0.07095289945446097,0.1233998655102811,41,479,0.08559498956158663,0.0637208155984172,0.11406336869721932,43,479,0.08977035490605428,0.06732879595694702,0.11873967867324228,28,479,0.05845511482254697,0.040749349421275005,0.08318694769976842,7,479,0.014613778705636743,0.007096462714495542,0.029854785893743678,0,479,0.0,0.0,0.00795623243730449,4,479,0.008350730688935281,0.0032520382508943093,0.021272774855515743,18,479,0.037578288100208766,0.023899934144302894,0.05861491130397662,304,473,0.642706131078224,0.5985292402485884,0.6845836425200289,29,473,0.0613107822410148,0.04302420570226152,0.08666582134235874,139,473,0.2938689217758985,0.25460856820555583,0.33645060112866326,277,479,0.5782881002087683,0.5336120480369393,0.6217183957359254,183,479,0.38204592901878914,0.3396341686027116,0.42633462944617245,2,479,0.0041753653444676405,0.0011457595691245362,0.015094763202732737,10,479,0.020876826722338204,0.011378519465463866,0.03799916464460453,7,479,0.014613778705636743,0.007096462714495542,0.029854785893743678,195,473,0.41226215644820297,0.36878112558048426,0.45715687982843967,311 0.40; 363 0.17; 350 0.09; 150 0.07; 312 0.05,5,38 0.19; 52 0.10; 35 0.09; 44 0.09; 56 0.08; 53 0.05; 37 0.05; 41 0.05; 99 0.04; 13 0.03,10,earned income 0.45; shelter deduction 0.17; unearned income 0.16,"wrong amount, known item 0.38; wrong include/exclude decision 0.23; unreported source of income 0.09; change in circumstances 0.09",217,100,98,317,0.6845425867507886,0.6314361038245235,0.7332298247832381,0.31545741324921134,98,0.236144578313253,415,112529.0
4+,HH_size_n >   4.500 & rawben_rel_max >   0.153 & utilities <= 451.000,all_2022_24,4156,910,1421,520,1421,0.36593947923997183,0.3412866417580578,0.39131521377451506,321,1421,0.2258972554539057,0.20491032095072909,0.2483622393114081,210,1421,0.1477832512315271,0.13028118529684918,0.1671845821259998,80,1421,0.05629838142153413,0.04546657874619992,0.06952276463063577,8,1421,0.005629838142153413,0.002855414914320495,0.011070062837030952,54,1421,0.038001407459535536,0.029241236901222004,0.049252821666411054,228,1421,0.16045038705137227,0.14228637249559248,0.1804453613336275,451,1421,0.31738212526389864,0.2937008025885571,0.34204818171959334,311,1421,0.21885995777621392,0.19813515580807933,0.24110075645051832,166,1421,0.11681914144968332,0.10114188286231515,0.1345626333449601,156,1421,0.10978184377199156,0.09456734311043619,0.12710052509329958,114,1421,0.08022519352568613,0.06720677438499105,0.0955071722038789,93,1421,0.06544686840253343,0.0537235539349045,0.07951343184653256,15,1421,0.01055594651653765,0.006407341015373108,0.017343790338455976,7,1421,0.0049261083743842365,0.0023882029434090135,0.010133610007588487,15,1421,0.01055594651653765,0.006407341015373108,0.017343790338455976,93,1421,0.06544686840253343,0.0537235539349045,0.07951343184653256,886,1419,0.6243833685694151,0.5988815198498553,0.6492135597429821,133,1419,0.09372797744890768,0.07964117892050404,0.11000860359920861,400,1419,0.28188865398167723,0.2590918514951712,0.3058632355644143,825,1421,0.5805770584095707,0.5547359580058013,0.6059836616347258,543,1421,0.3821252638986629,0.35721057053243993,0.40767557540827376,1,1421,0.0007037297677691766,0.00012423319130690853,0.003975590957566903,5,1421,0.003518648838845883,0.001503842222197415,0.008210641128092189,47,1421,0.033075299085151305,0.0249634190270707,0.04370498593808473,581,1419,0.4094432699083862,0.38413574151782465,0.4352397954358321,311 0.31; 363 0.15; 350 0.10; 150 0.09; 364 0.06; 312 0.05,6,38 0.17; 35 0.12; 44 0.10; 52 0.09; 53 0.09; 99 0.07; 37 0.03; 7 0.03; 13 0.02; 12 0.02; 41 0.02,11,earned income 0.37; unearned income 0.23; other element 0.16,"wrong amount, known item 0.32; wrong include/exclude decision 0.22; unreported source of income 0.12; household composition 0.11",583,327,310,910,0.6406593406593407,0.6089533244635654,0.6711827516353996,0.35934065934065934,310,0.2540983606557377,1220,323631.0
4+,HH_size_n >   4.500 & rawben_rel_max >   0.153 & utilities <= 451.000,train_2022_23,2971,630,972,353,972,0.3631687242798354,0.3335285854727199,0.3938861916796377,234,972,0.24074074074074073,0.21491717334866295,0.2686055623084355,140,972,0.1440329218106996,0.12335916080310454,0.16750935720227672,52,972,0.053497942386831275,0.04102795917199244,0.06948341890412156,5,972,0.0051440329218107,0.0021991326558226066,0.011985136594432764,37,972,0.03806584362139918,0.02774117116843045,0.052027512601558454,151,972,0.15534979423868311,0.13393817206314543,0.17947498843339418,289,972,0.29732510288065844,0.26943318039506065,0.3268127677178299,221,972,0.2273662551440329,0.2021200329804439,0.25475903427801283,118,972,0.12139917695473251,0.10234415746200892,0.1434350755610555,97,972,0.09979423868312758,0.08249812765260313,0.12024133334188615,74,972,0.07613168724279835,0.06107684338033311,0.0945238196780977,74,972,0.07613168724279835,0.06107684338033311,0.0945238196780977,10,972,0.0102880658436214,0.005597684065160412,0.018834149953803322,4,972,0.00411522633744856,0.0016014338783867845,0.010533322418126913,9,972,0.009259259259259259,0.004878815406265268,0.017503505658956794,76,972,0.07818930041152264,0.0629235846914181,0.09677610427449607,602,972,0.6193415637860082,0.5884032644919842,0.6493402381420498,91,972,0.09362139917695474,0.07687414731883366,0.11356823595320559,279,972,0.28703703703703703,0.25947934002027434,0.3162714785551995,565,972,0.581275720164609,0.5499997665025814,0.6119117568430107,369,972,0.37962962962962965,0.3496508789801133,0.41055610543211113,1,972,0.00102880658436214,0.00018162804282794006,0.005804589392460738,0,972,0.0,0.0,0.0039367044815470055,37,972,0.03806584362139918,0.02774117116843045,0.052027512601558454,383,972,0.3940329218106996,0.36378830204925067,0.4251118637153572,311 0.31; 363 0.14; 350 0.11; 150 0.09; 364 0.05; 312 0.04; 342 0.03,7,38 0.18; 35 0.12; 44 0.11; 53 0.10; 52 0.09; 99 0.08; 7 0.03; 37 0.02; 39 0.02,9,earned income 0.36; unearned income 0.24; other element 0.16,"wrong amount, known item 0.30; wrong include/exclude decision 0.23; unreported source of income 0.12; household composition 0.10; other 0.08",407,223,205,630,0.6460317460317461,0.6079077187257448,0.6823856290128701,0.353968253968254,205,0.24550898203592814,835,210675.0
4+,HH_size_n >   4.500 & rawben_rel_max >   0.153 & utilities <= 451.000,test_2024,1185,280,449,167,449,0.37193763919821826,0.3284944478071479,0.41755361844824906,87,449,0.19376391982182628,0.1598651239291823,0.23285851276850625,70,449,0.155902004454343,0.12528161565605772,0.19236057976061777,28,449,0.062360801781737196,0.04349424695105459,0.08865262294782397,3,449,0.0066815144766146995,0.0022748254439586574,0.01945816021813599,17,449,0.0378619153674833,0.023771169308298784,0.05979359152639485,77,449,0.1714922048997773,0.13944947361251767,0.2091086093904573,162,449,0.36080178173719374,0.3177350424551772,0.406230246952863,90,449,0.20044543429844097,0.16602647707083273,0.23994682573526988,48,449,0.10690423162583519,0.08158464132416227,0.13889333596414338,59,449,0.13140311804008908,0.10325652892028064,0.16580355743220992,40,449,0.08908685968819599,0.06610436618103424,0.11904116815150056,19,449,0.042316258351893093,0.02725515748219693,0.0651427140914394,5,449,0.011135857461024499,0.004765622914761299,0.025800473486276062,3,449,0.0066815144766146995,0.0022748254439586574,0.01945816021813599,6,449,0.013363028953229399,0.006138317059537289,0.028844334710971427,17,449,0.0378619153674833,0.023771169308298784,0.05979359152639485,284,447,0.6353467561521253,0.5897471556685094,0.6786397899904537,42,447,0.09395973154362416,0.0702650173390508,0.12457414568405978,121,447,0.27069351230425054,0.2315863482601799,0.3137084958713287,260,449,0.579064587973274,0.5329158547382238,0.6238718608780094,174,449,0.38752783964365256,0.3435996152904577,0.4333643385512388,0,449,0.0,0.0,0.00848331955368058,5,449,0.011135857461024499,0.004765622914761299,0.025800473486276062,10,449,0.022271714922048998,0.012141536605166623,0.04050733664322752,198,447,0.4429530201342282,0.3975834252397949,0.48929480427584876,311 0.31; 363 0.16; 150 0.10; 350 0.10; 364 0.06; 312 0.05,6,38 0.15; 35 0.11; 52 0.09; 44 0.09; 56 0.07; 53 0.05; 37 0.04; 99 0.04; 7 0.04; 12 0.03; 57 0.03; 41 0.03,12,earned income 0.37; unearned income 0.19; other element 0.17; shelter deduction 0.16,"wrong amount, known item 0.36; wrong include/exclude decision 0.20; household composition 0.13; unreported source of income 0.11",176,104,105,280,0.6285714285714286,0.57059186019741,0.6830707459885754,0.37142857142857144,105,0.2727272727272727,385,112956.0
4+,elderly_disabled_i <=  0.500 & total_deductions_by_hh_size > 99.000 & unc_rawben_rel_max >  0.370 & unc_rawben_rel_max <=  0.775,all_2022_24,3649,882,1359,586,1359,0.4311994113318617,0.4050988854082655,0.4576878096852804,193,1359,0.14201618837380428,0.12446499263643286,0.16158556525672219,269,1359,0.19793966151582046,0.17761945920871527,0.21996276898273412,68,1359,0.05003679175864607,0.039660592200381324,0.06294971849163163,1,1359,0.0007358351729212656,0.00012990144613432737,0.004156436746066439,111,1359,0.08167770419426049,0.06826853089651165,0.09744522483269415,131,1359,0.0963944076526858,0.0818215804423664,0.11324261483902212,463,1359,0.340691685062546,0.3159739706001319,0.3663075212474901,339,1359,0.24944812362030905,0.22717073335333643,0.27313803327075264,146,1359,0.10743193524650478,0.09206059735606241,0.12501642758946319,87,1359,0.0640176600441501,0.05219241548618403,0.07830081278040249,107,1359,0.07873436350257543,0.06557353565249646,0.09427013216627281,112,1359,0.08241353936718175,0.06894315413477149,0.09823812357204344,13,1359,0.009565857247976454,0.005598758308437187,0.01629784361507322,1,1359,0.0007358351729212656,0.00012990144613432737,0.004156436746066439,7,1359,0.0051508462104488595,0.002497251731565951,0.010594218326289635,84,1359,0.06181015452538632,0.050200571406034594,0.07589009092772453,869,1350,0.6437037037037037,0.6177820702663522,0.6688098028154027,102,1350,0.07555555555555556,0.06263036108161114,0.0908895189398035,378,1350,0.28,0.2566985271899193,0.3045499970096622,798,1357,0.5880619012527635,0.5616616373071966,0.6139649749304069,518,1357,0.3817243920412675,0.35624431958172936,0.40787223887738894,5,1357,0.0036845983787767134,0.0015748126243954525,0.00859654016199791,13,1357,0.009579955784819455,0.005607022168526776,0.01632176072582331,23,1357,0.01694915254237288,0.011320268241757213,0.025305302287538772,541,1350,0.40074074074074073,0.37491662199619474,0.42712816669991277,311 0.37; 363 0.20; 350 0.08; 323 0.06; 312 0.06,5,38 0.18; 35 0.11; 53 0.11; 52 0.10; 44 0.09; 99 0.06; 56 0.04; 41 0.04; 37 0.03,9,earned income 0.43; shelter deduction 0.20; unearned income 0.14,"wrong amount, known item 0.34; wrong include/exclude decision 0.25; unreported source of income 0.11; method or computation 0.08",592,290,292,882,0.671201814058957,0.639514094668273,0.7014046429480233,0.3287981859410431,292,0.24872231686541738,1174,265287.0
4+,elderly_disabled_i <=  0.500 & total_deductions_by_hh_size > 99.000 & unc_rawben_rel_max >  0.370 & unc_rawben_rel_max <=  0.775,train_2022_23,2292,531,820,356,820,0.43414634146341463,0.4006062600582916,0.4683005783436537,124,820,0.15121951219512195,0.1283274159500581,0.17736435780839255,158,820,0.1926829268292683,0.16714528261843548,0.2210866299239756,45,820,0.054878048780487805,0.04126408060422652,0.0726432530385514,1,820,0.0012195121951219512,0.000215300755040085,0.006875382696730254,64,820,0.07804878048780488,0.061593270904907425,0.09843943441126013,72,820,0.08780487804878048,0.07030581391373575,0.10914810052806956,241,820,0.2939024390243902,0.2637409183018234,0.32598603891907924,221,820,0.26951219512195124,0.24026879847580485,0.30090513593100343,91,820,0.11097560975609756,0.09126417916974555,0.1343151069454494,50,820,0.06097560975609756,0.046555101029983226,0.0794904883163183,65,820,0.07926829268292683,0.06267809970506681,0.09978225675180548,81,820,0.09878048780487805,0.0801912568951751,0.12111151781297268,4,820,0.004878048780487805,0.0018985334717721543,0.012475103402112341,1,820,0.0012195121951219512,0.000215300755040085,0.006875382696730254,5,820,0.006097560975609756,0.002607204390589709,0.014194083623999505,61,820,0.07439024390243902,0.05834661808115288,0.09440313381290052,535,818,0.6540342298288508,0.6207841283683622,0.685844302219722,64,818,0.07823960880195599,0.06174504252004866,0.09867711182210194,219,818,0.26772616136919314,0.23852022006490126,0.29910357508005125,482,818,0.589242053789731,0.5551865078236127,0.6224632971996424,316,818,0.3863080684596577,0.35354600860288177,0.4201330069154372,2,818,0.0024449877750611247,0.0006707460614127844,0.008870751959617057,0,818,0.0,0.0,0.004674380075187238,18,818,0.022004889975550123,0.013963616302595822,0.03451482528517486,328,818,0.40097799511002447,0.3679300380216757,0.4349516851716989,311 0.36; 363 0.19; 350 0.08; 312 0.07; 323 0.06,5,38 0.19; 53 0.13; 52 0.12; 35 0.11; 44 0.10; 99 0.07; 41 0.03,7,earned income 0.43; shelter deduction 0.19; unearned income 0.15,"wrong amount, known item 0.29; wrong include/exclude decision 0.27; unreported source of income 0.11; method or computation 0.10",346,185,171,531,0.6516007532956686,0.6101165636311215,0.690907141331245,0.3483992467043315,171,0.24358974358974358,702,153825.0
4+,elderly_disabled_i <=  0.500 & total_deductions_by_hh_size > 99.000 & unc_rawben_rel_max >  0.370 & unc_rawben_rel_max <=  0.775,test_2024,1357,351,539,230,539,0.4267161410018553,0.3856238081619675,0.4688457092810583,69,539,0.1280148423005566,0.10241797300679863,0.15887666616602822,111,539,0.20593692022263452,0.17393594443785734,0.24209996732719533,23,539,0.04267161410018553,0.028600004227556878,0.06321609829664172,0,539,0.0,0.0,0.00707683419988446,47,539,0.08719851576994433,0.0662072042891402,0.11403248257347312,59,539,0.10946196660482375,0.08581573093528799,0.13863574809653276,222,539,0.41187384044526903,0.3710893162063529,0.4539056731238681,118,539,0.2189239332096475,0.18606957322221684,0.2557565506415401,55,539,0.10204081632653061,0.07923736677110077,0.13047684820431749,37,539,0.0686456400742115,0.0502095524869873,0.09318697423461991,42,539,0.07792207792207792,0.0581627532331882,0.10365535355892208,31,539,0.0575139146567718,0.04081067391450059,0.08047995672250292,9,539,0.016697588126159554,0.00880894480457579,0.0314267335222142,0,539,0.0,0.0,0.00707683419988446,2,539,0.0037105751391465678,0.0010181426980677708,0.013427323530017916,23,539,0.04267161410018553,0.028600004227556878,0.06321609829664172,334,532,0.6278195488721805,0.5859638304270772,0.6678425183147899,38,532,0.07142857142857142,0.052479445052620186,0.09652279740111984,159,532,0.29887218045112784,0.26152771763425375,0.3391005277278084,316,539,0.5862708719851577,0.5442247250231965,0.6270959696324822,202,539,0.3747680890538033,0.33492341546755033,0.41638525358065825,3,539,0.0055658627087198514,0.0018946292449661369,0.016235152997220167,13,539,0.02411873840445269,0.014148208687275671,0.04082473369591678,5,539,0.00927643784786642,0.003968605715910609,0.021529808554476927,213,532,0.40037593984962405,0.35959708859534095,0.44258325723820374,311 0.38; 363 0.21; 350 0.08; 323 0.07; 150 0.06,5,38 0.16; 56 0.11; 35 0.10; 44 0.09; 52 0.09; 53 0.07; 37 0.04; 41 0.04; 99 0.04; 57 0.04,10,earned income 0.43; shelter deduction 0.21; unearned income 0.13,"wrong amount, known item 0.41; wrong include/exclude decision 0.22; unreported source of income 0.10; change in circumstances 0.08",246,105,121,351,0.7008547008547008,0.6509881724559734,0.7463722272265891,0.29914529914529914,121,0.2563559322033898,472,111462.0
4+,rawben_rel_max >   0.405 & total_deductions_by_hh_size <= 248.000 & unc_rawben_rel_max <=   0.899,all_2022_24,6931,1643,2494,947,2494,0.3797113071371291,0.36086284318863143,0.3989297713630679,544,2494,0.2181234963913392,0.2023557283083926,0.23475829845775625,441,2494,0.1768243785084202,0.1623511142671504,0.19229171016174854,144,2494,0.057738572574178026,0.04924621437307533,0.06759129846200596,11,2494,0.004410585404971933,0.002464581841365779,0.007880990111635565,81,2494,0.03247794707297514,0.026208077419764577,0.04018588447117358,326,2494,0.13071371291098638,0.11804995072512353,0.14451337594859354,820,2494,0.32878909382518046,0.31062746640635397,0.34747735497223153,598,2494,0.23977546110665598,0.2234273691151747,0.2569239870316683,263,2494,0.10545308740978349,0.09399966748178877,0.11812010824778511,211,2494,0.08460304731355253,0.07430954780320402,0.09617428111533109,211,2494,0.08460304731355253,0.07430954780320402,0.09617428111533109,171,2494,0.06856455493183641,0.05929530373149399,0.07916087379393437,30,2494,0.012028869286287089,0.008438765007741869,0.017119941356985184,12,2494,0.0048115477145148355,0.0027545486216484115,0.008391714616180601,23,2494,0.009222133119486768,0.00615302636744461,0.01380084100348876,155,2494,0.06214915797914996,0.053330643761140245,0.07231447320704543,1564,2483,0.6298832057994361,0.6107043366347945,0.6486607954266926,199,2483,0.0801449859041482,0.0701022663405918,0.09148486490250787,718,2483,0.2891663310511478,0.2716697762918497,0.30731426515252697,1512,2490,0.6072289156626506,0.5878954302443673,0.62623204280765,891,2490,0.3578313253012048,0.33923486877864895,0.376865784927665,8,2490,0.00321285140562249,0.0016288809556709249,0.006327358125431899,15,2490,0.006024096385542169,0.0036540835132003583,0.009915984449416033,64,2490,0.02570281124497992,0.020179664379571072,0.032687205753640265,1065,2483,0.4289166331051148,0.4095739538286257,0.4484789273842349,311 0.32; 363 0.18; 350 0.10; 150 0.07; 364 0.06; 312 0.05,6,38 0.17; 44 0.11; 35 0.11; 52 0.11; 53 0.09; 99 0.06; 41 0.03; 37 0.03; 7 0.03; 56 0.02,10,earned income 0.38; unearned income 0.22; shelter deduction 0.18,"wrong amount, known item 0.33; wrong include/exclude decision 0.24; unreported source of income 0.11; change in circumstances 0.08",1007,636,522,1643,0.6129032258064516,0.5891130426011378,0.6361666685744846,0.3870967741935484,522,0.24110854503464202,2165,511467.0
4+,rawben_rel_max >   0.405 & total_deductions_by_hh_size <= 248.000 & unc_rawben_rel_max <=   0.899,train_2022_23,4640,1078,1653,626,1653,0.37870538415003024,0.3556280330419231,0.40234520954203906,363,1653,0.21960072595281308,0.20030643188107194,0.2401953034688855,291,1653,0.17604355716878403,0.15844022615634928,0.1951491574033103,101,1653,0.06110102843315184,0.050540677384396944,0.07369666672864318,5,1653,0.0030248033877797943,0.0012926669768030682,0.007061541415839898,50,1653,0.030248033877797943,0.023018629508354326,0.03965579875322482,217,1653,0.13127646702964307,0.11584784535680578,0.14841495441838096,493,1653,0.2982456140350877,0.2766794211887111,0.32074739378261746,421,1653,0.25468844525105866,0.2342703128445612,0.2762441503364695,168,1653,0.10163339382940109,0.08797784972614266,0.11713626619175803,131,1653,0.07924984875983061,0.06718162271611045,0.09326920130955382,146,1653,0.08832425892316999,0.07558154778953603,0.10297601619244028,134,1653,0.08106473079249849,0.06885785874298325,0.09521431327394342,19,1653,0.011494252873563218,0.007370729802648143,0.01788310254921941,9,1653,0.0054446460980036296,0.002867054318653525,0.010315618062339325,15,1653,0.009074410163339383,0.005506844654735373,0.0149185237087823,117,1653,0.07078039927404718,0.059386578527942935,0.08416462153849671,1032,1650,0.6254545454545455,0.6018342954297552,0.6484919752360693,145,1650,0.08787878787878788,0.07515741653870853,0.10251473779578155,473,1650,0.2866666666666667,0.265362219248489,0.30896219005407066,1020,1650,0.6181818181818182,0.594490618397798,0.6413239844033409,577,1650,0.3496969696969697,0.3270601178969077,0.3730320795662593,4,1650,0.0024242424242424242,0.0009431166997687641,0.006216940224667046,0,1650,0.0,0.0,0.0023228343028739874,49,1650,0.029696969696969697,0.022535556574829342,0.03904325484217699,699,1650,0.42363636363636364,0.39999789495506205,0.4476295924657407,311 0.32; 363 0.18; 350 0.10; 150 0.06; 364 0.06; 312 0.05,6,38 0.17; 44 0.12; 52 0.11; 53 0.11; 35 0.10; 99 0.07; 41 0.03; 37 0.02; 7 0.02,9,earned income 0.38; unearned income 0.22; shelter deduction 0.18,"wrong amount, known item 0.30; wrong include/exclude decision 0.25; unreported source of income 0.10; change in circumstances 0.09; method or computation 0.08",649,429,333,1078,0.6020408163265306,0.5725082330874992,0.6308487093706204,0.3979591836734694,333,0.23600283486888732,1411,329017.0
4+,rawben_rel_max >   0.405 & total_deductions_by_hh_size <= 248.000 & unc_rawben_rel_max <=   0.899,test_2024,2291,565,841,321,841,0.3816884661117717,0.34946332929751456,0.41498955749215105,181,841,0.21521997621878716,0.1887716600421373,0.2442581528837413,150,841,0.178359096313912,0.15396613373295814,0.20567714140879623,43,841,0.05112960760998811,0.03817829913822278,0.0681630552647801,6,841,0.007134363852556481,0.0032736805028960436,0.015477290093248842,31,841,0.036860879904875146,0.026087865608234104,0.051845796749301315,109,841,0.12960760998810938,0.10858070210611723,0.15400295854695664,327,841,0.38882282996432815,0.35645234779856294,0.4222043850138363,177,841,0.21046373365041618,0.18426078291123904,0.23929979933281714,95,841,0.11296076099881094,0.09330287939609391,0.1361384738706013,80,841,0.09512485136741974,0.07709659233015181,0.11683514587970906,65,841,0.07728894173602854,0.06110099873420116,0.0973211244188254,37,841,0.04399524375743163,0.032084835946802795,0.06005267243346635,11,841,0.013079667063020214,0.007318847138803146,0.023268661809619846,3,841,0.0035671819262782403,0.001213867472067363,0.010435180112710659,8,841,0.009512485136741973,0.004827789672469942,0.018657796264586184,38,841,0.04518430439952437,0.0330942935039788,0.06141052254674596,532,833,0.6386554621848739,0.605464413617627,0.6705734888958235,54,833,0.06482593037214886,0.05002218425895213,0.08362509140229604,245,833,0.29411764705882354,0.2641765629185534,0.3259489757735957,492,840,0.5857142857142857,0.5520850341253261,0.618563106473573,314,840,0.3738095238095238,0.3417349044114609,0.4070331108179376,4,840,0.004761904761904762,0.001853293359858882,0.012179672068723921,15,840,0.017857142857142856,0.010850961118131731,0.02925324801306066,15,840,0.017857142857142856,0.010850961118131731,0.02925324801306066,366,833,0.43937575030012005,0.4060258768968326,0.4732822263332171,311 0.32; 363 0.18; 350 0.11; 150 0.07; 312 0.06; 364 0.05,6,38 0.17; 35 0.11; 44 0.10; 52 0.09; 56 0.07; 53 0.05; 99 0.05; 37 0.04; 41 0.03; 7 0.03; 57 0.03,11,earned income 0.38; unearned income 0.22; shelter deduction 0.18,"wrong amount, known item 0.39; wrong include/exclude decision 0.21; unreported source of income 0.11; household composition 0.10",358,207,189,565,0.6336283185840708,0.5931207498544777,0.672331003322505,0.3663716814159292,189,0.2506631299734748,754,182450.0
4+,elderly_disabled_i <=   0.500 & rawben_rel_max <=   0.796 & shelter_expenses_by_hh_size > 165.000 & shelter_expenses_by_hh_size <= 380.000,all_2022_24,3602,848,1308,536,1308,0.40978593272171254,0.38343550806997245,0.43666472354335645,209,1308,0.15978593272171254,0.14092917014399806,0.18063526263508137,284,1308,0.21712538226299694,0.19562749624562908,0.24028000966057178,69,1308,0.052752293577981654,0.04189459362817002,0.06622943598028272,1,1308,0.0007645259938837921,0.0001349668893416982,0.004318009750520919,94,1308,0.07186544342507645,0.059087134929693336,0.08715125238779989,115,1308,0.08792048929663608,0.0737556206037458,0.10449882718934142,452,1308,0.345565749235474,0.3202796402948321,0.37175634941612085,351,1308,0.268348623853211,0.24503916649059254,0.29301481807583685,113,1308,0.0863914373088685,0.07235142510946853,0.10285387406689546,74,1308,0.05657492354740061,0.04530415032530978,0.07044275082495104,93,1308,0.07110091743119266,0.05839318457445353,0.08632062843467808,110,1308,0.08409785932721713,0.07024778431019156,0.10038379194108758,12,1308,0.009174311926605505,0.00525575952370211,0.01596753450813832,0,1308,0.0,0.0,0.002928402331500998,9,1308,0.006880733944954129,0.0036241261707424003,0.01302544493601317,94,1308,0.07186544342507645,0.059087134929693336,0.08715125238779989,851,1299,0.6551193225558122,0.6288468764525825,0.6804769891654634,80,1299,0.061585835257890686,0.04976057486032965,0.07599653943506895,367,1299,0.2825250192455735,0.2587099341008619,0.3076226116207362,801,1305,0.6137931034482759,0.5870794987043065,0.6398387166091432,470,1305,0.36015325670498083,0.33455324900439337,0.38657419682251176,4,1305,0.0030651340996168583,0.0011925773833550168,0.007854812308415171,11,1305,0.00842911877394636,0.004713097620173125,0.01503077360152398,19,1305,0.014559386973180077,0.009340309956363969,0.022628111585249622,544,1299,0.41878367975365666,0.39223200478842346,0.44581430874654504,311 0.36; 363 0.22; 350 0.08; 364 0.05; 323 0.05,5,38 0.18; 52 0.12; 53 0.11; 44 0.10; 35 0.09; 99 0.07; 56 0.04; 41 0.03; 37 0.03,9,earned income 0.41; shelter deduction 0.22; unearned income 0.16,"wrong amount, known item 0.35; wrong include/exclude decision 0.27; unreported source of income 0.09; method or computation 0.08",539,309,292,848,0.6356132075471698,0.6026770987405751,0.6673261506898355,0.3643867924528302,292,0.256140350877193,1140,255955.0
4+,elderly_disabled_i <=   0.500 & rawben_rel_max <=   0.796 & shelter_expenses_by_hh_size > 165.000 & shelter_expenses_by_hh_size <= 380.000,train_2022_23,2365,527,818,326,818,0.39853300733496333,0.3655305247288163,0.4324840805187157,135,818,0.16503667481662593,0.14117450045988456,0.19203034095967858,182,818,0.22249388753056235,0.19532519407077667,0.25225691907608766,46,818,0.05623471882640587,0.042422470690665556,0.07419562213890162,1,818,0.0012224938875305623,0.00021582724229996918,0.006892111805808571,59,818,0.07212713936430318,0.056327399293906136,0.09192696018363795,69,818,0.0843520782396088,0.0671950000149023,0.10539494919185483,258,818,0.3154034229828851,0.28448492122359453,0.34804767386528884,239,818,0.2921760391198044,0.26204043791706083,0.3242545366863178,66,818,0.08068459657701711,0.06392133536267278,0.10136793692532042,45,818,0.0550122249388753,0.041365590974496505,0.07281894288214935,54,818,0.06601466992665037,0.050945847594267644,0.08514071701866993,78,818,0.09535452322738386,0.07707672626789148,0.11741525369515736,5,818,0.006112469437652812,0.002613585678344326,0.014228589261449428,0,818,0.0,0.0,0.004674380075187238,5,818,0.006112469437652812,0.002613585678344326,0.014228589261449428,68,818,0.08312958435207823,0.06610258120761495,0.10405380902622086,551,815,0.6760736196319018,0.6431833665767708,0.7073117719213222,48,815,0.05889570552147239,0.04470726807298191,0.07722302955723132,216,815,0.2650306748466258,0.2358828968163391,0.29638317271408054,520,815,0.6380368098159509,0.6044665257094873,0.6703118929736865,279,815,0.3423312883435583,0.31056260147637355,0.37557938251662354,1,815,0.001226993865030675,0.00021662181889951695,0.006917358672565499,0,815,0.0,0.0,0.004691505658725692,15,815,0.018404907975460124,0.011184733798368788,0.030143894351446758,348,815,0.4269938650306748,0.3934543948751713,0.46121835257683896,311 0.34; 363 0.22; 350 0.09; 364 0.06; 323 0.05,5,38 0.19; 52 0.14; 53 0.13; 44 0.11; 99 0.08; 35 0.08; 41 0.03,7,earned income 0.40; shelter deduction 0.22; unearned income 0.17,"wrong amount, known item 0.32; wrong include/exclude decision 0.29; method or computation 0.10; other 0.08",324,203,186,527,0.6148007590132827,0.5725632371474791,0.6553766982306071,0.38519924098671726,186,0.2608695652173913,713,147304.0
4+,elderly_disabled_i <=   0.500 & rawben_rel_max <=   0.796 & shelter_expenses_by_hh_size > 165.000 & shelter_expenses_by_hh_size <= 380.000,test_2024,1237,321,490,210,490,0.42857142857142855,0.38547649345195256,0.4727776511968578,74,490,0.1510204081632653,0.12203745731294313,0.18543279225695947,102,490,0.20816326530612245,0.17455340668110766,0.2463135271697465,23,490,0.04693877551020408,0.03147842952669967,0.06944785938861243,0,490,0.0,0.0,0.007779012541673281,35,490,0.07142857142857142,0.051804438546869155,0.09772042934599366,46,490,0.09387755102040816,0.0711196262454251,0.12295393904352582,194,490,0.39591836734693875,0.3535871024784694,0.43986893686694,112,490,0.22857142857142856,0.19358699233377788,0.26777875733170187,47,490,0.09591836734693877,0.0728995109378145,0.12522393593259898,29,490,0.05918367346938776,0.04152009450438756,0.08370548389969987,39,490,0.07959183673469387,0.05876733885970244,0.10695705535901058,32,490,0.0653061224489796,0.04663596799903984,0.09073925514943533,7,490,0.014285714285714285,0.006936768062086894,0.02919141554982429,0,490,0.0,0.0,0.007779012541673281,4,490,0.00816326530612245,0.0031789308511862412,0.02079960801633727,26,490,0.053061224489795916,0.03646435458667755,0.07661157907302224,300,484,0.6198347107438017,0.5758041729031866,0.6619779268603432,32,484,0.06611570247933884,0.04721891584563434,0.09184589535537846,151,484,0.3119834710743802,0.27232413475329015,0.3546039501004821,281,490,0.573469387755102,0.5292734418514219,0.6165222950812302,191,490,0.38979591836734695,0.347629803372844,0.4336765912281778,3,490,0.006122448979591836,0.0020842870649372645,0.01784437022112369,11,490,0.022448979591836733,0.012580375757398203,0.039747334180363206,4,490,0.00816326530612245,0.0031789308511862412,0.02079960801633727,196,484,0.4049586776859504,0.3621398969391751,0.4492742998000943,311 0.39; 363 0.21; 350 0.08; 150 0.05; 323 0.05,5,38 0.17; 35 0.10; 56 0.09; 52 0.09; 44 0.08; 53 0.07; 99 0.05; 41 0.05; 37 0.04; 57 0.04,10,earned income 0.43; shelter deduction 0.21; unearned income 0.15,"wrong amount, known item 0.40; wrong include/exclude decision 0.23; unreported source of income 0.10; change in circumstances 0.08",215,106,106,321,0.6697819314641744,0.6165915406148682,0.7189566157788941,0.3302180685358255,106,0.24824355971896955,427,108651.0
4+,elderly_disabled_i <=   0.50 & rawben_rel_max >   0.37 & total_deductions_by_hh_size >  89.60 & utilities <= 451.00,all_2022_24,3491,762,1146,483,1146,0.4214659685863874,0.39318525030341983,0.45027144842795325,169,1146,0.1474694589877836,0.1281186706200272,0.16917584368524757,212,1146,0.1849912739965096,0.1635753834289745,0.208512041482422,63,1146,0.0549738219895288,0.043202428562452766,0.0697188642486614,1,1146,0.0008726003490401396,0.00015404803599799663,0.004926303901173175,75,1146,0.06544502617801047,0.052528537003620514,0.08126519597664392,143,1146,0.12478184991273997,0.10689270375433088,0.14517819018445163,366,1146,0.3193717277486911,0.29301959421618523,0.3469308128659729,268,1146,0.2338568935427574,0.21026368780559568,0.25922845789516863,125,1146,0.10907504363001745,0.09231527353565921,0.12844696014939794,95,1146,0.08289703315881326,0.06829242703213281,0.10028870623004871,94,1146,0.08202443280977312,0.06749875661312776,0.09934300663495788,88,1146,0.07678883071553229,0.06274802660654825,0.09365751655696229,4,1146,0.0034904013961605585,0.0013581387019698994,0.008940323277488837,4,1146,0.0034904013961605585,0.0013581387019698994,0.008940323277488837,11,1146,0.009598603839441536,0.005368007903352808,0.017106044174776912,91,1146,0.07940663176265271,0.06512092406611246,0.09650272913968565,707,1144,0.618006993006993,0.5895006544038089,0.6457234392341983,115,1144,0.10052447552447552,0.0844142897860784,0.11930859323192688,321,1144,0.28059440559440557,0.25532623464166115,0.30733119126100694,633,1146,0.5523560209424084,0.5234388330180054,0.580923367827746,480,1146,0.418848167539267,0.39060058901915995,0.44763799966992557,4,1146,0.0034904013961605585,0.0013581387019698994,0.008940323277488837,2,1146,0.0017452006980802793,0.000478717493930793,0.006341004457336234,27,1146,0.02356020942408377,0.01624168519687007,0.03406228710679332,431,1144,0.3767482517482518,0.3491245298405958,0.4051969723597079,311 0.36; 363 0.18; 350 0.07; 150 0.07; 312 0.06; 364 0.05,6,38 0.19; 53 0.12; 35 0.11; 52 0.08; 99 0.08; 44 0.07; 56 0.03; 41 0.03; 7 0.03; 39 0.02,10,earned income 0.42; shelter deduction 0.18; unearned income 0.15,"wrong amount, known item 0.32; wrong include/exclude decision 0.23; unreported source of income 0.11; household composition 0.08; change in circumstances 0.08",541,221,265,762,0.7099737532808399,0.6767646739689838,0.7410762999347581,0.2900262467191601,265,0.25803310613437197,1027,249391.0
4+,elderly_disabled_i <=   0.50 & rawben_rel_max >   0.37 & total_deductions_by_hh_size >  89.60 & utilities <= 451.00,train_2022_23,2518,537,816,346,816,0.42401960784313725,0.3905448590151069,0.45820641196211603,125,816,0.15318627450980393,0.13010343750000425,0.1795192993799004,141,816,0.17279411764705882,0.14840206946211845,0.20025259748818022,41,816,0.05024509803921569,0.037251247041270225,0.06745385696906543,1,816,0.0012254901960784314,0.00021635631077076114,0.006908922523579679,59,816,0.07230392156862746,0.05646648029152322,0.09214954504800578,103,816,0.12622549019607843,0.1051761537880984,0.15077767924501434,227,816,0.27818627450980393,0.24853396371594358,0.30991732736272337,206,816,0.25245098039215685,0.223851168363805,0.28337071449746964,97,816,0.11887254901960784,0.09843261025947139,0.14288424899724353,68,816,0.08333333333333333,0.06626591976116604,0.1043055662429596,68,816,0.08333333333333333,0.06626591976116604,0.1043055662429596,69,816,0.08455882352941177,0.06736105123991729,0.10564993039360801,2,816,0.0024509803921568627,0.0006723906769871236,0.008892383786762947,4,816,0.004901960784313725,0.0019078478365190587,0.01253591788603027,7,816,0.00857843137254902,0.004161435149378068,0.017600817461370155,68,816,0.08333333333333333,0.06626591976116604,0.1043055662429596,498,816,0.6102941176470589,0.5763900105542966,0.6431645960916702,75,816,0.09191176470588236,0.07395564281018863,0.11369231259973445,242,816,0.2965686274509804,0.26624189326575765,0.3288018322539037,457,816,0.5600490196078431,0.5257878168487822,0.5937474689917996,332,816,0.4068627450980392,0.37366898303231433,0.4409293491333137,2,816,0.0024509803921568627,0.0006723906769871236,0.008892383786762947,0,816,0.0,0.0,0.00468578320495081,25,816,0.030637254901960783,0.020836656721850234,0.04483651721809132,322,816,0.3946078431372549,0.36164063123631857,0.42856274463531324,311 0.36; 363 0.17; 350 0.07; 150 0.07; 323 0.06; 312 0.06,6,38 0.19; 53 0.14; 35 0.12; 52 0.09; 99 0.08; 44 0.08; 41 0.03; 39 0.03,8,earned income 0.42; shelter deduction 0.17; unearned income 0.15,"wrong amount, known item 0.28; wrong include/exclude decision 0.25; unreported source of income 0.12; method or computation 0.08; change in circumstances 0.08",379,158,187,537,0.7057728119180633,0.6658777750509476,0.7427446386095401,0.2942271880819367,187,0.25828729281767954,724,173495.0
4+,elderly_disabled_i <=   0.50 & rawben_rel_max >   0.37 & total_deductions_by_hh_size >  89.60 & utilities <= 451.00,test_2024,973,225,330,137,330,0.41515151515151516,0.3632608572058808,0.4689949191862765,44,330,0.13333333333333333,0.10084394392998683,0.17426137547897833,71,330,0.21515151515151515,0.1742266871818325,0.26263199070612386,22,330,0.06666666666666667,0.04443418209399108,0.0988721044802405,0,330,0.0,0.0,0.011507253739498012,16,330,0.048484848484848485,0.030061239731602945,0.0772998560695195,40,330,0.12121212121212122,0.09028993004410307,0.16085192884945604,139,330,0.4212121212121212,0.36914513917926994,0.47509236747059036,62,330,0.18787878787878787,0.14941475899490858,0.23352613273338407,28,330,0.08484848484848485,0.059354441621915145,0.11989703572542562,27,330,0.08181818181818182,0.05683723493969912,0.11642337727879012,26,330,0.07878787878787878,0.05433139508280771,0.11293835200682997,19,330,0.05757575757575758,0.03716563282723165,0.08816805836044539,2,330,0.006060606060606061,0.0016635784091979904,0.021825405588003076,0,330,0.0,0.0,0.011507253739498012,4,330,0.012121212121212121,0.004723447259738547,0.03074726699516557,23,330,0.0696969696969697,0.046888159694626966,0.10240899200845617,209,328,0.6371951219512195,0.5838499963761711,0.6873637393338786,40,328,0.12195121951219512,0.0908486367720622,0.16180684704913442,79,328,0.24085365853658536,0.19774833759782537,0.2899590505054142,176,330,0.5333333333333333,0.4794317731264475,0.5864677432909193,148,330,0.4484848484848485,0.3957238576959351,0.5024314351135889,2,330,0.006060606060606061,0.0016635784091979904,0.021825405588003076,2,330,0.006060606060606061,0.0016635784091979904,0.021825405588003076,2,330,0.006060606060606061,0.0016635784091979904,0.021825405588003076,109,328,0.3323170731707317,0.2835393002499233,0.38497724499334945,311 0.35; 363 0.22; 350 0.08; 364 0.07; 150 0.06,5,38 0.17; 56 0.11; 35 0.08; 99 0.07; 53 0.06; 52 0.06; 44 0.06; 57 0.05; 37 0.04; 54 0.03; 41 0.03,11,earned income 0.42; shelter deduction 0.22; unearned income 0.13,"wrong amount, known item 0.42; wrong include/exclude decision 0.19; unreported source of income 0.08; household composition 0.08",162,63,78,225,0.72,0.6580150548395245,0.7745985958253896,0.28,78,0.25742574257425743,303,75896.0
2-3,medical_deductions > 366.000 & shelter_expenses_by_hh_size > 559.000 & total_deductions_by_hh_size >  35.100 & unc_rawben_rel_max >   0.153,all_2022_24,46,22,37,0,37,0.0,0.0,0.09406095745514377,9,37,0.24324324324324326,0.13361203432663304,0.4011760249070895,4,37,0.10810810810810811,0.04285120520506268,0.24708846415167163,1,37,0.02702702702702703,0.004786851054907726,0.13824378437563367,21,37,0.5675675675675675,0.40913906334200717,0.713285131596487,0,37,0.0,0.0,0.09406095745514377,2,37,0.05405405405405406,0.01495066277053994,0.1770496506353991,4,37,0.10810810810810811,0.04285120520506268,0.24708846415167163,22,37,0.5945945945945946,0.4348568313132931,0.7365370416005986,5,37,0.13513513513513514,0.059132072625076235,0.2797772747070557,1,37,0.02702702702702703,0.004786851054907726,0.13824378437563367,0,37,0.0,0.0,0.09406095745514377,1,37,0.02702702702702703,0.004786851054907726,0.13824378437563367,0,37,0.0,0.0,0.09406095745514377,1,37,0.02702702702702703,0.004786851054907726,0.13824378437563367,0,37,0.0,0.0,0.09406095745514377,3,37,0.08108108108108109,0.027960066396321384,0.2130099249850153,24,37,0.6486486486486487,0.48758729517569566,0.7817459336889914,7,37,0.1891891891891892,0.09479858757337126,0.342050115709556,6,37,0.16216216216216217,0.07651103235297099,0.31136799295455864,23,37,0.6216216216216216,0.4610014255281996,0.7593621253610898,14,37,0.3783783783783784,0.2406378746389103,0.5389985744718004,0,37,0.0,0.0,0.09406095745514377,0,37,0.0,0.0,0.09406095745514377,0,37,0.0,0.0,0.09406095745514377,18,37,0.4864864864864865,0.33446153327211037,0.6410536277401908,365 0.57; 363 0.11; 331 0.11,3,53 0.46; 35 0.14; 99 0.08; 37 0.08,4,medical deduction 0.57; unearned income 0.24,"wrong include/exclude decision 0.59; unreported source of income 0.14; wrong amount, known item 0.11",22,0,18,22,1.0,0.8513404742740388,1.0,0.0,18,0.45,40,5358.0
2-3,medical_deductions > 366.000 & shelter_expenses_by_hh_size > 559.000 & total_deductions_by_hh_size >  35.100 & unc_rawben_rel_max >   0.153,train_2022_23,32,17,31,0,31,0.0,0.0,0.11025900073475385,8,31,0.25806451612903225,0.1370154373686976,0.432464724277151,4,31,0.12903225806451613,0.05134201164644764,0.28852756954385356,1,31,0.03225806451612903,0.00571707408694444,0.16194457176169622,16,31,0.5161290322580645,0.34840118286973176,0.6803001396872117,0,31,0.0,0.0,0.11025900073475385,2,31,0.06451612903225806,0.017874407775063147,0.20718988318746434,1,31,0.03225806451612903,0.00571707408694444,0.16194457176169622,19,31,0.6129032258064516,0.4382380114113197,0.7626712464872843,5,31,0.16129032258064516,0.07092519905439934,0.3263470272497887,1,31,0.03225806451612903,0.00571707408694444,0.16194457176169622,0,31,0.0,0.0,0.11025900073475385,1,31,0.03225806451612903,0.00571707408694444,0.16194457176169622,0,31,0.0,0.0,0.11025900073475385,1,31,0.03225806451612903,0.00571707408694444,0.16194457176169622,0,31,0.0,0.0,0.11025900073475385,3,31,0.0967741935483871,0.03346403609464399,0.2490028999817704,21,31,0.6774193548387096,0.5014068555995079,0.8143076925268695,6,31,0.1935483870967742,0.09186883586347633,0.36280603555459856,4,31,0.12903225806451613,0.05134201164644764,0.28852756954385356,18,31,0.5806451612903226,0.40765964352020967,0.7358469692645074,13,31,0.41935483870967744,0.26415303073549257,0.5923403564797902,0,31,0.0,0.0,0.11025900073475385,0,31,0.0,0.0,0.11025900073475385,0,31,0.0,0.0,0.11025900073475385,13,31,0.41935483870967744,0.26415303073549257,0.5923403564797902,365 0.52; 363 0.13; 346 0.13,3,53 0.48; 35 0.16; 99 0.10; 52 0.06,4,medical deduction 0.52; unearned income 0.26,wrong include/exclude decision 0.61; unreported source of income 0.16,17,0,14,17,1.0,0.8156763396284354,1.0,0.0,14,0.45161290322580644,31,3818.0
2-3,medical_deductions > 366.000 & shelter_expenses_by_hh_size > 559.000 & total_deductions_by_hh_size >  35.100 & unc_rawben_rel_max >   0.153,test_2024,14,5,6,0,6,0.0,0.0,0.3903430336530645,1,6,0.16666666666666666,0.03005258587173032,0.563509436563646,0,6,0.0,0.0,0.3903430336530645,0,6,0.0,0.0,0.3903430336530645,5,6,0.8333333333333334,0.43649056343635395,0.9699474141282697,0,6,0.0,0.0,0.3903430336530645,0,6,0.0,0.0,0.3903430336530645,3,6,0.5,0.18761280689940868,0.8123871931005913,3,6,0.5,0.18761280689940868,0.8123871931005913,0,6,0.0,0.0,0.3903430336530645,0,6,0.0,0.0,0.3903430336530645,0,6,0.0,0.0,0.3903430336530645,0,6,0.0,0.0,0.3903430336530645,0,6,0.0,0.0,0.3903430336530645,0,6,0.0,0.0,0.3903430336530645,0,6,0.0,0.0,0.3903430336530645,0,6,0.0,0.0,0.3903430336530645,3,6,0.5,0.18761280689940868,0.8123871931005913,1,6,0.16666666666666666,0.03005258587173032,0.563509436563646,2,6,0.3333333333333333,0.09676933255921683,0.7000116786584712,5,6,0.8333333333333334,0.43649056343635395,0.9699474141282697,1,6,0.16666666666666666,0.03005258587173032,0.563509436563646,0,6,0.0,0.0,0.3903430336530645,0,6,0.0,0.0,0.3903430336530645,0,6,0.0,0.0,0.3903430336530645,5,6,0.8333333333333334,0.43649056343635395,0.9699474141282697,365 0.83,1,56 0.33; 53 0.33; 57 0.17,3,medical deduction 0.83,"wrong amount, known item 0.50; wrong include/exclude decision 0.50",5,0,4,5,1.0,0.5655085052479191,1.0,0.0,4,0.4444444444444444,9,1540.0
1,elderly_disabled_i >   0.500 & rawben_rel_max >   0.315 & shelter_expenses_by_hh_size <= 810.000 & unc_rawben_rel_max >   1.790,all_2022_24,283,121,181,10,181,0.055248618784530384,0.030283147803634218,0.09870080386092611,123,181,0.6795580110497238,0.6084492699315125,0.7432031719430439,29,181,0.16022099447513813,0.11393241437978728,0.22063296484220601,7,181,0.03867403314917127,0.018857584065879004,0.07766614219487614,6,181,0.03314917127071823,0.015279205399379953,0.07042444572677346,1,181,0.0055248618784530384,0.0009759153318539288,0.03062736012129081,5,181,0.027624309392265192,0.011855761918908421,0.06302781407264324,39,181,0.2154696132596685,0.16181619359323302,0.28094993697477766,78,181,0.430939226519337,0.3609690895788642,0.5037799712386141,30,181,0.16574585635359115,0.11863684188024268,0.22674861247635233,0,181,0.0,0.0,0.02078320031854301,7,181,0.03867403314917127,0.018857584065879004,0.07766614219487614,9,181,0.049723756906077346,0.026377062581009844,0.09178681394894876,7,181,0.03867403314917127,0.018857584065879004,0.07766614219487614,0,181,0.0,0.0,0.02078320031854301,0,181,0.0,0.0,0.02078320031854301,11,181,0.06077348066298342,0.03427005402307322,0.10553397277608885,58,180,0.32222222222222224,0.25828034373405556,0.3935938784224097,23,180,0.12777777777777777,0.08667435764393652,0.18443729499616232,99,180,0.55,0.4770322185607413,0.6208781564577529,121,181,0.6685082872928176,0.5970508280542329,0.7329614635511198,51,181,0.281767955801105,0.2212914649549294,0.351315567228302,4,181,0.022099447513812154,0.008626672551081856,0.05543682830586808,1,181,0.0055248618784530384,0.0009759153318539288,0.03062736012129081,4,181,0.022099447513812154,0.008626672551081856,0.05543682830586808,95,180,0.5277777777777778,0.45502894184771125,0.5993657109403411,331 0.47; 363 0.16; 333 0.13,3,37 0.27; 38 0.17; 35 0.17; 53 0.09; 52 0.07,5,unearned income 0.68; shelter deduction 0.16,"wrong include/exclude decision 0.43; wrong amount, known item 0.22; unreported source of income 0.17",121,0,0,121,1.0,0.969228205982621,0.9999999999999999,0.0,0,0.0,121,28633.0
1,elderly_disabled_i >   0.500 & rawben_rel_max >   0.315 & shelter_expenses_by_hh_size <= 810.000 & unc_rawben_rel_max >   1.790,train_2022_23,203,84,125,7,125,0.056,0.02738787677635804,0.11108913685898955,85,125,0.68,0.593905934010664,0.7553601415425735,18,125,0.144,0.09306819886613768,0.21616111837301485,5,125,0.04,0.01720435534409861,0.09022678490873898,4,125,0.032,0.012512936695839402,0.07939526686574319,1,125,0.008,0.0014135587198986672,0.043925834767918934,5,125,0.04,0.01720435534409861,0.09022678490873898,28,125,0.224,0.15976874687261633,0.3046899372790862,56,125,0.448,0.36366742825085785,0.5354334832559847,15,125,0.12,0.07408523210514384,0.18857527506024374,0,125,0.0,0.0,0.0298164567965626,5,125,0.04,0.01720435534409861,0.09022678490873898,8,125,0.064,0.032783186697971346,0.12121676362863126,5,125,0.04,0.01720435534409861,0.09022678490873898,0,125,0.0,0.0,0.0298164567965626,0,125,0.0,0.0,0.0298164567965626,8,125,0.064,0.032783186697971346,0.12121676362863126,38,125,0.304,0.23020209041460138,0.38948596064965113,15,125,0.12,0.07408523210514384,0.18857527506024374,72,125,0.576,0.48836985067910865,0.6590980478878138,89,125,0.712,0.6272314795312537,0.7841263427870038,29,125,0.232,0.16666666666666669,0.3133149541762909,3,125,0.024,0.008195108073434175,0.06819015879689341,0,125,0.0,0.0,0.0298164567965626,4,125,0.032,0.012512936695839402,0.07939526686574319,72,125,0.576,0.48836985067910865,0.6590980478878138,331 0.50; 363 0.14; 333 0.13,3,37 0.27; 38 0.21; 35 0.12; 53 0.10; 52 0.07,5,unearned income 0.68; shelter deduction 0.14,"wrong include/exclude decision 0.45; wrong amount, known item 0.22; unreported source of income 0.12",84,0,0,84,1.0,0.9562667346678565,0.9999999999999999,0.0,0,0.0,84,18516.0
1,elderly_disabled_i >   0.500 & rawben_rel_max >   0.315 & shelter_expenses_by_hh_size <= 810.000 & unc_rawben_rel_max >   1.790,test_2024,80,37,56,3,56,0.05357142857142857,0.01838544792866792,0.14607539536429218,38,56,0.6785714285714286,0.548223941560039,0.7859917211227772,11,56,0.19642857142857142,0.11338480016444107,0.3184485732747718,2,56,0.03571428571428571,0.009849218502577639,0.12119005852210082,2,56,0.03571428571428571,0.009849218502577639,0.12119005852210082,0,56,0.0,0.0,0.06419614448811528,0,56,0.0,0.0,0.06419614448811528,11,56,0.19642857142857142,0.11338480016444107,0.3184485732747718,22,56,0.39285714285714285,0.27580225617512844,0.523668346215182,15,56,0.26785714285714285,0.1695715866189496,0.3959480518933896,0,56,0.0,0.0,0.06419614448811528,2,56,0.03571428571428571,0.009849218502577639,0.12119005852210082,1,56,0.017857142857142856,0.003159128964463985,0.0944585817919329,2,56,0.03571428571428571,0.009849218502577639,0.12119005852210082,0,56,0.0,0.0,0.06419614448811528,0,56,0.0,0.0,0.06419614448811528,3,56,0.05357142857142857,0.01838544792866792,0.14607539536429218,20,55,0.36363636363636365,0.24930349342940838,0.49577481851316285,8,55,0.14545454545454545,0.07559199016771778,0.2616116208829674,27,55,0.4909090909090909,0.36376560487101584,0.6192396159251554,32,56,0.5714285714285714,0.4413738892040555,0.6923123758690708,22,56,0.39285714285714285,0.27580225617512844,0.523668346215182,1,56,0.017857142857142856,0.003159128964463985,0.0944585817919329,1,56,0.017857142857142856,0.003159128964463985,0.0944585817919329,0,56,0.0,0.0,0.06419614448811528,23,55,0.41818181818181815,0.29737567047718927,0.5496713166883535,331 0.39; 363 0.20; 333 0.14; 346 0.11,4,35 0.27; 37 0.25; 38 0.09; 53 0.07; 99 0.05; 56 0.05,6,unearned income 0.68; shelter deduction 0.20,"wrong include/exclude decision 0.39; unreported source of income 0.27; wrong amount, known item 0.20",37,0,0,37,1.0,0.9059390425448564,1.0,0.0,0,0.0,37,10117.0
4+,HH_size_n >=   5 & total_deductions_by_hh_size >= 358,all_2022_24,66,31,51,16,51,0.3137254901960784,0.20327509667785154,0.45027257516250324,2,51,0.0392156862745098,0.010820856268751206,0.13216548986265267,10,51,0.19607843137254902,0.11015224836299273,0.32458342674495444,1,51,0.0196078431372549,0.003469603253442241,0.10304807675589372,0,51,0.0,0.0,0.07004901388726806,18,51,0.35294117647058826,0.23634305381259788,0.49014195027189267,4,51,0.0784313725490196,0.030921696126931505,0.1850019822486082,19,51,0.37254901960784315,0.2532032972099011,0.5097503729966575,17,51,0.3333333333333333,0.21969755762722826,0.4703187803351943,3,51,0.058823529411764705,0.020206272864052077,0.15924873938941972,3,51,0.058823529411764705,0.020206272864052077,0.15924873938941972,2,51,0.0392156862745098,0.010820856268751206,0.13216548986265267,2,51,0.0392156862745098,0.010820856268751206,0.13216548986265267,0,51,0.0,0.0,0.07004901388726806,0,51,0.0,0.0,0.07004901388726806,1,51,0.0196078431372549,0.003469603253442241,0.10304807675589372,4,51,0.0784313725490196,0.030921696126931505,0.1850019822486082,38,51,0.7450980392156863,0.6113145589385128,0.8445437675873361,5,51,0.09803921568627451,0.04260744495307697,0.2097848995445307,8,51,0.1568627450980392,0.08169125888021325,0.2801070839835982,28,51,0.5490196078431373,0.41384471541649237,0.6773269498886776,20,51,0.39215686274509803,0.27027144858027696,0.5291508877483494,0,51,0.0,0.0,0.07004901388726806,0,51,0.0,0.0,0.07004901388726806,3,51,0.058823529411764705,0.020206272864052077,0.15924873938941972,25,51,0.49019607843137253,0.35857262142306195,0.623193045515904,311 0.31; 323 0.29; 363 0.20,3,53 0.20; 38 0.18; 52 0.14; 56 0.14; 99 0.08; 35 0.06,6,dep care or child support deduction 0.35; earned income 0.31; shelter deduction 0.20,"wrong amount, known item 0.37; wrong include/exclude decision 0.33; other 0.08",26,5,20,31,0.8387096774193549,0.6736529727502113,0.9290748009456006,0.16129032258064516,20,0.39215686274509803,51,10438.0
4+,HH_size_n >=   5 & total_deductions_by_hh_size >= 358,train_2022_23,33,17,29,9,29,0.3103448275862069,0.17275424489768068,0.49230470472718546,1,29,0.034482758620689655,0.006113056614032261,0.1717589106470025,6,29,0.20689655172413793,0.09845936515585207,0.3839044660825772,0,29,0.0,0.0,0.11697359446555587,0,29,0.0,0.0,0.11697359446555587,10,29,0.3448275862068966,0.19940508749190483,0.5265522349284402,3,29,0.10344827586206896,0.035814240381301043,0.26385447247069155,6,29,0.20689655172413793,0.09845936515585207,0.3839044660825772,12,29,0.41379310344827586,0.2551293527964552,0.5926247152148476,2,29,0.06896551724137931,0.019120864097994433,0.21964947595851925,3,29,0.10344827586206896,0.035814240381301043,0.26385447247069155,1,29,0.034482758620689655,0.006113056614032261,0.1717589106470025,2,29,0.06896551724137931,0.019120864097994433,0.21964947595851925,0,29,0.0,0.0,0.11697359446555587,0,29,0.0,0.0,0.11697359446555587,1,29,0.034482758620689655,0.006113056614032261,0.1717589106470025,2,29,0.06896551724137931,0.019120864097994433,0.21964947595851925,24,29,0.8275862068965517,0.6545119942718488,0.9240225472852007,4,29,0.13793103448275862,0.05497350852047822,0.30559357712699325,1,29,0.034482758620689655,0.006113056614032261,0.1717589106470025,18,29,0.6206896551724138,0.4400222620928496,0.7731220426913266,8,29,0.27586206896551724,0.1469858133850274,0.4571747634443597,0,29,0.0,0.0,0.11697359446555587,0,29,0.0,0.0,0.11697359446555587,3,29,0.10344827586206896,0.035814240381301043,0.26385447247069155,17,29,0.5862068965517241,0.40737528478515245,0.7448706472035449,311 0.31; 323 0.24; 363 0.21,3,52 0.24; 53 0.17; 38 0.14; 44 0.07; 99 0.07; 35 0.07,6,dep care or child support deduction 0.34; earned income 0.31; shelter deduction 0.21,"wrong include/exclude decision 0.41; wrong amount, known item 0.21; household composition 0.10; other 0.07",12,5,10,17,0.7058823529411765,0.468664666737861,0.8672020613444361,0.29411764705882354,10,0.37037037037037035,27,6006.0
4+,HH_size_n >=   5 & total_deductions_by_hh_size >= 358,test_2024,33,14,22,7,22,0.3181818181818182,0.1636038735469248,0.5268177721716065,1,22,0.045454545454545456,0.008069219301147859,0.21798489499518053,4,22,0.18181818181818182,0.07306766024105121,0.38517021976637866,1,22,0.045454545454545456,0.008069219301147859,0.21798489499518053,0,22,0.0,1.3877787807814457e-17,0.14865952572596125,8,22,0.36363636363636365,0.19732972772607899,0.5704865065628195,1,22,0.045454545454545456,0.008069219301147859,0.21798489499518053,13,22,0.5909090909090909,0.38734477382893806,0.7674444033117963,5,22,0.22727272727272727,0.10122890794820358,0.4344035606295935,1,22,0.045454545454545456,0.008069219301147859,0.21798489499518053,0,22,0.0,1.3877787807814457e-17,0.14865952572596125,1,22,0.045454545454545456,0.008069219301147859,0.21798489499518053,0,22,0.0,1.3877787807814457e-17,0.14865952572596125,0,22,0.0,1.3877787807814457e-17,0.14865952572596125,0,22,0.0,1.3877787807814457e-17,0.14865952572596125,0,22,0.0,1.3877787807814457e-17,0.14865952572596125,2,22,0.09090909090909091,0.025294896282837792,0.2781538065838578,14,22,0.6363636363636364,0.4295134934371804,0.802670272273921,1,22,0.045454545454545456,0.008069219301147859,0.21798489499518053,7,22,0.3181818181818182,0.1636038735469248,0.5268177721716065,10,22,0.45454545454545453,0.26920014432004846,0.6534052671095845,12,22,0.5454545454545454,0.34659473289041554,0.7307998556799515,0,22,0.0,1.3877787807814457e-17,0.14865952572596125,0,22,0.0,1.3877787807814457e-17,0.14865952572596125,0,22,0.0,1.3877787807814457e-17,0.14865952572596125,8,22,0.36363636363636365,0.19732972772607899,0.5704865065628195,323 0.36; 311 0.32; 363 0.18,3,56 0.32; 53 0.23; 38 0.23,3,dep care or child support deduction 0.36; earned income 0.32; shelter deduction 0.18,"wrong amount, known item 0.59; wrong include/exclude decision 0.23",14,0,10,14,1.0,0.7846829880728186,1.0,0.0,10,0.4166666666666667,24,4432.0
2-3,shelter_expenses_by_hh_size < 720 & total_deductions_by_hh_size >= 625,all_2022_24,209,83,141,29,141,0.20567375886524822,0.14719271409491427,0.27976749623140085,27,141,0.19148936170212766,0.1350712947551214,0.26427254016523294,23,141,0.16312056737588654,0.11122367287919478,0.23288741122923817,4,141,0.028368794326241134,0.011086016785375557,0.07066950096643054,13,141,0.09219858156028368,0.05467322414755478,0.15135598293107455,36,141,0.2553191489361702,0.19050011793145136,0.33311740631572617,9,141,0.06382978723404255,0.03394088582358967,0.11685557044311823,33,141,0.23404255319148937,0.1717826644060098,0.3104102967322267,59,141,0.41843971631205673,0.3402353922897745,0.5009704491259513,16,141,0.11347517730496454,0.07106523194689557,0.17638853824067482,5,141,0.03546099290780142,0.015239951514497675,0.08032375394028879,4,141,0.028368794326241134,0.011086016785375557,0.07066950096643054,8,141,0.05673758865248227,0.02902676376760057,0.10796150479612696,3,141,0.02127659574468085,0.007261812344253545,0.0606855177045722,1,141,0.0070921985815602835,0.0012530139445820175,0.03907794069828302,0,141,0.0,0.0,0.026522766939884673,12,141,0.0851063829787234,0.04935325776791658,0.14286776160773243,85,141,0.6028368794326241,0.5203745403938856,0.6798441812993296,19,141,0.1347517730496454,0.0879924307457882,0.20088590255072325,37,141,0.2624113475177305,0.1967876598278167,0.3406380521223413,72,141,0.5106382978723404,0.4289450255878892,0.5917672559665812,60,141,0.425531914893617,0.34696192865301656,0.5080521004656897,1,141,0.0070921985815602835,0.0012530139445820175,0.03907794069828302,4,141,0.028368794326241134,0.011086016785375557,0.07066950096643054,4,141,0.028368794326241134,0.011086016785375557,0.07066950096643054,47,141,0.3333333333333333,0.26085458327360556,0.414653005706356,323 0.23; 311 0.21; 363 0.16; 365 0.09; 331 0.06,5,53 0.24; 35 0.11; 38 0.11; 52 0.09; 99 0.09; 37 0.07; 56 0.06,7,dep care or child support deduction 0.26; earned income 0.21; unearned income 0.19; shelter deduction 0.16,"wrong include/exclude decision 0.42; wrong amount, known item 0.23; unreported source of income 0.11",72,11,46,83,0.8674698795180723,0.7780706171586962,0.9243577121212803,0.13253012048192772,46,0.35658914728682173,129,31578.0
2-3,shelter_expenses_by_hh_size < 720 & total_deductions_by_hh_size >= 625,train_2022_23,134,53,93,17,93,0.1827956989247312,0.1173779926949177,0.27337969821477404,20,93,0.21505376344086022,0.14374913397362912,0.30896540192829725,17,93,0.1827956989247312,0.1173779926949177,0.27337969821477404,3,93,0.03225806451612903,0.011030412935116203,0.09059533467748004,10,93,0.10752688172043011,0.059462429584426144,0.1867292896767178,20,93,0.21505376344086022,0.14374913397362912,0.30896540192829725,6,93,0.06451612903225806,0.029901024142029796,0.13368156846280116,18,93,0.1935483870967742,0.12608338664374868,0.28532658593002125,42,93,0.45161290322580644,0.3543959312279996,0.5526688012836483,13,93,0.13978494623655913,0.08354643741721157,0.22460212683616715,3,93,0.03225806451612903,0.011030412935116203,0.09059533467748004,2,93,0.021505376344086023,0.005917375771978241,0.07505609017653975,6,93,0.06451612903225806,0.029901024142029796,0.13368156846280116,0,93,0.0,0.0,0.0396689026203615,1,93,0.010752688172043012,0.001900593097955601,0.05842059118648415,0,93,0.0,0.0,0.0396689026203615,8,93,0.08602150537634409,0.044232537486392685,0.1606546184465948,56,93,0.6021505376344086,0.5005293284970952,0.6956673473116483,15,93,0.16129032258064516,0.10024990095644243,0.24920322662509276,22,93,0.23655913978494625,0.16172548448287755,0.3322936147472054,46,93,0.4946236559139785,0.39525719013807575,0.5944166690298852,45,93,0.4838709677419355,0.3849752909016495,0.5840462866022331,0,93,0.0,0.0,0.0396689026203615,0,93,0.0,0.0,0.0396689026203615,2,93,0.021505376344086023,0.005917375771978241,0.07505609017653975,28,93,0.3010752688172043,0.21726167583661843,0.400671113377934,323 0.18; 311 0.18; 363 0.18; 365 0.11; 350 0.06; 331 0.06,6,53 0.31; 35 0.14; 38 0.14; 99 0.09; 52 0.09,5,dep care or child support deduction 0.22; unearned income 0.22; earned income 0.18; shelter deduction 0.18,"wrong include/exclude decision 0.45; wrong amount, known item 0.19; unreported source of income 0.14",48,5,27,53,0.9056603773584906,0.7974602432629856,0.9590279625581031,0.09433962264150944,27,0.3375,80,18628.0
2-3,shelter_expenses_by_hh_size < 720 & total_deductions_by_hh_size >= 625,test_2024,75,30,48,12,48,0.25,0.1492048880971003,0.3878464374792707,7,48,0.14583333333333334,0.07248157413793963,0.27167447042858606,6,48,0.125,0.05856971750400844,0.24700727086054822,1,48,0.020833333333333332,0.003687015979399688,0.10899469137531158,3,48,0.0625,0.021482843131227225,0.1683569766274222,16,48,0.3333333333333333,0.2167660137089678,0.47460153667527943,3,48,0.0625,0.021482843131227225,0.1683569766274222,15,48,0.3125,0.19945512167731494,0.4533333725049633,17,48,0.3541666666666667,0.23433457112685735,0.4956120354593591,3,48,0.0625,0.021482843131227225,0.1683569766274222,2,48,0.041666666666666664,0.011501652078965613,0.13975911147771472,2,48,0.041666666666666664,0.011501652078965613,0.13975911147771472,2,48,0.041666666666666664,0.011501652078965613,0.13975911147771472,3,48,0.0625,0.021482843131227225,0.1683569766274222,0,48,0.0,0.0,0.0741026511527422,0,48,0.0,0.0,0.0741026511527422,4,48,0.08333333333333333,0.03288322434995555,0.19553565161066291,29,48,0.6041666666666666,0.4631015459693511,0.7297937350404942,4,48,0.08333333333333333,0.03288322434995555,0.19553565161066291,15,48,0.3125,0.19945512167731494,0.4533333725049633,26,48,0.5416666666666666,0.4029083309494732,0.6742497814544648,15,48,0.3125,0.19945512167731494,0.4533333725049633,1,48,0.020833333333333332,0.003687015979399688,0.10899469137531158,4,48,0.08333333333333333,0.03288322434995555,0.19553565161066291,2,48,0.041666666666666664,0.011501652078965613,0.13975911147771472,19,48,0.3958333333333333,0.2702062649595057,0.5368984540306487,323 0.31; 311 0.25; 363 0.12; 365 0.06,4,56 0.19; 53 0.10; 37 0.10; 52 0.10; 99 0.08; 38 0.06; 57 0.06; 97 0.06,8,dep care or child support deduction 0.33; earned income 0.25; unearned income 0.15; shelter deduction 0.12,"wrong include/exclude decision 0.35; wrong amount, known item 0.31; other 0.08",24,6,19,30,0.8,0.6269395261897256,0.9049502189759876,0.2,19,0.3877551020408163,49,12950.0
4+,HH_size_n >   5.5000 & percent_abawd >   0.0885 & total_deductions_by_hh_size > 107.0000,all_2022_24,82,32,47,22,47,0.46808510638297873,0.33331462168462633,0.6076785807322921,5,47,0.10638297872340426,0.046304099555199416,0.22594539692012788,9,47,0.19148936170212766,0.10415815605310119,0.325442800643777,3,47,0.06382978723404255,0.0219449870207728,0.17162877934377904,0,47,0.0,6.938893903907228e-18,0.0755601711983887,2,47,0.0425531914893617,0.01174802937056972,0.1424878719385944,6,47,0.1276595744680851,0.059845227802024795,0.25174213372869025,11,47,0.23404255319148937,0.13603136423924592,0.3722453225684077,9,47,0.19148936170212766,0.10415815605310119,0.325442800643777,6,47,0.1276595744680851,0.059845227802024795,0.25174213372869025,5,47,0.10638297872340426,0.046304099555199416,0.22594539692012788,6,47,0.1276595744680851,0.059845227802024795,0.25174213372869025,6,47,0.1276595744680851,0.059845227802024795,0.25174213372869025,0,47,0.0,6.938893903907228e-18,0.0755601711983887,0,47,0.0,6.938893903907228e-18,0.0755601711983887,0,47,0.0,6.938893903907228e-18,0.0755601711983887,4,47,0.0851063829787234,0.033593579469713086,0.19931805195022648,32,47,0.6808510638297872,0.5383238911447854,0.7960479618260101,3,47,0.06382978723404255,0.0219449870207728,0.17162877934377904,12,47,0.2553191489361702,0.15253006046383732,0.3950844913992039,31,47,0.6595744680851063,0.5167065950530297,0.7783273928623781,16,47,0.3404255319148936,0.22167260713762188,0.4832934049469702,0,47,0.0,6.938893903907228e-18,0.0755601711983887,0,47,0.0,6.938893903907228e-18,0.0755601711983887,0,47,0.0,6.938893903907228e-18,0.0755601711983887,16,47,0.3404255319148936,0.22167260713762188,0.4832934049469702,311 0.32; 363 0.19; 312 0.13; 364 0.06; 150 0.06,5,38 0.17; 52 0.15; 35 0.13; 99 0.09; 41 0.09; 43 0.04; 53 0.04; 7 0.04; 123 0.04,9,earned income 0.47; shelter deduction 0.19; other element 0.13,"wrong amount, known item 0.23; wrong include/exclude decision 0.19; method or computation 0.13; unreported source of income 0.13; change in circumstances 0.13",22,10,13,32,0.6875,0.514330003019676,0.8204764788338126,0.3125,13,0.28888888888888886,45,10795.0
4+,HH_size_n >   5.5000 & percent_abawd >   0.0885 & total_deductions_by_hh_size > 107.0000,train_2022_23,67,29,42,21,42,0.5,0.3552574591652803,0.6447425408347197,4,42,0.09523809523809523,0.0376616388283121,0.2206539522505333,7,42,0.16666666666666666,0.08315811295836502,0.30604296204774295,3,42,0.07142857142857142,0.024589963551172864,0.19009713288525165,0,42,0.0,0.0,0.08380161250916197,1,42,0.023809523809523808,0.00421529549910029,0.12321481165248252,6,42,0.14285714285714285,0.06715875684189933,0.2784138235217878,9,42,0.21428571428571427,0.11705668531051237,0.3594013789804373,8,42,0.19047619047619047,0.09981889609856436,0.33301067354996444,5,42,0.11904761904761904,0.05193726765019084,0.2500068180710754,5,42,0.11904761904761904,0.05193726765019084,0.2500068180710754,6,42,0.14285714285714285,0.06715875684189933,0.2784138235217878,6,42,0.14285714285714285,0.06715875684189933,0.2784138235217878,0,42,0.0,0.0,0.08380161250916197,0,42,0.0,0.0,0.08380161250916197,0,42,0.0,0.0,0.08380161250916197,3,42,0.07142857142857142,0.024589963551172864,0.19009713288525165,29,42,0.6904761904761905,0.5397372223365942,0.8092907348027727,3,42,0.07142857142857142,0.024589963551172864,0.19009713288525165,10,42,0.23809523809523808,0.13480820811018188,0.38527835082318873,30,42,0.7142857142857143,0.5643250392275445,0.8283314125542434,12,42,0.2857142857142857,0.1716685874457567,0.43567496077245566,0,42,0.0,0.0,0.08380161250916197,0,42,0.0,0.0,0.08380161250916197,0,42,0.0,0.0,0.08380161250916197,15,42,0.35714285714285715,0.22988992501626865,0.5083391071292063,311 0.33; 363 0.17; 312 0.14; 364 0.07; 150 0.07,5,38 0.17; 52 0.14; 35 0.12; 41 0.10; 99 0.07; 43 0.05; 53 0.05; 7 0.05; 123 0.05,9,earned income 0.50; shelter deduction 0.17; other element 0.14,"wrong amount, known item 0.21; wrong include/exclude decision 0.19; method or computation 0.14; change in circumstances 0.14; household composition 0.12",19,10,11,29,0.6551724137931034,0.47344776507155983,0.8005949125080951,0.3448275862068966,11,0.275,40,9343.0
4+,HH_size_n >   5.5000 & percent_abawd >   0.0885 & total_deductions_by_hh_size > 107.0000,test_2024,15,3,5,1,5,0.2,0.03622316096978745,0.6244717358814613,1,5,0.2,0.03622316096978745,0.6244717358814613,2,5,0.4,0.1176182311592533,0.769280067791163,0,5,0.0,0.0,0.43449149475208104,0,5,0.0,0.0,0.43449149475208104,1,5,0.2,0.03622316096978745,0.6244717358814613,0,5,0.0,0.0,0.43449149475208104,2,5,0.4,0.1176182311592533,0.769280067791163,1,5,0.2,0.03622316096978745,0.6244717358814613,1,5,0.2,0.03622316096978745,0.6244717358814613,0,5,0.0,0.0,0.43449149475208104,0,5,0.0,0.0,0.43449149475208104,0,5,0.0,0.0,0.43449149475208104,0,5,0.0,0.0,0.43449149475208104,0,5,0.0,0.0,0.43449149475208104,0,5,0.0,0.0,0.43449149475208104,1,5,0.2,0.03622316096978745,0.6244717358814613,3,5,0.6,0.23071993220883708,0.8823817688407467,0,5,0.0,0.0,0.43449149475208104,2,5,0.4,0.1176182311592533,0.769280067791163,1,5,0.2,0.03622316096978745,0.6244717358814613,4,5,0.8,0.3755282641185388,0.9637768390302125,0,5,0.0,0.0,0.43449149475208104,0,5,0.0,0.0,0.43449149475208104,0,5,0.0,0.0,0.43449149475208104,1,5,0.2,0.03622316096978745,0.6244717358814613,363 0.40; 311 0.20; 333 0.20,3,35 0.20; 99 0.20; 38 0.20; 52 0.20,4,shelter deduction 0.40; earned income 0.20; unearned income 0.20,"wrong amount, known item 0.40; unreported source of income 0.20; other 0.20",3,0,2,3,1.0,0.43849391955098227,1.0,0.0,2,0.4,5,1452.0
2-3,rawben_rel_max <   0.586 & total_deductions_by_hh_size >= 625.000 & total_deductions_by_hh_size < 683.000,all_2022_24,67,28,45,15,45,0.3333333333333333,0.21358692207276764,0.479297831907446,8,45,0.17777777777777778,0.0929427892585383,0.3133010684365414,7,45,0.15555555555555556,0.07745325311328677,0.28784190511248803,1,45,0.022222222222222223,0.003933497522757505,0.11566946388718813,1,45,0.022222222222222223,0.003933497522757505,0.11566946388718813,5,45,0.1111111111111111,0.04840400437825558,0.23499375490890945,8,45,0.17777777777777778,0.0929427892585383,0.3133010684365414,13,45,0.28888888888888886,0.1772991803190016,0.43368817472260224,13,45,0.28888888888888886,0.1772991803190016,0.43368817472260224,7,45,0.15555555555555556,0.07745325311328677,0.28784190511248803,2,45,0.044444444444444446,0.012273869040444335,0.14827779183880616,4,45,0.08888888888888889,0.035110548134203154,0.20733851168365702,3,45,0.06666666666666667,0.022931616462147086,0.17856874388640825,0,45,0.0,0.0,0.07865426194064076,2,45,0.044444444444444446,0.012273869040444335,0.14827779183880616,0,45,0.0,0.0,0.07865426194064076,1,45,0.022222222222222223,0.003933497522757505,0.11566946388718813,19,45,0.4222222222222222,0.2896848798168781,0.566994672040555,9,45,0.2,0.10896004402509006,0.3382325131392944,17,45,0.37777777777777777,0.25107885298349863,0.5237032999353246,19,45,0.4222222222222222,0.2896848798168781,0.566994672040555,22,45,0.4888888888888889,0.3495678935302451,0.6299577567351026,0,45,0.0,0.0,0.07865426194064076,0,45,0.0,0.0,0.07865426194064076,4,45,0.08888888888888889,0.035110548134203154,0.20733851168365702,16,45,0.35555555555555557,0.23218891356904048,0.5016445398804781,311 0.31; 363 0.16; 323 0.11; 342 0.07; 361 0.04; 150 0.04; 365 0.02,7,53 0.16; 35 0.16; 52 0.11; 38 0.11; 44 0.09; 56 0.09; 41 0.04,7,earned income 0.33; other element 0.18; unearned income 0.18; shelter deduction 0.16,"wrong include/exclude decision 0.29; wrong amount, known item 0.29; unreported source of income 0.16; change in circumstances 0.09",24,4,10,28,0.8571428571428571,0.6850982695512267,0.9430108706929821,0.14285714285714285,10,0.2631578947368421,38,7061.0
2-3,rawben_rel_max <   0.586 & total_deductions_by_hh_size >= 625.000 & total_deductions_by_hh_size < 683.000,train_2022_23,38,18,33,11,33,0.3333333333333333,0.19750029467803698,0.5039241820005003,5,33,0.15151515151515152,0.06650359257960956,0.30920213138460484,3,33,0.09090909090909091,0.03140337104926305,0.23572943534351032,1,33,0.030303030303030304,0.005369272089651725,0.15319061673168066,1,33,0.030303030303030304,0.005369272089651725,0.15319061673168066,4,33,0.12121212121212122,0.04816083267584231,0.2732584325026516,8,33,0.24242424242424243,0.12831561346647294,0.4102494868549029,7,33,0.21212121212121213,0.1067588656643618,0.3775197758712936,12,33,0.36363636363636365,0.22186966167959873,0.5338412737846591,4,33,0.12121212121212122,0.04816083267584231,0.2732584325026516,2,33,0.06060606060606061,0.016780530429070947,0.19606581717798194,3,33,0.09090909090909091,0.03140337104926305,0.23572943534351032,2,33,0.06060606060606061,0.016780530429070947,0.19606581717798194,0,33,0.0,0.0,0.10427343003561192,2,33,0.06060606060606061,0.016780530429070947,0.19606581717798194,0,33,0.0,0.0,0.10427343003561192,1,33,0.030303030303030304,0.005369272089651725,0.15319061673168066,13,33,0.3939393939393939,0.24682882231508207,0.5631685719348962,6,33,0.18181818181818182,0.08610651225698263,0.3438856704929522,14,33,0.42424242424242425,0.272353589950299,0.5919302630853998,16,33,0.48484848484848486,0.32503781646924224,0.6478189541378976,14,33,0.42424242424242425,0.272353589950299,0.5919302630853998,0,33,0.0,0.0,0.10427343003561192,0,33,0.0,0.0,0.10427343003561192,3,33,0.09090909090909091,0.03140337104926305,0.23572943534351032,12,33,0.36363636363636365,0.22186966167959873,0.5338412737846591,311 0.30; 323 0.12; 363 0.09; 361 0.06; 342 0.06; 150 0.06; 365 0.03; 520 0.03,8,53 0.18; 52 0.15; 44 0.12; 35 0.12; 38 0.09; 41 0.06; 29 0.06,7,earned income 0.33; other element 0.24; unearned income 0.15; dep care or child support deduction 0.12,"wrong include/exclude decision 0.36; wrong amount, known item 0.21; unreported source of income 0.12; change in circumstances 0.09",14,4,7,18,0.7777777777777778,0.5478497354769452,0.90999218086618,0.2222222222222222,7,0.28,25,4938.0
2-3,rawben_rel_max <   0.586 & total_deductions_by_hh_size >= 625.000 & total_deductions_by_hh_size < 683.000,test_2024,29,10,12,4,12,0.3333333333333333,0.13811783989736134,0.609382412602386,3,12,0.25,0.08894003962896138,0.53231033912066,4,12,0.3333333333333333,0.13811783989736134,0.609382412602386,0,12,0.0,0.0,0.2425007574992425,0,12,0.0,0.0,0.2425007574992425,1,12,0.08333333333333333,0.014864709450773478,0.35388592179859524,0,12,0.0,0.0,0.2425007574992425,6,12,0.5,0.2537781703934222,0.7462218296065778,1,12,0.08333333333333333,0.014864709450773478,0.35388592179859524,3,12,0.25,0.08894003962896138,0.53231033912066,0,12,0.0,0.0,0.2425007574992425,1,12,0.08333333333333333,0.014864709450773478,0.35388592179859524,1,12,0.08333333333333333,0.014864709450773478,0.35388592179859524,0,12,0.0,0.0,0.2425007574992425,0,12,0.0,0.0,0.2425007574992425,0,12,0.0,0.0,0.2425007574992425,0,12,0.0,0.0,0.2425007574992425,6,12,0.5,0.2537781703934222,0.7462218296065778,3,12,0.25,0.08894003962896138,0.53231033912066,3,12,0.25,0.08894003962896138,0.53231033912066,3,12,0.25,0.08894003962896138,0.53231033912066,8,12,0.6666666666666666,0.3906175873976139,0.8618821601026385,0,12,0.0,0.0,0.2425007574992425,0,12,0.0,0.0,0.2425007574992425,1,12,0.08333333333333333,0.014864709450773478,0.35388592179859524,4,12,0.3333333333333333,0.13811783989736134,0.609382412602386,311 0.33; 363 0.33; 335 0.08,3,56 0.33; 35 0.25; 38 0.17; 39 0.08,4,earned income 0.33; shelter deduction 0.33; unearned income 0.25,"wrong amount, known item 0.50; unreported source of income 0.25",10,0,3,10,1.0,0.7224598312333834,1.0,0.0,3,0.23076923076923078,13,2123.0
4+,rawben_rel_max >   0.483 & shelter_expenses_by_hh_size > 305.000 & unc_rawben_rel_max <=   0.960,all_2022_24,2160,578,878,357,878,0.40660592255125283,0.3745897613371492,0.4394357960872228,174,878,0.19817767653758542,0.17314929713191649,0.22583573600782206,147,878,0.1674259681093394,0.14418978483492212,0.19355976111528034,30,878,0.03416856492027335,0.02403721111439107,0.048358557014488324,2,878,0.002277904328018223,0.000624892873286887,0.00826740705903656,70,878,0.07972665148063782,0.06358591840325149,0.09952909000642209,98,878,0.11161731207289294,0.09245660688951324,0.1341618697167163,312,878,0.3553530751708428,0.32438676559051016,0.3875796465179683,178,878,0.20273348519362186,0.1774615194876201,0.23059543768019783,119,878,0.13553530751708429,0.11447500698288386,0.15977107077076264,63,878,0.07175398633257403,0.05648376534555054,0.09075537601498405,63,878,0.07175398633257403,0.05648376534555054,0.09075537601498405,69,878,0.0785876993166287,0.06256798429044912,0.09827904311220463,12,878,0.01366742596810934,0.007835284130477101,0.023736825872044898,3,878,0.003416856492027335,0.0011626842763606598,0.009997596662982642,8,878,0.009111617312072893,0.004624031397327401,0.017876154577115177,51,878,0.05808656036446469,0.04445365476509759,0.07556971451119875,555,869,0.6386651323360184,0.6061791477913289,0.6699305151761558,76,869,0.08745684695051784,0.07044297900128091,0.10810213158923174,237,869,0.2727272727272727,0.24416445431612976,0.30329066239691405,495,876,0.565068493150685,0.5320253504927857,0.5975434264325155,351,876,0.4006849315068493,0.3687352078747897,0.4335019220813296,3,876,0.003424657534246575,0.001165340331990082,0.010020309448606787,11,876,0.012557077625570776,0.007025841803608419,0.02234489947527632,16,876,0.0182648401826484,0.011273363781025943,0.02946305968428872,331,869,0.380897583429229,0.34920136392267076,0.4136422035699877,311 0.32; 363 0.17; 350 0.09; 312 0.08; 323 0.06; 150 0.06,6,38 0.18; 35 0.14; 53 0.09; 44 0.09; 52 0.06; 56 0.06; 99 0.06; 37 0.03; 41 0.03; 39 0.02,10,earned income 0.41; unearned income 0.20; shelter deduction 0.17,"wrong amount, known item 0.36; wrong include/exclude decision 0.20; unreported source of income 0.14; method or computation 0.08",411,167,174,578,0.7110726643598616,0.6728224260443434,0.7465356947912931,0.2889273356401384,174,0.23138297872340424,752,199120.0
4+,rawben_rel_max >   0.483 & shelter_expenses_by_hh_size > 305.000 & unc_rawben_rel_max <=   0.960,train_2022_23,1266,324,489,200,489,0.40899795501022496,0.3662947336884749,0.4531198611833865,108,489,0.22085889570552147,0.18634598797794227,0.2597234996627114,78,489,0.15950920245398773,0.12972776388143759,0.19459875400990923,15,489,0.03067484662576687,0.018675783980166057,0.049990497437636325,2,489,0.00408997955010225,0.0011223139042734684,0.014788680622162608,31,489,0.06339468302658487,0.04501710697742613,0.08857875830667326,55,489,0.11247443762781185,0.08743746889247549,0.14355277219106938,144,489,0.294478527607362,0.25580620962364614,0.33635484171617575,106,489,0.2167689161554192,0.18253112635632993,0.2554221633010366,71,489,0.14519427402862986,0.11673358487956964,0.17918624007027228,36,489,0.0736196319018405,0.0536483438820147,0.1002380163603025,40,489,0.081799591002045,0.06064460699616028,0.10947414921273116,49,489,0.10020449897750511,0.07662778956561256,0.13001385756807093,4,489,0.0081799591002045,0.0031854408743546524,0.02084175163536855,3,489,0.006134969325153374,0.002088553804686392,0.017880539713393248,4,489,0.0081799591002045,0.0031854408743546524,0.02084175163536855,32,489,0.065439672801636,0.046732124210063467,0.09092184006567948,304,487,0.6242299794661191,0.5803998192359167,0.6661155535442226,50,487,0.1026694045174538,0.07874732756111115,0.1328109429685261,133,487,0.2731006160164271,0.2354194458225406,0.3143334683558827,277,487,0.5687885010266941,0.5244335166937353,0.612066731044028,197,487,0.40451745379876797,0.3618384508451952,0.44869105602626796,0,487,0.0,0.0,0.007826557488199859,0,487,0.0,0.0,0.007826557488199859,13,487,0.026694045174537988,0.015665182226010245,0.04513162065296334,190,487,0.39014373716632444,0.3478419231809913,0.43416514386467076,311 0.32; 363 0.16; 350 0.09; 312 0.08; 150 0.06; 323 0.05,6,38 0.19; 35 0.15; 53 0.11; 44 0.09; 52 0.07; 99 0.07; 39 0.03; 41 0.03; 42 0.03,9,earned income 0.41; unearned income 0.22; shelter deduction 0.16,"wrong amount, known item 0.29; wrong include/exclude decision 0.22; unreported source of income 0.15; method or computation 0.10",227,97,89,324,0.7006172839506173,0.6486340524568105,0.7478989073628098,0.2993827160493827,89,0.21549636803874092,413,106773.0
4+,rawben_rel_max >   0.483 & shelter_expenses_by_hh_size > 305.000 & unc_rawben_rel_max <=   0.960,test_2024,894,254,389,157,389,0.40359897172236503,0.35601578661446986,0.45306756911974977,66,389,0.16966580976863754,0.13563900645842453,0.21015329252416792,69,389,0.17737789203084833,0.14262692091807705,0.21843870960577783,15,389,0.038560411311053984,0.023504900018109346,0.06264076276302177,0,389,0.0,0.0,0.009779005074818959,39,389,0.10025706940874037,0.07420949073379687,0.13412282437743372,43,389,0.11053984575835475,0.08310762939855301,0.14558912776769414,168,389,0.4318766066838046,0.38355490261407355,0.4815306687714416,72,389,0.18508997429305912,0.14964069849323017,0.22669826357188713,48,389,0.12339331619537275,0.09434493261582583,0.15980737711919202,27,389,0.06940874035989718,0.048136798358434776,0.0991021905877461,23,389,0.05912596401028278,0.03971820376292673,0.08715634312823756,20,389,0.05141388174807198,0.03352572770471143,0.0780754876451904,8,389,0.02056555269922879,0.010456792460867401,0.04005109672398471,0,389,0.0,0.0,0.009779005074818959,4,389,0.010282776349614395,0.004005769035412013,0.026137678094423522,19,389,0.04884318766066838,0.03148872569721701,0.07502137913893067,251,382,0.6570680628272252,0.6081130749396736,0.7028953803435308,26,382,0.06806282722513089,0.046867628645343454,0.09785911932584475,104,382,0.27225130890052357,0.2300462703105716,0.3189914695287823,218,389,0.5604113110539846,0.510734791632387,0.6089063054408355,154,389,0.39588688946015427,0.3485336576826462,0.445276366510311,3,389,0.007712082262210797,0.0026261532651609236,0.022426183350920465,11,389,0.028277634961439587,0.01586160145340922,0.04991961927270533,3,389,0.007712082262210797,0.0026261532651609236,0.022426183350920465,141,382,0.36910994764397903,0.32224440619994815,0.4185818810640483,311 0.32; 363 0.18; 323 0.08; 350 0.08; 312 0.08; 150 0.06,6,38 0.16; 56 0.14; 35 0.12; 44 0.08; 53 0.06; 52 0.06; 99 0.05; 37 0.04; 57 0.03; 41 0.03,10,earned income 0.40; shelter deduction 0.18; unearned income 0.17,"wrong amount, known item 0.43; wrong include/exclude decision 0.19; unreported source of income 0.12; household composition 0.07",184,70,85,254,0.7244094488188977,0.6664249905838158,0.7757069229631062,0.2755905511811024,85,0.25073746312684364,339,92347.0
2-3,months_since_cert_n <=  18.000 & rawben_rel_max <=   0.922 & shelter_expenses_by_hh_size > 815.000,all_2022_24,973,262,435,133,435,0.3057471264367816,0.2643076345652791,0.3505875804735868,88,435,0.20229885057471264,0.1672292890607593,0.24258053753726605,100,435,0.22988505747126436,0.19281141005138183,0.271687853464201,16,435,0.0367816091954023,0.02276495503846329,0.05890825005421707,21,435,0.04827586206896552,0.031789094763917385,0.0726713757110786,17,435,0.03908045977011494,0.024540641243446747,0.06169001692569673,60,435,0.13793103448275862,0.10868229767244823,0.1735188427846096,125,435,0.28735632183908044,0.24683709789405467,0.3315984925331063,118,435,0.271264367816092,0.23161948311857528,0.3149139357733439,64,435,0.1471264367816092,0.11692898178609948,0.1835019709768109,32,435,0.0735632183908046,0.052587279844310754,0.10200517447177959,29,435,0.06666666666666667,0.046815168057574755,0.09410492702912622,15,435,0.034482758620689655,0.02100629076486925,0.05610946125134798,2,435,0.004597701149425287,0.0012617359015576705,0.01660712612063895,11,435,0.02528735632183908,0.014177459557849968,0.044708480152514773,1,435,0.0022988505747126436,0.0004059084587466188,0.012905500486986875,38,435,0.08735632183908046,0.06430476646676749,0.11763240630810161,246,435,0.5655172413793104,0.5185622286127834,0.6113251840664157,47,435,0.10804597701149425,0.08222974249191319,0.140724507971124,141,435,0.32413793103448274,0.2818582310017254,0.36949660864884554,212,435,0.48735632183908045,0.44070054396689196,0.5342334641125609,217,435,0.49885057471264366,0.45207947061647874,0.5456418028452896,2,435,0.004597701149425287,0.0012617359015576705,0.01660712612063895,0,435,0.0,8.673617379884035e-19,0.008753955869270368,4,435,0.009195402298850575,0.0035815002786583634,0.023402267896464504,157,435,0.36091954022988504,0.31718551232833325,0.4070885765456477,311 0.27; 363 0.23; 150 0.07; 365 0.05; 346 0.04; 350 0.04; 364 0.04; 331 0.03,8,35 0.15; 38 0.12; 53 0.12; 99 0.09; 52 0.09; 44 0.07; 56 0.06; 13 0.05; 37 0.04,9,earned income 0.31; shelter deduction 0.23; unearned income 0.20; other element 0.14,"wrong amount, known item 0.29; wrong include/exclude decision 0.27; unreported source of income 0.15; other 0.09",219,43,103,262,0.8358778625954199,0.7862358621593472,0.8758125155211963,0.16412213740458015,103,0.2821917808219178,365,92944.0
2-3,months_since_cert_n <=  18.000 & rawben_rel_max <=   0.922 & shelter_expenses_by_hh_size > 815.000,train_2022_23,559,144,256,82,256,0.3203125,0.2661729190640874,0.37976522171090793,50,256,0.1953125,0.15140339901524646,0.24823083969018028,55,256,0.21484375,0.1689428270196282,0.2691763963841686,13,256,0.05078125,0.029913524810755977,0.08493182712673211,16,256,0.0625,0.03883330463849077,0.09910303811801935,8,256,0.03125,0.015918067732609054,0.06044229950650894,32,256,0.125,0.08995128533891189,0.1711370084523825,53,256,0.20703125,0.1619065319113558,0.260818697613093,81,256,0.31640625,0.26250667844323466,0.3757344653920866,37,256,0.14453125,0.10671007484001695,0.1928632036496476,13,256,0.05078125,0.029913524810755977,0.08493182712673211,22,256,0.0859375,0.0574351542702768,0.12668317012427743,11,256,0.04296875,0.024159562780836398,0.07529179527730365,0,256,0.0,0.0,0.014784391721725852,7,256,0.02734375,0.013306986698200705,0.055356383601243266,1,256,0.00390625,0.0006898644160236098,0.02179152424537626,31,256,0.12109375,0.08663463407270228,0.1667566627789181,138,256,0.5390625,0.4778725085660988,0.5990974608306414,27,256,0.10546875,0.07350142195414594,0.1491018871387784,91,256,0.35546875,0.29936614949574325,0.4158449637363182,128,256,0.5,0.43920445797238533,0.5607955420276147,123,256,0.48046875,0.42000768037908615,0.5415073349225438,1,256,0.00390625,0.0006898644160236098,0.02179152424537626,0,256,0.0,0.0,0.014784391721725852,4,256,0.015625,0.00609249965946242,0.039479879820959504,96,256,0.375,0.3179540162050343,0.4357420817253973,311 0.29; 363 0.21; 365 0.06; 150 0.05; 364 0.05; 346 0.05; 342 0.04; 350 0.04,8,53 0.15; 35 0.14; 99 0.12; 52 0.12; 38 0.11; 44 0.08; 39 0.05,7,earned income 0.32; shelter deduction 0.21; unearned income 0.20; other element 0.12,"wrong include/exclude decision 0.32; wrong amount, known item 0.21; unreported source of income 0.14; other 0.12",120,24,52,144,0.8333333333333334,0.7639759325783774,0.8853676892438974,0.16666666666666666,52,0.2653061224489796,196,55179.0
2-3,months_since_cert_n <=  18.000 & rawben_rel_max <=   0.922 & shelter_expenses_by_hh_size > 815.000,test_2024,414,118,179,51,179,0.2849162011173184,0.2238525591933015,0.35501789479528745,38,179,0.2122905027932961,0.15875363105845,0.277917235965247,45,179,0.25139664804469275,0.19352168563151753,0.31971818975789057,3,179,0.01675977653631285,0.0057158277351023815,0.0481099974600392,5,179,0.027932960893854747,0.011988873582240142,0.06371381114596174,9,179,0.05027932960893855,0.026674276540134705,0.0927821272541878,28,179,0.1564245810055866,0.1104965583702544,0.21679001098814105,72,179,0.4022346368715084,0.33318295062167536,0.47539452846404695,37,179,0.20670391061452514,0.15384734730901448,0.2718850899481524,27,179,0.15083798882681565,0.10578159636160239,0.21056654323026291,19,179,0.10614525139664804,0.0690119365829775,0.15982876487664657,7,179,0.03910614525139665,0.019069703437802406,0.0785098408234598,4,179,0.0223463687150838,0.008723433291780467,0.056040821669891286,2,179,0.0111731843575419,0.003069392848568487,0.039818002580042935,4,179,0.0223463687150838,0.008723433291780467,0.056040821669891286,0,179,0.0,1.734723475976807e-18,0.021010535895551116,7,179,0.03910614525139665,0.019069703437802406,0.0785098408234598,108,179,0.6033519553072626,0.53023738125332,0.672123569427488,20,179,0.11173184357541899,0.07350208123910207,0.16627704998705214,50,179,0.27932960893854747,0.2187662168116925,0.3491658074103663,84,179,0.4692737430167598,0.3975783571729704,0.5422602791111137,94,179,0.5251396648044693,0.4522261490542462,0.5969967848951395,1,179,0.00558659217877095,0.000986826956009823,0.03096213870607146,0,179,0.0,1.734723475976807e-18,0.021010535895551116,0,179,0.0,1.734723475976807e-18,0.021010535895551116,61,179,0.3407821229050279,0.2753436522985847,0.4129110993553058,311 0.26; 363 0.25; 150 0.09; 331 0.04; 350 0.04; 334 0.03; 346 0.03,7,35 0.15; 38 0.15; 56 0.14; 53 0.08; 57 0.07; 13 0.07; 44 0.04; 33 0.04; 37 0.04,9,earned income 0.28; shelter deduction 0.25; unearned income 0.21; other element 0.16,"wrong amount, known item 0.40; wrong include/exclude decision 0.21; unreported source of income 0.15",99,19,51,118,0.8389830508474576,0.7621621806738562,0.8944280151213401,0.16101694915254236,51,0.30177514792899407,169,37765.0
2-3,months_since_cert_n >= 3.000 & months_since_cert_n < 9.000 & rawben_rel_max >= 0.414 & rawben_rel_max < 0.952,all_2022_24,5530,1093,1595,567,1595,0.3554858934169279,0.3323677046847363,0.37929854167763,316,1595,0.1981191222570533,0.17929339187872514,0.21839553490426575,332,1595,0.20815047021943572,0.18893888541338105,0.22876453186072537,126,1595,0.07899686520376176,0.06674803987875802,0.0932688123222355,37,1595,0.023197492163009405,0.0168760610801071,0.03181018776405607,61,1595,0.03824451410658307,0.029887831514261547,0.04882015306657498,156,1595,0.09780564263322884,0.08417917416298265,0.11336484770885255,490,1595,0.3072100313479624,0.2850548002547394,0.3302917106191333,457,1595,0.2865203761755486,0.2648647166029043,0.3092019076330426,175,1595,0.109717868338558,0.09530704376121335,0.1260041855688216,88,1595,0.05517241379310345,0.04499873855660144,0.0674836987279926,142,1595,0.0890282131661442,0.07602129687270928,0.1040100458193998,101,1595,0.06332288401253919,0.05238816656929095,0.0763560442393345,19,1595,0.011912225705329153,0.007639207989054015,0.01853073905260414,4,1595,0.0025078369905956114,0.0009756519406160539,0.006430710265621261,8,1595,0.005015673981191223,0.002543655081875227,0.009866329747140981,111,1595,0.06959247648902821,0.05811083006178311,0.08314243730378953,933,1586,0.5882723833543506,0.5638660578122686,0.6122521164762896,121,1586,0.07629255989911728,0.06422697257746712,0.09040579083745423,530,1586,0.33417402269861285,0.31138418399564877,0.3577652457337029,885,1594,0.555207026348808,0.5307072938100056,0.5794412966385095,649,1594,0.4071518193224592,0.3832838846153425,0.43146621326670026,2,1594,0.0012547051442910915,0.00034414566368310903,0.004563474716209366,11,1594,0.006900878293601004,0.0038576525510829003,0.012315164579225883,47,1594,0.029485570890840654,0.022245426762713988,0.03898817736926004,669,1586,0.4218158890290038,0.39772826583465504,0.44628135122405077,311 0.31; 363 0.21; 364 0.08; 350 0.07; 150 0.05; 312 0.04,6,38 0.15; 53 0.13; 35 0.11; 52 0.11; 44 0.09; 99 0.07; 37 0.04; 56 0.03; 40 0.03,9,earned income 0.36; shelter deduction 0.21; unearned income 0.20,"wrong amount, known item 0.31; wrong include/exclude decision 0.29; unreported source of income 0.11; change in circumstances 0.09",709,384,404,1093,0.6486733760292772,0.6198956344668956,0.6764096843685681,0.3513266239707228,404,0.269873079492318,1497,269681.0
2-3,months_since_cert_n >= 3.000 & months_since_cert_n < 9.000 & rawben_rel_max >= 0.414 & rawben_rel_max < 0.952,train_2022_23,3640,706,1043,359,1043,0.34419942473633747,0.3159844440177126,0.3735578897985972,208,1043,0.19942473633748803,0.17629757861506262,0.22475793923978765,205,1043,0.1965484180249281,0.1735632534325922,0.22176073827732834,84,1043,0.08053691275167785,0.06551983721475133,0.09863259998300616,22,1043,0.02109300095877277,0.013970076261189507,0.03173082060802165,42,1043,0.040268456375838924,0.029927693199601153,0.05398337796914108,123,1043,0.11792905081495686,0.09974300063495904,0.13891927644688407,296,1043,0.2837967401725791,0.25726763102627764,0.3119126537465093,305,1043,0.29242569511025884,0.26562133640943997,0.32075352679813596,100,1043,0.09587727708533078,0.07946316370295024,0.11525741293443213,63,1043,0.06040268456375839,0.047494390579157796,0.07653736360409208,98,1043,0.09395973154362416,0.07771205106195708,0.11318750814547218,75,1043,0.07190795781399809,0.057750807749951574,0.08920705101301694,7,1043,0.006711409395973154,0.003254707144772789,0.013788558999790052,3,1043,0.0028763183125599234,0.0009786617720992587,0.00842256951255737,7,1043,0.006711409395973154,0.003254707144772789,0.013788558999790052,89,1043,0.08533077660594439,0.06986031494511544,0.10384466582752483,607,1042,0.5825335892514395,0.5523410591824012,0.6121197922505499,85,1042,0.08157389635316699,0.0664507935390485,0.09977093640552438,349,1042,0.33493282149712095,0.3069281990514725,0.3641500980826251,593,1042,0.5690978886756238,0.5388302456758313,0.5988579090122209,417,1042,0.4001919385796545,0.3708626522511893,0.4302544576438464,0,1042,0.0,2.168404344971009e-19,0.0036732139934001476,0,1042,0.0,2.168404344971009e-19,0.0036732139934001476,32,1042,0.030710172744721688,0.02183622648611201,0.04303172292420021,451,1042,0.43282149712092133,0.4030384836852223,0.4630980325902826,311 0.30; 363 0.20; 364 0.08; 350 0.08; 150 0.05; 312 0.04; 323 0.03,7,38 0.16; 53 0.15; 52 0.11; 44 0.10; 35 0.10; 99 0.09; 37 0.03; 39 0.03,8,earned income 0.34; unearned income 0.20; shelter deduction 0.20; other element 0.12,"wrong include/exclude decision 0.29; wrong amount, known item 0.28; unreported source of income 0.10; change in circumstances 0.09",452,254,270,706,0.6402266288951841,0.6041529126768385,0.6747825568701703,0.3597733711048159,270,0.2766393442622951,976,168235.0
2-3,months_since_cert_n >= 3.000 & months_since_cert_n < 9.000 & rawben_rel_max >= 0.414 & rawben_rel_max < 0.952,test_2024,1890,387,552,208,552,0.37681159420289856,0.33736815925436503,0.4179578185062056,108,552,0.1956521739130435,0.16470905031891347,0.23080218885426107,127,552,0.23007246376811594,0.1968988168035581,0.2669772227012217,42,552,0.07608695652173914,0.05678088511133584,0.10125262659415726,15,552,0.02717391304347826,0.016535542911664446,0.044347989375231676,19,552,0.034420289855072464,0.02214433612717294,0.05313178570321904,33,552,0.059782608695652176,0.0428818544523366,0.08276833078029083,194,552,0.35144927536231885,0.3127724293461839,0.3921794850121513,152,552,0.2753623188405797,0.23974658187708736,0.3140831422745414,75,552,0.1358695652173913,0.10978924876497584,0.16698312667435797,25,552,0.04528985507246377,0.03086228157582014,0.0660027245698156,44,552,0.07971014492753623,0.05991187379415322,0.10531793268308776,26,552,0.04710144927536232,0.03234309251412907,0.06812006101738063,12,552,0.021739130434782608,0.012478492962878078,0.03761059716639616,1,552,0.0018115942028985507,0.0003198542424976405,0.010189614642163024,1,552,0.0018115942028985507,0.0003198542424976405,0.010189614642163024,22,552,0.03985507246376811,0.026464620464933118,0.05960594352308074,326,544,0.5992647058823529,0.5575265742652593,0.6396107004506439,36,544,0.0661764705882353,0.04818070072241937,0.09025639496363294,181,544,0.3327205882352941,0.2944193234128765,0.3733678617881013,292,552,0.5289855072463768,0.4872874214035625,0.570282936770421,232,552,0.42028985507246375,0.37980149149644626,0.4618800235250994,2,552,0.0036231884057971015,0.000994151105507655,0.013113465165026972,11,552,0.019927536231884056,0.011162848680645505,0.035328094062754764,15,552,0.02717391304347826,0.016535542911664446,0.044347989375231676,218,544,0.4007352941176471,0.36038929954935606,0.4424734257347407,311 0.33; 363 0.23; 364 0.08; 350 0.06; 312 0.04; 150 0.04,6,38 0.14; 35 0.14; 52 0.11; 56 0.08; 53 0.08; 44 0.07; 37 0.07; 57 0.05; 99 0.04,9,earned income 0.38; shelter deduction 0.23; unearned income 0.20,"wrong amount, known item 0.35; wrong include/exclude decision 0.28; unreported source of income 0.14",257,130,134,387,0.6640826873385013,0.6156165884302597,0.7093232337381074,0.3359173126614987,134,0.2571976967370441,521,101446.0
2-3,elderly_disabled_i <=   0.500 & total_deductions_by_hh_size <= 378.000 & unc_rawben_rel_max <=   0.892 & utilities <= 798.000,all_2022_24,6518,1338,2047,824,2047,0.4025403028822667,0.38149701377669476,0.423948711529443,375,2047,0.18319491939423546,0.16703589281408704,0.2005408132562404,389,2047,0.19003419638495359,0.1736248342040722,0.20760480342371923,149,2047,0.07278944797264289,0.06231744207356402,0.08486194028341568,0,2047,0.0,0.0,0.0018731822096840632,69,2047,0.033707865168539325,0.02672157350555438,0.04244105709448807,241,2047,0.11773326819736199,0.10448206921242215,0.1324165776650354,654,2047,0.31949193942354664,0.2996465140484192,0.34001361377422695,506,2047,0.24719101123595505,0.228988373346773,0.2663407637255392,198,2047,0.09672691744015632,0.0846670140541831,0.11029762875392067,136,2047,0.06643869076697606,0.05644143922860407,0.07806022096787334,172,2047,0.08402540302882266,0.07277227329302911,0.09683692519407004,153,2047,0.07474352711284807,0.06413054909339135,0.08694967085143522,36,2047,0.017586712261846604,0.012730122832218525,0.0242505976680873,10,2047,0.004885197850512946,0.00265569220603618,0.00896958397326504,21,2047,0.010258915486077186,0.006719693554994156,0.015632885990885935,161,2047,0.07865168539325842,0.06776343912137472,0.09111845599914556,1293,2024,0.6388339920948617,0.6176625780377726,0.6594793841352099,159,2024,0.07855731225296443,0.06761826010010608,0.0910931501007696,570,2024,0.2816205533596838,0.2624527948549337,0.30161572016122934,1224,2039,0.6002942618930849,0.5788630342842769,0.621348279211591,739,2039,0.3624325649828347,0.34184401008299026,0.3835385159043403,5,2039,0.0024521824423737125,0.0010478511013204224,0.005727808842162224,19,2039,0.009318293281020108,0.005973550660295895,0.014508507273123906,52,2039,0.02550269740068661,0.01950069519639405,0.03328930085616333,887,2024,0.4382411067193676,0.4167619232018473,0.4599542857959365,311 0.35; 363 0.19; 350 0.09; 364 0.07; 150 0.06,5,38 0.16; 52 0.12; 44 0.11; 35 0.10; 53 0.09; 99 0.08; 37 0.03; 41 0.03; 40 0.03; 56 0.02,10,earned income 0.40; shelter deduction 0.19; unearned income 0.18,"wrong amount, known item 0.32; wrong include/exclude decision 0.25; unreported source of income 0.10; change in circumstances 0.08; other 0.08",718,620,424,1338,0.5366218236173393,0.5098354464972983,0.5631985092244502,0.4633781763826607,424,0.24063564131668558,1762,347223.0
2-3,elderly_disabled_i <=   0.500 & total_deductions_by_hh_size <= 378.000 & unc_rawben_rel_max <=   0.892 & utilities <= 798.000,train_2022_23,4453,883,1383,537,1383,0.3882863340563991,0.362943598391081,0.4142479712878209,239,1383,0.17281272595806219,0.15379936363230629,0.19363872879295696,256,1383,0.18510484454085321,0.16551750023871403,0.20643673015068292,111,1383,0.08026030368763558,0.06707615317403719,0.09576984163892487,0,1383,0.0,0.0,0.0027700351647945948,48,1383,0.03470715835140998,0.026276750597647835,0.04571532117175971,192,1383,0.13882863340563992,0.12160347297315657,0.15805470861008983,418,1383,0.3022415039768619,0.27861333936617133,0.3269652645637943,363,1383,0.26247288503253796,0.23996494775194022,0.2862967392352398,114,1383,0.0824295010845987,0.0690655389208058,0.09810683317994456,95,1383,0.06869125090383225,0.056520580440458656,0.08325140217096574,114,1383,0.0824295010845987,0.0690655389208058,0.09810683317994456,113,1383,0.08170643528561099,0.06840207841205873,0.0973281679260955,14,1383,0.01012292118582791,0.006039458763385959,0.016920337077754078,8,1383,0.005784526391901663,0.002933947276751534,0.011373093988811884,15,1383,0.010845986984815618,0.006583678086725773,0.01781824351701037,129,1383,0.09327548806941431,0.07905463699173385,0.10974962154795803,851,1375,0.618909090909091,0.5929410530999557,0.6442145418574348,109,1375,0.07927272727272727,0.06613660043090985,0.09475323637122898,414,1375,0.3010909090909091,0.27742522335364944,0.32586495878184735,847,1375,0.616,0.5900030642212417,0.6413505589940718,488,1375,0.3549090909090909,0.3300539008369402,0.3805727585269779,3,1375,0.002181818181818182,0.0007422729808760687,0.006395312656226844,0,1375,0.0,0.0,0.002786106830545292,37,1375,0.02690909090909091,0.01958474690559075,0.036869598539165195,614,1375,0.4465454545454545,0.42045342620764314,0.47293534303169504,311 0.34; 363 0.19; 350 0.08; 364 0.08; 150 0.07,5,38 0.17; 52 0.14; 44 0.12; 53 0.10; 99 0.09; 35 0.08; 41 0.03; 12 0.02,8,earned income 0.39; shelter deduction 0.19; unearned income 0.17; other element 0.14,"wrong amount, known item 0.30; wrong include/exclude decision 0.26; other 0.09; change in circumstances 0.08; unreported source of income 0.08",455,428,297,883,0.5152887882219706,0.48232976377306036,0.5481153574300948,0.48471121177802945,297,0.25169491525423726,1180,222383.0
2-3,elderly_disabled_i <=   0.500 & total_deductions_by_hh_size <= 378.000 & unc_rawben_rel_max <=   0.892 & utilities <= 798.000,test_2024,2065,455,664,287,664,0.4322289156626506,0.395044854233173,0.4701926511872739,136,664,0.20481927710843373,0.17586198226824043,0.23717248578526204,133,664,0.2003012048192771,0.17162164798903656,0.23242865375916238,38,664,0.0572289156626506,0.04197576412282135,0.0775759379574324,0,664,0.0,4.336808689942018e-19,0.0057522622130756745,21,664,0.03162650602409638,0.020777113630262946,0.047864312719937456,49,664,0.07379518072289157,0.05626747030653219,0.09622617489316786,236,664,0.35542168674698793,0.319941931784532,0.3925647464457548,143,664,0.21536144578313254,0.1857785241878639,0.24821899857801355,84,664,0.12650602409638553,0.10335122458565969,0.15395769417591487,41,664,0.061746987951807226,0.04583946600083459,0.08269640238472269,58,664,0.08734939759036145,0.06817773184626028,0.11126841226935036,40,664,0.060240963855421686,0.04454844552821108,0.08099270075557835,22,664,0.03313253012048193,0.02198028109897678,0.049655867352991476,2,664,0.0030120481927710845,0.0008263839499008246,0.010915322466710538,6,664,0.009036144578313253,0.00414768248258437,0.01957291234109837,32,664,0.04819277108433735,0.0343413980864262,0.0672419713832205,442,649,0.6810477657935285,0.6442142511531607,0.7157505550111524,50,649,0.07704160246533127,0.0589243115298731,0.10013663066498701,156,649,0.24036979969183359,0.20908317767685247,0.27471197263219643,377,664,0.5677710843373494,0.5298073488127261,0.6049551457668269,251,664,0.37801204819277107,0.34193117497715025,0.41549633477965425,2,664,0.0030120481927710845,0.0008263839499008246,0.010915322466710538,19,664,0.0286144578313253,0.018393845141602888,0.044258137005061815,15,664,0.022590361445783132,0.013736904764506461,0.036936188975086874,273,649,0.4206471494607088,0.3832423151558556,0.4589858761848923,311 0.37; 363 0.20; 350 0.09; 364 0.06; 312 0.06,5,38 0.15; 35 0.13; 44 0.09; 52 0.08; 56 0.07; 53 0.06; 99 0.05; 37 0.05; 40 0.04; 57 0.04,10,earned income 0.43; unearned income 0.20; shelter deduction 0.20,"wrong amount, known item 0.36; wrong include/exclude decision 0.22; unreported source of income 0.13; change in circumstances 0.09",263,192,127,455,0.578021978021978,0.5321740860801909,0.6225634093866541,0.421978021978022,127,0.218213058419244,582,124840.0
2-3,children_i <=   0.5 & months_since_cert_n <=  20.5 & total_deductions_by_hh_size > 312.0,all_2022_24,2044,451,693,147,693,0.21212121212121213,0.18331314995558753,0.24410335330713387,143,693,0.20634920634920634,0.1778772079694883,0.23805892443133275,192,693,0.27705627705627706,0.24503300322674362,0.3115376722323564,26,693,0.03751803751803752,0.0257298334900807,0.054405451200155934,74,693,0.10678210678210678,0.08591694760639465,0.13198278742664585,12,693,0.017316017316017316,0.009932651057687961,0.030021335615897544,99,693,0.14285714285714285,0.11876988880831944,0.17088216411159807,147,693,0.21212121212121213,0.18331314995558753,0.24410335330713387,248,693,0.3578643578643579,0.32304655106968544,0.39424931645601907,86,693,0.1240981240981241,0.1016035436823412,0.15073730393640028,71,693,0.10245310245310245,0.08202288869798938,0.12726656818862586,35,693,0.050505050505050504,0.03653597794731755,0.06943014118219479,24,693,0.03463203463203463,0.02338118633766325,0.05101391292162321,8,693,0.011544011544011544,0.005860820466229814,0.022612795345455364,12,693,0.017316017316017316,0.009932651057687961,0.030021335615897544,0,693,0.0,0.0,0.005512874087884535,62,693,0.08946608946608947,0.07041707492265606,0.11304154752468348,418,692,0.6040462427745664,0.5671295203826129,0.6398141288616978,86,692,0.12427745664739884,0.1017520459672847,0.15095144287270418,187,692,0.2702312138728324,0.23847934775927795,0.30452009349286924,354,693,0.5108225108225108,0.4736471316494074,0.5478785637166558,319,693,0.4603174603174603,0.42352831742082786,0.4975441329036072,1,693,0.001443001443001443,0.0002547640642659634,0.008128202739093652,2,693,0.002886002886002886,0.0007917866148798745,0.010461272903954821,17,693,0.024531024531024532,0.015371323063970778,0.03893312718699012,246,692,0.3554913294797688,0.3207146161403787,0.3918636487980786,363 0.28; 311 0.18; 365 0.11; 150 0.10; 331 0.09; 346 0.04,6,53 0.20; 35 0.12; 38 0.10; 99 0.09; 52 0.08; 37 0.06; 56 0.06; 13 0.05,8,shelter deduction 0.28; earned income 0.21; unearned income 0.21; other element 0.14,"wrong include/exclude decision 0.36; wrong amount, known item 0.21; unreported source of income 0.12; household composition 0.10",390,61,248,451,0.8647450110864745,0.8300835889557895,0.8932451479055706,0.1352549889135255,248,0.3547925608011445,699,134514.0
2-3,children_i <=   0.5 & months_since_cert_n <=  20.5 & total_deductions_by_hh_size > 312.0,train_2022_23,1265,278,441,94,441,0.21315192743764172,0.17749079902284437,0.25376742862492957,88,441,0.19954648526077098,0.16491050763156997,0.23937182567538692,120,441,0.272108843537415,0.23267223890713187,0.31548153088418274,19,441,0.04308390022675737,0.02775265506518479,0.06630689332237609,54,441,0.12244897959183673,0.09507286149194175,0.1563460705503852,8,441,0.018140589569160998,0.009220037566272071,0.03538370452979089,58,441,0.13151927437641722,0.10313351109300276,0.16626935050986888,63,441,0.14285714285714285,0.11327691649612082,0.1786058570574317,180,441,0.40816326530612246,0.36327523552305263,0.45463747767643237,48,441,0.10884353741496598,0.08308284638231889,0.14136019131919103,38,441,0.08616780045351474,0.06342076622718157,0.11606244757296663,31,441,0.07029478458049887,0.04996081015340795,0.09805052691578703,16,441,0.036281179138321996,0.022453543581497874,0.05811805763565449,3,441,0.006802721088435374,0.002316139306785016,0.019807690838597066,10,441,0.022675736961451247,0.012362605654243401,0.04123310122209191,0,441,0.0,0.0,0.008635882974973563,52,441,0.11791383219954649,0.09106207781337308,0.15136488944868154,257,441,0.5827664399092971,0.5362223934396252,0.6278809638003452,64,441,0.14512471655328799,0.11531400263139568,0.18106475331229305,120,441,0.272108843537415,0.23267223890713187,0.31548153088418274,219,441,0.4965986394557823,0.45016435325856374,0.543091673156232,207,441,0.46938775510204084,0.42327380643888307,0.5160304312942786,0,441,0.0,0.0,0.008635882974973563,0,441,0.0,0.0,0.008635882974973563,15,441,0.034013605442176874,0.020719014369384472,0.055356604457631714,150,441,0.3401360544217687,0.2974692152948484,0.3855640262005513,363 0.27; 311 0.18; 365 0.12; 331 0.08; 150 0.07; 364 0.04,6,53 0.26; 99 0.12; 38 0.11; 35 0.11; 52 0.09; 37 0.06; 13 0.05,7,shelter deduction 0.27; earned income 0.21; unearned income 0.20; other element 0.13,"wrong include/exclude decision 0.41; wrong amount, known item 0.14; other 0.12; unreported source of income 0.11",244,34,153,278,0.8776978417266187,0.833953773788506,0.911145601179561,0.1223021582733813,153,0.35498839907192575,431,80121.0
2-3,children_i <=   0.5 & months_since_cert_n <=  20.5 & total_deductions_by_hh_size > 312.0,test_2024,779,173,252,53,252,0.21031746031746032,0.1645397455693079,0.2647946550911008,55,252,0.21825396825396826,0.17169244256678634,0.2732766320481317,72,252,0.2857142857142857,0.23348148099206958,0.3443823222361778,7,252,0.027777777777777776,0.013519212808742374,0.056217686897951154,20,252,0.07936507936507936,0.0519613820408734,0.11940089837013092,4,252,0.015873015873015872,0.006189471067791771,0.04009541770713772,41,252,0.1626984126984127,0.12225292098752076,0.21327343594583176,84,252,0.3333333333333333,0.2780168105778353,0.3936550363774683,68,252,0.2698412698412698,0.21879575980811922,0.32779869551110946,38,252,0.15079365079365079,0.11187487579293244,0.20019947020865608,33,252,0.13095238095238096,0.09478610828340939,0.17820155283190575,4,252,0.015873015873015872,0.006189471067791771,0.04009541770713772,8,252,0.031746031746031744,0.01617209245147699,0.06138214423247121,5,252,0.01984126984126984,0.008503930426446045,0.045598295325738114,2,252,0.007936507936507936,0.002179136157687991,0.028471078662732144,0,252,0.0,0.0,0.015015540865910781,10,252,0.03968253968253968,0.021694970536664717,0.07149394010179283,161,251,0.6414342629482072,0.5803817895739596,0.6982226454947262,22,251,0.08764940239043825,0.05859359991192431,0.12913713164838614,67,251,0.26693227091633465,0.21602040888482624,0.32487087417100147,135,252,0.5357142857142857,0.4740632037442198,0.5962928290510723,112,252,0.4444444444444444,0.384383347098799,0.5061739352196355,1,252,0.003968253968253968,0.0007008200216010608,0.022132057821564396,2,252,0.007936507936507936,0.002179136157687991,0.028471078662732144,2,252,0.007936507936507936,0.002179136157687991,0.028471078662732144,96,251,0.38247011952191234,0.3245465367571077,0.44393710170694217,363 0.29; 311 0.17; 150 0.13; 331 0.10; 365 0.08,5,56 0.16; 35 0.15; 53 0.11; 38 0.09; 13 0.07; 37 0.06; 52 0.06; 57 0.05,8,shelter deduction 0.29; unearned income 0.22; earned income 0.21; other element 0.16,"wrong amount, known item 0.33; wrong include/exclude decision 0.27; unreported source of income 0.15",146,27,95,173,0.8439306358381503,0.7824496041970974,0.8904689850941101,0.15606936416184972,95,0.35447761194029853,268,54393.0
4+,total_deductions_by_hh_size >  14.600 & unc_rawben_rel_max >   0.363 & utilities <= 156.000,all_2022_24,1413,315,482,188,482,0.3900414937759336,0.34752975153388943,0.434292142680192,67,482,0.13900414937759337,0.11096382821628477,0.17275333392051045,74,482,0.15352697095435686,0.12409384051045268,0.18843929786221858,70,482,0.14522821576763487,0.11657817522322364,0.17948869101466133,1,482,0.002074688796680498,0.0003663180194406366,0.011657353893380334,12,482,0.024896265560165973,0.014297853067817246,0.04300806721566609,70,482,0.14522821576763487,0.11657817522322364,0.17948869101466133,150,482,0.3112033195020747,0.2714995254767951,0.3538927834568163,133,482,0.27593360995850624,0.2379192370267912,0.3174914153339784,44,482,0.0912863070539419,0.06870403952445753,0.12033205783731635,51,482,0.10580912863070539,0.08139724569677217,0.1364548279008778,41,482,0.08506224066390042,0.06332024467340625,0.11336614858727792,24,482,0.04979253112033195,0.0336855662453635,0.0730191704424788,8,482,0.016597510373443983,0.008433578095799785,0.03240607005289724,0,482,0.0,0.0,0.00790710387912439,6,482,0.012448132780082987,0.005717161336656826,0.026889350744647045,25,482,0.05186721991701245,0.03537559181163475,0.07544571290990415,288,479,0.6012526096033403,0.5567647691641067,0.6441292714487983,45,479,0.09394572025052192,0.07095289945446097,0.1233998655102811,146,479,0.3048016701461378,0.2652655591722889,0.3474438676873687,282,481,0.5862785862785863,0.5417504831641432,0.6294394477328756,179,481,0.37214137214137216,0.33011552615561157,0.4161933714307342,2,481,0.004158004158004158,0.0011409923956261269,0.015032537268495107,5,481,0.010395010395010396,0.004448006582179172,0.02410069880943739,13,481,0.02702702702702703,0.015861413210287993,0.045687760787982784,190,479,0.3966597077244259,0.35383826156613113,0.44112555265368764,311 0.35; 363 0.15; 364 0.15; 150 0.07; 350 0.07,5,38 0.16; 53 0.14; 52 0.11; 44 0.10; 35 0.09; 99 0.05; 7 0.04; 40 0.03; 54 0.03; 64 0.02,10,earned income 0.39; shelter deduction 0.15; utility allowance 0.15; other element 0.15,"wrong amount, known item 0.31; wrong include/exclude decision 0.28; household composition 0.11; unreported source of income 0.09",199,116,123,315,0.6317460317460317,0.5771912724480218,0.6831260763546437,0.3682539682539683,123,0.2808219178082192,438,103784.0
4+,total_deductions_by_hh_size >  14.600 & unc_rawben_rel_max >   0.363 & utilities <= 156.000,train_2022_23,924,214,334,136,334,0.40718562874251496,0.3558395852826176,0.4606424583733443,47,334,0.1407185628742515,0.10749930353939978,0.18210860738690415,44,334,0.1317365269461078,0.09961738356185139,0.17223072513761017,48,334,0.1437125748502994,0.1101378472597569,0.1853899977421612,1,334,0.0029940119760479044,0.0005286986847552414,0.016762244763298517,8,334,0.023952095808383235,0.01218565817391196,0.046544823803440744,50,334,0.1497005988023952,0.11543093678611513,0.1919367763670312,96,334,0.2874251497005988,0.24152297338659054,0.338161707244806,93,334,0.27844311377245506,0.23309882623683081,0.32882605216772326,31,334,0.09281437125748503,0.06615749877149174,0.12873146694498605,34,334,0.10179640718562874,0.07376369766889625,0.13888507027442393,32,334,0.09580838323353294,0.06868403759121344,0.13212486220087852,22,334,0.0658682634730539,0.04389709937276738,0.09771245966318322,4,334,0.011976047904191617,0.0046667623008021936,0.030383983374093974,0,334,0.0,0.0,0.011371009372439627,4,334,0.011976047904191617,0.0046667623008021936,0.030383983374093974,18,334,0.05389221556886228,0.034357686771513234,0.08357213596198082,203,333,0.6096096096096096,0.5562468275218951,0.6604722475567176,27,333,0.08108108108108109,0.05631961961162327,0.1153978879646381,103,333,0.30930930930930933,0.2620754836542452,0.36089270079803154,208,333,0.6246246246246246,0.5714724574368594,0.6749341621730701,115,333,0.34534534534534533,0.29630045704422164,0.3979178342832153,1,333,0.003003003003003003,0.0005302869582338946,0.016811989055180124,0,333,0.0,0.0,0.01140476710715066,9,333,0.02702702702702703,0.014282732737124874,0.05055961452639602,137,333,0.4114114114114114,0.35986026874365495,0.464983218521576,311 0.37; 364 0.14; 363 0.13; 150 0.08; 350 0.07,5,38 0.17; 53 0.14; 52 0.11; 44 0.10; 35 0.09; 99 0.05; 40 0.04; 7 0.03; 13 0.03,9,earned income 0.41; other element 0.15; utility allowance 0.14; unearned income 0.14,"wrong amount, known item 0.29; wrong include/exclude decision 0.28; household composition 0.10; change in circumstances 0.10",135,79,75,214,0.6308411214953271,0.5644078359962138,0.6926596846242737,0.3691588785046729,75,0.25951557093425603,289,76607.0
4+,total_deductions_by_hh_size >  14.600 & unc_rawben_rel_max >   0.363 & utilities <= 156.000,test_2024,489,101,148,52,148,0.35135135135135137,0.2790850980595208,0.4311392409885399,20,148,0.13513513513513514,0.08921080093165763,0.19952166764085483,30,148,0.20270270270270271,0.14583936224518,0.2746093158509413,22,148,0.14864864864864866,0.10025962527909332,0.21481608519814088,0,148,0.0,0.0,0.02530004952529478,4,148,0.02702702702702703,0.010559214292546873,0.06742731904219143,20,148,0.13513513513513514,0.08921080093165763,0.19952166764085483,54,148,0.36486486486486486,0.2916373002819259,0.4449302806708565,40,148,0.2702702702702703,0.20520533406218508,0.34695955355754504,13,148,0.08783783783783784,0.05205044562132614,0.14448067628466013,17,148,0.11486486486486487,0.07296363044724141,0.1762539752681884,9,148,0.060810810810810814,0.03231898960293868,0.11152564849360407,2,148,0.013513513513513514,0.0037136718210305925,0.04792961960898595,4,148,0.02702702702702703,0.010559214292546873,0.06742731904219143,0,148,0.0,0.0,0.02530004952529478,2,148,0.013513513513513514,0.0037136718210305925,0.04792961960898595,7,148,0.0472972972972973,0.023096704287251545,0.0944046919045694,85,146,0.5821917808219178,0.5010865952596069,0.6590825433507657,18,146,0.1232876712328767,0.07942558334491104,0.18646586469088147,43,146,0.2945205479452055,0.2266126552337415,0.3729644982403272,74,148,0.5,0.4204700535563886,0.5795299464436114,64,148,0.43243243243243246,0.35532292289793144,0.5129608675784599,1,148,0.006756756756756757,0.0011937001683413329,0.03727797030931433,5,148,0.033783783783783786,0.014514880913543027,0.07664327337355617,4,148,0.02702702702702703,0.010559214292546873,0.06742731904219143,53,146,0.363013698630137,0.2894499707372977,0.4436014649120814,311 0.30; 363 0.20; 364 0.15; 150 0.07; 350 0.07,5,53 0.14; 38 0.14; 35 0.09; 52 0.09; 44 0.09; 7 0.06; 56 0.06; 99 0.05; 54 0.04,9,earned income 0.35; shelter deduction 0.20; utility allowance 0.15; other element 0.14,"wrong amount, known item 0.36; wrong include/exclude decision 0.27; household composition 0.11",64,37,48,101,0.6336633663366337,0.5364085906465472,0.721122770950376,0.36633663366336633,48,0.3221476510067114,149,27177.0
2-3,married <   1.00 & total_deductions_by_hh_size >= 392.00 & unc_rawben_rel_max >=   1.42,all_2022_24,156,62,89,29,89,0.3258426966292135,0.2374382846345705,0.42865967145407946,34,89,0.38202247191011235,0.2879475721243411,0.4858607207099056,12,89,0.1348314606741573,0.07884193534944134,0.22104087580417942,2,89,0.02247191011235955,0.006184269063094168,0.07827786859933303,1,89,0.011235955056179775,0.0019861320934023673,0.06093393821990546,7,89,0.07865168539325842,0.03861933093175789,0.15355314347626609,4,89,0.0449438202247191,0.01761420103381913,0.10993207132684676,27,89,0.30337078651685395,0.21764052928150573,0.40537329210890544,27,89,0.30337078651685395,0.21764052928150573,0.40537329210890544,10,89,0.11235955056179775,0.06218676366882152,0.19461191278656054,3,89,0.033707865168539325,0.01152901222365258,0.09447519278789399,7,89,0.07865168539325842,0.03861933093175789,0.15355314347626609,4,89,0.0449438202247191,0.01761420103381913,0.10993207132684676,1,89,0.011235955056179775,0.0019861320934023673,0.06093393821990546,0,89,0.0,0.0,0.04137800296418846,0,89,0.0,0.0,0.04137800296418846,10,89,0.11235955056179775,0.06218676366882152,0.19461191278656054,54,89,0.6067415730337079,0.5028634843406101,0.7017861554760239,8,89,0.0898876404494382,0.04625187572306141,0.16746266603408194,27,89,0.30337078651685395,0.21764052928150573,0.40537329210890544,47,89,0.5280898876404494,0.4253736442483641,0.6284815241244343,40,89,0.449438202247191,0.3503221712111898,0.552738525717773,0,89,0.0,0.0,0.04137800296418846,1,89,0.011235955056179775,0.0019861320934023673,0.06093393821990546,1,89,0.011235955056179775,0.0019861320934023673,0.06093393821990546,33,89,0.3707865168539326,0.27773476646124157,0.47453145902388577,311 0.29; 331 0.13; 363 0.13; 342 0.07; 333 0.07; 323 0.07,6,38 0.24; 37 0.13; 35 0.11; 99 0.11; 52 0.08; 53 0.08,6,unearned income 0.38; earned income 0.33; shelter deduction 0.13,"wrong amount, known item 0.30; wrong include/exclude decision 0.30; unreported source of income 0.11; other 0.11",60,2,5,62,0.967741935483871,0.8897932286898178,0.9911088150029237,0.03225806451612903,5,0.07462686567164178,67,25250.0
2-3,married <   1.00 & total_deductions_by_hh_size >= 392.00 & unc_rawben_rel_max >=   1.42,train_2022_23,90,40,53,16,53,0.3018867924528302,0.19518140287607166,0.43537086869967556,23,53,0.4339622641509434,0.30950190698960345,0.5673488502023123,7,53,0.1320754716981132,0.06547770200689572,0.2484050880623493,2,53,0.03773584905660377,0.010410068833819265,0.12754523150959116,1,53,0.018867924528301886,0.003338367386749398,0.09943143501149412,1,53,0.018867924528301886,0.003338367386749398,0.09943143501149412,3,53,0.05660377358490566,0.019436308927314183,0.15370448936126319,15,53,0.2830188679245283,0.17966135362950314,0.4157054200010772,17,53,0.32075471698113206,0.210920445893403,0.45481732362751115,7,53,0.1320754716981132,0.06547770200689572,0.2484050880623493,2,53,0.03773584905660377,0.010410068833819265,0.12754523150959116,4,53,0.07547169811320754,0.029739073598901808,0.17858722263484245,3,53,0.05660377358490566,0.019436308927314183,0.15370448936126319,1,53,0.018867924528301886,0.003338367386749398,0.09943143501149412,0,53,0.0,0.0,0.06758430445307662,0,53,0.0,0.0,0.06758430445307662,4,53,0.07547169811320754,0.029739073598901808,0.17858722263484245,26,53,0.49056603773584906,0.36124029356039444,0.6211669574670219,6,53,0.11320754716981132,0.052929589110686695,0.22576770301339144,21,53,0.39622641509433965,0.27589211919038936,0.5305876421111926,27,53,0.5094339622641509,0.3788330425329779,0.6387597064396054,25,53,0.4716981132075472,0.343820276089814,0.6034014769924354,0,53,0.0,0.0,0.06758430445307662,0,53,0.0,0.0,0.06758430445307662,1,53,0.018867924528301886,0.003338367386749398,0.09943143501149412,22,53,0.41509433962264153,0.2926070830912865,0.5490581761554623,311 0.28; 331 0.19; 363 0.13; 333 0.08; 350 0.06; 342 0.06,6,38 0.28; 37 0.17; 35 0.13; 99 0.08; 52 0.08; 53 0.08,6,unearned income 0.43; earned income 0.30; shelter deduction 0.13,"wrong include/exclude decision 0.32; wrong amount, known item 0.28; unreported source of income 0.13; other 0.08",38,2,3,40,0.95,0.834958291820748,0.9861796228538989,0.05,3,0.06976744186046512,43,12325.0
2-3,married <   1.00 & total_deductions_by_hh_size >= 392.00 & unc_rawben_rel_max >=   1.42,test_2024,66,22,36,13,36,0.3611111111111111,0.2247538679218132,0.5242521960916802,11,36,0.3055555555555556,0.18004270282805354,0.46856578679083716,5,36,0.1388888888888889,0.060817253631150966,0.2865985128039319,0,36,0.0,0.0,0.09642183044857634,0,36,0.0,0.0,0.09642183044857634,6,36,0.16666666666666666,0.07870340628564097,0.3189111473467432,1,36,0.027777777777777776,0.004920280295569679,0.141700337350308,12,36,0.3333333333333333,0.20214424774586046,0.49666302907033155,10,36,0.2777777777777778,0.15848170025813796,0.43992800216345146,3,36,0.08333333333333333,0.0287480892712918,0.21827010276918848,1,36,0.027777777777777776,0.004920280295569679,0.141700337350308,3,36,0.08333333333333333,0.0287480892712918,0.21827010276918848,1,36,0.027777777777777776,0.004920280295569679,0.141700337350308,0,36,0.0,0.0,0.09642183044857634,0,36,0.0,0.0,0.09642183044857634,0,36,0.0,0.0,0.09642183044857634,6,36,0.16666666666666666,0.07870340628564097,0.3189111473467432,28,36,0.7777777777777778,0.6191498017214091,0.882838070251604,2,36,0.05555555555555555,0.015369663767066846,0.18144974107611211,6,36,0.16666666666666666,0.07870340628564097,0.3189111473467432,20,36,0.5555555555555556,0.3958078731600341,0.7045897012345685,15,36,0.4166666666666667,0.2714033350508729,0.5780003033572231,0,36,0.0,0.0,0.09642183044857634,1,36,0.027777777777777776,0.004920280295569679,0.141700337350308,0,36,0.0,0.0,0.09642183044857634,11,36,0.3055555555555556,0.18004270282805354,0.46856578679083716,311 0.31; 363 0.14; 323 0.14; 342 0.08; 331 0.06; 333 0.06,6,99 0.17; 38 0.17; 35 0.08; 52 0.08; 53 0.08; 56 0.08; 37 0.08,7,earned income 0.36; unearned income 0.31; dep care or child support deduction 0.17,"wrong amount, known item 0.33; wrong include/exclude decision 0.28; other 0.17",22,0,2,22,1.0,0.8513404742740388,1.0,0.0,2,0.08333333333333333,24,12925.0
4+,total_deductions_by_hh_size > 37.500 & total_deductions_by_hh_size <= 89.300 & unc_rawben_rel_max <=  0.998,all_2022_24,1938,453,699,265,699,0.3791130185979971,0.3438987862379229,0.41564874196757895,166,699,0.2374821173104435,0.20742362752361157,0.2704103538457326,94,699,0.13447782546494993,0.11117398744488259,0.16177741440725593,54,699,0.07725321888412018,0.05969001114319216,0.09943773542160994,3,699,0.004291845493562232,0.0014606390716342243,0.012541947001813906,18,699,0.02575107296137339,0.01634967535979629,0.04033678144640301,99,699,0.14163090128755365,0.11773771130885077,0.16944164745420479,221,699,0.31616595135908443,0.28277968322554925,0.3515618241638826,171,699,0.2446351931330472,0.21421950733926307,0.2778424309409981,76,699,0.10872675250357654,0.08775175546162793,0.1339790015112092,69,699,0.09871244635193133,0.07874514914765303,0.12306646814990023,70,699,0.10014306151645208,0.08002781698019094,0.12462939169954575,37,699,0.05293276108726753,0.03864383049734067,0.07210886257034343,5,699,0.00715307582260372,0.0030590787744404326,0.01663469006337452,4,699,0.005722460658082976,0.0022275008419657153,0.014620676613665826,6,699,0.008583690987124463,0.003939696584720917,0.018599663635277448,40,699,0.05722460658082976,0.04230295456461214,0.0769865126496222,431,699,0.6165951359084406,0.580005734250191,0.651909963397757,70,699,0.10014306151645208,0.08002781698019094,0.12462939169954575,197,699,0.28183118741058655,0.24974130040621603,0.3163060138108139,412,699,0.5894134477825465,0.5525517469529339,0.6252977144335293,261,699,0.37339055793991416,0.33831506560503044,0.4098500970717378,2,699,0.002861230329041488,0.0007849871215413525,0.010372007569723367,2,699,0.002861230329041488,0.0007849871215413525,0.010372007569723367,22,699,0.031473533619456366,0.02087492154446314,0.047193900790469805,297,699,0.4248927038626609,0.38875478868283836,0.46185166375253267,311 0.32; 363 0.13; 350 0.11; 364 0.08; 150 0.08; 312 0.05,6,38 0.16; 44 0.12; 35 0.11; 52 0.11; 53 0.09; 99 0.06; 40 0.04; 12 0.03; 37 0.03; 41 0.03,10,earned income 0.38; unearned income 0.24; other element 0.14,"wrong amount, known item 0.32; wrong include/exclude decision 0.24; unreported source of income 0.11; change in circumstances 0.10",263,190,140,453,0.5805739514348786,0.5346401689415988,0.6251526345158797,0.4194260485651214,140,0.23608768971332209,593,146666.0
4+,total_deductions_by_hh_size > 37.500 & total_deductions_by_hh_size <= 89.300 & unc_rawben_rel_max <=  0.998,train_2022_23,1383,310,480,186,480,0.3875,0.34497367941832935,0.43181277300742327,112,480,0.23333333333333334,0.19770378505172229,0.27319743551302444,63,480,0.13125,0.10394711758182862,0.16440847648036033,41,480,0.08541666666666667,0.06358672989209012,0.11383001145466469,2,480,0.004166666666666667,0.0011433710133288482,0.01506358597424725,7,480,0.014583333333333334,0.0070816418156721544,0.02979323624359352,69,480,0.14375,0.11518942716992035,0.177967672178296,142,480,0.29583333333333334,0.2567528680695118,0.33815587892537247,118,480,0.24583333333333332,0.20943126755183997,0.2862714582989343,49,480,0.10208333333333333,0.07808094883097157,0.13240446623048654,46,480,0.09583333333333334,0.07261744081675107,0.12546722160169332,54,480,0.1125,0.08725345937971117,0.14389987675343655,32,480,0.06666666666666667,0.04761571342084817,0.0925987699968654,3,480,0.00625,0.002127755317336312,0.0182127858845777,2,480,0.004166666666666667,0.0011433710133288482,0.01506358597424725,5,480,0.010416666666666666,0.004457289915358877,0.024150419715230964,29,480,0.06041666666666667,0.04239186040939903,0.08542187036530076,284,480,0.5916666666666667,0.5471351933476405,0.6347425120832277,49,480,0.10208333333333333,0.07808094883097157,0.13240446623048654,147,480,0.30625,0.26668770882668347,0.3488889592398905,293,480,0.6104166666666667,0.5660783309710649,0.6530016323888448,171,480,0.35625,0.31470432643570034,0.40007836277498354,1,480,0.0020833333333333333,0.00036784473770553813,0.011705528035532646,0,480,0.0,0.0,0.00793978855890027,15,480,0.03125,0.019027613680897237,0.050915938093071766,195,480,0.40625,0.3632254403350773,0.4507632700197165,311 0.34; 363 0.13; 350 0.11; 364 0.09; 150 0.07; 312 0.04,6,38 0.15; 44 0.14; 53 0.11; 52 0.11; 35 0.10; 99 0.06; 40 0.05; 12 0.03; 41 0.03,9,earned income 0.39; unearned income 0.23; other element 0.14,"wrong amount, known item 0.30; wrong include/exclude decision 0.25; change in circumstances 0.11; unreported source of income 0.10",175,135,89,310,0.5645161290322581,0.5088646176910456,0.6185882120166797,0.43548387096774194,89,0.22305764411027568,399,102342.0
4+,total_deductions_by_hh_size > 37.500 & total_deductions_by_hh_size <= 89.300 & unc_rawben_rel_max <=  0.998,test_2024,555,143,219,79,219,0.3607305936073059,0.3000348714685499,0.4262280884096775,54,219,0.2465753424657534,0.19418409283235363,0.30770424399524055,31,219,0.1415525114155251,0.10154735932480097,0.19391632429621053,13,219,0.0593607305936073,0.03501506093965403,0.09889889408490152,1,219,0.0045662100456621,0.0008064827143618135,0.02540765324588977,11,219,0.0502283105022831,0.028274743425381867,0.08768924175512302,30,219,0.136986301369863,0.09766810794257644,0.18882059075640975,79,219,0.3607305936073059,0.3000348714685499,0.4262280884096775,53,219,0.2420091324200913,0.1900461912142815,0.3028671606912873,27,219,0.1232876712328767,0.08612964497976976,0.17343409895314044,23,219,0.1050228310502283,0.07100637587770554,0.15265742836710333,16,219,0.0730593607305936,0.04546755311729188,0.11537135667333968,5,219,0.0228310502283105,0.009790426210437828,0.05232364943791508,2,219,0.0091324200913242,0.002507969557322508,0.03268115132495441,2,219,0.0091324200913242,0.002507969557322508,0.03268115132495441,1,219,0.0045662100456621,0.0008064827143618135,0.02540765324588977,11,219,0.0502283105022831,0.028274743425381867,0.08768924175512302,147,219,0.6712328767123288,0.6065311690188323,0.7300307655571175,21,219,0.0958904109589041,0.06357475847056406,0.14213907593019415,50,219,0.228310502283105,0.1776840396576082,0.2883043574818846,119,219,0.54337899543379,0.47722546427660845,0.6080368924826324,90,219,0.410958904109589,0.34787604721081655,0.4771117468096895,1,219,0.0045662100456621,0.0008064827143618135,0.02540765324588977,2,219,0.0091324200913242,0.002507969557322508,0.03268115132495441,7,219,0.0319634703196347,0.015567517426406791,0.06449652806599677,102,219,0.4657534246575342,0.40084634283101006,0.5318412702537999,311 0.28; 363 0.14; 350 0.11; 150 0.09; 364 0.06; 312 0.06; 331 0.05,7,38 0.18; 35 0.12; 52 0.11; 44 0.08; 53 0.06; 99 0.05; 57 0.05; 37 0.04; 13 0.04; 56 0.04,10,earned income 0.36; unearned income 0.25; shelter deduction 0.14; other element 0.14,"wrong amount, known item 0.36; wrong include/exclude decision 0.24; unreported source of income 0.12; household composition 0.11",88,55,51,143,0.6153846153846154,0.5336183508362926,0.691113605230653,0.38461538461538464,51,0.26288659793814434,194,44324.0
4+,rawben_rel_max >=   0.623 & rawben_rel_max <   0.860 & total_deductions_by_hh_size < 105.000,all_2022_24,1758,399,594,202,594,0.3400673400673401,0.3031063480372022,0.37908371702350957,146,594,0.24579124579124578,0.21287236425975073,0.281977107573591,92,594,0.15488215488215487,0.12801351758250942,0.1861860964958685,37,594,0.06228956228956229,0.045525726274406736,0.08467866231280433,3,594,0.005050505050505051,0.0017190518050179968,0.014742833751289899,14,594,0.02356902356902357,0.014090436364161293,0.03917049429037997,100,594,0.16835016835016836,0.14041127525855823,0.200551280709444,182,594,0.3063973063973064,0.2706664711086432,0.3446162392280078,155,594,0.2609427609427609,0.2272427965082463,0.29771498495092275,67,594,0.1127946127946128,0.08980268984737945,0.14076273082592267,68,594,0.11447811447811448,0.0913129108891676,0.14259787752033753,46,594,0.07744107744107744,0.05855875623745127,0.1017539419755871,31,594,0.05218855218855219,0.03700699482646798,0.07312518734352487,5,594,0.008417508417508417,0.003600609139121278,0.019552011889592682,3,594,0.005050505050505051,0.0017190518050179968,0.014742833751289899,3,594,0.005050505050505051,0.0017190518050179968,0.014742833751289899,34,594,0.05723905723905724,0.04124674950556863,0.07892153587303334,389,594,0.6548821548821548,0.6157648576302687,0.6920089741004104,57,594,0.09595959595959595,0.07480327278337988,0.12230847052789186,147,594,0.2474747474747475,0.21446632223508982,0.2837285173344551,363,594,0.6111111111111112,0.5713122954955756,0.6494819750938248,214,594,0.3602693602693603,0.32267320550162076,0.3996612723935274,3,594,0.005050505050505051,0.0017190518050179968,0.014742833751289899,0,594,0.0,0.0,0.006425782347698788,14,594,0.02356902356902357,0.014090436364161293,0.03917049429037997,263,594,0.44276094276094274,0.403310059215454,0.48294743775364285,311 0.29; 363 0.15; 350 0.11; 150 0.09; 364 0.06; 312 0.04; 331 0.03,7,38 0.16; 52 0.13; 44 0.12; 35 0.11; 53 0.08; 99 0.06; 7 0.04; 37 0.04; 12 0.03,9,earned income 0.34; unearned income 0.25; other element 0.17,"wrong amount, known item 0.31; wrong include/exclude decision 0.26; household composition 0.11; unreported source of income 0.11",225,174,135,399,0.5639097744360902,0.5148701110703451,0.6117305180603108,0.43609022556390975,135,0.25280898876404495,534,117213.0
4+,rawben_rel_max >=   0.623 & rawben_rel_max <   0.860 & total_deductions_by_hh_size < 105.000,train_2022_23,1204,270,404,135,404,0.3341584158415842,0.28991429316316686,0.38152677611470964,104,404,0.25742574257425743,0.21721591563519405,0.3022053498757298,63,404,0.15594059405940594,0.12382173769686958,0.19454107767066528,23,404,0.05693069306930693,0.03823190215451172,0.08397632770727777,1,404,0.0024752475247524753,0.0004370644338232135,0.013886143399806313,6,404,0.01485148514851485,0.006823784193734868,0.03201874682811283,72,404,0.1782178217821782,0.14398342170430617,0.2185141754020214,115,404,0.28465346534653463,0.2428397116199438,0.33052406490506003,102,404,0.2524752475247525,0.21257925659295093,0.29703427964268564,45,404,0.11138613861386139,0.08429408377040447,0.14579916811954496,44,404,0.10891089108910891,0.08213634257899029,0.1430530446733155,35,404,0.08663366336633663,0.06295019674998538,0.1181044087635277,27,404,0.06683168316831684,0.04633366233857605,0.09549002607378795,5,404,0.012376237623762377,0.005297581656494009,0.028641084727710056,0,404,0.0,0.0,0.009419343195985891,2,404,0.0049504950495049506,0.0013586273117416371,0.017868445159531524,29,404,0.07178217821782178,0.050441007475172925,0.10119041021247834,260,404,0.6435643564356436,0.595709117828183,0.6887150311551478,41,404,0.10148514851485149,0.0756922888141433,0.1347855045252316,103,404,0.25495049504950495,0.21489670067666494,0.2996207001966153,249,404,0.6163366336633663,0.568033264314181,0.6624483736550697,146,404,0.3613861386138614,0.3160489008226489,0.40933467946930757,1,404,0.0024752475247524753,0.0004370644338232135,0.013886143399806313,0,404,0.0,0.0,0.009419343195985891,8,404,0.019801980198019802,0.010067253905901064,0.03858300639123391,169,404,0.4183168316831683,0.37120533330211514,0.4669671336556449,311 0.29; 363 0.16; 350 0.12; 150 0.09; 364 0.06; 520 0.03,6,38 0.16; 44 0.12; 52 0.12; 35 0.11; 53 0.10; 99 0.07; 7 0.04; 40 0.03; 37 0.03,9,earned income 0.33; unearned income 0.26; other element 0.18,"wrong amount, known item 0.28; wrong include/exclude decision 0.25; unreported source of income 0.11; household composition 0.11",155,115,86,270,0.5740740740740741,0.5144581128956528,0.6316117318613163,0.42592592592592593,86,0.24157303370786518,356,78119.0
4+,rawben_rel_max >=   0.623 & rawben_rel_max <   0.860 & total_deductions_by_hh_size < 105.000,test_2024,554,129,190,67,190,0.3526315789473684,0.2882269150227198,0.42287740933283635,42,190,0.22105263157894736,0.16790351952586324,0.28525823729001115,29,190,0.15263157894736842,0.1084218902620147,0.2106097314332251,14,190,0.07368421052631578,0.044396136767663366,0.11986994440376732,2,190,0.010526315789473684,0.002891397427700084,0.0375622513246833,8,190,0.042105263157894736,0.0214870522061478,0.08087281275575922,28,190,0.14736842105263157,0.10396825877158991,0.20474566022206261,67,190,0.3526315789473684,0.2882269150227198,0.42287740933283635,53,190,0.2789473684210526,0.22004041672416352,0.3466160698091708,22,190,0.11578947368421053,0.0777199864233657,0.1690877163607632,24,190,0.12631578947368421,0.08637190909443032,0.18107119909287311,11,190,0.05789473684210526,0.03263129818720638,0.10068167487946249,4,190,0.021052631578947368,0.008216550300428112,0.052872503855129815,0,190,0.0,0.0,0.019818243349208835,3,190,0.015789473684210527,0.005384028565230823,0.04538732288873984,1,190,0.005263157894736842,0.0009296576420357184,0.02920628840876039,5,190,0.02631578947368421,0.011291598467941314,0.06011515838920391,129,190,0.6789473684210526,0.6095791032211935,0.7412227886327738,16,190,0.08421052631578947,0.05249743885061464,0.1324040477239906,44,190,0.23157894736842105,0.17727511549370967,0.29652204672533927,114,190,0.6,0.5290232046055547,0.6670131467246034,68,190,0.35789473684210527,0.2931663282304583,0.4282556988266851,2,190,0.010526315789473684,0.002891397427700084,0.0375622513246833,0,190,0.0,0.0,0.019818243349208835,6,190,0.031578947368421054,0.014551485760764173,0.06717297379796831,94,190,0.49473684210526314,0.42445632972248687,0.5652259675759259,311 0.28; 363 0.15; 350 0.10; 150 0.08; 364 0.07; 312 0.05; 334 0.03,7,38 0.16; 52 0.15; 35 0.12; 44 0.11; 53 0.05; 7 0.05; 37 0.04; 56 0.04; 12 0.03; 99 0.03,10,earned income 0.35; unearned income 0.22; shelter deduction 0.15; other element 0.15,"wrong amount, known item 0.35; wrong include/exclude decision 0.28; household composition 0.13",70,59,49,129,0.5426356589147286,0.456675986048851,0.6261294002156924,0.4573643410852713,49,0.2752808988764045,178,39094.0
4+,rawben_rel_max >=  0.756 & rawben_rel_max <  0.998 & total_deductions_by_hh_size < 93.300,all_2022_24,1712,358,522,152,522,0.29118773946360155,0.2538520945456071,0.33157439130108135,143,522,0.2739463601532567,0.23744269522363176,0.3137529500048933,79,522,0.15134099616858238,0.1231505756944786,0.18462575847155163,55,522,0.1053639846743295,0.08184709120613257,0.1346470013114621,4,522,0.007662835249042145,0.002983797186737391,0.019535531827931663,8,522,0.01532567049808429,0.007785667786052816,0.029947368170022172,81,522,0.15517241379310345,0.1266421329698535,0.18874105466687968,157,522,0.3007662835249042,0.26299765682818654,0.3414459626952593,147,522,0.28160919540229884,0.24472724416810182,0.3216821080018292,65,522,0.12452107279693486,0.09891014619293408,0.15561821367817535,47,522,0.09003831417624521,0.0683852128579004,0.11768146577688239,42,522,0.08045977011494253,0.06007465603181149,0.10697488892621392,24,522,0.04597701149425287,0.0310881805290198,0.0674996831926789,4,522,0.007662835249042145,0.002983797186737391,0.019535531827931663,1,522,0.0019157088122605363,0.0003382410242372246,0.010770807784377385,6,522,0.011494252873563218,0.005278201271977033,0.024847981213394987,29,522,0.05555555555555555,0.038956533959216014,0.07864846343924009,329,522,0.6302681992337165,0.5880450144822151,0.6705880035216856,49,522,0.09386973180076628,0.07173285412538351,0.12194067798010226,143,522,0.2739463601532567,0.23744269522363176,0.3137529500048933,320,522,0.6130268199233716,0.570562674034219,0.6538395033515184,179,522,0.342911877394636,0.30347078522853554,0.38464822247264296,1,522,0.0019157088122605363,0.0003382410242372246,0.010770807784377385,1,522,0.0019157088122605363,0.0003382410242372246,0.010770807784377385,21,522,0.040229885057471264,0.026460953224139674,0.06071663029150458,234,522,0.4482758620689655,0.40614488179476177,0.49116259635074827,311 0.25; 363 0.15; 350 0.14; 364 0.11; 150 0.07; 333 0.03; 312 0.03,7,38 0.14; 52 0.14; 44 0.13; 35 0.12; 53 0.11; 99 0.06; 12 0.04; 39 0.04,8,earned income 0.29; unearned income 0.27; other element 0.16; shelter deduction 0.15,"wrong amount, known item 0.30; wrong include/exclude decision 0.28; unreported source of income 0.12; household composition 0.09",194,164,130,358,0.5418994413407822,0.49011495504575614,0.5927942516347362,0.4581005586592179,130,0.26639344262295084,488,113536.0
4+,rawben_rel_max >=  0.756 & rawben_rel_max <  0.998 & total_deductions_by_hh_size < 93.300,train_2022_23,1151,234,342,95,342,0.2777777777777778,0.23297524200664213,0.32751719152362146,104,342,0.30409356725146197,0.25773709672603334,0.35480228546512,46,342,0.13450292397660818,0.10237468940861758,0.1747510236345791,38,342,0.1111111111111111,0.08202811909492191,0.14883363958303933,2,342,0.005847953216374269,0.0016051537631270336,0.021068810271274843,4,342,0.011695906432748537,0.0045573783097931225,0.0296825743159176,53,342,0.15497076023391812,0.12047147504206537,0.19713519807071225,99,342,0.2894736842105263,0.24395677410064667,0.33966763661223465,97,342,0.28362573099415206,0.23846116154521463,0.3335972605763578,47,342,0.13742690058479531,0.10494451812503494,0.17796418921381615,27,342,0.07894736842105263,0.05482184797286926,0.11242697345289329,28,342,0.08187134502923976,0.057249185888141846,0.11578262983327511,17,342,0.049707602339181284,0.031263264605233765,0.07815561386398451,2,342,0.005847953216374269,0.0016051537631270336,0.021068810271274843,0,342,0.0,0.0,0.011107975443093023,3,342,0.008771929824561403,0.0029875900034154954,0.025469368326640807,22,342,0.06432748538011696,0.042860970909188084,0.09547287903830232,206,342,0.6023391812865497,0.5496083221832955,0.6527964781646096,33,342,0.09649122807017543,0.06953312387858368,0.13241366332110543,103,342,0.30116959064327486,0.25497639346270057,0.35177999443279845,209,342,0.6111111111111112,0.5584825178082867,0.6612712654265817,121,342,0.3538011695906433,0.3050048273251243,0.40584545789215437,0,342,0.0,0.0,0.011107975443093023,0,342,0.0,0.0,0.011107975443093023,12,342,0.03508771929824561,0.020183389099730702,0.060320517891215425,150,342,0.43859649122807015,0.3869758097860114,0.4915813100052455,311 0.24; 350 0.14; 363 0.13; 364 0.11; 150 0.06; 333 0.04; 520 0.04,7,44 0.15; 35 0.14; 38 0.13; 52 0.13; 53 0.13; 99 0.06; 39 0.04,7,unearned income 0.30; earned income 0.28; other element 0.15; shelter deduction 0.13,"wrong amount, known item 0.29; wrong include/exclude decision 0.28; unreported source of income 0.14; change in circumstances 0.08",132,102,76,234,0.5641025641025641,0.5000379601420547,0.6260964082779358,0.4358974358974359,76,0.24516129032258063,310,75705.0
4+,rawben_rel_max >=  0.756 & rawben_rel_max <  0.998 & total_deductions_by_hh_size < 93.300,test_2024,561,124,180,57,180,0.31666666666666665,0.2531448976703366,0.3878503939285181,39,180,0.21666666666666667,0.16274070439822208,0.28243383716364423,33,180,0.18333333333333332,0.13362624296924455,0.24627471524695896,17,180,0.09444444444444444,0.059803329908944554,0.14603473938549152,2,180,0.011111111111111112,0.0030523109083073832,0.03960180002197173,4,180,0.022222222222222223,0.008674783101630956,0.05573718894386907,28,180,0.15555555555555556,0.1098693602628951,0.21563694516525608,58,180,0.32222222222222224,0.25828034373405556,0.3935938784224097,50,180,0.2777777777777778,0.21750827764196345,0.3473345000536181,18,180,0.1,0.06419372884806379,0.15252327100398277,20,180,0.1111111111111111,0.07308697860315694,0.16538788236411053,14,180,0.07777777777777778,0.046892990443628484,0.1263082871779762,7,180,0.03888888888888889,0.018963050547515514,0.07808571317081593,2,180,0.011111111111111112,0.0030523109083073832,0.03960180002197173,1,180,0.005555555555555556,0.0009813408130013804,0.030793839559667267,3,180,0.016666666666666666,0.005683983686091316,0.04784905780179827,7,180,0.03888888888888889,0.018963050547515514,0.07808571317081593,123,180,0.6833333333333333,0.6121496060714819,0.7468551023296635,16,180,0.08888888888888889,0.05545412412712826,0.1395050146096974,40,180,0.2222222222222222,0.16764967187317115,0.28840380024630563,111,180,0.6166666666666667,0.5439039202563112,0.6845536214535086,58,180,0.32222222222222224,0.25828034373405556,0.3935938784224097,1,180,0.005555555555555556,0.0009813408130013804,0.030793839559667267,1,180,0.005555555555555556,0.0009813408130013804,0.030793839559667267,9,180,0.05,0.02652483692561692,0.09228178790793545,84,180,0.4666666666666667,0.39524296450687024,0.5394834521474671,311 0.26; 363 0.18; 350 0.13; 364 0.09; 150 0.07; 312 0.04,6,52 0.15; 38 0.14; 35 0.10; 44 0.09; 53 0.08; 12 0.04; 56 0.04; 99 0.04; 7 0.04; 57 0.04,10,earned income 0.32; unearned income 0.22; shelter deduction 0.18; other element 0.16,"wrong amount, known item 0.32; wrong include/exclude decision 0.28; household composition 0.11; unreported source of income 0.10",62,62,54,124,0.5,0.4133257730247514,0.5866742269752486,0.5,54,0.30337078651685395,178,37831.0
4+,months_since_cert_n >   5.500 & percent_abawd <=   0.268 & shelter_expenses_by_hh_size <= 500.000 & total_deductions_by_hh_size > 228.000,all_2022_24,557,186,310,120,310,0.3870967741935484,0.33457125942842963,0.44238628858305135,43,310,0.13870967741935483,0.10463623350670245,0.18162792013003656,50,310,0.16129032258064516,0.124533490564289,0.20633915347015383,18,310,0.05806451612903226,0.037040424901805535,0.08990769160027703,2,310,0.0064516129032258064,0.001771014542147913,0.023214838193754528,39,310,0.12580645161290321,0.09341129570839604,0.1673622919867979,38,310,0.12258064516129032,0.09062352996353948,0.16377741624626826,102,310,0.32903225806451614,0.279098752063652,0.3831512492108764,69,310,0.22258064516129034,0.17982859807736679,0.27212423417941495,35,310,0.11290322580645161,0.08230853872983677,0.15297448302381217,18,310,0.05806451612903226,0.037040424901805535,0.08990769160027703,27,310,0.08709677419354839,0.06054708947219223,0.12375480039836667,29,310,0.0935483870967742,0.06592424195050518,0.13112293089082622,4,310,0.012903225806451613,0.00502886353872989,0.03270227216794507,2,310,0.0064516129032258064,0.001771014542147913,0.023214838193754528,0,310,0.0,0.0,0.012240569765129924,24,310,0.07741935483870968,0.05257455279552331,0.11260941261887683,141,307,0.4592833876221498,0.4043840565080322,0.5151891280335479,20,307,0.06514657980456026,0.042564438730783694,0.09847717217329091,146,307,0.4755700325732899,0.4203526637953427,0.5313912469296054,163,310,0.5258064516129032,0.4702448390774088,0.5807362928056812,128,310,0.4129032258064516,0.3594860953848055,0.4684525845097655,0,310,0.0,0.0,0.012240569765129924,4,310,0.012903225806451613,0.00502886353872989,0.03270227216794507,15,310,0.04838709677419355,0.029539177020583514,0.07829101502534028,119,307,0.38762214983713356,0.3348304627727948,0.44319152656196614,311 0.34; 363 0.16; 323 0.10; 350 0.06; 364 0.06; 312 0.05,6,38 0.16; 53 0.12; 35 0.11; 44 0.08; 99 0.08; 52 0.07; 56 0.04; 98 0.03; 64 0.03; 54 0.03; 39 0.02,11,earned income 0.39; shelter deduction 0.16; unearned income 0.14; dep care or child support deduction 0.13,"wrong amount, known item 0.33; wrong include/exclude decision 0.22; unreported source of income 0.11; method or computation 0.09",131,55,67,186,0.7043010752688172,0.6351174743290855,0.7652162775988376,0.2956989247311828,67,0.2648221343873518,253,71661.0
4+,months_since_cert_n >   5.500 & percent_abawd <=   0.268 & shelter_expenses_by_hh_size <= 500.000 & total_deductions_by_hh_size > 228.000,train_2022_23,337,124,201,77,201,0.38308457711442784,0.3186667305010137,0.4518876881327013,33,201,0.16417910447761194,0.11935791546277147,0.22159626571917596,33,201,0.16417910447761194,0.11935791546277147,0.22159626571917596,13,201,0.06467661691542288,0.03818308975598528,0.10749825622061321,2,201,0.009950248756218905,0.002732914581682854,0.03554837203197374,25,201,0.12437810945273632,0.08568317066557782,0.17716187643423,18,201,0.08955223880597014,0.05739610258448981,0.13710345219344588,55,201,0.2736318407960199,0.21667649142966533,0.3390778084781659,49,201,0.24378109452736318,0.18959109892190937,0.3075813504243172,23,201,0.11442786069651742,0.07746942414296429,0.16584833943630867,11,201,0.05472636815920398,0.030829484437093747,0.09532457801896987,19,201,0.0945273631840796,0.061351506145410795,0.14291169039279236,23,201,0.11442786069651742,0.07746942414296429,0.16584833943630867,1,201,0.004975124378109453,0.0008787495223456909,0.02763889533104346,0,201,0.0,0.0,0.018754003093121707,0,201,0.0,0.0,0.018754003093121707,20,201,0.09950248756218906,0.06533842125021784,0.1486884170482528,101,201,0.5024875621890548,0.4339691140525084,0.5709127068276254,17,201,0.0845771144278607,0.05347446225470143,0.13126145076296686,83,201,0.4129353233830846,0.34712181026957356,0.4820144589257461,99,201,0.4925373134328358,0.42421212485748594,0.5611424125021128,87,201,0.43283582089552236,0.36623167562648773,0.5019591606099018,0,201,0.0,0.0,0.018754003093121707,0,201,0.0,0.0,0.018754003093121707,15,201,0.07462686567164178,0.045743116324492857,0.11946551317264051,74,201,0.3681592039800995,0.30453611714329537,0.43672737620961727,311 0.33; 363 0.16; 323 0.10; 350 0.08; 364 0.06; 312 0.05,6,38 0.17; 53 0.14; 35 0.11; 99 0.10; 44 0.09; 52 0.08; 98 0.05,7,earned income 0.38; unearned income 0.16; shelter deduction 0.16; dep care or child support deduction 0.12,"wrong amount, known item 0.27; wrong include/exclude decision 0.24; unreported source of income 0.11; method or computation 0.11; other 0.10",86,38,45,124,0.6935483870967742,0.6076039366067905,0.7678607008821021,0.3064516129032258,45,0.26627218934911245,169,44424.0
4+,months_since_cert_n >   5.500 & percent_abawd <=   0.268 & shelter_expenses_by_hh_size <= 500.000 & total_deductions_by_hh_size > 228.000,test_2024,220,62,109,43,109,0.3944954128440367,0.30783761244479607,0.48833684803786287,10,109,0.09174311926605505,0.05059688881197748,0.16068689305570255,17,109,0.1559633027522936,0.09971462165945087,0.23563687991443671,5,109,0.045871559633027525,0.019750157151731958,0.10291382492579973,0,109,0.0,0.0,0.03404418228738337,14,109,0.12844036697247707,0.07807369166475245,0.2041059300350462,20,109,0.1834862385321101,0.12203581560283452,0.2664875658451421,47,109,0.43119266055045874,0.3421275336702308,0.5249427666445468,20,109,0.1834862385321101,0.12203581560283452,0.2664875658451421,12,109,0.11009174311926606,0.06410740604439105,0.18262429573934827,7,109,0.06422018348623854,0.03145324596985614,0.12665865602373488,8,109,0.07339449541284404,0.03765663179125689,0.1381792301603638,6,109,0.05504587155963303,0.02546924522642792,0.11491869680913343,3,109,0.027522935779816515,0.009403685491248322,0.07781237667022406,2,109,0.01834862385321101,0.0050462566124631555,0.06444584559097954,0,109,0.0,0.0,0.03404418228738337,4,109,0.03669724770642202,0.014361469198727862,0.09057855292077416,40,106,0.37735849056603776,0.29089613915715784,0.47239937001241006,3,106,0.02830188679245283,0.009671108644619023,0.07992700354602641,63,106,0.5943396226415094,0.4991537444652249,0.6829266330966459,64,109,0.5871559633027523,0.49329742159467677,0.6750801980066051,41,109,0.3761467889908257,0.29088366624359363,0.469842874323006,0,109,0.0,0.0,0.03404418228738337,4,109,0.03669724770642202,0.014361469198727862,0.09057855292077416,0,109,0.0,0.0,0.03404418228738337,45,106,0.42452830188679247,0.3346948483840659,0.5196408495664374,311 0.35; 363 0.16; 323 0.11; 361 0.06; 150 0.06; 520 0.05,6,38 0.15; 56 0.12; 35 0.11; 44 0.06; 53 0.06; 52 0.06; 54 0.06; 57 0.05; 99 0.04; 37 0.03; 65 0.03,11,earned income 0.39; other element 0.18; shelter deduction 0.16; dep care or child support deduction 0.13,"wrong amount, known item 0.43; wrong include/exclude decision 0.18; unreported source of income 0.11; change in circumstances 0.07",45,17,22,62,0.7258064516129032,0.6040722415667276,0.8211908140090788,0.27419354838709675,22,0.2619047619047619,84,27237.0
2-3,cat_elig >   0.5 & HH_size_n >   2.5 & total_deductions_by_hh_size > 437.0 & unc_rawben_rel_max <=   1.0,all_2022_24,281,95,163,53,163,0.32515337423312884,0.25798485706192736,0.40037372976533875,26,163,0.15950920245398773,0.11123860940055755,0.2234596912630659,25,163,0.15337423312883436,0.10609636607433767,0.21661451658322498,3,163,0.018404907975460124,0.006278636985349233,0.05270904953887494,2,163,0.012269938650306749,0.0033712637819556593,0.04362900473620768,37,163,0.22699386503067484,0.1694071586438602,0.2971527400864325,17,163,0.10429447852760736,0.06614071161960253,0.16067082698947335,41,163,0.25153374233128833,0.1911669475820414,0.3233426231724947,49,163,0.3006134969325153,0.23547598767139238,0.37493292713163034,20,163,0.12269938650306748,0.08084950251524008,0.18192429011201833,8,163,0.049079754601226995,0.0250760903742194,0.09384868618030898,19,163,0.1165644171779141,0.07590540409960798,0.17488097052158957,6,163,0.03680981595092025,0.016977284282556588,0.07797265625985011,3,163,0.018404907975460124,0.006278636985349233,0.05270904953887494,2,163,0.012269938650306749,0.0033712637819556593,0.04362900473620768,0,163,0.0,0.0,0.023025432506041655,15,163,0.09202453987730061,0.056561275126855236,0.14627542747009897,104,163,0.6380368098159509,0.5618671531800535,0.7078497519563153,18,163,0.11042944785276074,0.07100154595696452,0.16779741065817222,41,163,0.25153374233128833,0.1911669475820414,0.3233426231724947,77,163,0.4723926380368098,0.39727071585440626,0.54878590311832,77,163,0.4723926380368098,0.39727071585440626,0.54878590311832,1,163,0.006134969325153374,0.0010837669947276023,0.03392908351737489,2,163,0.012269938650306749,0.0033712637819556593,0.04362900473620768,6,163,0.03680981595092025,0.016977284282556588,0.07797265625985011,45,163,0.27607361963190186,0.21319744025496024,0.3492618025238192,311 0.30; 323 0.21; 363 0.15; 350 0.09,4,53 0.17; 35 0.12; 38 0.09; 99 0.09; 52 0.09; 44 0.07; 41 0.06; 56 0.05; 7 0.03,9,earned income 0.33; dep care or child support deduction 0.23; unearned income 0.16; shelter deduction 0.15,"wrong include/exclude decision 0.30; wrong amount, known item 0.25; unreported source of income 0.12; change in circumstances 0.12",68,27,47,95,0.7157894736842105,0.6180880088754301,0.7967170934296721,0.28421052631578947,47,0.33098591549295775,142,35299.0
2-3,cat_elig >   0.5 & HH_size_n >   2.5 & total_deductions_by_hh_size > 437.0 & unc_rawben_rel_max <=   1.0,train_2022_23,156,61,107,31,107,0.2897196261682243,0.21224200748413424,0.3817732358901945,18,107,0.16822429906542055,0.1091412313513985,0.25030504152809796,15,107,0.14018691588785046,0.08683152059205125,0.21848345140402237,2,107,0.018691588785046728,0.005140857096348456,0.06560514440489296,2,107,0.018691588785046728,0.005140857096348456,0.06560514440489296,24,107,0.22429906542056074,0.1556144407540678,0.3120944338922743,15,107,0.14018691588785046,0.08683152059205125,0.21848345140402237,19,107,0.17757009345794392,0.11672859553461687,0.26076144430602055,36,107,0.3364485981308411,0.2539713264752684,0.4302627517047651,13,107,0.12149532710280374,0.07239365431718056,0.19683378375661123,6,107,0.056074766355140186,0.025950008789329404,0.11697106055647577,13,107,0.12149532710280374,0.07239365431718056,0.19683378375661123,5,107,0.04672897196261682,0.020122360456377365,0.10475494192828685,1,107,0.009345794392523364,0.0016516291511190044,0.05105060538898146,2,107,0.018691588785046728,0.005140857096348456,0.06560514440489296,0,107,0.0,0.0,0.03465846757895952,12,107,0.11214953271028037,0.06532817353470435,0.18585549757794648,66,107,0.616822429906542,0.5221754771468577,0.703371609867404,11,107,0.102803738317757,0.058378570464941416,0.1747613336865685,30,107,0.2803738317757009,0.2040167905416766,0.3719546858715112,52,107,0.48598130841121495,0.39341857591757085,0.5795157736407177,52,107,0.48598130841121495,0.39341857591757085,0.5795157736407177,0,107,0.0,0.0,0.03465846757895952,0,107,0.0,0.0,0.03465846757895952,3,107,0.028037383177570093,0.009580293417619429,0.07920947504476293,32,107,0.29906542056074764,0.2205088061676167,0.391550204167853,311 0.26; 323 0.21; 363 0.14; 350 0.10; 150 0.05,5,53 0.24; 35 0.12; 99 0.11; 44 0.08; 38 0.08; 52 0.07; 41 0.06,7,earned income 0.29; dep care or child support deduction 0.22; unearned income 0.17; shelter deduction 0.14,"wrong include/exclude decision 0.34; wrong amount, known item 0.18; unreported source of income 0.12; change in circumstances 0.12",46,15,32,61,0.7540983606557377,0.6331533709421812,0.8449347700043716,0.2459016393442623,32,0.34408602150537637,93,21065.0
2-3,cat_elig >   0.5 & HH_size_n >   2.5 & total_deductions_by_hh_size > 437.0 & unc_rawben_rel_max <=   1.0,test_2024,125,34,56,22,56,0.39285714285714285,0.27580225617512844,0.523668346215182,8,56,0.14285714285714285,0.0742070004258528,0.25736167420851525,10,56,0.17857142857142858,0.09999749741344179,0.2984143097574895,1,56,0.017857142857142856,0.003159128964463985,0.0944585817919329,0,56,0.0,0.0,0.06419614448811528,13,56,0.23214285714285715,0.1409924724565329,0.35768403351924316,2,56,0.03571428571428571,0.009849218502577639,0.12119005852210082,22,56,0.39285714285714285,0.27580225617512844,0.523668346215182,13,56,0.23214285714285715,0.1409924724565329,0.35768403351924316,7,56,0.125,0.06188990138969254,0.23625720697639396,2,56,0.03571428571428571,0.009849218502577639,0.12119005852210082,6,56,0.10714285714285714,0.050038674581190865,0.21468686751661398,1,56,0.017857142857142856,0.003159128964463985,0.0944585817919329,2,56,0.03571428571428571,0.009849218502577639,0.12119005852210082,0,56,0.0,0.0,0.06419614448811528,0,56,0.0,0.0,0.06419614448811528,3,56,0.05357142857142857,0.01838544792866792,0.14607539536429218,38,56,0.6785714285714286,0.548223941560039,0.7859917211227772,7,56,0.125,0.06188990138969254,0.23625720697639396,11,56,0.19642857142857142,0.11338480016444107,0.3184485732747718,25,56,0.44642857142857145,0.3238651625129941,0.5758701386821612,25,56,0.44642857142857145,0.3238651625129941,0.5758701386821612,1,56,0.017857142857142856,0.003159128964463985,0.0944585817919329,2,56,0.03571428571428571,0.009849218502577639,0.12119005852210082,3,56,0.05357142857142857,0.01838544792866792,0.14607539536429218,13,56,0.23214285714285715,0.1409924724565329,0.35768403351924316,311 0.38; 323 0.23; 363 0.18,3,56 0.14; 52 0.14; 35 0.12; 38 0.11; 41 0.07; 57 0.07; 44 0.05; 99 0.05,8,earned income 0.39; dep care or child support deduction 0.23; shelter deduction 0.18,"wrong amount, known item 0.39; wrong include/exclude decision 0.23; unreported source of income 0.12",22,12,15,34,0.6470588235294118,0.4791365883001342,0.7851228510470394,0.35294117647058826,15,0.30612244897959184,49,14234.0
2-3,expedited_i >=   1.000 & rawben_rel_max <   0.909 & total_deductions_by_hh_size >=  23.500 & utilities < 285.000,all_2022_24,146,54,84,30,84,0.35714285714285715,0.2629920932999957,0.46378883965204515,14,84,0.16666666666666666,0.10195649348099849,0.2605323500737637,9,84,0.10714285714285714,0.05739956319523237,0.1912480024228802,8,84,0.09523809523809523,0.049051123189484375,0.17682818684129828,1,84,0.011904761904761904,0.002104528901587875,0.06439699201788535,5,84,0.05952380952380952,0.025690182263433017,0.13188436100535988,17,84,0.20238095238095238,0.1303734963013758,0.30042011401537616,23,84,0.27380952380952384,0.18992693848374492,0.3774762053569865,18,84,0.21428571428571427,0.14006654921749656,0.3134953166865853,9,84,0.10714285714285714,0.05739956319523237,0.1912480024228802,13,84,0.15476190476190477,0.09273222805420128,0.24698835991323098,10,84,0.11904761904761904,0.065964782536511,0.2054510386689315,3,84,0.03571428571428571,0.01221944777306612,0.09981858432106694,0,84,0.0,0.0,0.043733265332143306,1,84,0.011904761904761904,0.002104528901587875,0.06439699201788535,1,84,0.011904761904761904,0.002104528901587875,0.06439699201788535,6,84,0.07142857142857142,0.033145358330644366,0.14719744052547845,51,84,0.6071428571428571,0.5002161009140969,0.7046981993718724,1,84,0.011904761904761904,0.002104528901587875,0.06439699201788535,32,84,0.38095238095238093,0.28446988389716343,0.48784756022953724,48,84,0.5714285714285714,0.4647675967027547,0.6718419368212247,33,84,0.39285714285714285,0.2953018006281275,0.49978389908590315,0,84,0.0,0.0,0.043733265332143306,0,84,0.0,0.0,0.043733265332143306,3,84,0.03571428571428571,0.01221944777306612,0.09981858432106694,29,84,0.34523809523809523,0.2523486284686916,0.45166404889601935,311 0.29; 150 0.12; 363 0.11; 364 0.10; 350 0.06; 312 0.06; 331 0.05,7,38 0.18; 35 0.11; 52 0.10; 53 0.10; 99 0.07; 44 0.06; 12 0.06; 39 0.05; 13 0.04; 41 0.04,10,earned income 0.36; other element 0.20; unearned income 0.17; shelter deduction 0.11,"wrong amount, known item 0.27; wrong include/exclude decision 0.21; household composition 0.15; change in circumstances 0.12",32,22,24,54,0.5925925925925926,0.45966610248851525,0.7132198481075954,0.4074074074074074,24,0.3076923076923077,78,16412.0
2-3,expedited_i >=   1.000 & rawben_rel_max <   0.909 & total_deductions_by_hh_size >=  23.500 & utilities < 285.000,train_2022_23,108,40,66,24,66,0.36363636363636365,0.25806811940620944,0.4842058262078659,12,66,0.18181818181818182,0.10718501425764242,0.2914541921751999,5,66,0.07575757575757576,0.03279155406460817,0.16539405451251493,7,66,0.10606060606060606,0.05233280771918242,0.20312525738814619,1,66,0.015151515151515152,0.0026795715344567483,0.08096112398225534,3,66,0.045454545454545456,0.015577991894810295,0.1253351601521073,14,66,0.21212121212121213,0.1307786687568397,0.3251329942062081,20,66,0.30303030303030304,0.20553868699544753,0.4221903455582168,13,66,0.19696969696969696,0.11888527965041439,0.30839015504753065,5,66,0.07575757575757576,0.03279155406460817,0.16539405451251493,11,66,0.16666666666666666,0.09569485409199655,0.274308124075743,7,66,0.10606060606060606,0.05233280771918242,0.20312525738814619,3,66,0.045454545454545456,0.015577991894810295,0.1253351601521073,0,66,0.0,0.0,0.05500446725160935,1,66,0.015151515151515152,0.0026795715344567483,0.08096112398225534,1,66,0.015151515151515152,0.0026795715344567483,0.08096112398225534,5,66,0.07575757575757576,0.03279155406460817,0.16539405451251493,41,66,0.6212121212121212,0.5005825419249831,0.728507284195839,0,66,0.0,0.0,0.05500446725160935,25,66,0.3787878787878788,0.271492715804161,0.49941745807501703,41,66,0.6212121212121212,0.5005825419249831,0.728507284195839,22,66,0.3333333333333333,0.2315626700450802,0.4534388190387895,0,66,0.0,0.0,0.05500446725160935,0,66,0.0,0.0,0.05500446725160935,3,66,0.045454545454545456,0.015577991894810295,0.1253351601521073,26,66,0.3939393939393939,0.2850282099029192,0.5145181922413615,311 0.29; 150 0.12; 364 0.11; 350 0.08; 363 0.08; 312 0.08; 331 0.05,7,38 0.21; 52 0.09; 44 0.08; 99 0.08; 35 0.08; 53 0.08; 39 0.06; 12 0.06; 13 0.05,9,earned income 0.36; other element 0.21; unearned income 0.18,"wrong amount, known item 0.30; wrong include/exclude decision 0.20; household composition 0.17; change in circumstances 0.11",21,19,17,40,0.525,0.37497106853929735,0.6706477044981831,0.475,17,0.2982456140350877,57,13023.0
2-3,expedited_i >=   1.000 & rawben_rel_max <   0.909 & total_deductions_by_hh_size >=  23.500 & utilities < 285.000,test_2024,38,14,18,6,18,0.3333333333333333,0.1627855436366286,0.5625093065574964,2,18,0.1111111111111111,0.031018868453582787,0.3280024486660421,4,18,0.2222222222222222,0.09000781913382,0.4521502645230549,1,18,0.05555555555555555,0.009874935830924525,0.2575779980200754,0,18,0.0,0.0,0.1758845505823749,2,18,0.1111111111111111,0.031018868453582787,0.3280024486660421,3,18,0.16666666666666666,0.05836470400465757,0.39222499638359243,3,18,0.16666666666666666,0.05836470400465757,0.39222499638359243,5,18,0.2777777777777778,0.12499569146355474,0.5087307754619452,4,18,0.2222222222222222,0.09000781913382,0.4521502645230549,2,18,0.1111111111111111,0.031018868453582787,0.3280024486660421,3,18,0.16666666666666666,0.05836470400465757,0.39222499638359243,0,18,0.0,0.0,0.1758845505823749,0,18,0.0,0.0,0.1758845505823749,0,18,0.0,0.0,0.1758845505823749,0,18,0.0,0.0,0.1758845505823749,1,18,0.05555555555555555,0.009874935830924525,0.2575779980200754,10,18,0.5555555555555556,0.3371606942825164,0.7544076889861088,1,18,0.05555555555555555,0.009874935830924525,0.2575779980200754,7,18,0.3888888888888889,0.20304991926931162,0.6138133141934384,7,18,0.3888888888888889,0.20304991926931162,0.6138133141934384,11,18,0.6111111111111112,0.3861866858065617,0.7969500807306884,0,18,0.0,0.0,0.1758845505823749,0,18,0.0,0.0,0.1758845505823749,0,18,0.0,0.0,0.1758845505823749,3,18,0.16666666666666666,0.05836470400465757,0.39222499638359243,311 0.28; 363 0.22; 150 0.11; 366 0.11; 331 0.06,5,35 0.22; 53 0.17; 52 0.11; 56 0.11; 38 0.06; 12 0.06; 41 0.06,7,earned income 0.33; shelter deduction 0.22; other element 0.17; unearned income 0.11,"wrong include/exclude decision 0.28; unreported source of income 0.22; wrong amount, known item 0.17; change in circumstances 0.17",11,3,7,14,0.7857142857142857,0.5241027622679172,0.9242875166308363,0.21428571428571427,7,0.3333333333333333,21,3389.0
4+,months_since_cert_n >  4.500 & months_since_cert_n <=  9.500 & shelter_expenses_by_hh_size > 74.000 & unc_rawben_rel_max >  0.422,all_2022_24,3226,745,1114,417,1114,0.374326750448833,0.34638497411356006,0.4031323099095071,228,1114,0.20466786355475763,0.18200919676399452,0.2293564206902136,215,1114,0.19299820466786355,0.1708936601815784,0.21721284793191456,50,1114,0.04488330341113106,0.034209305510923216,0.05868543020118483,3,1114,0.0026929982046678637,0.0009162592846793079,0.007887850349458481,55,1114,0.04937163375224417,0.038126016892377435,0.06371453010462107,146,1114,0.1310592459605027,0.11250344423641273,0.15215086814559198,321,1114,0.2881508078994614,0.2623185476399719,0.31543915971319864,269,1114,0.2414721723518851,0.21725579951355278,0.267465470476757,147,1114,0.1319569120287253,0.11334096034626125,0.15310251429272154,92,1114,0.08258527827648116,0.06781998077000831,0.10021956973517954,118,1114,0.1059245960502693,0.08918750519328036,0.12537026399333784,68,1114,0.06104129263913824,0.04843435477572923,0.07666530156198444,14,1114,0.012567324955116697,0.00750060632858847,0.020984288132308314,4,1114,0.003590664272890485,0.00139717568153347,0.009196096209582408,7,1114,0.0062836624775583485,0.0030470505181925765,0.012913708143857573,74,1114,0.06642728904847396,0.05324280207321401,0.08259182780636819,566,1103,0.5131459655485041,0.4836538374918292,0.5425468401841816,93,1103,0.0843155031731641,0.06932512338841092,0.10219137906324975,443,1103,0.4016319129646419,0.37309034683795145,0.4308563064139684,612,1111,0.5508550855085509,0.5214807609641392,0.5798789299551808,459,1111,0.41314131413141314,0.38453456109295653,0.442346674770506,2,1111,0.0018001800180018,0.0004938028473212702,0.006540021509430397,11,1111,0.009900990099009901,0.005537383614575933,0.017642232216049693,27,1111,0.024302430243024302,0.016754956979634722,0.03512828813787794,467,1103,0.42339075249320035,0.39454659698297073,0.45276669518096685,311 0.32; 363 0.19; 350 0.08; 150 0.07; 312 0.05; 364 0.04,6,38 0.15; 35 0.13; 53 0.10; 52 0.09; 44 0.08; 99 0.07; 39 0.04; 37 0.04; 56 0.04; 41 0.03,10,earned income 0.37; unearned income 0.20; shelter deduction 0.19,"wrong amount, known item 0.29; wrong include/exclude decision 0.24; unreported source of income 0.13; change in circumstances 0.11",508,237,258,745,0.6818791946308724,0.647574265007644,0.7143180230276359,0.3181208053691275,258,0.2572283150548355,1003,259277.0
4+,months_since_cert_n >  4.500 & months_since_cert_n <=  9.500 & shelter_expenses_by_hh_size > 74.000 & unc_rawben_rel_max >  0.422,train_2022_23,2117,479,701,258,701,0.3680456490727532,0.3331531499435884,0.4043765304839005,160,701,0.2282453637660485,0.1987061699778672,0.26074684755117766,132,701,0.18830242510699002,0.16108872174203595,0.2189138206731677,34,701,0.04850213980028531,0.034913476553121374,0.06701240296363814,1,701,0.0014265335235378032,0.00025185611572561264,0.00803596344543536,32,701,0.0456490727532097,0.03251850053446871,0.06373234504558786,84,701,0.11982881597717546,0.09783561737860676,0.14596611055572628,179,701,0.2553495007132668,0.22446286456844475,0.288902975359278,187,701,0.26676176890156916,0.23535738853314114,0.30070858714139326,84,701,0.11982881597717546,0.09783561737860676,0.14596611055572628,52,701,0.07417974322396577,0.05701476772712291,0.0959864172199631,85,701,0.12125534950071326,0.09913275548193165,0.14750648942075284,51,701,0.07275320970042796,0.05576601441010848,0.09439765356862603,4,701,0.005706134094151213,0.0022211394071864517,0.014579231059028936,2,701,0.0028530670470756064,0.0007827465011909914,0.010342590028321455,5,701,0.007132667617689016,0.003050340298839516,0.01658754713572734,52,701,0.07417974322396577,0.05701476772712291,0.0959864172199631,366,699,0.5236051502145923,0.4865515563153365,0.5604007014906899,66,699,0.0944206008583691,0.07490563698801078,0.11836920616299226,267,699,0.38197424892703863,0.3466926250718035,0.41854608589806525,393,699,0.5622317596566524,0.5252119079622846,0.5985713171626939,281,699,0.402002861230329,0.36628591879833416,0.4387910715221023,1,699,0.001430615164520744,0.00025257686152399235,0.008058826447557316,0,699,0.0,0.0,0.005465811926897895,24,699,0.034334763948497854,0.023179561416298892,0.050580443683000874,305,699,0.4363376251788269,0.40001923544523565,0.4733519480476027,311 0.31; 363 0.19; 350 0.08; 150 0.06; 312 0.05; 364 0.05; 346 0.03,7,38 0.17; 35 0.12; 53 0.12; 52 0.11; 44 0.08; 99 0.07; 39 0.05; 37 0.04,8,earned income 0.37; unearned income 0.23; shelter deduction 0.19,"wrong include/exclude decision 0.27; wrong amount, known item 0.26; change in circumstances 0.12; unreported source of income 0.12",316,163,160,479,0.6597077244258872,0.6161554181245092,0.7007186871721345,0.34029227557411273,160,0.25039123630672927,639,156922.0
4+,months_since_cert_n >  4.500 & months_since_cert_n <=  9.500 & shelter_expenses_by_hh_size > 74.000 & unc_rawben_rel_max >  0.422,test_2024,1109,266,413,159,413,0.38498789346246975,0.339323016310395,0.4327726670379081,68,413,0.16464891041162227,0.13200277725946302,0.20347621524032583,83,413,0.2009685230024213,0.1651563057013409,0.24229247100424697,16,413,0.0387409200968523,0.023984663949015175,0.061999076637337044,2,413,0.004842615012106538,0.0013289979726611913,0.017482944021611935,23,413,0.05569007263922518,0.037392348642208445,0.08217729124018333,62,413,0.15012106537530268,0.11890407624355523,0.1877870025739141,142,413,0.34382566585956414,0.29964388496280203,0.39088604295226204,82,413,0.19854721549636803,0.1629298116292643,0.23972097946260368,63,413,0.15254237288135594,0.12107997059742644,0.1904090938337628,40,413,0.09685230024213075,0.07193305172242417,0.1292023435932065,33,413,0.07990314769975787,0.0574586906102245,0.11009080540936662,17,413,0.04116222760290557,0.02585585969350294,0.06492586650656922,10,413,0.024213075060532687,0.013204059977748364,0.043991766926284245,2,413,0.004842615012106538,0.0013289979726611913,0.017482944021611935,2,413,0.004842615012106538,0.0013289979726611913,0.017482944021611935,22,413,0.053268765133171914,0.035437644990330225,0.07933400927834161,200,404,0.49504950495049505,0.44657184114009374,0.543620429584619,27,404,0.06683168316831684,0.04633366233857605,0.09549002607378795,176,404,0.43564356435643564,0.38812294078911963,0.48437657863214584,219,412,0.5315533980582524,0.48329920376374597,0.5792246033782043,178,412,0.4320388349514563,0.38505092527988977,0.48028241318360204,1,412,0.0024271844660194173,0.00042857519842569997,0.013619081409282618,11,412,0.02669902912621359,0.014972318478063577,0.04717057439268335,3,412,0.007281553398058253,0.0024793681132625114,0.02118733574705353,162,404,0.400990099009901,0.3543478387986462,0.44949757569560844,311 0.32; 363 0.20; 150 0.09; 350 0.07; 312 0.06; 323 0.05,6,35 0.15; 38 0.13; 56 0.10; 44 0.07; 53 0.07; 52 0.07; 99 0.05; 37 0.04; 7 0.03; 12 0.03; 57 0.03,11,earned income 0.38; shelter deduction 0.20; unearned income 0.16,"wrong amount, known item 0.34; wrong include/exclude decision 0.20; unreported source of income 0.15; household composition 0.10",192,74,98,266,0.7218045112781954,0.6650865474962968,0.7722070351092021,0.2781954887218045,98,0.2692307692307692,364,102355.0
4+,months_since_cert_n >  4.500 & rawben_rel_max >  0.401 & rawben_rel_max <=  0.950 & shelter_expenses_by_hh_size > 90.900,all_2022_24,3024,831,1291,484,1291,0.37490317583268784,0.3489034787861012,0.40164515975007187,259,1291,0.20061967467079783,0.17967702343356307,0.22333875857405855,258,1291,0.19984508133230056,0.17893621335449153,0.2225349781796699,68,1291,0.052672347017815646,0.041760174779028866,0.06623882679768908,6,1291,0.004647560030983733,0.002131677648522467,0.010102714573661312,76,1291,0.05886909372579396,0.04729039645745435,0.07306532890694543,140,1291,0.10844306738962045,0.0926284825224333,0.12658103314342112,413,1291,0.3199070487993803,0.2950293011185649,0.34585341380193185,300,1291,0.23237800154918667,0.21015347125495965,0.25619052016453137,142,1291,0.10999225406661503,0.09406791112595163,0.12823078548682326,82,1291,0.06351665375677769,0.05146427613194203,0.07815899207321912,142,1291,0.10999225406661503,0.09406791112595163,0.12823078548682326,80,1291,0.061967467079783116,0.050070663938717216,0.07646342331952351,20,1291,0.015491866769945779,0.01005064521239516,0.023808013638231817,2,1291,0.001549186676994578,0.00042493682275433027,0.005631093505588535,8,1291,0.006196746707978312,0.0031432436843612304,0.012180329484743006,102,1291,0.07900852052672347,0.06551147747538351,0.09500360019898223,619,1279,0.4839718530101642,0.4566723925120929,0.5113673093497738,109,1279,0.08522283033620015,0.07113515889306342,0.10179468684938835,550,1279,0.4300234558248632,0.4031400069615843,0.45732600848412625,725,1288,0.562888198757764,0.535651068177414,0.5897513031349821,512,1288,0.39751552795031053,0.3711314478655203,0.42450913221798214,3,1288,0.002329192546583851,0.0007924305669779726,0.006825840899121277,12,1288,0.009316770186335404,0.00533748978509429,0.016214378493493425,36,1288,0.027950310559006212,0.02025657392879959,0.03845155251642404,554,1279,0.4331508991399531,0.40623451710641295,0.46046765407356743,311 0.32; 363 0.20; 350 0.07; 150 0.06; 364 0.05; 312 0.05,6,38 0.16; 35 0.11; 52 0.10; 44 0.09; 53 0.09; 99 0.08; 41 0.04; 37 0.03; 39 0.03; 56 0.03,10,earned income 0.37; unearned income 0.20; shelter deduction 0.20,"wrong amount, known item 0.32; wrong include/exclude decision 0.23; unreported source of income 0.11; change in circumstances 0.11",545,286,279,831,0.6558363417569194,0.622883201417696,0.6873552917287883,0.34416365824308065,279,0.25135135135135134,1110,275983.0
4+,months_since_cert_n >  4.500 & rawben_rel_max >  0.401 & rawben_rel_max <=  0.950 & shelter_expenses_by_hh_size > 90.900,train_2022_23,2004,544,838,310,838,0.36992840095465396,0.3379032652056718,0.4031406556459469,187,838,0.22315035799522673,0.1962593426309592,0.25256808523670615,164,838,0.1957040572792363,0.17025585056819592,0.22392946885531562,45,838,0.05369928400954654,0.040372424030833125,0.07109937779031708,4,838,0.00477326968973747,0.0018577201169209879,0.012208584042911457,47,838,0.05608591885441527,0.042437222669481106,0.0737860668424651,81,838,0.09665871121718377,0.07845338143303819,0.11854519882243982,230,838,0.2744630071599045,0.24532983108862697,0.30565458213115226,210,838,0.25059665871121717,0.22243836582713208,0.2810311704846871,88,838,0.10501193317422435,0.08602663987749995,0.12760214729576402,48,838,0.057279236276849645,0.04347252564966231,0.0751265077076819,104,838,0.12410501193317422,0.1034822669577142,0.14815842174191765,63,838,0.07517899761336516,0.05920019473563619,0.09503499630267793,9,838,0.010739856801909307,0.005660337564157492,0.02028468582266492,2,838,0.002386634844868735,0.0006547318275314101,0.008660084641505047,6,838,0.007159904534606206,0.0032854144696216458,0.01553237738100679,78,838,0.09307875894988067,0.07522116177794343,0.11465018694134062,412,836,0.49282296650717705,0.4590428626979267,0.526668728630724,81,836,0.09688995215311005,0.07864274909636805,0.11882496386283763,343,836,0.4102870813397129,0.3774273033460146,0.44396758826211735,469,836,0.5610047846889952,0.5271608208164986,0.5942906528899716,335,836,0.4007177033492823,0.36802568666958624,0.43431799337674637,1,836,0.0011961722488038277,0.00021117955717245328,0.006744417784040462,0,836,0.0,0.0,0.004574195895988006,31,836,0.03708133971291866,0.026244616436284382,0.05215302426167581,359,836,0.42942583732057416,0.3962692542590878,0.4632280604726426,311 0.32; 363 0.20; 350 0.07; 364 0.05; 312 0.05; 150 0.05; 323 0.04,7,38 0.17; 53 0.11; 52 0.11; 35 0.11; 44 0.10; 99 0.09; 41 0.04; 39 0.04,8,earned income 0.37; unearned income 0.22; shelter deduction 0.20,"wrong amount, known item 0.27; wrong include/exclude decision 0.25; change in circumstances 0.12; unreported source of income 0.11",348,196,176,544,0.6397058823529411,0.5985123267871437,0.6789401339241274,0.3602941176470588,176,0.24444444444444444,720,169839.0
4+,months_since_cert_n >  4.500 & rawben_rel_max >  0.401 & rawben_rel_max <=  0.950 & shelter_expenses_by_hh_size > 90.900,test_2024,1020,287,453,174,453,0.3841059602649007,0.3404681351111101,0.42969290101169483,72,453,0.15894039735099338,0.12815823887915917,0.19545852456795243,94,453,0.20750551876379691,0.1726972877293401,0.24723294629488188,23,453,0.05077262693156733,0.03406747784921795,0.07503291931251163,2,453,0.004415011037527594,0.0012115660502035972,0.01595324556064795,29,453,0.0640176600441501,0.04493949844680374,0.09042820887231955,59,453,0.13024282560706402,0.10233212097762087,0.16437213712847107,183,453,0.40397350993377484,0.3597768683265942,0.44978513303230133,90,453,0.1986754966887417,0.1645327929714831,0.23788590094780965,54,453,0.11920529801324503,0.0925215636101803,0.15229326936475018,34,453,0.07505518763796909,0.05420438290411468,0.10305274954617004,38,453,0.08388520971302428,0.06172374470798773,0.11304492784722617,17,453,0.037527593818984545,0.0235601048388633,0.059272982165472554,11,453,0.024282560706401765,0.013611918668840553,0.04295385817810158,0,453,0.0,0.0,0.008409041558386975,2,453,0.004415011037527594,0.0012115660502035972,0.01595324556064795,24,453,0.052980132450331126,0.035857594465979914,0.07762068772198195,207,443,0.4672686230248307,0.42128798486835217,0.5138120595321691,28,443,0.06320541760722348,0.04408821386120461,0.08983306831126993,207,443,0.4672686230248307,0.42128798486835217,0.5138120595321691,256,452,0.5663716814159292,0.5203144194113828,0.6113102502106965,177,452,0.3915929203539823,0.3476883736302271,0.43732466598704356,2,452,0.004424778761061947,0.0012142483626587297,0.015988218459149547,12,452,0.02654867256637168,0.015250813089913879,0.04582654360592082,5,452,0.011061946902654867,0.004733932287081693,0.025631001496934508,195,443,0.4401805869074492,0.39466435678172723,0.48672537953646694,311 0.33; 363 0.21; 150 0.08; 350 0.07; 312 0.06; 323 0.05,6,38 0.15; 35 0.12; 56 0.09; 44 0.09; 52 0.08; 53 0.06; 99 0.05; 37 0.04; 57 0.04; 54 0.04,10,earned income 0.38; shelter deduction 0.21; unearned income 0.16,"wrong amount, known item 0.40; wrong include/exclude decision 0.20; unreported source of income 0.12; change in circumstances 0.08",197,90,103,287,0.686411149825784,0.6305708623438102,0.7373269899579238,0.313588850174216,103,0.2641025641025641,390,106144.0
4+,cat_elig <=  0.500 & months_since_cert_n >  4.500 & total_deductions_by_hh_size > 65.700 & unc_rawben_rel_max <=  0.947,all_2022_24,400,97,133,64,133,0.48120300751879697,0.39801276461434487,0.5654486389354527,22,133,0.16541353383458646,0.11184773748930618,0.23776524569709326,26,133,0.19548872180451127,0.13704293942095674,0.27103179808576633,2,133,0.015037593984962405,0.0041334978576213245,0.05317071372715991,1,133,0.007518796992481203,0.0013284534153853028,0.04136031958931502,12,133,0.09022556390977443,0.05236602199372364,0.15109257539186668,6,133,0.045112781954887216,0.020836924674096327,0.09492904123100854,42,133,0.3157894736842105,0.24290672937283575,0.39901502541518186,30,133,0.22556390977443608,0.16281725221077797,0.30371923961626873,13,133,0.09774436090225563,0.05801425130918243,0.1600597846564888,6,133,0.045112781954887216,0.020836924674096327,0.09492904123100854,27,133,0.20300751879699247,0.14343593336304633,0.27925424272375765,7,133,0.05263157894736842,0.025725400701750632,0.10465600378343515,3,133,0.022556390977443608,0.0077002833384402225,0.06421936682642192,0,133,0.0,0.0,0.028073334424619414,0,133,0.0,0.0,0.028073334424619414,5,133,0.03759398496240601,0.016162680948680702,0.08498784637634325,58,130,0.4461538461538462,0.3634686477864737,0.5319300922166345,13,130,0.1,0.059374922703530474,0.16358714589098722,59,130,0.45384615384615384,0.3708129621217377,0.5395288150237836,59,132,0.44696969696969696,0.3648469153839581,0.5320918721450462,64,132,0.48484848484848486,0.4012312048470063,0.5693227344469948,0,132,0.0,0.0,0.028279996702041194,2,132,0.015151515151515152,0.00416488690145933,0.05356117050658061,7,132,0.05303030303030303,0.025922087095231,0.10541912207780582,48,130,0.36923076923076925,0.29113735563740545,0.4548310129415715,311 0.46; 363 0.20; 323 0.07; 350 0.05,4,38 0.17; 53 0.16; 41 0.11; 35 0.10; 44 0.09; 56 0.05; 99 0.04; 39 0.04; 40 0.03,9,earned income 0.48; shelter deduction 0.20; unearned income 0.17,"wrong amount, known item 0.32; wrong include/exclude decision 0.23; change in circumstances 0.20; unreported source of income 0.10",70,27,30,97,0.7216494845360825,0.6253217812082499,0.8010895411031771,0.27835051546391754,30,0.23622047244094488,127,23158.0
4+,cat_elig <=  0.500 & months_since_cert_n >  4.500 & total_deductions_by_hh_size > 65.700 & unc_rawben_rel_max <=  0.947,train_2022_23,289,71,98,47,98,0.47959183673469385,0.38332963929572583,0.5773936800551093,19,98,0.19387755102040816,0.12777973480910126,0.2830700554534241,15,98,0.15306122448979592,0.0950059903962593,0.23729043856793613,1,98,0.01020408163265306,0.0018035013277367812,0.055556163092303754,1,98,0.01020408163265306,0.0018035013277367812,0.055556163092303754,10,98,0.10204081632653061,0.056375395628467516,0.17772933171281544,5,98,0.05102040816326531,0.02198698716599006,0.11392603855238045,25,98,0.25510204081632654,0.17917341706740808,0.34950641514261227,29,98,0.29591836734693877,0.21463049371609197,0.39260269979225826,11,98,0.11224489795918367,0.0638420422031541,0.18990102546271131,5,98,0.05102040816326531,0.02198698716599006,0.11392603855238045,20,98,0.20408163265306123,0.1361759801787412,0.29431215040836667,5,98,0.05102040816326531,0.02198698716599006,0.11392603855238045,0,98,0.0,0.0,0.037721324095458045,0,98,0.0,0.0,0.037721324095458045,0,98,0.0,0.0,0.037721324095458045,3,98,0.030612244897959183,0.010464701465554671,0.08617164360365084,48,98,0.4897959183673469,0.3930904002751632,0.5872712594002543,13,98,0.1326530612244898,0.07918911601863514,0.21383063229639532,37,98,0.37755102040816324,0.2879039439886928,0.4764359721163174,39,98,0.3979591836734694,0.3066643027632052,0.49695229399096996,53,98,0.5408163265306123,0.4424786494488038,0.6360747118495262,0,98,0.0,0.0,0.037721324095458045,0,98,0.0,0.0,0.037721324095458045,6,98,0.061224489795918366,0.028358937185437583,0.1271924288575154,35,98,0.35714285714285715,0.26931387894509207,0.4557493565107532,311 0.46; 363 0.15; 323 0.09; 350 0.05,4,53 0.20; 38 0.18; 41 0.12; 35 0.11; 44 0.07; 39 0.05; 37 0.04,7,earned income 0.48; unearned income 0.19; shelter deduction 0.15,"wrong include/exclude decision 0.30; wrong amount, known item 0.26; change in circumstances 0.20",53,18,22,71,0.7464788732394366,0.6344585450983389,0.8331958075611448,0.2535211267605634,22,0.23655913978494625,93,16713.0
4+,cat_elig <=  0.500 & months_since_cert_n >  4.500 & total_deductions_by_hh_size > 65.700 & unc_rawben_rel_max <=  0.947,test_2024,111,26,35,17,35,0.4857142857142857,0.32993980391252736,0.6443146037328837,3,35,0.08571428571428572,0.029581831005296905,0.22379599071162518,11,35,0.3142857142857143,0.18550658059782457,0.47980071879251973,1,35,0.02857142857142857,0.005061361365853362,0.1453340909327131,0,35,0.0,0.0,0.09890426758938868,2,35,0.05714285714285714,0.015812829614043955,0.1860738073937003,1,35,0.02857142857142857,0.005061361365853362,0.1453340909327131,17,35,0.4857142857142857,0.32993980391252736,0.6443146037328837,1,35,0.02857142857142857,0.005061361365853362,0.1453340909327131,2,35,0.05714285714285714,0.015812829614043955,0.1860738073937003,1,35,0.02857142857142857,0.005061361365853362,0.1453340909327131,7,35,0.2,0.10042319445900802,0.35891936609462516,2,35,0.05714285714285714,0.015812829614043955,0.1860738073937003,3,35,0.08571428571428572,0.029581831005296905,0.22379599071162518,0,35,0.0,0.0,0.09890426758938868,0,35,0.0,0.0,0.09890426758938868,2,35,0.05714285714285714,0.015812829614043955,0.1860738073937003,10,32,0.3125,0.17952352116618736,0.4856699969803239,0,32,0.0,0.0,0.1071827150573635,22,32,0.6875,0.514330003019676,0.8204764788338126,20,34,0.5882352941176471,0.42221304146519273,0.7363426221431113,11,34,0.3235294117647059,0.19131451326458573,0.4915741595188061,0,34,0.0,0.0,0.10151790621961015,2,34,0.058823529411764705,0.016282313063842452,0.1909393688946371,1,34,0.029411764705882353,0.00521077192559663,0.1491590221634482,13,32,0.40625,0.255194024803138,0.5774027342701177,311 0.46; 363 0.31,2,56 0.17; 44 0.14; 38 0.11; 41 0.09; 97 0.09; 64 0.09; 57 0.06; 99 0.06,8,earned income 0.49; shelter deduction 0.31,"wrong amount, known item 0.49; change in circumstances 0.20; reporting system or process 0.09",17,9,8,26,0.6538461538461539,0.46220229009632996,0.8058798502714787,0.34615384615384615,8,0.23529411764705882,34,6445.0
4+,HH_size_n >  4.500 & months_since_cert_n >  3.500 & unc_rawben_rel_max >  0.405 & utilities > 32.500,all_2022_24,3006,736,1156,456,1156,0.3944636678200692,0.36668360232275143,0.4229428432194674,238,1156,0.20588235294117646,0.18356547999386166,0.23014756495986302,209,1156,0.18079584775086505,0.1596792503200659,0.20402696611500593,43,1156,0.037197231833910036,0.02773144866028504,0.04972878384042885,3,1156,0.0025951557093425604,0.000882955098419745,0.007602341514497052,58,1156,0.050173010380622836,0.039011282897590246,0.06431455056104755,149,1156,0.12889273356401384,0.11079834461404581,0.1494454679893304,379,1156,0.32785467128027684,0.30140233557550256,0.3554473583827069,262,1156,0.22664359861591696,0.20343747670170859,0.2516605297846944,125,1156,0.10813148788927336,0.091509943029262,0.12734890804143595,94,1156,0.08131487889273356,0.06691075912623283,0.09849251663142235,111,1156,0.09602076124567474,0.08035028864647546,0.11436733486349347,80,1156,0.06920415224913495,0.05595486654124659,0.0853071816556796,15,1156,0.012975778546712802,0.007879006559923811,0.02129877081933211,5,1156,0.004325259515570935,0.001848837407105514,0.010085206000201137,13,1156,0.01124567474048443,0.006583637296861527,0.019145393288004544,72,1156,0.06228373702422145,0.04974968912255146,0.07771737189681532,607,1147,0.5292066259808196,0.500270239034702,0.5579480248862407,81,1147,0.07061900610287707,0.05718156945198932,0.0869230579789273,458,1147,0.3993025283347864,0.37134052591722694,0.42793680295235864,688,1155,0.5956709956709957,0.5670958012346866,0.62361188478556,423,1155,0.36623376623376624,0.33893485506936005,0.39441955678468454,2,1155,0.0017316017316017316,0.00047498621796403804,0.006291771206001412,9,1155,0.007792207792207792,0.004104819180068265,0.014742968127532705,33,1155,0.02857142857142857,0.020415615790247293,0.039852845404104026,521,1147,0.45422842197035745,0.4256140482968365,0.4831483739166114,311 0.33; 363 0.18; 350 0.08; 150 0.07; 312 0.05; 364 0.04,6,38 0.17; 35 0.11; 44 0.09; 52 0.09; 53 0.08; 99 0.06; 37 0.04; 56 0.03; 39 0.03; 41 0.03; 7 0.02,11,earned income 0.39; unearned income 0.21; shelter deduction 0.18,"wrong amount, known item 0.33; wrong include/exclude decision 0.23; unreported source of income 0.11; change in circumstances 0.10",504,232,236,736,0.6847826086956522,0.6503307197477872,0.7173155439929919,0.31521739130434784,236,0.24279835390946503,972,283437.0
4+,HH_size_n >  4.500 & months_since_cert_n >  3.500 & unc_rawben_rel_max >  0.405 & utilities > 32.500,train_2022_23,1963,472,732,287,732,0.39207650273224043,0.3573598897649383,0.4279199856865175,162,732,0.22131147540983606,0.1927362316999862,0.2527966112379504,124,732,0.16939890710382513,0.14396709092436635,0.19828265412946042,29,732,0.03961748633879782,0.027723680884467743,0.05631831945908445,2,732,0.00273224043715847,0.0007495832345570039,0.009907058086075044,32,732,0.04371584699453552,0.031133867943463983,0.06106206118041267,96,732,0.13114754098360656,0.1086070135971896,0.1575393961736089,213,732,0.29098360655737704,0.2592376077105798,0.3249120244928727,177,732,0.24180327868852458,0.21218433955505434,0.27411814728450457,69,732,0.0942622950819672,0.07516229730180257,0.11759875344607576,60,732,0.08196721311475409,0.06420941105667213,0.10408985335023282,77,732,0.1051912568306011,0.08498920323177549,0.12951565759696812,60,732,0.08196721311475409,0.06420941105667213,0.10408985335023282,5,732,0.006830601092896175,0.0029210073074410073,0.015889562793515503,2,732,0.00273224043715847,0.0007495832345570039,0.009907058086075044,10,732,0.01366120218579235,0.007437052951818568,0.02496339844967871,59,732,0.08060109289617487,0.0629999653663361,0.10258132278046071,396,732,0.5409836065573771,0.5047634080691923,0.5767758797340523,57,732,0.0778688524590164,0.06058600833169604,0.09955932729488447,279,732,0.38114754098360654,0.3466708783061889,0.4168651870644017,449,732,0.6133879781420765,0.5776050913398304,0.6479869382491462,252,732,0.3442622950819672,0.31073573374711294,0.37941497260055757,2,732,0.00273224043715847,0.0007495832345570039,0.009907058086075044,0,732,0.0,0.0,0.005220688800415742,29,732,0.03961748633879782,0.027723680884467743,0.05631831945908445,334,732,0.4562841530054645,0.42052283749207964,0.49250192218445943,311 0.33; 363 0.17; 350 0.09; 150 0.06; 312 0.05; 364 0.04; 346 0.03,7,38 0.18; 52 0.11; 44 0.10; 35 0.09; 53 0.09; 99 0.08; 39 0.04; 37 0.03; 41 0.03,9,earned income 0.39; unearned income 0.22; shelter deduction 0.17,"wrong amount, known item 0.29; wrong include/exclude decision 0.24; change in circumstances 0.11; unreported source of income 0.09; household composition 0.08",313,159,144,472,0.663135593220339,0.6193309396264519,0.7043061698654463,0.336864406779661,144,0.23376623376623376,616,167112.0
4+,HH_size_n >  4.500 & months_since_cert_n >  3.500 & unc_rawben_rel_max >  0.405 & utilities > 32.500,test_2024,1043,264,424,169,424,0.39858490566037735,0.3530925427995838,0.44589848565580714,76,424,0.1792452830188679,0.14566637638177649,0.21858431826783215,85,424,0.20047169811320756,0.1651293893224727,0.24119295053414716,14,424,0.0330188679245283,0.019768582883700474,0.05465522256205329,1,424,0.0023584905660377358,0.0004164421740179983,0.013237209083830699,26,424,0.06132075471698113,0.04218690492229645,0.08833242746613887,53,424,0.125,0.09684859433699727,0.1598856736724717,166,424,0.3915094339622642,0.34622322299286246,0.4387439237268581,85,424,0.20047169811320756,0.1651293893224727,0.24119295053414716,56,424,0.1320754716981132,0.1031270492395636,0.16763110050557573,34,424,0.08018867924528301,0.05794879152535039,0.10996755882487268,34,424,0.08018867924528301,0.05794879152535039,0.10996755882487268,20,424,0.04716981132075472,0.030739619998770625,0.07173194891832393,10,424,0.02358490566037736,0.012860183313490595,0.0428651131513693,3,424,0.007075471698113208,0.0024091138430166192,0.02059379190527901,3,424,0.007075471698113208,0.0024091138430166192,0.02059379190527901,13,424,0.030660377358490566,0.01800393306248997,0.051745245138040324,211,415,0.5084337349397591,0.46047794584750645,0.5562348162086027,24,415,0.05783132530120482,0.03916686577342268,0.08460689499914624,179,415,0.43132530120481927,0.3845196398564955,0.47939072625804524,239,423,0.5650118203309693,0.5173914226216544,0.6114619974761056,171,423,0.40425531914893614,0.3585525170429002,0.4516815369949441,0,423,0.0,0.0,0.00900005997541008,9,423,0.02127659574468085,0.011233135923214984,0.03993713426600743,4,423,0.009456264775413711,0.0036832684132723295,0.02405910721272101,187,415,0.4506024096385542,0.4034024079473827,0.49870855715255014,311 0.33; 363 0.20; 350 0.08; 150 0.08; 312 0.05; 323 0.05,6,38 0.16; 35 0.13; 56 0.09; 44 0.08; 52 0.07; 53 0.07; 37 0.04; 57 0.04; 99 0.03; 7 0.03; 41 0.02,11,earned income 0.40; shelter deduction 0.20; unearned income 0.18,"wrong amount, known item 0.39; wrong include/exclude decision 0.20; unreported source of income 0.13; household composition 0.08",191,73,92,264,0.7234848484848485,0.6666173791580892,0.7739415183395364,0.2765151515151515,92,0.25842696629213485,356,116325.0
4+,expedited_i <=  0.500 & rawben_rel_max >  0.738 & rawben_rel_max <=  0.970 & utilities > 17.500,all_2022_24,3122,804,1186,429,1186,0.3617200674536256,0.3348603154856941,0.38947273859478176,241,1186,0.20320404721753793,0.18127828145485914,0.22704632242518674,225,1186,0.1897133220910624,0.16841443766524605,0.21301583002752922,68,1186,0.05733558178752108,0.04547772681196613,0.07205186704321594,6,1186,0.00505902192242833,0.0023205642370650557,0.010993476892443276,67,1186,0.05649241146711636,0.04472807739282264,0.07112062045065502,150,1186,0.12647554806070826,0.10875653275277439,0.14660653406216975,371,1186,0.3128161888701518,0.2870689534682878,0.33977213193333206,286,1186,0.2411467116357504,0.2176611143552259,0.26630381005151865,145,1186,0.12225969645868466,0.10482553314369966,0.14213305361272238,101,1186,0.0851602023608769,0.07058315606387881,0.10241600617754897,93,1186,0.07841483979763912,0.06444057058554223,0.09511142356225022,87,1186,0.0733558178752108,0.059854963839810066,0.08961165423775591,14,1186,0.011804384485666104,0.007044440144550327,0.01971676907859332,3,1186,0.002529510961214165,0.0008606111778287798,0.007410741916566306,8,1186,0.006745362563237774,0.00342183676467804,0.013253996388239118,78,1186,0.0657672849915683,0.05301508834239539,0.08132346562983082,747,1178,0.634125636672326,0.6062243297273991,0.6611549874332087,121,1178,0.10271646859083192,0.08665116391545047,0.12136452955819269,309,1178,0.2623089983022071,0.23799013883261536,0.288173096578966,694,1185,0.5856540084388185,0.5573733985869891,0.613381056842565,446,1185,0.3763713080168776,0.3492278109686013,0.4043137878448991,2,1185,0.0016877637130801688,0.0004629580777322901,0.006133042600575064,8,1185,0.006751054852320675,0.0034247276380832995,0.01326513247448342,35,1185,0.029535864978902954,0.021312714256489177,0.04079951331024469,507,1178,0.4303904923599321,0.4023867947901785,0.45884672415178457,311 0.29; 363 0.19; 350 0.09; 312 0.07; 150 0.06; 364 0.06,6,38 0.16; 35 0.12; 53 0.11; 52 0.09; 44 0.09; 99 0.07; 56 0.04; 39 0.03; 37 0.03; 7 0.03,10,earned income 0.36; unearned income 0.20; shelter deduction 0.19,"wrong amount, known item 0.31; wrong include/exclude decision 0.24; unreported source of income 0.12; household composition 0.09",544,260,294,804,0.6766169154228856,0.6435091706718129,0.7080448963631109,0.32338308457711445,294,0.2677595628415301,1098,262362.0
4+,expedited_i <=  0.500 & rawben_rel_max >  0.738 & rawben_rel_max <=  0.970 & utilities > 17.500,train_2022_23,2036,504,751,268,751,0.35685752330226367,0.32340162637885883,0.39177040441541644,171,751,0.22769640479360853,0.19913437629458647,0.2590300915884767,129,751,0.17177097203728361,0.14648181526387946,0.20040102744113306,41,751,0.05459387483355526,0.040495668593936815,0.07322567373801733,3,751,0.0039946737683089215,0.001359435132577043,0.011678532038283704,36,751,0.047936085219707054,0.034823823064461426,0.06564970674629621,103,751,0.13715046604527298,0.1143866122156279,0.16360760537916286,200,751,0.2663115845539281,0.2359444741338644,0.29905730637213845,193,751,0.2569906790945406,0.22702951263076582,0.2894253303455619,100,751,0.13315579227696406,0.11071397327013832,0.1593315568119345,70,751,0.09320905459387484,0.07443615879341017,0.11612249616148368,65,751,0.08655126498002663,0.06848646850218826,0.1088243739315091,56,751,0.07456724367509987,0.05786751183291611,0.09559726806262756,4,751,0.005326231691078562,0.0020731254213639397,0.013614404253736109,2,751,0.002663115845539281,0.0007306111792528,0.009657793487368647,5,751,0.006657789613848202,0.0028470222944536857,0.01549006988488566,56,751,0.07456724367509987,0.05786751183291611,0.09559726806262756,460,751,0.6125166444740346,0.5771845917343731,0.6467034398738477,86,751,0.11451398135818908,0.09367441325499756,0.13927724176772507,205,751,0.2729693741677763,0.2423232453397949,0.3059263476874044,427,751,0.5685752330226365,0.5328919868140174,0.6035604821543066,296,751,0.3941411451398136,0.35981473308171713,0.4295450478312585,1,751,0.0013315579227696406,0.00023508530537600823,0.007503756857006138,0,751,0.0,0.0,0.005089279658142847,27,751,0.03595206391478029,0.024824128808058392,0.05180333846454555,314,751,0.4181091877496671,0.3833355514144312,0.4537163545748518,311 0.30; 363 0.17; 350 0.10; 150 0.07; 364 0.05; 312 0.05; 323 0.03,7,38 0.17; 35 0.13; 53 0.13; 52 0.09; 44 0.09; 99 0.07; 39 0.04; 12 0.03,8,earned income 0.36; unearned income 0.23; shelter deduction 0.17,"wrong amount, known item 0.27; wrong include/exclude decision 0.26; unreported source of income 0.13; household composition 0.09; change in circumstances 0.09",344,160,169,504,0.6825396825396826,0.6406497056197087,0.7216679934423611,0.31746031746031744,169,0.2511144130757801,673,167044.0
4+,expedited_i <=  0.500 & rawben_rel_max >  0.738 & rawben_rel_max <=  0.970 & utilities > 17.500,test_2024,1086,300,435,161,435,0.3701149425287356,0.3260623345561752,0.4164415666236582,70,435,0.16091954022988506,0.1293797382672215,0.1983959329544676,96,435,0.2206896551724138,0.18425627564706065,0.2620131755626697,27,435,0.06206896551724138,0.04300454680994428,0.08880064212383046,3,435,0.006896551724137931,0.0023481230926650654,0.02007819200599468,31,435,0.07126436781609195,0.050656195074211326,0.09937880616541592,47,435,0.10804597701149425,0.08222974249191319,0.140724507971124,171,435,0.3931034482758621,0.34832997961302004,0.43974845233144466,93,435,0.21379310344827587,0.17785779579920774,0.2547392961811333,45,435,0.10344827586206896,0.07821511895541966,0.13562422535469132,31,435,0.07126436781609195,0.050656195074211326,0.09937880616541592,28,435,0.06436781609195402,0.04490587657597357,0.09145676543426427,31,435,0.07126436781609195,0.050656195074211326,0.09937880616541592,10,435,0.022988505747126436,0.012533763701440978,0.041794722932460636,1,435,0.0022988505747126436,0.0004059084587466188,0.012905500486986875,3,435,0.006896551724137931,0.0023481230926650654,0.02007819200599468,22,435,0.05057471264367816,0.03363274955111656,0.07538517400034254,287,427,0.6721311475409836,0.6262421638387167,0.7149505157911055,35,427,0.08196721311475409,0.05952500959881689,0.11186419701447207,104,427,0.24355971896955503,0.20525082343627704,0.286441715074396,267,434,0.6152073732718893,0.568610863798994,0.6597822354405483,150,434,0.3456221198156682,0.3024096335236823,0.3915436134953309,1,434,0.002304147465437788,0.00040684399817946665,0.012934967286997636,8,434,0.018433179723502304,0.009369207768056982,0.03594763741065604,8,434,0.018433179723502304,0.009369207768056982,0.03594763741065604,193,427,0.4519906323185012,0.4054212918902621,0.49941612399529767,311 0.27; 363 0.22; 312 0.09; 350 0.08; 364 0.06; 323 0.06,6,38 0.14; 56 0.12; 35 0.10; 52 0.09; 53 0.08; 44 0.08; 99 0.05; 57 0.04; 7 0.03; 37 0.03; 98 0.02,11,earned income 0.37; shelter deduction 0.22; unearned income 0.16,"wrong amount, known item 0.39; wrong include/exclude decision 0.21; unreported source of income 0.10; method or computation 0.07",200,100,125,300,0.6666666666666666,0.6115114164576771,0.7176074402097443,0.3333333333333333,125,0.29411764705882354,425,95318.0
4+,total_deductions_by_hh_size >=  89.10 & unc_rawben_rel_max <   1.03 & utilities < 417.00,all_2022_24,3001,717,1126,436,1126,0.3872113676731794,0.3591884581081984,0.416001267602025,175,1126,0.15541740674955595,0.13543052226605282,0.1777475373840787,226,1126,0.20071047957371227,0.17835069940554676,0.2251055018885108,77,1126,0.06838365896980461,0.05506045198501926,0.08464196293756814,5,1126,0.004440497335701598,0.0018981335533434455,0.010352787283701322,70,1126,0.06216696269982238,0.04949757953820298,0.07781371790384554,137,1126,0.1216696269982238,0.10385069135958219,0.14206130196762404,394,1126,0.34991119005328597,0.3226060882437771,0.3782369325832131,279,1126,0.2477797513321492,0.2234487003870231,0.2738259618311144,90,1126,0.07992895204262877,0.0654800252855087,0.09723446495807944,101,1126,0.08969804618117229,0.07437265376938762,0.10781359251504732,87,1126,0.07726465364120781,0.06306624102471588,0.09433777029864131,70,1126,0.06216696269982238,0.04949757953820298,0.07781371790384554,10,1126,0.008880994671403197,0.004831004194637824,0.016270714842791845,4,1126,0.003552397868561279,0.0013822766403042957,0.009098484556663492,7,1126,0.006216696269982238,0.003014543415207273,0.012776696701991455,84,1126,0.07460035523978685,0.06065780735054234,0.09143572505258392,742,1124,0.6601423487544484,0.6319475968160815,0.6872461623075403,107,1124,0.09519572953736655,0.07939069671612699,0.11375841216582948,275,1124,0.24466192170818504,0.22042742496190876,0.27063585910209453,633,1126,0.5621669626998224,0.533025762334627,0.5908854124707618,453,1126,0.40230905861456484,0.374045908086816,0.43123653150471614,5,1126,0.004440497335701598,0.0018981335533434455,0.010352787283701322,3,1126,0.0026642984014209592,0.0009064901687204155,0.007804111388170391,32,1126,0.028419182948490232,0.020201536469811335,0.039843694649311916,403,1124,0.3585409252669039,0.3310297073536408,0.3870158054204934,311 0.34; 363 0.20; 150 0.07; 350 0.07; 364 0.07,5,38 0.19; 53 0.12; 44 0.10; 52 0.09; 35 0.08; 99 0.07; 56 0.03; 41 0.03; 13 0.03; 37 0.03,10,earned income 0.39; shelter deduction 0.20; unearned income 0.16; other element 0.12,"wrong amount, known item 0.35; wrong include/exclude decision 0.25; household composition 0.09; unreported source of income 0.08",472,245,283,717,0.6582984658298466,0.6228210599939883,0.6920886233539207,0.3417015341701534,283,0.283,1000,241038.0
4+,total_deductions_by_hh_size >=  89.10 & unc_rawben_rel_max <   1.03 & utilities < 417.00,train_2022_23,2202,498,784,310,784,0.39540816326530615,0.36177222849889007,0.4300641000219701,126,784,0.16071428571428573,0.13666942402702661,0.1880679343455194,145,784,0.18494897959183673,0.15933012377028988,0.21364028043278854,53,784,0.06760204081632654,0.05205270674445539,0.08736821238446596,4,784,0.00510204081632653,0.001985787356591286,0.013044645156746422,54,784,0.06887755102040816,0.053171304697219604,0.08878819579120344,92,784,0.11734693877551021,0.09666213788182267,0.14176345426766526,249,784,0.31760204081632654,0.285970754681747,0.35101211090950896,207,784,0.26403061224489793,0.2343779538459454,0.2959844946462389,64,784,0.08163265306122448,0.06444462198847856,0.10290069209496155,62,784,0.07908163265306123,0.062178118246223976,0.10009003311821275,65,784,0.08290816326530612,0.06557991906477759,0.10430397637816424,55,784,0.07015306122448979,0.05429160674812822,0.09020647509979654,6,784,0.007653061224489796,0.003512001929658215,0.016595593302682905,4,784,0.00510204081632653,0.001985787356591286,0.013044645156746422,6,784,0.007653061224489796,0.003512001929658215,0.016595593302682905,66,784,0.08418367346938775,0.06671654202943869,0.10570593477300486,508,784,0.6479591836734694,0.6138790627907061,0.6805963749114919,79,784,0.10076530612244898,0.08160226032981677,0.12382177414614898,197,784,0.2512755102040816,0.22217589743408295,0.2828007374630842,451,784,0.5752551020408163,0.5403693665635189,0.6094069336470819,301,784,0.38392857142857145,0.3505290748980705,0.41846002138727434,2,784,0.002551020408163265,0.0006998461434606753,0.009253423650873619,0,784,0.0,0.0,0.004876107075330879,30,784,0.03826530612244898,0.026933141237163907,0.05410040662321819,295,784,0.3762755102040816,0.3430446717821323,0.41071293634620215,311 0.34; 363 0.18; 364 0.07; 350 0.07; 150 0.07; 323 0.06,6,38 0.20; 53 0.14; 44 0.10; 52 0.10; 99 0.08; 35 0.08; 41 0.03; 13 0.03,8,earned income 0.40; shelter deduction 0.18; unearned income 0.16; other element 0.12,"wrong amount, known item 0.32; wrong include/exclude decision 0.26; other 0.08; change in circumstances 0.08; unreported source of income 0.08",325,173,188,498,0.6526104417670683,0.6097668990732571,0.6931175170452951,0.3473895582329317,188,0.27405247813411077,686,161568.0
4+,total_deductions_by_hh_size >=  89.10 & unc_rawben_rel_max <   1.03 & utilities < 417.00,test_2024,799,219,342,126,342,0.3684210526315789,0.3190218628196096,0.4207433938759411,49,342,0.14327485380116958,0.11010011717387343,0.1843745787562865,81,342,0.23684210526315788,0.19486215771425044,0.2846683556768511,24,342,0.07017543859649122,0.04760763580025889,0.10229220273854037,1,342,0.0029239766081871343,0.0005163269912675048,0.01637464274747994,16,342,0.04678362573099415,0.028999011431509777,0.07463687274205406,45,342,0.13157894736842105,0.09981036443523646,0.1715323543123058,145,342,0.4239766081871345,0.3727297330690763,0.4769124152439086,72,342,0.21052631578947367,0.17065419563797285,0.25682936909223886,26,342,0.07602339181286549,0.05240542872733585,0.10906039840277228,39,342,0.11403508771929824,0.08454913748496803,0.15209561548864764,22,342,0.06432748538011696,0.042860970909188084,0.09547287903830232,15,342,0.043859649122807015,0.02675673002840422,0.0710961598495052,4,342,0.011695906432748537,0.0045573783097931225,0.0296825743159176,0,342,0.0,0.0,0.011107975443093023,1,342,0.0029239766081871343,0.0005163269912675048,0.01637464274747994,18,342,0.05263157894736842,0.033547770588341276,0.0816541021765314,234,340,0.6882352941176471,0.6371251116052774,0.7351393264382868,28,340,0.08235294117647059,0.057589626674467674,0.11644865141637414,78,340,0.22941176470588234,0.18788999364622952,0.2769798766661469,182,342,0.5321637426900585,0.4792172089387162,0.5843957283134825,152,342,0.4444444444444444,0.39268702975059194,0.49743607863197387,3,342,0.008771929824561403,0.0029875900034154954,0.025469368326640807,3,342,0.008771929824561403,0.0029875900034154954,0.025469368326640807,2,342,0.005847953216374269,0.0016051537631270336,0.021068810271274843,108,340,0.3176470588235294,0.27043220547052754,0.3689366201747695,311 0.32; 363 0.24; 150 0.09; 350 0.08; 364 0.07,5,38 0.16; 56 0.11; 44 0.08; 53 0.08; 35 0.08; 52 0.07; 57 0.06; 99 0.05; 37 0.05; 12 0.04,10,earned income 0.37; shelter deduction 0.24; unearned income 0.14; other element 0.13,"wrong amount, known item 0.42; wrong include/exclude decision 0.21; household composition 0.11; unreported source of income 0.08",147,72,95,219,0.6712328767123288,0.6065311690188323,0.7300307655571175,0.3287671232876712,95,0.30254777070063693,314,79470.0
4+,months_since_cert_n >  2.500 & rawben_rel_max >  0.721 & utilities > 32.500,all_2022_24,4479,925,1366,510,1366,0.3733528550512445,0.34809069291932576,0.399325358688393,281,1366,0.20571010248901903,0.18511337531737224,0.22795744980576607,233,1366,0.1705710102489019,0.15155465435505752,0.1914350752603958,67,1366,0.04904831625183016,0.038806261542106556,0.06181967944260292,6,1366,0.004392386530014641,0.002014550492144624,0.009549998284881858,64,1366,0.04685212298682284,0.036860095132388006,0.05938577738309115,205,1366,0.1500732064421669,0.13211598063416397,0.16999310993513983,384,1366,0.28111273792093705,0.25791239429779245,0.3055407816022533,312,1366,0.22840409956076135,0.20692127201654162,0.25141026062197663,175,1366,0.1281112737920937,0.11142464938902738,0.14688375648797328,131,1366,0.095900439238653,0.08139922834662383,0.11266817331499895,138,1366,0.10102489019033675,0.08614548683185833,0.11814207459130185,90,1366,0.06588579795021962,0.05390932221062168,0.08029714370485351,16,1366,0.01171303074670571,0.007222477990401468,0.01894229901739272,7,1366,0.005124450951683748,0.0024844436192594183,0.010540127980843837,12,1366,0.008784773060029283,0.005032294380470152,0.01529239133501695,101,1366,0.0739385065885798,0.061224719175018386,0.08904199779430129,729,1358,0.5368188512518409,0.5102308766189875,0.56319910231542,121,1358,0.08910162002945508,0.07508528565888807,0.10543614943312267,507,1358,0.37334315169366716,0.34800809036385566,0.39939278210178214,787,1365,0.5765567765567765,0.5501653530841593,0.6025184928772727,527,1365,0.3860805860805861,0.36060696111888185,0.4121936317327673,4,1365,0.0029304029304029304,0.001140130069350414,0.007510688257620362,9,1365,0.006593406593406593,0.003472625345864752,0.012483640156294154,38,1365,0.02783882783882784,0.02034863263923088,0.037979226479019176,599,1358,0.4410898379970545,0.41488445053941964,0.46762758316552816,311 0.30; 363 0.17; 350 0.08; 150 0.07; 312 0.07; 364 0.05; 323 0.04,7,38 0.15; 35 0.13; 53 0.10; 99 0.07; 52 0.07; 44 0.07; 39 0.05; 37 0.04; 56 0.03; 7 0.03,10,earned income 0.37; unearned income 0.21; shelter deduction 0.17; other element 0.15,"wrong amount, known item 0.28; wrong include/exclude decision 0.23; unreported source of income 0.13; change in circumstances 0.10; household composition 0.10",673,252,331,925,0.7275675675675676,0.6979789290133523,0.7552738107433511,0.2724324324324324,331,0.2635350318471338,1256,333798.0
4+,months_since_cert_n >  2.500 & rawben_rel_max >  0.721 & utilities > 32.500,train_2022_23,2993,597,871,326,871,0.3742824339839265,0.34276111425322014,0.4069078543920753,191,871,0.21928817451205512,0.19307459925561465,0.2479670704592229,138,871,0.1584385763490241,0.13569482037951192,0.1841820579033681,43,871,0.04936854190585534,0.0368559712635082,0.06583873369793854,3,871,0.003444316877152698,0.0011720338669911762,0.010077545485431024,40,871,0.045924225028702644,0.03390470885487394,0.061931611685895976,130,871,0.14925373134328357,0.12713059626049333,0.17445725690058173,215,871,0.2468427095292767,0.21936051075402135,0.27654823432623094,209,871,0.2399540757749713,0.2127736816149454,0.2694182946239532,107,871,0.12284730195177956,0.10268786805707394,0.14631903787881206,85,871,0.09758897818599312,0.07961181075182994,0.11910027609909257,102,871,0.11710677382319173,0.09741420440415541,0.14016206083060254,59,871,0.0677382319173364,0.05287613058707438,0.08639662461798217,6,871,0.006888633754305396,0.003160791784262808,0.01494717198883623,4,871,0.004592422502870264,0.0017872803154430385,0.011748427177204776,8,871,0.009184845005740528,0.004661250476340682,0.018018969577209585,76,871,0.08725602755453502,0.07027989853505445,0.10785703505383754,460,871,0.5281285878300803,0.49492426562249564,0.5610858738130319,86,871,0.09873708381171067,0.08065298196389953,0.12034523302724859,324,871,0.3719862227324914,0.34051471916291043,0.4045819932019338,499,871,0.5729047072330654,0.5398040620851201,0.6053650748192063,339,871,0.38920780711825487,0.35738125636959733,0.42200737809863104,2,871,0.002296211251435132,0.0006299167776972021,0.008333534434499384,0,871,0.0,0.0,0.004391194931745358,31,871,0.03559127439724455,0.025185323140846608,0.050075844137892775,373,871,0.42824339839265213,0.39576691570580635,0.4613500755300929,311 0.31; 363 0.16; 350 0.09; 150 0.07; 312 0.06; 364 0.05; 323 0.03,7,38 0.17; 53 0.13; 35 0.12; 99 0.09; 44 0.07; 52 0.07; 39 0.06; 37 0.04; 7 0.03,9,earned income 0.37; unearned income 0.22; shelter deduction 0.16,"wrong amount, known item 0.25; wrong include/exclude decision 0.24; unreported source of income 0.12; change in circumstances 0.12; household composition 0.10",436,161,207,597,0.7303182579564489,0.6933290595424664,0.7643622853976975,0.2696817420435511,207,0.2574626865671642,804,204330.0
4+,months_since_cert_n >  2.500 & rawben_rel_max >  0.721 & utilities > 32.500,test_2024,1486,328,495,184,495,0.3717171717171717,0.3302845180603492,0.41512564821287257,90,495,0.18181818181818182,0.15033307982793478,0.2182039467552532,95,495,0.1919191919191919,0.15965137731860746,0.22893209286511418,24,495,0.048484848484848485,0.032795064374613984,0.07112890668152888,3,495,0.006060606060606061,0.002063212220126581,0.01766569571377468,24,495,0.048484848484848485,0.032795064374613984,0.07112890668152888,75,495,0.15151515151515152,0.12261981774756395,0.18577787803402288,169,495,0.3414141414141414,0.30100520268464004,0.38426563278698056,103,495,0.2080808080808081,0.17463496799028744,0.2460228119542882,68,495,0.13737373737373737,0.10982842448357685,0.17050425025726276,46,495,0.09292929292929293,0.07039365894068905,0.12173466395780219,36,495,0.07272727272727272,0.05299229686420204,0.09904313883322177,31,495,0.06262626262626263,0.04446710420515594,0.08752188789173414,10,495,0.020202020202020204,0.011009518925390918,0.03678441004925755,3,495,0.006060606060606061,0.002063212220126581,0.01766569571377468,4,495,0.00808080808080808,0.003146775831210426,0.02059142082279758,25,495,0.050505050505050504,0.03444022404237733,0.07349303573387228,269,487,0.5523613963039015,0.5079589838183074,0.5959441898328257,35,487,0.07186858316221766,0.05212638095858638,0.09831237565861967,183,487,0.3757700205338809,0.3338844464557774,0.41960018076408334,288,494,0.582995951417004,0.5390382643862823,0.6256727601644985,188,494,0.3805668016194332,0.33882804721167037,0.42414877111769367,2,494,0.004048582995951417,0.0011109472540055017,0.014640247503523798,9,494,0.018218623481781375,0.009613793645224113,0.034258795547804345,7,494,0.01417004048582996,0.00688046481668265,0.02895744025191748,226,487,0.46406570841889117,0.4202265213418359,0.508467379093661,311 0.28; 363 0.19; 312 0.08; 150 0.08; 350 0.07; 364 0.05,6,35 0.14; 38 0.13; 56 0.09; 52 0.07; 53 0.06; 44 0.06; 37 0.05; 99 0.05; 7 0.04; 57 0.04; 12 0.03,11,earned income 0.37; shelter deduction 0.19; unearned income 0.18; other element 0.15,"wrong amount, known item 0.34; wrong include/exclude decision 0.21; unreported source of income 0.14; household composition 0.09",237,91,124,328,0.7225609756097561,0.6717417375502089,0.7682272114905381,0.2774390243902439,124,0.2743362831858407,452,129468.0
4+,expedited_i <= 0.500 & HH_size_n > 5.500 & unc_rawben_rel_max <= 0.718,all_2022_24,1743,439,681,276,681,0.4052863436123348,0.36904360305538025,0.44259167143729067,138,681,0.2026431718061674,0.17415899383380876,0.2344633795734141,103,681,0.1512481644640235,0.12629858247874665,0.1801103739865148,28,681,0.041116005873715125,0.028597650712764884,0.05878255516257914,4,681,0.005873715124816446,0.002286436889048786,0.015004568797521652,44,681,0.06461086637298091,0.048479516002111825,0.08562682333241457,88,681,0.12922173274596183,0.1060920179300737,0.1565111884172042,223,681,0.3274596182085169,0.29326628113004305,0.3635886762790862,159,681,0.23348017621145375,0.20325539788582345,0.26669502568657627,73,681,0.10719530102790015,0.08612413557570772,0.13267332065358675,68,681,0.09985315712187959,0.07953160692748881,0.12466393259581116,55,681,0.08076358296622614,0.06257306949949956,0.10365748658821472,55,681,0.08076358296622614,0.06257306949949956,0.10365748658821472,4,681,0.005873715124816446,0.002286436889048786,0.015004568797521652,2,681,0.002936857562408223,0.0008057452113418009,0.01064449379283084,4,681,0.005873715124816446,0.002286436889048786,0.015004568797521652,38,681,0.055800293685756244,0.04092098513291507,0.07566305415441796,434,680,0.638235294117647,0.6014354946339053,0.6734819716331366,47,680,0.06911764705882353,0.052373065119696166,0.09070334321814114,198,680,0.2911764705882353,0.25827871319523904,0.32642043350774014,413,681,0.6064610866372981,0.569269536370071,0.6424582558668492,249,681,0.3656387665198238,0.3303138165957826,0.40247110768451805,1,681,0.0014684287812041115,0.00025925411379485765,0.008270601549178885,4,681,0.005873715124816446,0.002286436889048786,0.015004568797521652,14,681,0.020558002936857563,0.012284674885445997,0.03421016421311343,288,680,0.4235294117647059,0.3869218203307287,0.4609961770534608,311 0.35; 363 0.15; 350 0.09; 150 0.09; 312 0.05; 364 0.04,6,38 0.16; 44 0.12; 52 0.11; 35 0.11; 53 0.07; 99 0.06; 41 0.03; 13 0.03; 37 0.03; 7 0.03,10,earned income 0.41; unearned income 0.20; shelter deduction 0.15,"wrong amount, known item 0.33; wrong include/exclude decision 0.23; unreported source of income 0.11; household composition 0.10",268,171,140,439,0.6104783599088838,0.5640913612556681,0.6549485844043602,0.3895216400911162,140,0.24179620034542315,579,164224.0
4+,expedited_i <= 0.500 & HH_size_n > 5.500 & unc_rawben_rel_max <= 0.718,train_2022_23,1123,269,411,167,411,0.40632603406326034,0.359921992682495,0.4544649926150259,81,411,0.19708029197080293,0.16150274978092583,0.23826815072664148,64,411,0.15571776155717762,0.12386844189698809,0.19394346510558835,18,411,0.043795620437956206,0.02787948609075134,0.0681610267218499,2,411,0.004866180048661801,0.0013354700434012549,0.01756716652920863,26,411,0.06326034063260341,0.04353259252209005,0.09107685841050692,53,411,0.12895377128953772,0.09995559516091478,0.16482402192666762,124,411,0.30170316301703165,0.25933157187344336,0.3477473710291008,98,411,0.2384428223844282,0.19978644753986669,0.2819434464726914,40,411,0.09732360097323602,0.07228716332127748,0.12981792932131192,37,411,0.09002433090024331,0.06601753624289813,0.12162420460469289,36,411,0.08759124087591241,0.063939099293677,0.11888152428891455,41,411,0.09975669099756691,0.07438784693783929,0.13253836296974958,3,411,0.0072992700729927005,0.0024854080429072764,0.021238345794702067,0,411,0.0,0.0,0.009260402042610964,3,411,0.0072992700729927005,0.0024854080429072764,0.021238345794702067,29,411,0.0705596107055961,0.04957401273226883,0.09949878999532649,268,411,0.6520681265206812,0.6048020971749675,0.6965177318874989,24,411,0.058394160583941604,0.039551095372201146,0.08541612103039686,119,411,0.2895377128953771,0.2477978323143663,0.3351755242631805,264,411,0.6423357664233577,0.594874132008435,0.6871612279940333,136,411,0.3309002433090024,0.2871588469593579,0.3777735031231797,0,411,0.0,0.0,0.009260402042610964,0,411,0.0,0.0,0.009260402042610964,11,411,0.0267639902676399,0.015008904352154007,0.047283787605451016,186,411,0.45255474452554745,0.4050937110443845,0.5008945022881262,311 0.35; 363 0.16; 350 0.09; 150 0.08; 312 0.05; 364 0.04,6,38 0.17; 44 0.12; 52 0.12; 35 0.10; 53 0.09; 99 0.07; 41 0.03; 7 0.03; 40 0.03,9,earned income 0.41; unearned income 0.20; shelter deduction 0.16,"wrong amount, known item 0.30; wrong include/exclude decision 0.24; method or computation 0.10; unreported source of income 0.10; household composition 0.09",161,108,83,269,0.5985130111524164,0.5389428646229788,0.6553090383126441,0.40148698884758366,83,0.23579545454545456,352,90128.0
4+,expedited_i <= 0.500 & HH_size_n > 5.500 & unc_rawben_rel_max <= 0.718,test_2024,620,170,270,109,270,0.40370370370370373,0.3469265053050396,0.46318269651090077,57,270,0.2111111111111111,0.166658300923678,0.26366930452414294,39,270,0.14444444444444443,0.10749753218462643,0.19136721298192239,10,270,0.037037037037037035,0.020239818054650242,0.06682365221429354,2,270,0.007407407407407408,0.002033691697358238,0.026601840668797967,18,270,0.06666666666666667,0.042582114772933,0.1029092933987984,35,270,0.12962962962962962,0.09470335068494105,0.17494742553021397,99,270,0.36666666666666664,0.3114298789271979,0.4256444005102578,61,270,0.22592592592592592,0.18009037720430665,0.2794511971949081,33,270,0.12222222222222222,0.0883667610866343,0.16667703065282383,31,270,0.11481481481481481,0.08207455241634845,0.15836225484741281,19,270,0.07037037037037037,0.045509740886431435,0.10728515952314845,14,270,0.05185185185185185,0.031134765542600255,0.08514267367773734,1,270,0.003703703703703704,0.0006540772764983358,0.020677962851809416,2,270,0.007407407407407408,0.002033691697358238,0.026601840668797967,1,270,0.003703703703703704,0.0006540772764983358,0.020677962851809416,9,270,0.03333333333333333,0.01763387276567305,0.062126105265422296,166,269,0.6171003717472119,0.557748586683162,0.6731546186931443,23,269,0.08550185873605948,0.0576483521811513,0.12502760339160593,79,269,0.2936802973977695,0.24246432747425933,0.3507062154341534,149,270,0.5518518518518518,0.4922181749076109,0.6100307164222674,113,270,0.4185185185185185,0.3612209762760582,0.4781021944912759,1,270,0.003703703703703704,0.0006540772764983358,0.020677962851809416,4,270,0.014814814814814815,0.005775784439560047,0.037466732402293056,3,270,0.011111111111111112,0.003785771549259931,0.03215325305474472,102,269,0.379182156133829,0.3232867367070363,0.43847979742852067,311 0.36; 363 0.14; 350 0.11; 150 0.10; 312 0.04; 323 0.04,6,38 0.16; 35 0.12; 44 0.11; 52 0.10; 56 0.07; 53 0.05; 13 0.04; 41 0.04; 33 0.04; 37 0.04,10,earned income 0.40; unearned income 0.21; shelter deduction 0.14,"wrong amount, known item 0.37; wrong include/exclude decision 0.23; unreported source of income 0.12; household composition 0.11",107,63,57,170,0.6294117647058823,0.5547003417094839,0.6984036334034925,0.37058823529411766,57,0.2511013215859031,227,74096.0
4+,shelter_expenses_by_hh_size > 213 & shelter_expenses_by_hh_size <= 334 & total_deductions_by_hh_size > 121 & utilities > 390,all_2022_24,2716,607,882,372,882,0.4217687074829932,0.3895850424471994,0.45463089864204287,124,882,0.14058956916099774,0.11920472901038756,0.16509169599381188,182,882,0.20634920634920634,0.18094245009537327,0.23430289399323131,27,882,0.030612244897959183,0.02112242703160267,0.04417321950385018,4,882,0.0045351473922902496,0.0017649726284182906,0.011602654270115264,59,882,0.06689342403628118,0.05221216818280502,0.08533115784749207,114,882,0.1292517006802721,0.10870870510826283,0.1530103200537978,272,882,0.30839002267573695,0.2787966527295829,0.33964528993827114,233,882,0.264172335600907,0.23614284222269033,0.29424724106082223,100,882,0.11337868480725624,0.09410897075412027,0.136001694628946,77,882,0.0873015873015873,0.07041650388243476,0.1077661418637122,60,882,0.06802721088435375,0.05321365511312098,0.08658741090139,69,882,0.0782312925170068,0.06228207358060558,0.09783865229183034,9,882,0.01020408163265306,0.005377488687894024,0.01927883813170894,0,882,0.0,0.0,0.004336666961678025,2,882,0.0022675736961451248,0.0006220578871264817,0.008230089042979309,60,882,0.06802721088435375,0.05321365511312098,0.08658741090139,537,874,0.61441647597254,0.5817131516537828,0.64611838424062,68,874,0.07780320366132723,0.06183496430417876,0.09746666824547484,268,874,0.30663615560640733,0.276967777561546,0.3379969267769133,508,882,0.5759637188208617,0.5430881593536803,0.60818041958865,343,882,0.3888888888888889,0.357263734943547,0.4214777466034927,2,882,0.0022675736961451248,0.0006220578871264817,0.008230089042979309,10,882,0.011337868480725623,0.00616992471899335,0.0207441420848235,19,882,0.021541950113378686,0.013833557470665264,0.03340016919107652,367,874,0.41990846681922195,0.3876078039407391,0.45291012093317884,311 0.36; 363 0.21; 350 0.07; 150 0.06; 312 0.05,5,38 0.18; 53 0.12; 35 0.11; 52 0.10; 44 0.07; 99 0.07; 56 0.04; 37 0.04; 7 0.03; 41 0.03,10,earned income 0.42; shelter deduction 0.21; unearned income 0.14,"wrong amount, known item 0.31; wrong include/exclude decision 0.26; unreported source of income 0.11; household composition 0.09",425,182,231,607,0.700164744645799,0.6625484280018088,0.735263377873888,0.29983525535420097,231,0.2756563245823389,838,184449.0
4+,shelter_expenses_by_hh_size > 213 & shelter_expenses_by_hh_size <= 334 & total_deductions_by_hh_size > 121 & utilities > 390,train_2022_23,1699,367,524,214,524,0.4083969465648855,0.3671248676787098,0.4510023886800162,73,524,0.13931297709923665,0.11228080227807025,0.17159526963441268,113,524,0.21564885496183206,0.18257142644726423,0.2528652651662805,20,524,0.03816793893129771,0.02484143120885958,0.058216819599716335,2,524,0.003816793893129771,0.001047305412182357,0.013808666530915725,39,524,0.07442748091603053,0.05492043145133353,0.10012911371524676,63,524,0.12022900763358779,0.09511005507761343,0.150875861909604,135,524,0.25763358778625955,0.2220467508233977,0.296748281625731,161,524,0.30725190839694655,0.26927116381121036,0.3480382714436086,53,524,0.10114503816793893,0.07816162102962336,0.1299341410323286,43,524,0.08206106870229007,0.06149183215043303,0.10871377498625345,40,524,0.07633587786259542,0.056557399153140474,0.10228116150596636,47,524,0.08969465648854962,0.06812156578857081,0.11724010331822185,1,524,0.0019083969465648854,0.0003369497233434004,0.010730006727228134,0,524,0.0,0.0,0.00727794095804499,0,524,0.0,0.0,0.00727794095804499,44,524,0.08396946564885496,0.06314407592333421,0.11085054670587882,332,524,0.6335877862595419,0.5914992368175466,0.6737318476593116,41,524,0.07824427480916031,0.05819837422609593,0.10442920192553747,151,524,0.2881679389312977,0.2510407853541602,0.3283784949753933,308,524,0.5877862595419847,0.5451496598023179,0.6291450528539032,199,524,0.3797709923664122,0.3392328720610806,0.42205915190974713,2,524,0.003816793893129771,0.001047305412182357,0.013808666530915725,0,524,0.0,0.0,0.00727794095804499,15,524,0.02862595419847328,0.01742294838565697,0.0466902249602862,218,524,0.41603053435114506,0.3745876119271581,0.45869570640167406,311 0.35; 363 0.22; 150 0.06; 350 0.06; 312 0.05; 323 0.05,6,38 0.18; 53 0.14; 52 0.12; 35 0.10; 99 0.08; 44 0.07; 37 0.03; 7 0.03,8,earned income 0.41; shelter deduction 0.22; unearned income 0.14,"wrong include/exclude decision 0.31; wrong amount, known item 0.26; unreported source of income 0.10; method or computation 0.09",253,114,146,367,0.6893732970027248,0.6402720639051704,0.7345510411617906,0.3106267029972752,146,0.28460038986354774,513,99879.0
4+,shelter_expenses_by_hh_size > 213 & shelter_expenses_by_hh_size <= 334 & total_deductions_by_hh_size > 121 & utilities > 390,test_2024,1017,240,358,158,358,0.441340782122905,0.3907966077163028,0.49313050293100796,51,358,0.1424581005586592,0.11004082456409972,0.18246727842903313,69,358,0.19273743016759776,0.15522572968953888,0.23677342132018467,7,358,0.019553072625698324,0.009502964996666977,0.03980479840035536,2,358,0.00558659217877095,0.0015333522724492333,0.02013800889774236,20,358,0.055865921787709494,0.03645204838372019,0.08471036080306207,51,358,0.1424581005586592,0.11004082456409972,0.18246727842903313,137,358,0.38268156424581007,0.33383094412511294,0.4340232771695087,72,358,0.2011173184357542,0.1628675405123716,0.24571345183345042,47,358,0.13128491620111732,0.10018290406512805,0.17021607714654025,34,358,0.09497206703910614,0.06875938270187165,0.12978495272003668,20,358,0.055865921787709494,0.03645204838372019,0.08471036080306207,22,358,0.061452513966480445,0.040928855817918795,0.09128811425959577,8,358,0.0223463687150838,0.01136567090631535,0.04346937293607314,0,358,0.0,8.673617379884035e-19,0.010616800279459295,2,358,0.00558659217877095,0.0015333522724492333,0.02013800889774236,16,358,0.0446927374301676,0.027694234599013774,0.07135905280630389,205,350,0.5857142857142857,0.5334484260940409,0.636118973555972,27,350,0.07714285714285714,0.053555842604059226,0.10991165245587718,117,350,0.3342857142857143,0.2868984288715922,0.38527126513838283,200,358,0.5586592178770949,0.506869497068992,0.609203392283697,144,358,0.4022346368715084,0.3527374426471502,0.4538077417650345,0,358,0.0,8.673617379884035e-19,0.010616800279459295,10,358,0.027932960893854747,0.015241879999820487,0.05064772473330029,4,358,0.0111731843575419,0.0043533046298569866,0.028372617431066907,149,350,0.4257142857142857,0.3749946128319386,0.4780469741380502,311 0.39; 363 0.19; 350 0.08; 150 0.07; 312 0.05,5,38 0.17; 35 0.13; 56 0.09; 53 0.08; 44 0.07; 52 0.06; 99 0.04; 37 0.04; 41 0.04; 7 0.03,10,earned income 0.44; shelter deduction 0.19; other element 0.14,"wrong amount, known item 0.38; wrong include/exclude decision 0.20; unreported source of income 0.13; household composition 0.09",172,68,85,240,0.7166666666666667,0.6565902564721633,0.769916131281198,0.2833333333333333,85,0.26153846153846155,325,84570.0
4+,HH_size_n >   5.5 & months_since_cert_n <=   8.0 & shelter_expenses_by_hh_size > 116.0,all_2022_24,1951,472,699,288,699,0.41201716738197425,0.3761061220736833,0.44889000792203704,131,699,0.18741058655221746,0.16021765444376637,0.21802062854915835,125,699,0.17882689556509299,0.15219708348602376,0.20896765121380048,31,699,0.044349070100143065,0.03141699477167528,0.06226215000290837,4,699,0.005722460658082976,0.0022275008419657153,0.014620676613665826,38,699,0.05436337625178827,0.039860446493352894,0.07373783795651462,82,699,0.11731044349070101,0.09552008855007571,0.14328421671586192,216,699,0.3090128755364807,0.27587825412069084,0.34423529635782396,178,699,0.25464949928469244,0.22375350113298004,0.2882275768225651,91,699,0.1301859799713877,0.10724692195119051,0.15716770575439776,66,699,0.0944206008583691,0.07490563698801078,0.11836920616299226,48,699,0.06866952789699571,0.052182502870636874,0.08987169540106475,60,699,0.08583690987124463,0.06726747802738536,0.1089338168305172,4,699,0.005722460658082976,0.0022275008419657153,0.014620676613665826,0,699,0.0,0.0,0.005465811926897895,4,699,0.005722460658082976,0.0022275008419657153,0.014620676613665826,32,699,0.045779685264663805,0.03261207330025767,0.06391266285650939,474,697,0.6800573888091822,0.6445216779437916,0.7136191630108549,52,697,0.0746054519368723,0.057344593076401607,0.09652983446899524,170,697,0.24390243902439024,0.21348138941484313,0.277131039984325,430,698,0.6160458452722063,0.5794232643558673,0.6513980491712875,256,698,0.3667621776504298,0.33182968580858635,0.4031532505120878,2,698,0.0028653295128939827,0.0007861122489623302,0.01038677918409037,3,698,0.004297994269340974,0.0014627331875448416,0.012559804091522117,7,698,0.01002865329512894,0.004866138222206676,0.020554982440917312,288,697,0.4131994261119082,0.3772159230170356,0.4501345082359038,311 0.32; 363 0.18; 350 0.09; 312 0.08; 150 0.07; 364 0.04,6,38 0.17; 35 0.13; 52 0.11; 53 0.09; 44 0.09; 99 0.05; 37 0.04; 56 0.03; 7 0.03; 41 0.02,10,earned income 0.41; unearned income 0.19; shelter deduction 0.18,"wrong amount, known item 0.31; wrong include/exclude decision 0.25; unreported source of income 0.13; household composition 0.09",322,150,155,472,0.6822033898305084,0.6388699549526269,0.7225948686357269,0.3177966101694915,155,0.24720893141945774,627,181574.0
4+,HH_size_n >   5.5 & months_since_cert_n <=   8.0 & shelter_expenses_by_hh_size > 116.0,train_2022_23,1216,278,408,170,408,0.4166666666666667,0.3698226488531275,0.46506532749506074,75,408,0.18382352941176472,0.14924706247745487,0.22429849484361228,68,408,0.16666666666666666,0.13364835237021352,0.20590355302253935,21,408,0.051470588235294115,0.03390807115399101,0.07740074272008096,2,408,0.004901960784313725,0.0013452972127875225,0.01769503285586023,24,408,0.058823529411764705,0.03984425206205823,0.08603326978129126,48,408,0.11764705882352941,0.08989251472611451,0.15253467087145503,115,408,0.2818627450980392,0.24039750728718262,0.32739748962425125,114,408,0.27941176470588236,0.23808375523106234,0.3248550056906124,50,408,0.12254901960784313,0.09420405180852927,0.15793560576855864,36,408,0.08823529411764706,0.06441434485841808,0.11973800886204143,27,408,0.0661764705882353,0.04587541825598046,0.09457081155664654,40,408,0.09803921568627451,0.07282491841439384,0.13075237926510236,2,408,0.004901960784313725,0.0013452972127875225,0.01769503285586023,0,408,0.0,0.0,0.009327858089129412,2,408,0.004901960784313725,0.0013452972127875225,0.01769503285586023,22,408,0.05392156862745098,0.03587520140239646,0.08028984846143469,287,408,0.7034313725490197,0.6573802180341602,0.7456873691158509,34,408,0.08333333333333333,0.06024494442395437,0.1141949373169868,87,408,0.21323529411764705,0.17626107651251788,0.25555931268565923,262,408,0.6421568627450981,0.5945143224409472,0.6871473649650847,138,408,0.3382352941176471,0.2940260360360596,0.3854623886398353,1,408,0.0024509803921568627,0.0004327781896081885,0.013751315889280392,0,408,0.0,0.0,0.009327858089129412,7,408,0.01715686274509804,0.008334986836548588,0.03498652318089501,187,408,0.4583333333333333,0.41059797325137265,0.5068460149227215,311 0.32; 363 0.17; 312 0.09; 350 0.08; 150 0.06; 364 0.05,6,38 0.18; 52 0.13; 35 0.12; 53 0.11; 44 0.10; 99 0.05; 7 0.03; 37 0.03,8,earned income 0.42; unearned income 0.18; shelter deduction 0.17,"wrong amount, known item 0.28; wrong include/exclude decision 0.28; unreported source of income 0.12; method or computation 0.10",184,94,86,278,0.6618705035971223,0.6043892703533947,0.7149390332043483,0.3381294964028777,86,0.23626373626373626,364,104235.0
4+,HH_size_n >   5.5 & months_since_cert_n <=   8.0 & shelter_expenses_by_hh_size > 116.0,test_2024,735,194,291,118,291,0.4054982817869416,0.3506715864649885,0.4627875726224674,56,291,0.19243986254295534,0.1512707383640659,0.24162361575692654,57,291,0.1958762886597938,0.15436420300061535,0.2453134544262878,10,291,0.03436426116838488,0.018770961313407403,0.062091440735692865,2,291,0.006872852233676976,0.0018867723408722576,0.024709203260942413,14,291,0.048109965635738834,0.02887109263171002,0.07912452264103305,34,291,0.11683848797250859,0.08482559221230873,0.15883608917864833,101,291,0.3470790378006873,0.29469666625787816,0.4034463366290958,64,291,0.21993127147766323,0.1761604129411934,0.2710003676270846,41,291,0.140893470790378,0.10558490666349578,0.18555989786883614,30,291,0.10309278350515463,0.07317149845033646,0.14335696971697778,21,291,0.07216494845360824,0.04768136155783259,0.10779737685628535,20,291,0.06872852233676977,0.0449280136512583,0.10376742145694896,2,291,0.006872852233676976,0.0018867723408722576,0.024709203260942413,0,291,0.0,0.0,0.013029368989993271,2,291,0.006872852233676976,0.0018867723408722576,0.024709203260942413,10,291,0.03436426116838488,0.018770961313407403,0.062091440735692865,187,289,0.6470588235294118,0.5903609679078791,0.6998983395129247,18,289,0.06228373702422145,0.03975674551253357,0.09629496298789807,83,289,0.28719723183391005,0.23809167769174858,0.34188603039344156,168,290,0.5793103448275863,0.5218175754757132,0.6347293532096739,118,290,0.4068965517241379,0.3519302831054724,0.46429723539429074,1,290,0.0034482758620689655,0.0006089492549414596,0.019271149410461944,3,290,0.010344827586206896,0.0035242288902490176,0.029968646182579335,0,290,0.0,0.0,0.013073710461690924,101,289,0.3494809688581315,0.29680867902351604,0.40610238279283795,311 0.33; 363 0.20; 350 0.10; 150 0.09; 312 0.08,5,38 0.15; 35 0.14; 56 0.08; 44 0.08; 52 0.08; 53 0.07; 37 0.05; 7 0.03; 13 0.03; 99 0.03; 98 0.03,11,earned income 0.41; shelter deduction 0.20; unearned income 0.19,"wrong amount, known item 0.35; wrong include/exclude decision 0.22; unreported source of income 0.14; household composition 0.10",138,56,69,194,0.711340206185567,0.6439597225171525,0.7705132700182902,0.28865979381443296,69,0.2623574144486692,263,77339.0
4+,HH_size_n >   5.5 & months_since_cert_n >   1.5 & utilities > 202.0,all_2022_24,2298,570,863,366,863,0.4241019698725377,0.39153674254259835,0.45733991496899323,174,863,0.20162224797219003,0.17620273812418547,0.22968641163512465,140,863,0.16222479721900349,0.13913419091471704,0.18830925434679327,25,863,0.028968713789107765,0.01969750542300655,0.0424148805077102,2,863,0.002317497103128621,0.0006357582150649244,0.008410415849493121,45,863,0.05214368482039398,0.0391960815775146,0.06906083641073146,111,863,0.12862108922363846,0.10791954518540467,0.15261432859268811,289,863,0.3348783314020857,0.30418345814056974,0.36703675094953386,184,863,0.21320973348783315,0.18718524120161673,0.24177617458645806,98,863,0.11355735805330243,0.09407941705595335,0.13646051088474537,83,863,0.09617612977983778,0.0782569895335565,0.11767453936399525,81,863,0.09385863267670916,0.07616100141556634,0.1151560742762325,66,863,0.07647740440324449,0.060563071657070776,0.09614560499158106,6,863,0.006952491309385863,0.003190127112495309,0.0150849533635686,2,863,0.002317497103128621,0.0006357582150649244,0.008410415849493121,4,863,0.004634994206257242,0.0018038615583043623,0.011856765712006615,50,863,0.05793742757821553,0.044220926250810394,0.075572124751818,484,860,0.5627906976744186,0.5294309167214993,0.5955920041473265,73,860,0.08488372093023255,0.06805218738428341,0.10540739131625614,302,860,0.3511627906976744,0.31998601021093764,0.3836633625444379,514,862,0.5962877030162413,0.5631762894821262,0.6285446904292111,320,862,0.37122969837587005,0.3396146136232007,0.4039874493869387,2,862,0.002320185614849188,0.0006364960211886228,0.008420125882864034,5,862,0.00580046403712297,0.0024800444498611933,0.013506251426890395,21,862,0.024361948955916472,0.015988469201926786,0.03695608786255244,358,860,0.41627906976744183,0.38377668683691984,0.44952608533797883,311 0.35; 363 0.16; 350 0.08; 150 0.08; 312 0.07; 323 0.03,6,38 0.18; 35 0.11; 44 0.11; 52 0.09; 53 0.08; 99 0.06; 41 0.03; 7 0.03; 37 0.03; 39 0.03; 56 0.03,11,earned income 0.42; unearned income 0.20; shelter deduction 0.16,"wrong amount, known item 0.33; wrong include/exclude decision 0.21; unreported source of income 0.11; household composition 0.10",381,189,181,570,0.6684210526315789,0.6287577365973187,0.7058293689732777,0.33157894736842103,181,0.24101198402130491,751,222107.0
4+,HH_size_n >   5.5 & months_since_cert_n >   1.5 & utilities > 202.0,train_2022_23,1499,355,534,223,534,0.41760299625468167,0.376508088491784,0.45987496555238067,115,534,0.2153558052434457,0.18258837316948312,0.2521894498921767,81,534,0.15168539325842698,0.12375485073148333,0.18459169590975827,18,534,0.033707865168539325,0.02142625391894733,0.05265057464916641,1,534,0.0018726591760299626,0.000330638342463962,0.010530552015440672,29,534,0.054307116104868915,0.038074973182646424,0.07690609187442614,67,534,0.1254681647940075,0.10002058809528543,0.15626602119637223,174,534,0.3258426966292135,0.28745632002618693,0.3667169532944339,116,534,0.21722846441947566,0.1843395593585776,0.2541568306566239,54,534,0.10112359550561797,0.07833350163664146,0.1296117372589739,49,534,0.09176029962546817,0.07010444591359015,0.11924795821431665,55,534,0.10299625468164794,0.07998748806953658,0.13167631777962052,45,534,0.08426966292134831,0.06357471988659347,0.11090341642714649,3,534,0.0056179775280898875,0.001912385961150868,0.016385938303837187,0,534,0.0,0.0,0.00714262340436292,3,534,0.0056179775280898875,0.001912385961150868,0.016385938303837187,35,534,0.06554307116104868,0.047501609117497894,0.08979085766082492,310,534,0.5805243445692884,0.5382398060298542,0.6216585729724394,46,534,0.08614232209737828,0.06520235945878439,0.1129943438084973,178,534,0.3333333333333333,0.2946656874947946,0.374381853639993,333,534,0.6235955056179775,0.5817575444265279,0.6636678745072251,180,534,0.33707865168539325,0.2982745911437201,0.3782100838981509,1,534,0.0018726591760299626,0.000330638342463962,0.010530552015440672,0,534,0.0,0.0,0.00714262340436292,20,534,0.03745318352059925,0.02437376378327574,0.05714019869192141,229,534,0.4288389513108614,0.3875172780585978,0.4711771777068171,311 0.34; 363 0.15; 350 0.08; 312 0.07; 150 0.07; 364 0.03; 323 0.03,7,38 0.20; 44 0.13; 35 0.10; 52 0.10; 53 0.09; 99 0.07; 41 0.03; 39 0.03; 7 0.03,9,earned income 0.42; unearned income 0.22; shelter deduction 0.15,"wrong amount, known item 0.33; wrong include/exclude decision 0.22; change in circumstances 0.10; unreported source of income 0.10; household composition 0.09",229,126,107,355,0.6450704225352113,0.5939845579470445,0.6930501671238504,0.35492957746478876,107,0.23160173160173161,462,130205.0
4+,HH_size_n >   5.5 & months_since_cert_n >   1.5 & utilities > 202.0,test_2024,799,215,329,143,329,0.43465045592705165,0.38214369676477217,0.48866572128874025,59,329,0.17933130699088146,0.14165213501318316,0.22441268380754112,59,329,0.17933130699088146,0.14165213501318316,0.22441268380754112,7,329,0.02127659574468085,0.01034364924476671,0.04326022719375539,1,329,0.00303951367781155,0.0005367366400418384,0.017013954138995396,16,329,0.0486322188449848,0.03015328245617661,0.07753037247157278,44,329,0.1337386018237082,0.10115532079494911,0.174776533877063,115,329,0.3495440729483283,0.3000243898360609,0.4025368284731889,68,329,0.2066869300911854,0.1664380861639883,0.25370651114596326,44,329,0.1337386018237082,0.10115532079494911,0.174776533877063,34,329,0.1033434650455927,0.07489939386975654,0.14094381803644745,26,329,0.0790273556231003,0.05449830330900439,0.11327399438455314,21,329,0.06382978723404255,0.04212391864182578,0.09560405766882767,3,329,0.00911854103343465,0.0031058218387631925,0.02646259749343566,2,329,0.0060790273556231,0.0016686396941568045,0.02189091536146124,1,329,0.00303951367781155,0.0005367366400418384,0.017013954138995396,15,329,0.04559270516717325,0.02782135888678961,0.07385343176437897,174,326,0.5337423312883436,0.4795107425950835,0.5871879394389596,27,326,0.08282208588957055,0.05754237614890559,0.11781937324838088,124,326,0.3803680981595092,0.3293500220811763,0.43417283252539857,181,328,0.551829268292683,0.49771838390266215,0.60474013847669,140,328,0.4268292682926829,0.37445144835496313,0.48090122593301043,1,328,0.003048780487804878,0.0005383736493467933,0.01706520588980683,5,328,0.01524390243902439,0.006528305553588654,0.03518316160423605,1,328,0.003048780487804878,0.0005383736493467933,0.01706520588980683,129,326,0.39570552147239263,0.34413300502753696,0.4497074323217847,311 0.36; 363 0.18; 150 0.10; 350 0.09; 312 0.07,5,38 0.16; 35 0.13; 44 0.07; 52 0.07; 56 0.07; 53 0.06; 99 0.05; 37 0.04; 7 0.04; 41 0.03; 33 0.03,11,earned income 0.43; unearned income 0.18; shelter deduction 0.18,"wrong amount, known item 0.35; wrong include/exclude decision 0.21; unreported source of income 0.13; household composition 0.10",152,63,74,215,0.7069767441860465,0.6429302593677156,0.7637565862777193,0.2930232558139535,74,0.2560553633217993,289,91902.0
4+,count_divisible_by_100 >= 1.000 & HH_size_n >= 6.000 & rawben_rel_max >= 0.465 & rawben_rel_max < 0.891,all_2022_24,129,51,86,34,86,0.3953488372093023,0.29862264637556246,0.5010247330121598,21,86,0.2441860465116279,0.16561843751812289,0.3446307120963096,13,86,0.1511627906976744,0.09052037372996752,0.24163755756244037,3,86,0.03488372093023256,0.011933581807332512,0.09761032658254476,2,86,0.023255813953488372,0.006400792019477797,0.08088171408014642,5,86,0.05813953488372093,0.02508656569078512,0.12898014727959828,8,86,0.09302325581395349,0.04789171128373092,0.1729592085574117,21,86,0.2441860465116279,0.16561843751812289,0.3446307120963096,21,86,0.2441860465116279,0.16561843751812289,0.3446307120963096,15,86,0.1744186046511628,0.10864674362052464,0.26803399225238944,7,86,0.08139534883720931,0.0399859229859802,0.15860359456490936,4,86,0.046511627906976744,0.01823367317295907,0.11357163750717128,6,86,0.06976744186046512,0.03236497351786072,0.14396314174277575,1,86,0.011627906976744186,0.002055515742405551,0.0629655880669656,0,86,0.0,0.0,0.042759701519118086,2,86,0.023255813953488372,0.006400792019477797,0.08088171408014642,9,86,0.10465116279069768,0.05604026272483177,0.18707205940656396,65,86,0.7558139534883721,0.6553692879036903,0.8343815624818771,4,86,0.046511627906976744,0.01823367317295907,0.11357163750717128,17,86,0.19767441860465115,0.12724247137709888,0.2939610690763213,54,86,0.627906976744186,0.5223363580204515,0.7225390671723323,29,86,0.3372093023255814,0.24616399807168987,0.44217636986476705,0,86,0.0,0.0,0.042759701519118086,1,86,0.011627906976744186,0.002055515742405551,0.0629655880669656,2,86,0.023255813953488372,0.006400792019477797,0.08088171408014642,37,86,0.43023255813953487,0.3307917119906583,0.5356398742678232,311 0.30; 363 0.15; 350 0.08; 150 0.07; 312 0.07; 342 0.06; 323 0.05,7,35 0.17; 38 0.14; 52 0.14; 99 0.10; 53 0.07; 44 0.07; 40 0.03; 12 0.02,8,earned income 0.40; unearned income 0.24; shelter deduction 0.15,"wrong include/exclude decision 0.24; wrong amount, known item 0.24; unreported source of income 0.17; other 0.10",30,21,16,51,0.5882352941176471,0.4516509274741746,0.7124580700751311,0.4117647058823529,16,0.23880597014925373,67,19111.0
4+,count_divisible_by_100 >= 1.000 & HH_size_n >= 6.000 & rawben_rel_max >= 0.465 & rawben_rel_max < 0.891,train_2022_23,78,31,50,20,50,0.4,0.2760818978624575,0.5381881089724063,14,50,0.28,0.17474014357680362,0.4166538714598967,6,50,0.12,0.05617523710624646,0.23805078886623582,1,50,0.02,0.0035391680889764604,0.10495686471836953,1,50,0.02,0.0035391680889764604,0.10495686471836953,3,50,0.06,0.020614596364630478,0.16217343370877002,5,50,0.1,0.04347512399157111,0.2136049033478839,8,50,0.16,0.08337321362087696,0.2851448096176598,9,50,0.18,0.0977008273245379,0.3079631945470261,10,50,0.2,0.11243629945973886,0.3303737210448524,4,50,0.08,0.031549003255790686,0.18838502545063704,3,50,0.06,0.020614596364630478,0.16217343370877002,5,50,0.1,0.04347512399157111,0.2136049033478839,1,50,0.02,0.0035391680889764604,0.10495686471836953,0,50,0.0,0.0,0.07135003417431873,2,50,0.04,0.011038652660826577,0.13460337877954667,8,50,0.16,0.08337321362087696,0.2851448096176598,41,50,0.82,0.6920368054529739,0.902299172675462,1,50,0.02,0.0035391680889764604,0.10495686471836953,8,50,0.16,0.08337321362087696,0.2851448096176598,33,50,0.66,0.5215356854148285,0.7756323036493895,17,50,0.34,0.2243676963506106,0.47846431458517147,0,50,0.0,0.0,0.07135003417431873,0,50,0.0,0.0,0.07135003417431873,0,50,0.0,0.0,0.07135003417431873,20,50,0.4,0.2760818978624575,0.5381881089724063,311 0.32; 363 0.12; 342 0.08; 350 0.08; 150 0.06; 312 0.06; 323 0.04,7,35 0.20; 99 0.16; 53 0.08; 38 0.08; 44 0.08; 52 0.08; 12 0.04; 111 0.04,8,earned income 0.40; unearned income 0.28; shelter deduction 0.12,"unreported source of income 0.20; wrong include/exclude decision 0.18; other 0.16; wrong amount, known item 0.16; method or computation 0.10",17,14,7,31,0.5483870967741935,0.37771879603669134,0.7083851716341388,0.45161290322580644,7,0.18421052631578946,38,12803.0
4+,count_divisible_by_100 >= 1.000 & HH_size_n >= 6.000 & rawben_rel_max >= 0.465 & rawben_rel_max < 0.891,test_2024,51,20,36,14,36,0.3888888888888889,0.24784655417822943,0.5513582970325652,7,36,0.19444444444444445,0.09752972019453349,0.350283620635152,7,36,0.19444444444444445,0.09752972019453349,0.350283620635152,2,36,0.05555555555555555,0.015369663767066846,0.18144974107611211,1,36,0.027777777777777776,0.004920280295569679,0.141700337350308,2,36,0.05555555555555555,0.015369663767066846,0.18144974107611211,3,36,0.08333333333333333,0.0287480892712918,0.21827010276918848,13,36,0.3611111111111111,0.2247538679218132,0.5242521960916802,12,36,0.3333333333333333,0.20214424774586046,0.49666302907033155,5,36,0.1388888888888889,0.060817253631150966,0.2865985128039319,3,36,0.08333333333333333,0.0287480892712918,0.21827010276918848,1,36,0.027777777777777776,0.004920280295569679,0.141700337350308,1,36,0.027777777777777776,0.004920280295569679,0.141700337350308,0,36,0.0,0.0,0.09642183044857634,0,36,0.0,0.0,0.09642183044857634,0,36,0.0,0.0,0.09642183044857634,1,36,0.027777777777777776,0.004920280295569679,0.141700337350308,24,36,0.6666666666666666,0.5033369709296683,0.7978557522541395,3,36,0.08333333333333333,0.0287480892712918,0.21827010276918848,9,36,0.25,0.13750323839225387,0.41070767683203424,21,36,0.5833333333333334,0.4219996966427768,0.7285966649491271,12,36,0.3333333333333333,0.20214424774586046,0.49666302907033155,0,36,0.0,0.0,0.09642183044857634,1,36,0.027777777777777776,0.004920280295569679,0.141700337350308,2,36,0.05555555555555555,0.015369663767066846,0.18144974107611211,17,36,0.4722222222222222,0.31985792907209337,0.6299432837306054,311 0.28; 363 0.19; 350 0.08; 312 0.08; 150 0.08; 323 0.06,6,38 0.22; 52 0.22; 35 0.14; 44 0.06; 53 0.06; 57 0.03; 54 0.03,7,earned income 0.39; unearned income 0.19; shelter deduction 0.19,"wrong amount, known item 0.36; wrong include/exclude decision 0.33; unreported source of income 0.14",13,7,9,20,0.65,0.43285051021946463,0.8188104521320554,0.35,9,0.3103448275862069,29,6308.0
4+,expedited_i >  0.500 & total_deductions_by_hh_size > 12.700 & unc_rawben_rel_max >  0.469 & unc_rawben_rel_max <=  0.935,all_2022_24,306,107,177,61,177,0.3446327683615819,0.27858744704019445,0.4172789907705746,38,177,0.21468926553672316,0.1605982892014025,0.28090189659655546,27,177,0.15254237288135594,0.10700252578723556,0.2128442351350301,13,177,0.07344632768361582,0.043421415098888055,0.12159371416340559,1,177,0.005649717514124294,0.0009979853431591884,0.03130431678201555,5,177,0.02824858757062147,0.01212500832291968,0.06441490284796135,32,177,0.1807909604519774,0.13107256620077098,0.24407120602862756,63,177,0.3559322033898305,0.2891414688708719,0.4288437734627504,45,177,0.2542372881355932,0.1957797132969229,0.32313628833102104,12,177,0.06779661016949153,0.039204174692770155,0.11475155230809689,20,177,0.11299435028248588,0.07434660170249276,0.1680843433897869,18,177,0.1016949152542373,0.06529857326441549,0.15501356730501104,8,177,0.04519774011299435,0.02307735991919834,0.08664075803596241,0,177,0.0,0.0,0.02124289986374816,3,177,0.01694915254237288,0.005780598394886531,0.048640508253141354,2,177,0.011299435028248588,0.0031041368075416624,0.04025756757905964,6,177,0.03389830508474576,0.01562653206313348,0.07197278136917412,90,177,0.5084745762711864,0.4354300765192585,0.5811590268728815,21,177,0.11864406779661017,0.07892312753094319,0.174567219822763,65,177,0.3672316384180791,0.2997368640334558,0.4403671828230197,113,177,0.6384180790960452,0.5653894032649984,0.7055659521399527,58,177,0.327683615819209,0.26283601269046936,0.39985221833601997,1,177,0.005649717514124294,0.0009979853431591884,0.03130431678201555,0,177,0.0,0.0,0.02124289986374816,5,177,0.02824858757062147,0.01212500832291968,0.06441490284796135,82,177,0.4632768361581921,0.39137485714402925,0.5367390281566979,311 0.31; 363 0.15; 150 0.10; 350 0.09; 364 0.07; 334 0.03,6,38 0.20; 44 0.13; 52 0.11; 53 0.10; 35 0.07; 13 0.04; 99 0.03; 39 0.03; 12 0.03; 37 0.03,10,earned income 0.34; unearned income 0.21; other element 0.18; shelter deduction 0.15,"wrong amount, known item 0.36; wrong include/exclude decision 0.25; household composition 0.11; change in circumstances 0.10",66,41,34,107,0.616822429906542,0.5221754771468577,0.703371609867404,0.38317757009345793,34,0.24113475177304963,141,38700.0
4+,expedited_i >  0.500 & total_deductions_by_hh_size > 12.700 & unc_rawben_rel_max >  0.469 & unc_rawben_rel_max <=  0.935,train_2022_23,218,76,131,41,131,0.31297709923664124,0.23985585648777724,0.3967548037239081,28,131,0.21374045801526717,0.1522226360399186,0.2915691908147019,20,131,0.15267175572519084,0.10105740445609404,0.22407667879417884,12,131,0.0916030534351145,0.05317759663921357,0.1532987430067117,0,131,0.0,0.0,0.02848972423940386,4,131,0.030534351145038167,0.011936776219166959,0.0758818198224107,26,131,0.1984732824427481,0.13919627169084942,0.27493111926268415,46,131,0.3511450381679389,0.274706595395599,0.4360651545688035,36,131,0.2748091603053435,0.20560169788715826,0.3568478725718099,3,131,0.022900763358778626,0.007818301484185438,0.06516807660684877,16,131,0.12213740458015267,0.07659493510032422,0.18921027634777488,12,131,0.0916030534351145,0.05317759663921357,0.1532987430067117,7,131,0.05343511450381679,0.02612180457645892,0.10619344531674911,0,131,0.0,0.0,0.02848972423940386,3,131,0.022900763358778626,0.007818301484185438,0.06516807660684877,2,131,0.015267175572519083,0.004196756321735894,0.05395740381875487,6,131,0.04580152671755725,0.021157596293058425,0.09632543564960615,66,131,0.5038167938931297,0.4193159467511274,0.5881001622241442,19,131,0.1450381679389313,0.09485952711844414,0.21544233818128528,46,131,0.3511450381679389,0.274706595395599,0.4360651545688035,87,131,0.6641221374045801,0.5795908939587655,0.7393017919779188,38,131,0.2900763358778626,0.21922786907541697,0.372886137284638,1,131,0.007633587786259542,0.0013487543306202332,0.04197318785932708,0,131,0.0,0.0,0.02848972423940386,5,131,0.03816793893129771,0.016411091437379455,0.08623972255474167,67,131,0.5114503816793893,0.4267511692343854,0.5954971576914297,311 0.27; 363 0.15; 150 0.11; 364 0.09; 350 0.09; 334 0.03; 323 0.03,7,38 0.22; 44 0.13; 52 0.12; 53 0.12; 99 0.05; 13 0.04; 12 0.03; 37 0.03; 40 0.03,9,earned income 0.31; unearned income 0.21; other element 0.20; shelter deduction 0.15,"wrong amount, known item 0.35; wrong include/exclude decision 0.27; household composition 0.12; change in circumstances 0.09",44,32,28,76,0.5789473684210527,0.46678201550241605,0.6835155737242529,0.42105263157894735,28,0.2692307692307692,104,24094.0
4+,expedited_i >  0.500 & total_deductions_by_hh_size > 12.700 & unc_rawben_rel_max >  0.469 & unc_rawben_rel_max <=  0.935,test_2024,88,31,46,20,46,0.43478260869565216,0.3020904595919057,0.5775281722337178,10,46,0.21739130434782608,0.12260774618580751,0.35573965839189464,7,46,0.15217391304347827,0.07572186234017478,0.28224417406315094,1,46,0.021739130434782608,0.0038477551112426345,0.11335554494333024,1,46,0.021739130434782608,0.0038477551112426345,0.11335554494333024,1,46,0.021739130434782608,0.0038477551112426345,0.11335554494333024,6,46,0.13043478260869565,0.06117757137492025,0.2566613423036133,17,46,0.3695652173913043,0.24523559514309495,0.5140016685081521,9,46,0.1956521739130435,0.10650490444121799,0.331715377411692,9,46,0.1956521739130435,0.10650490444121799,0.331715377411692,4,46,0.08695652173913043,0.03433531187670748,0.20324935635224178,6,46,0.13043478260869565,0.06117757137492025,0.2566613423036133,1,46,0.021739130434782608,0.0038477551112426345,0.11335554494333024,0,46,0.0,0.0,0.07707617732978073,0,46,0.0,0.0,0.07707617732978073,0,46,0.0,0.0,0.07707617732978073,0,46,0.0,0.0,0.07707617732978073,24,46,0.5217391304347826,0.38137172148151327,0.6587554012432788,2,46,0.043478260869565216,0.012005193588830829,0.1453252291905342,19,46,0.41304347826086957,0.2828839329710102,0.5566075761298211,26,46,0.5652173913043478,0.4224718277662822,0.6979095404080942,20,46,0.43478260869565216,0.3020904595919057,0.5775281722337178,0,46,0.0,0.0,0.07707617732978073,0,46,0.0,0.0,0.07707617732978073,0,46,0.0,0.0,0.07707617732978073,15,46,0.32608695652173914,0.20865764564493358,0.47032537255672924,311 0.41; 363 0.15; 150 0.09; 350 0.09; 342 0.04,5,35 0.20; 38 0.13; 44 0.13; 56 0.09; 52 0.07; 39 0.07; 33 0.04; 13 0.04,8,earned income 0.43; unearned income 0.22; shelter deduction 0.15,"wrong amount, known item 0.37; unreported source of income 0.20; wrong include/exclude decision 0.20",22,9,6,31,0.7096774193548387,0.5340734004245933,0.8390437928156713,0.2903225806451613,6,0.16216216216216217,37,14606.0
1,total_deductions_by_hh_size > 647 & utilities <= 276,all_2022_24,655,197,334,48,334,0.1437125748502994,0.1101378472597569,0.1853899977421612,43,334,0.12874251497005987,0.09700183368905986,0.16892634093478753,111,334,0.3323353293413174,0.2839752398664922,0.3845084518991164,77,334,0.23053892215568864,0.18858630308668434,0.2786196301080437,37,334,0.11077844311377245,0.08144473358243734,0.14896383658772527,7,334,0.020958083832335328,0.010188251067945072,0.0426222968337935,11,334,0.03293413173652695,0.018487421928414415,0.05800286227578069,61,334,0.18263473053892215,0.14488555242226403,0.2276014355626378,172,334,0.5149700598802395,0.4615059983433458,0.5680936720347249,32,334,0.09580838323353294,0.06868403759121344,0.13212486220087852,4,334,0.011976047904191617,0.0046667623008021936,0.030383983374093974,41,334,0.12275449101796407,0.09178939840612171,0.16229890806649744,5,334,0.014970059880239521,0.00641072688564923,0.03455995286486108,4,334,0.011976047904191617,0.0046667623008021936,0.030383983374093974,2,334,0.005988023952095809,0.00164363662491754,0.02156724089875036,0,334,0.0,0.0,0.011371009372439627,13,334,0.038922155688622756,0.02288489569540046,0.06544525666002292,193,334,0.5778443113772455,0.5242843810747236,0.6296339048912439,35,334,0.10479041916167664,0.07631614140261692,0.14225256061631741,106,334,0.31736526946107785,0.26976525434005894,0.3691187670474789,174,334,0.5209580838323353,0.46744862773140416,0.5739909107978948,146,334,0.437125748502994,0.38494161908169333,0.49073976533040997,5,334,0.014970059880239521,0.00641072688564923,0.03455995286486108,0,334,0.0,0.0,0.011371009372439627,9,334,0.02694610778443114,0.014239778631431315,0.05041063742153552,122,334,0.3652694610778443,0.3154333097304027,0.41816965686696134,363 0.33; 364 0.23; 311 0.13; 365 0.11,4,53 0.40; 35 0.10; 64 0.09; 38 0.07; 52 0.07; 56 0.06,6,shelter deduction 0.33; utility allowance 0.23; earned income 0.14; unearned income 0.13,"wrong include/exclude decision 0.51; wrong amount, known item 0.18; change in circumstances 0.12",189,8,119,197,0.9593908629441624,0.9219259937223986,0.9792817242005815,0.04060913705583756,119,0.37658227848101267,316,59726.0
1,total_deductions_by_hh_size > 647 & utilities <= 276,train_2022_23,318,105,182,18,182,0.0989010989010989,0.06347771291983946,0.15090701041444093,30,182,0.16483516483516483,0.11797021207184955,0.22555674852254914,56,182,0.3076923076923077,0.24519072560612903,0.3781444157185259,44,182,0.24175824175824176,0.1853081882362479,0.3088847158282888,21,182,0.11538461538461539,0.07671799714543637,0.16995228550387362,4,182,0.02197802197802198,0.008579092710784313,0.055139687153358055,9,182,0.04945054945054945,0.02623092582262255,0.09129711956656911,21,182,0.11538461538461539,0.07671799714543637,0.16995228550387362,108,182,0.5934065934065934,0.5208272083292351,0.6621242944559325,9,182,0.04945054945054945,0.02623092582262255,0.09129711956656911,2,182,0.01098901098901099,0.0030187111424065383,0.03917636251171611,21,182,0.11538461538461539,0.07671799714543637,0.16995228550387362,4,182,0.02197802197802198,0.008579092710784313,0.055139687153358055,3,182,0.016483516483516484,0.005621348325738421,0.04733557843339409,2,182,0.01098901098901099,0.0030187111424065383,0.03917636251171611,0,182,0.0,0.0,0.020671367444102935,12,182,0.06593406593406594,0.03811559898191012,0.1116980057223111,104,182,0.5714285714285714,0.4987863523920643,0.6411177379730638,24,182,0.13186813186813187,0.09024028427258002,0.18871555769175952,54,182,0.2967032967032967,0.2350941388148784,0.3667172962997568,94,182,0.5164835164835165,0.4442933438801729,0.5879922154348568,76,182,0.4175824175824176,0.3483612762037082,0.49021092722114396,5,182,0.027472527472527472,0.01179030844597875,0.06269032452317347,0,182,0.0,0.0,0.020671367444102935,7,182,0.038461538461538464,0.018753284304806328,0.07725105487436561,72,182,0.3956043956043956,0.32742596738050733,0.4680988236243053,363 0.31; 364 0.24; 365 0.12; 331 0.11,4,53 0.46; 38 0.09; 52 0.09; 64 0.07; 99 0.07,5,shelter deduction 0.31; utility allowance 0.24; unearned income 0.16; medical deduction 0.12,"wrong include/exclude decision 0.59; wrong amount, known item 0.12; change in circumstances 0.12",100,5,64,105,0.9523809523809523,0.8933368995663414,0.9794911367727052,0.047619047619047616,64,0.378698224852071,169,29981.0
1,total_deductions_by_hh_size > 647 & utilities <= 276,test_2024,337,92,152,30,152,0.19736842105263158,0.14189466065483167,0.2677623243863897,13,152,0.08552631578947369,0.050661713662540575,0.1408250267200017,55,152,0.3618421052631579,0.2897246533360595,0.44077092679145463,33,152,0.21710526315789475,0.15897489998370834,0.28918271646786814,16,152,0.10526315789473684,0.06583727213184384,0.16415009966105354,3,152,0.019736842105263157,0.006734529912818171,0.056416772435207,2,152,0.013157894736842105,0.0036157414374440727,0.04670201710712938,40,152,0.2631578947368421,0.19961325660556517,0.3383791664701733,64,152,0.42105263157894735,0.3454563929691184,0.5005410813894611,23,152,0.1513157894736842,0.10299446940668536,0.21682770901037404,2,152,0.013157894736842105,0.0036157414374440727,0.04670201710712938,20,152,0.13157894736842105,0.08681644830640738,0.19450509870029686,1,152,0.006578947368421052,0.0011622614078393885,0.036321953333282364,1,152,0.006578947368421052,0.0011622614078393885,0.036321953333282364,0,152,0.0,0.0,0.024650670937670042,0,152,0.0,0.0,0.024650670937670042,1,152,0.006578947368421052,0.0011622614078393885,0.036321953333282364,89,152,0.5855263157894737,0.5060436263488485,0.6607924430960238,11,152,0.07236842105263158,0.04088660479489957,0.12493304798073927,52,152,0.34210526315789475,0.27141022759894745,0.4205847211182115,80,152,0.5263157894736842,0.44727054784415565,0.6040636273696511,70,152,0.4605263157894737,0.3832356823282931,0.5397630548509966,0,152,0.0,0.0,0.024650670937670042,0,152,0.0,0.0,0.024650670937670042,2,152,0.013157894736842105,0.0036157414374440727,0.04670201710712938,50,152,0.32894736842105265,0.25927757808460494,0.4070502830256506,363 0.36; 364 0.22; 311 0.18,3,53 0.34; 35 0.15; 56 0.12; 64 0.11; 57 0.07,5,shelter deduction 0.36; utility allowance 0.22; earned income 0.20,"wrong include/exclude decision 0.42; wrong amount, known item 0.26; unreported source of income 0.15",89,3,55,92,0.967391304347826,0.9084648766130528,0.9888490246573767,0.03260869565217391,55,0.3741496598639456,147,29745.0
1,rawben_rel_max <   1 & total_deductions_by_hh_size >= 450 & utilities < 277,all_2022_24,991,296,474,58,474,0.12236286919831224,0.09585942637749988,0.15493832752253728,27,474,0.056962025316455694,0.03943955765966772,0.08160808658059933,183,474,0.3860759493670886,0.34332986634382723,0.43065381360366994,134,474,0.28270042194092826,0.24403322127550062,0.3248615756613922,53,474,0.11181434599156118,0.08650707536527068,0.14336324149286805,8,474,0.016877637130801686,0.008576319643132012,0.03294706383792112,11,474,0.023206751054852322,0.013006611622698118,0.04107323408349405,80,474,0.16877637130801687,0.13775010963227943,0.20512836725211067,263,474,0.5548523206751055,0.5098481619959531,0.5989745106219185,26,474,0.05485232067510549,0.037704215236209974,0.0791579415956774,2,474,0.004219409282700422,0.0011578536224296611,0.015252605408345388,60,474,0.12658227848101267,0.09962019400476663,0.1595485347120299,9,474,0.0189873417721519,0.010020711903983391,0.03568815898544943,2,474,0.004219409282700422,0.0011578536224296611,0.015252605408345388,4,474,0.008438818565400843,0.0032863922266378656,0.021495041620896542,0,474,0.0,0.0,0.00803948421401569,28,474,0.05907172995780591,0.04118251420972184,0.0840506174389249,289,474,0.609704641350211,0.5650746114164268,0.6525707338193166,62,474,0.1308016877637131,0.10339157152116558,0.16414813201239037,123,474,0.25949367088607594,0.22207522406119873,0.3007792113835176,223,474,0.4704641350210971,0.4259476603339435,0.515455515948741,234,474,0.4936708860759494,0.4488937464075822,0.5385497913672788,5,474,0.010548523206751054,0.004513813988560119,0.024453107267353974,1,474,0.002109704641350211,0.0003725022148616062,0.011852469407533765,11,474,0.023206751054852322,0.013006611622698118,0.04107323408349405,133,474,0.2805907172995781,0.2420314818356576,0.3226778276928556,363 0.39; 364 0.28; 311 0.11,3,53 0.46; 64 0.10; 52 0.08; 56 0.07; 99 0.06,5,shelter deduction 0.39; utility allowance 0.28; earned income 0.12,"wrong include/exclude decision 0.55; wrong amount, known item 0.17; change in circumstances 0.13",267,29,232,296,0.902027027027027,0.8628352030255253,0.9309172315932868,0.09797297297297297,232,0.4393939393939394,528,72600.0
1,rawben_rel_max <   1 & total_deductions_by_hh_size >= 450 & utilities < 277,train_2022_23,580,182,285,32,285,0.11228070175438597,0.08066436503020483,0.15421038985274832,22,285,0.07719298245614035,0.05152672910636171,0.11410592214608947,102,285,0.35789473684210527,0.3044674868573547,0.41510199343911225,80,285,0.2807017543859649,0.2317157114989753,0.3355211408103873,34,285,0.11929824561403508,0.08663865054484272,0.16208452506421084,4,285,0.014035087719298246,0.005471059684129111,0.0355258050334185,11,285,0.03859649122807018,0.02168582299774004,0.06778051426115896,27,285,0.09473684210526316,0.06592618230260613,0.13432752076509602,172,285,0.6035087719298246,0.5457015817800573,0.6585626239299235,13,285,0.0456140350877193,0.02684776048640895,0.07646699749859044,2,285,0.007017543859649123,0.0019265375531811822,0.02522190643826603,36,285,0.12631578947368421,0.09265300086181832,0.16991859547333565,7,285,0.02456140350877193,0.011947258191650496,0.049822237615047706,1,285,0.0035087719298245615,0.0006196372126949703,0.019604596415702044,4,285,0.014035087719298246,0.005471059684129111,0.0355258050334185,0,285,0.0,0.0,0.013300023265346819,23,285,0.08070175438596491,0.054375225698575884,0.11818163591692549,167,285,0.5859649122807018,0.5280058545601293,0.6416372993346006,42,285,0.14736842105263157,0.1109104403021661,0.19320641821128906,76,285,0.26666666666666666,0.21867671673008443,0.3208632941270774,128,285,0.44912280701754387,0.39243191665848076,0.5071670330772914,143,285,0.5017543859649123,0.44406853942112234,0.5593935657604028,5,285,0.017543859649122806,0.007516270385932087,0.040404804694665716,0,285,0.0,0.0,0.013300023265346819,9,285,0.031578947368421054,0.016700888970785036,0.05891702756201357,84,285,0.29473684210526313,0.24481621211613322,0.3501174816454301,363 0.36; 364 0.28; 365 0.12,3,53 0.51; 64 0.09; 52 0.08; 99 0.08,4,shelter deduction 0.36; utility allowance 0.28; medical deduction 0.12,"wrong include/exclude decision 0.60; change in circumstances 0.13; wrong amount, known item 0.09",166,16,139,182,0.9120879120879121,0.8619754152799086,0.9451635675958308,0.08791208791208792,139,0.43302180685358255,321,41715.0
1,rawben_rel_max <   1 & total_deductions_by_hh_size >= 450 & utilities < 277,test_2024,411,114,189,26,189,0.13756613756613756,0.09563751622462544,0.19393485820080972,5,189,0.026455026455026454,0.011351617671279908,0.06042542628604051,81,189,0.42857142857142855,0.36013277970471014,0.49985593642293047,54,189,0.2857142857142857,0.22607896328717178,0.3538871850957498,19,189,0.10052910052910052,0.06530542574635956,0.151668505189704,4,189,0.021164021164021163,0.008260183483943823,0.05314565426060923,0,189,0.0,0.0,0.019921012893483563,53,189,0.2804232804232804,0.2212450019670624,0.34834994020309173,91,189,0.48148148148148145,0.41132693421267885,0.5523738440426355,13,189,0.06878306878306878,0.04063409312597916,0.11411260053348021,0,189,0.0,0.0,0.019921012893483563,24,189,0.12698412698412698,0.0868372097531846,0.18199275224671585,2,189,0.010582010582010581,0.0029067212455334626,0.037756704073484845,1,189,0.005291005291005291,0.0009345796874724033,0.02935763941877853,0,189,0.0,0.0,0.019921012893483563,0,189,0.0,0.0,0.019921012893483563,5,189,0.026455026455026454,0.011351617671279908,0.06042542628604051,122,189,0.6455026455026455,0.5750251929033601,0.7101829779477424,20,189,0.10582010582010581,0.06955192196612822,0.15779321518270273,47,189,0.24867724867724866,0.19247073399545184,0.31489697089809815,95,189,0.5026455026455027,0.4320228605025087,0.573162742603875,91,189,0.48148148148148145,0.41132693421267885,0.5523738440426355,0,189,0.0,0.0,0.019921012893483563,1,189,0.005291005291005291,0.0009345796874724033,0.02935763941877853,2,189,0.010582010582010581,0.0029067212455334626,0.037756704073484845,49,189,0.25925925925925924,0.20201709757771363,0.3260930197413711,363 0.43; 364 0.29; 311 0.12,3,53 0.40; 56 0.16; 64 0.11; 35 0.07; 52 0.06,5,shelter deduction 0.43; utility allowance 0.29; earned income 0.14,"wrong include/exclude decision 0.48; wrong amount, known item 0.28",101,13,93,114,0.8859649122807017,0.8146297223884994,0.9321354267608671,0.11403508771929824,93,0.4492753623188406,207,30885.0
4+,rawben_rel_max <   0.965 & shelter_expenses_by_hh_size >= 466.000 & shelter_expenses_by_hh_size < 569.000 & total_deductions_by_hh_size < 255.000,all_2022_24,172,56,93,36,93,0.3870967741935484,0.29445899414987403,0.48869204837730434,28,93,0.3010752688172043,0.21726167583661843,0.400671113377934,11,93,0.11827956989247312,0.06734368519538154,0.19950031572984073,3,93,0.03225806451612903,0.011030412935116203,0.09059533467748004,1,93,0.010752688172043012,0.001900593097955601,0.05842059118648415,2,93,0.021505376344086023,0.005917375771978241,0.07505609017653975,12,93,0.12903225806451613,0.07537662016293771,0.21211966242636277,30,93,0.3225806451612903,0.23624803528547356,0.4229893172572353,17,93,0.1827956989247312,0.1173779926949177,0.27337969821477404,17,93,0.1827956989247312,0.1173779926949177,0.27337969821477404,5,93,0.053763440860215055,0.023180332422992958,0.11974997851775977,9,93,0.0967741935483871,0.05175108300166125,0.17378835459540445,6,93,0.06451612903225806,0.029901024142029796,0.13368156846280116,1,93,0.010752688172043012,0.001900593097955601,0.05842059118648415,3,93,0.03225806451612903,0.011030412935116203,0.09059533467748004,0,93,0.0,0.0,0.0396689026203615,5,93,0.053763440860215055,0.023180332422992958,0.11974997851775977,51,93,0.5483870967741935,0.44733119871635174,0.6456040687720004,7,93,0.07526881720430108,0.036936214085016475,0.14729866018389276,34,93,0.3655913978494624,0.27485550935138847,0.46699096984763344,52,93,0.5591397849462365,0.4578797367909649,0.6557078123614655,40,93,0.43010752688172044,0.33423358533237524,0.5315265838511162,0,93,0.0,0.0,0.0396689026203615,0,93,0.0,0.0,0.0396689026203615,1,93,0.010752688172043012,0.001900593097955601,0.05842059118648415,31,93,0.3333333333333333,0.24582243182201943,0.4340672023847677,311 0.29; 350 0.12; 363 0.12; 312 0.10; 346 0.05; 150 0.04; 331 0.04,7,35 0.18; 38 0.18; 44 0.10; 52 0.08; 99 0.05; 39 0.04; 37 0.04; 13 0.03; 53 0.03; 45 0.02,10,earned income 0.39; unearned income 0.30; other element 0.13,"wrong amount, known item 0.32; unreported source of income 0.18; wrong include/exclude decision 0.18; change in circumstances 0.10",43,13,8,56,0.7678571428571429,0.6423159664807568,0.8590075275434671,0.23214285714285715,8,0.125,64,24931.0
4+,rawben_rel_max <   0.965 & shelter_expenses_by_hh_size >= 466.000 & shelter_expenses_by_hh_size < 569.000 & total_deductions_by_hh_size < 255.000,train_2022_23,105,39,70,28,70,0.4,0.2933408057355693,0.5170641692378874,19,70,0.2714285714285714,0.18119460808784751,0.38544533470862496,8,70,0.11428571428571428,0.05906058386702606,0.20964431960202118,3,70,0.04285714285714286,0.014681274851143573,0.11859861074180134,0,70,0.0,0.0,0.05202487486728348,2,70,0.02857142857142857,0.007870446893806289,0.09832443512391814,10,70,0.14285714285714285,0.07948856360443703,0.24338634701505113,21,70,0.3,0.2053645673851015,0.4154453825618119,11,70,0.15714285714285714,0.09007528275988681,0.2598846314348218,13,70,0.18571428571428572,0.11187194691822094,0.29225797442692864,3,70,0.04285714285714286,0.014681274851143573,0.11859861074180134,9,70,0.12857142857142856,0.06914021991242263,0.22664968713184502,5,70,0.07142857142857142,0.030893761510293508,0.1565561312330923,1,70,0.014285714285714285,0.0025261814032348645,0.07658369703926908,3,70,0.04285714285714286,0.014681274851143573,0.11859861074180134,0,70,0.0,0.0,0.05202487486728348,4,70,0.05714285714285714,0.02244341584741017,0.1379214733207552,35,70,0.5,0.3859551898733622,0.6140448101266378,7,70,0.1,0.04928867510614622,0.19233122478768055,28,70,0.4,0.2933408057355693,0.5170641692378874,38,70,0.5428571428571428,0.4269805339664774,0.6542744767591839,31,70,0.44285714285714284,0.3324934170610057,0.5591665686381124,0,70,0.0,0.0,0.05202487486728348,0,70,0.0,0.0,0.05202487486728348,1,70,0.014285714285714285,0.0025261814032348645,0.07658369703926908,22,70,0.3142857142857143,0.21762136964668138,0.4302735838754525,311 0.29; 312 0.11; 363 0.11; 350 0.10; 346 0.06; 342 0.04; 150 0.04,7,38 0.21; 35 0.19; 52 0.09; 44 0.07; 39 0.06; 99 0.06; 53 0.04; 45 0.03; 29 0.03,9,earned income 0.40; unearned income 0.27; other element 0.14,"wrong amount, known item 0.30; unreported source of income 0.19; wrong include/exclude decision 0.16; change in circumstances 0.13",31,8,5,39,0.7948717948717948,0.6446572703687138,0.8922040980208888,0.20512820512820512,5,0.11363636363636363,44,18713.0
4+,rawben_rel_max <   0.965 & shelter_expenses_by_hh_size >= 466.000 & shelter_expenses_by_hh_size < 569.000 & total_deductions_by_hh_size < 255.000,test_2024,67,17,23,8,23,0.34782608695652173,0.18811054636982238,0.5511002309310836,9,23,0.391304347826087,0.22157377982382145,0.5921482039625402,3,23,0.13043478260869565,0.04537576514344702,0.32127897973018194,0,23,0.0,0.0,0.14312112541726274,1,23,0.043478260869565216,0.0077164669621267445,0.20991586494059142,0,23,0.0,0.0,0.14312112541726274,2,23,0.08695652173913043,0.02417949540723341,0.2679640429809402,9,23,0.391304347826087,0.22157377982382145,0.5921482039625402,6,23,0.2608695652173913,0.1254844588924897,0.4647039054375056,4,23,0.17391304347826086,0.06978540350612772,0.37138054785295666,2,23,0.08695652173913043,0.02417949540723341,0.2679640429809402,0,23,0.0,0.0,0.14312112541726274,1,23,0.043478260869565216,0.0077164669621267445,0.20991586494059142,0,23,0.0,0.0,0.14312112541726274,0,23,0.0,0.0,0.14312112541726274,0,23,0.0,0.0,0.14312112541726274,1,23,0.043478260869565216,0.0077164669621267445,0.20991586494059142,16,23,0.6956521739130435,0.49133870939427393,0.8439617197902755,0,23,0.0,0.0,0.14312112541726274,6,23,0.2608695652173913,0.1254844588924897,0.4647039054375056,14,23,0.6086956521739131,0.4078517960374599,0.7784262201761787,9,23,0.391304347826087,0.22157377982382145,0.5921482039625402,0,23,0.0,0.0,0.14312112541726274,0,23,0.0,0.0,0.14312112541726274,0,23,0.0,0.0,0.14312112541726274,9,23,0.391304347826087,0.22157377982382145,0.5921482039625402,311 0.30; 350 0.17; 363 0.13; 331 0.09; 150 0.04; 312 0.04,6,35 0.17; 44 0.17; 32 0.09; 37 0.09; 38 0.09; 57 0.09; 13 0.04; 99 0.04,8,unearned income 0.39; earned income 0.35; shelter deduction 0.13,"wrong amount, known item 0.39; wrong include/exclude decision 0.26; unreported source of income 0.17",12,5,3,17,0.7058823529411765,0.468664666737861,0.8672020613444361,0.29411764705882354,3,0.15,20,6218.0
1,rawben_rel_max >=   0.988 & rawben_rel_max <   1.000 & utilities < 580.000,all_2022_24,566,188,257,5,257,0.019455252918287938,0.00833792595227733,0.04472722929903227,13,257,0.05058365758754864,0.02979619786976424,0.08460886635312044,175,257,0.6809338521400778,0.6216397284538595,0.7348984924434208,42,257,0.16342412451361868,0.12323584400712291,0.21352639023772146,19,257,0.07392996108949416,0.047836820491761224,0.11257317545980478,1,257,0.0038910505836575876,0.0006871788263164199,0.021708021939205638,2,257,0.007782101167315175,0.0021366887793855555,0.027926000607583393,50,257,0.19455252918287938,0.150800719134983,0.24730142408143646,150,257,0.5836575875486382,0.5225892860436221,0.642261719317486,5,257,0.019455252918287938,0.00833792595227733,0.04472722929903227,0,257,0.0,0.0,0.014727712144075176,24,257,0.0933852140077821,0.0635578662893156,0.1351895727694848,6,257,0.023346303501945526,0.010742587363628642,0.04999005650912784,3,257,0.011673151750972763,0.003977646450290983,0.033752531558124854,0,257,0.0,0.0,0.014727712144075176,0,257,0.0,0.0,0.014727712144075176,19,257,0.07392996108949416,0.047836820491761224,0.11257317545980478,171,257,0.6653696498054474,0.6056183478587908,0.7202499185527017,29,257,0.11284046692607004,0.07972405764035045,0.1573608245256844,57,257,0.22178988326848248,0.17530290680925478,0.2764716567572928,124,257,0.48249027237354086,0.42210592801992664,0.5433903731835623,130,257,0.5058365758754864,0.44507579700674366,0.5664254359254265,1,257,0.0038910505836575876,0.0006871788263164199,0.021708021939205638,0,257,0.0,0.0,0.014727712144075176,2,257,0.007782101167315175,0.0021366887793855555,0.027926000607583393,71,257,0.27626459143968873,0.22519470555294396,0.3339246987138601,363 0.68; 364 0.16,2,53 0.54; 56 0.16; 64 0.09,3,shelter deduction 0.68; utility allowance 0.16,"wrong include/exclude decision 0.58; wrong amount, known item 0.19",187,1,185,188,0.9946808510638298,0.9704894327794852,0.9990604458704012,0.005319148936170213,185,0.4959785522788204,373,38593.0
1,rawben_rel_max >=   0.988 & rawben_rel_max <   1.000 & utilities < 580.000,train_2022_23,375,119,158,3,158,0.0189873417721519,0.006477966396770545,0.054332109628182246,9,158,0.056962025316455694,0.03025373514703126,0.10470291382331998,109,158,0.689873417721519,0.6139608752160851,0.7567719895109072,24,158,0.1518987341772152,0.10424930622012754,0.21607377511371992,11,158,0.06962025316455696,0.03931605683447239,0.12035611645101166,0,158,0.0,0.0,0.023736789552253557,2,158,0.012658227848101266,0.0034781615921472622,0.04497415227523912,3,158,0.0189873417721519,0.006477966396770545,0.054332109628182246,114,158,0.7215189873417721,0.6469999862329332,0.785521689281891,4,158,0.02531645569620253,0.009887970714336322,0.06327986746818287,0,158,0.0,0.0,0.023736789552253557,13,158,0.08227848101265822,0.048712250245835385,0.1356754473547815,5,158,0.03164556962025317,0.013591135465855646,0.07193446487422996,2,158,0.012658227848101266,0.0034781615921472622,0.04497415227523912,0,158,0.0,0.0,0.023736789552253557,0,158,0.0,0.0,0.023736789552253557,17,158,0.10759493670886076,0.06826860722930307,0.16555013900157944,108,158,0.6835443037974683,0.6073995190387373,0.7509755835306886,22,158,0.13924050632911392,0.09378299285618732,0.20182456416252728,28,158,0.17721518987341772,0.125549459130411,0.24420467083370206,73,158,0.4620253164556962,0.38611018121685253,0.539743245837749,84,158,0.5316455696202531,0.45401143838601804,0.607777372401814,1,158,0.006329113924050633,0.0011180903011854051,0.034976461408634564,0,158,0.0,0.0,0.023736789552253557,0,158,0.0,0.0,0.023736789552253557,45,158,0.2848101265822785,0.220196337626779,0.3596397490159631,363 0.69; 364 0.15,2,53 0.66; 99 0.11,2,shelter deduction 0.69; utility allowance 0.15,wrong include/exclude decision 0.72; other 0.11,118,1,116,119,0.9915966386554622,0.9539309817174007,0.9985150951816306,0.008403361344537815,116,0.49361702127659574,235,23011.0
1,rawben_rel_max >=   0.988 & rawben_rel_max <   1.000 & utilities < 580.000,test_2024,191,69,99,2,99,0.020202020202020204,0.005557603625523107,0.07069169626868313,4,99,0.04040404040404041,0.015822382974672186,0.09932168323977801,66,99,0.6666666666666666,0.5691185836060462,0.7517632385359663,18,99,0.18181818181818182,0.11821769885745204,0.2691897315987058,8,99,0.08080808080808081,0.041513905489623,0.15141969336531508,1,99,0.010101010101010102,0.0017852613200520298,0.05501665541403223,0,99,0.0,0.0,0.03735453357396229,47,99,0.47474747474747475,0.37917288365218244,0.5722086584475127,36,99,0.36363636363636365,0.27561748409823283,0.4618428432401205,1,99,0.010101010101010102,0.0017852613200520298,0.05501665541403223,0,99,0.0,0.0,0.03735453357396229,11,99,0.1111111111111111,0.0631849839688701,0.18809076436643388,1,99,0.010101010101010102,0.0017852613200520298,0.05501665541403223,1,99,0.010101010101010102,0.0017852613200520298,0.05501665541403223,0,99,0.0,0.0,0.03735453357396229,0,99,0.0,0.0,0.03735453357396229,2,99,0.020202020202020204,0.005557603625523107,0.07069169626868313,63,99,0.6363636363636364,0.5381571567598795,0.7243825159017672,7,99,0.0707070707070707,0.034669789128209616,0.13881642656660648,29,99,0.29292929292929293,0.21236502469141286,0.3889636205260867,51,99,0.5151515151515151,0.4179916540057243,0.6111794207344587,46,99,0.46464646464646464,0.36956329835017776,0.5623708605893953,0,99,0.0,0.0,0.03735453357396229,0,99,0.0,0.0,0.03735453357396229,2,99,0.020202020202020204,0.005557603625523107,0.07069169626868313,26,99,0.26262626262626265,0.18598028163201125,0.3570062141051224,363 0.67; 364 0.18,2,56 0.40; 53 0.35,2,shelter deduction 0.67; utility allowance 0.18,"wrong amount, known item 0.47; wrong include/exclude decision 0.36",69,0,69,69,1.0,0.9472609058559944,1.0,0.0,69,0.5,138,15582.0
2-3,cat_elig >   0.5 & HH_size_n >   2.5 & total_deductions_by_hh_size > 642.0,all_2022_24,78,36,63,14,63,0.2222222222222222,0.1372488386182315,0.33912515601983817,14,63,0.2222222222222222,0.1372488386182315,0.33912515601983817,10,63,0.15873015873015872,0.0885699743235259,0.2681180762318168,1,63,0.015873015873015872,0.0028074219075510873,0.0845872544616561,1,63,0.015873015873015872,0.0028074219075510873,0.0845872544616561,20,63,0.31746031746031744,0.21586527168091207,0.44003763908124804,3,63,0.047619047619047616,0.016325872842212416,0.13091177556835826,18,63,0.2857142857142857,0.18903043457341695,0.4070295041473797,21,63,0.3333333333333333,0.22949449812708317,0.4563298986557586,10,63,0.15873015873015872,0.0885699743235259,0.2681180762318168,2,63,0.031746031746031744,0.00874934404029698,0.10856681834959193,2,63,0.031746031746031744,0.00874934404029698,0.10856681834959193,3,63,0.047619047619047616,0.016325872842212416,0.13091177556835826,2,63,0.031746031746031744,0.00874934404029698,0.10856681834959193,0,63,0.0,0.0,0.057473190348525466,0,63,0.0,0.0,0.057473190348525466,5,63,0.07936507936507936,0.03437534033651937,0.17270528011541472,37,63,0.5873015873015873,0.46415095351811103,0.7004172195956385,12,63,0.19047619047619047,0.1124608184449851,0.30407020415172115,14,63,0.2222222222222222,0.1372488386182315,0.33912515601983817,27,63,0.42857142857142855,0.3139672637328724,0.5513860491740598,33,63,0.5238095238095238,0.4027014429047192,0.6421807861263035,1,63,0.015873015873015872,0.0028074219075510873,0.0845872544616561,1,63,0.015873015873015872,0.0028074219075510873,0.0845872544616561,1,63,0.015873015873015872,0.0028074219075510873,0.0845872544616561,14,63,0.2222222222222222,0.1372488386182315,0.33912515601983817,323 0.29; 311 0.21; 363 0.16; 350 0.11,4,53 0.24; 35 0.16; 38 0.11; 56 0.10; 99 0.08; 44 0.06; 52 0.05,7,dep care or child support deduction 0.32; earned income 0.22; unearned income 0.22,"wrong include/exclude decision 0.33; wrong amount, known item 0.29; unreported source of income 0.16",30,6,21,36,0.8333333333333334,0.6810888526532568,0.9212965937143589,0.16666666666666666,21,0.3684210526315789,57,18480.0
2-3,cat_elig >   0.5 & HH_size_n >   2.5 & total_deductions_by_hh_size > 642.0,train_2022_23,46,22,39,8,39,0.20512820512820512,0.10779590197911117,0.3553427296312862,9,39,0.23076923076923078,0.1264566242878376,0.38336560457382957,6,39,0.15384615384615385,0.07247373845051469,0.2972976986573431,1,39,0.02564102564102564,0.00454058606523737,0.13181286478627147,1,39,0.02564102564102564,0.00454058606523737,0.13181286478627147,13,39,0.3333333333333333,0.20632766106915157,0.4902289567975947,1,39,0.02564102564102564,0.00454058606523737,0.13181286478627147,8,39,0.20512820512820512,0.10779590197911117,0.3553427296312862,15,39,0.38461538461538464,0.24891162547007065,0.5410121868992154,6,39,0.15384615384615385,0.07247373845051469,0.2972976986573431,0,39,0.0,0.0,0.08966985360023902,1,39,0.02564102564102564,0.00454058606523737,0.13181286478627147,3,39,0.07692307692307693,0.026506914073495688,0.2032137312805527,1,39,0.02564102564102564,0.00454058606523737,0.13181286478627147,0,39,0.0,0.0,0.08966985360023902,0,39,0.0,0.0,0.08966985360023902,5,39,0.1282051282051282,0.05602734948028318,0.26706049037630475,22,39,0.5641025641025641,0.40975423474522105,0.7069547583829534,7,39,0.1794871794871795,0.08977151811469994,0.3266835162444276,10,39,0.2564102564102564,0.14568625843452188,0.410819567678415,18,39,0.46153846153846156,0.3156664723404835,0.6143081317826119,21,39,0.5384615384615384,0.3856918682173881,0.6843335276595165,0,39,0.0,0.0,0.08966985360023902,0,39,0.0,0.0,0.08966985360023902,0,39,0.0,0.0,0.08966985360023902,9,39,0.23076923076923078,0.1264566242878376,0.38336560457382957,323 0.31; 311 0.18; 363 0.15; 350 0.13,4,53 0.33; 35 0.15; 99 0.13; 38 0.10; 44 0.08,5,dep care or child support deduction 0.33; unearned income 0.23; earned income 0.21,"wrong include/exclude decision 0.38; wrong amount, known item 0.21; unreported source of income 0.15; other 0.13",19,3,12,22,0.8636363636363636,0.6666458812053,0.9525108273576373,0.13636363636363635,12,0.35294117647058826,34,9710.0
2-3,cat_elig >   0.5 & HH_size_n >   2.5 & total_deductions_by_hh_size > 642.0,test_2024,32,14,24,6,24,0.25,0.1199920347934233,0.4489982531210644,5,24,0.20833333333333334,0.0924468910478809,0.40470844485235474,4,24,0.16666666666666666,0.06678568000728924,0.3585347038786943,0,24,0.0,0.0,0.13798057582897535,0,24,0.0,0.0,0.13798057582897535,7,24,0.2916666666666667,0.14914460334164278,0.49168063658709704,2,24,0.08333333333333333,0.023158327842973503,0.258492152014506,10,24,0.4166666666666667,0.24467347246538232,0.6116566235061137,6,24,0.25,0.1199920347934233,0.4489982531210644,4,24,0.16666666666666666,0.06678568000728924,0.3585347038786943,2,24,0.08333333333333333,0.023158327842973503,0.258492152014506,1,24,0.041666666666666664,0.007393265354805126,0.20242226248842232,0,24,0.0,0.0,0.13798057582897535,1,24,0.041666666666666664,0.007393265354805126,0.20242226248842232,0,24,0.0,0.0,0.13798057582897535,0,24,0.0,0.0,0.13798057582897535,0,24,0.0,0.0,0.13798057582897535,15,24,0.625,0.42709619037907065,0.7884086656636855,5,24,0.20833333333333334,0.0924468910478809,0.40470844485235474,4,24,0.16666666666666666,0.06678568000728924,0.3585347038786943,9,24,0.375,0.21159133433631458,0.5729038096209293,12,24,0.5,0.31427131627763083,0.6857286837223692,1,24,0.041666666666666664,0.007393265354805126,0.20242226248842232,1,24,0.041666666666666664,0.007393265354805126,0.20242226248842232,1,24,0.041666666666666664,0.007393265354805126,0.20242226248842232,5,24,0.20833333333333334,0.0924468910478809,0.40470844485235474,311 0.25; 323 0.25; 363 0.17; 350 0.08,4,56 0.25; 35 0.17; 38 0.12; 53 0.08; 52 0.08; 44 0.04,6,dep care or child support deduction 0.29; earned income 0.25; unearned income 0.21,"wrong amount, known item 0.42; wrong include/exclude decision 0.25; unreported source of income 0.17",11,3,9,14,0.7857142857142857,0.5241027622679172,0.9242875166308363,0.21428571428571427,9,0.391304347826087,23,8770.0
2-3,HH_size_n >=   3.000 & rawben_rel_max >=   0.663 & total_deductions_by_hh_size >= 501.000,all_2022_24,144,52,84,19,84,0.2261904761904762,0.14985904898307534,0.32647107250833646,22,84,0.2619047619047619,0.1797835031577335,0.36485138509566806,15,84,0.17857142857142858,0.1113109090339025,0.2739461901081896,3,84,0.03571428571428571,0.01221944777306612,0.09981858432106694,3,84,0.03571428571428571,0.01221944777306612,0.09981858432106694,16,84,0.19047619047619047,0.12078595196346183,0.2872394027659602,6,84,0.07142857142857142,0.033145358330644366,0.14719744052547845,22,84,0.2619047619047619,0.1797835031577335,0.36485138509566806,23,84,0.27380952380952384,0.18992693848374492,0.3774762053569865,14,84,0.16666666666666666,0.10195649348099849,0.2605323500737637,2,84,0.023809523809523808,0.006553765293517748,0.0827160112132854,4,84,0.047619047619047616,0.018671444654442905,0.11613484302702007,5,84,0.05952380952380952,0.025690182263433017,0.13188436100535988,2,84,0.023809523809523808,0.006553765293517748,0.0827160112132854,0,84,0.0,0.0,0.043733265332143306,0,84,0.0,0.0,0.043733265332143306,12,84,0.14285714285714285,0.08364938218850576,0.23330295019159658,55,84,0.6547619047619048,0.5483359511039806,0.7476513715313083,13,84,0.15476190476190477,0.09273222805420128,0.24698835991323098,16,84,0.19047619047619047,0.12078595196346183,0.2872394027659602,42,84,0.5,0.39543750035009767,0.6045624996499024,40,84,0.47619047619047616,0.3727826732247559,0.5816808156005842,0,84,0.0,0.0,0.043733265332143306,0,84,0.0,0.0,0.043733265332143306,2,84,0.023809523809523808,0.006553765293517748,0.0827160112132854,25,84,0.2976190476190476,0.21044679186262583,0.40249286315276545,311 0.20; 363 0.18; 323 0.17; 350 0.10; 331 0.05; 342 0.05; 365 0.04,7,53 0.20; 35 0.17; 99 0.14; 38 0.13; 44 0.05; 56 0.05; 37 0.04,7,unearned income 0.26; earned income 0.23; dep care or child support deduction 0.19; shelter deduction 0.18,"wrong include/exclude decision 0.27; wrong amount, known item 0.26; unreported source of income 0.17; other 0.14",43,9,24,52,0.8269230769230769,0.7026887630639471,0.9061763124353222,0.17307692307692307,24,0.3157894736842105,76,22165.0
2-3,HH_size_n >=   3.000 & rawben_rel_max >=   0.663 & total_deductions_by_hh_size >= 501.000,train_2022_23,88,38,61,13,61,0.21311475409836064,0.1289965277061263,0.3312265389671205,16,61,0.26229508196721313,0.16838645195913188,0.38436980328441556,10,61,0.16393442622950818,0.0915591348574295,0.27613074324551673,2,61,0.03278688524590164,0.009037700815687874,0.11189700776645692,3,61,0.04918032786885246,0.016865676835230686,0.1349134279370143,13,61,0.21311475409836064,0.1289965277061263,0.3312265389671205,4,61,0.06557377049180328,0.02579328695767287,0.15683021400467229,12,61,0.19672131147540983,0.11627688559536849,0.3131017848877781,19,61,0.3114754098360656,0.20937273683536856,0.43591670697847934,8,61,0.13114754098360656,0.06797996145868099,0.23802112426406494,0,61,0.0,0.0,0.05924591620194442,3,61,0.04918032786885246,0.016865676835230686,0.1349134279370143,5,61,0.08196721311475409,0.035519042911066306,0.177948854241379,2,61,0.03278688524590164,0.009037700815687874,0.11189700776645692,0,61,0.0,0.0,0.05924591620194442,0,61,0.0,0.0,0.05924591620194442,12,61,0.19672131147540983,0.11627688559536849,0.3131017848877781,42,61,0.6885245901639344,0.5640832930215206,0.7906272631646315,7,61,0.11475409836065574,0.0567113064337431,0.2184453830989026,12,61,0.19672131147540983,0.11627688559536849,0.3131017848877781,32,61,0.5245901639344263,0.4015694171531101,0.6446971771320402,28,61,0.45901639344262296,0.3401273088828912,0.5827617006418584,0,61,0.0,0.0,0.05924591620194442,0,61,0.0,0.0,0.05924591620194442,1,61,0.01639344262295082,0.002899656114363977,0.08719065627768062,19,61,0.3114754098360656,0.20937273683536856,0.43591670697847934,323 0.20; 311 0.18; 363 0.16; 350 0.10; 331 0.07; 365 0.05,6,53 0.25; 99 0.20; 38 0.15; 35 0.13; 98 0.03,5,unearned income 0.26; dep care or child support deduction 0.21; earned income 0.21; shelter deduction 0.16,"wrong include/exclude decision 0.31; wrong amount, known item 0.20; other 0.20; unreported source of income 0.13",31,7,17,38,0.8157894736842105,0.6658083165848865,0.907783515467425,0.18421052631578946,17,0.3090909090909091,55,14180.0
2-3,HH_size_n >=   3.000 & rawben_rel_max >=   0.663 & total_deductions_by_hh_size >= 501.000,test_2024,56,14,23,6,23,0.2608695652173913,0.1254844588924897,0.4647039054375056,6,23,0.2608695652173913,0.1254844588924897,0.4647039054375056,5,23,0.21739130434782608,0.09663835601719065,0.4190388018273492,1,23,0.043478260869565216,0.0077164669621267445,0.20991586494059142,0,23,0.0,0.0,0.14312112541726274,3,23,0.13043478260869565,0.04537576514344702,0.32127897973018194,2,23,0.08695652173913043,0.02417949540723341,0.2679640429809402,10,23,0.43478260869565216,0.25634368332198654,0.6318895069498304,4,23,0.17391304347826086,0.06978540350612772,0.37138054785295666,6,23,0.2608695652173913,0.1254844588924897,0.4647039054375056,2,23,0.08695652173913043,0.02417949540723341,0.2679640429809402,1,23,0.043478260869565216,0.0077164669621267445,0.20991586494059142,0,23,0.0,0.0,0.14312112541726274,0,23,0.0,0.0,0.14312112541726274,0,23,0.0,0.0,0.14312112541726274,0,23,0.0,0.0,0.14312112541726274,0,23,0.0,0.0,0.14312112541726274,13,23,0.5652173913043478,0.3681104930501695,0.7436563166780135,6,23,0.2608695652173913,0.1254844588924897,0.4647039054375056,4,23,0.17391304347826086,0.06978540350612772,0.37138054785295666,10,23,0.43478260869565216,0.25634368332198654,0.6318895069498304,12,23,0.5217391304347826,0.3296242986421849,0.7076313046005427,0,23,0.0,0.0,0.14312112541726274,0,23,0.0,0.0,0.14312112541726274,1,23,0.043478260869565216,0.0077164669621267445,0.20991586494059142,6,23,0.2608695652173913,0.1254844588924897,0.4647039054375056,311 0.26; 363 0.22; 323 0.09; 350 0.09; 342 0.09; 333 0.04,6,35 0.26; 56 0.17; 38 0.09; 44 0.09; 53 0.09; 7 0.04; 57 0.04,7,earned income 0.26; unearned income 0.26; shelter deduction 0.22; dep care or child support deduction 0.13,"wrong amount, known item 0.43; unreported source of income 0.26; wrong include/exclude decision 0.17",12,2,7,14,0.8571428571428571,0.600580922361363,0.9599069262620787,0.14285714285714285,7,0.3333333333333333,21,7985.0
2-3,medical_deductions >= 146 & months_since_cert_n >=   8 & total_deductions_by_hh_size >= 441,all_2022_24,89,41,69,5,69,0.07246376811594203,0.03134730921766905,0.15867597418082852,11,69,0.15942028985507245,0.09141730642401869,0.26334700407986916,22,69,0.3188405797101449,0.2209460520472577,0.4358434748165124,1,69,0.014492753623188406,0.002562858644330375,0.07763307335057362,25,69,0.36231884057971014,0.25895556253460106,0.48020447788186427,1,69,0.014492753623188406,0.002562858644330375,0.07763307335057362,4,69,0.057971014492753624,0.022772020303367495,0.13979442524423166,16,69,0.2318840579710145,0.14807779670568114,0.3439707030526986,37,69,0.5362318840579711,0.4197820076036184,0.6488600870236277,4,69,0.057971014492753624,0.022772020303367495,0.13979442524423166,3,69,0.043478260869565216,0.014895633850267168,0.1202139738464336,3,69,0.043478260869565216,0.014895633850267168,0.1202139738464336,1,69,0.014492753623188406,0.002562858644330375,0.07763307335057362,1,69,0.014492753623188406,0.002562858644330375,0.07763307335057362,1,69,0.014492753623188406,0.002562858644330375,0.07763307335057362,0,69,0.0,0.0,0.05273909414400562,3,69,0.043478260869565216,0.014895633850267168,0.1202139738464336,26,69,0.37681159420289856,0.2718335694978672,0.4947833087694965,11,69,0.15942028985507245,0.09141730642401869,0.26334700407986916,32,69,0.463768115942029,0.35113991297637237,0.5802179923963817,40,69,0.5797101449275363,0.46207193076612163,0.6889406774138196,27,69,0.391304347826087,0.28481147647724914,0.509262239641013,0,69,0.0,0.0,0.05273909414400562,1,69,0.014492753623188406,0.002562858644330375,0.07763307335057362,1,69,0.014492753623188406,0.002562858644330375,0.07763307335057362,33,69,0.4782608695652174,0.36468525497597737,0.5941294882476751,365 0.36; 363 0.32; 331 0.10,3,53 0.41; 56 0.12; 38 0.10; 52 0.10; 35 0.06,5,medical deduction 0.36; shelter deduction 0.32; unearned income 0.16,"wrong include/exclude decision 0.54; wrong amount, known item 0.23",41,0,34,41,1.0,0.9143295511310926,1.0,0.0,34,0.4533333333333333,75,11217.0
2-3,medical_deductions >= 146 & months_since_cert_n >=   8 & total_deductions_by_hh_size >= 441,train_2022_23,61,27,46,3,46,0.06521739130434782,0.02242745446634356,0.17503009103781358,5,46,0.10869565217391304,0.04733076082742689,0.23038103012631456,14,46,0.30434782608695654,0.19079670807448904,0.4480591874023817,1,46,0.021739130434782608,0.0038477551112426345,0.11335554494333024,19,46,0.41304347826086957,0.2828839329710102,0.5566075761298211,1,46,0.021739130434782608,0.0038477551112426345,0.11335554494333024,3,46,0.06521739130434782,0.02242745446634356,0.17503009103781358,5,46,0.10869565217391304,0.04733076082742689,0.23038103012631456,32,46,0.6956521739130435,0.5519408125976183,0.8092032919255109,1,46,0.021739130434782608,0.0038477551112426345,0.11335554494333024,2,46,0.043478260869565216,0.012005193588830829,0.1453252291905342,2,46,0.043478260869565216,0.012005193588830829,0.1453252291905342,1,46,0.021739130434782608,0.0038477551112426345,0.11335554494333024,0,46,0.0,0.0,0.07707617732978073,1,46,0.021739130434782608,0.0038477551112426345,0.11335554494333024,0,46,0.0,0.0,0.07707617732978073,2,46,0.043478260869565216,0.012005193588830829,0.1453252291905342,16,46,0.34782608695652173,0.22680806269918055,0.49230207822727434,11,46,0.2391304347826087,0.13912036561131397,0.37935416169118025,19,46,0.41304347826086957,0.2828839329710102,0.5566075761298211,27,46,0.5869565217391305,0.4433924238701789,0.7171160670289898,18,46,0.391304347826087,0.2639302235524884,0.5354341628235508,0,46,0.0,0.0,0.07707617732978073,0,46,0.0,0.0,0.07707617732978073,1,46,0.021739130434782608,0.0038477551112426345,0.11335554494333024,23,46,0.5,0.3611870167007236,0.6388129832992764,365 0.41; 363 0.30; 331 0.07,3,53 0.54; 52 0.15; 38 0.11,3,medical deduction 0.41; shelter deduction 0.30; unearned income 0.11,"wrong include/exclude decision 0.70; wrong amount, known item 0.11",27,0,25,27,1.0,0.8754409628553641,1.0,0.0,25,0.4807692307692308,52,5919.0
2-3,medical_deductions >= 146 & months_since_cert_n >=   8 & total_deductions_by_hh_size >= 441,test_2024,28,14,23,2,23,0.08695652173913043,0.02417949540723341,0.2679640429809402,6,23,0.2608695652173913,0.1254844588924897,0.4647039054375056,8,23,0.34782608695652173,0.18811054636982238,0.5511002309310836,0,23,0.0,0.0,0.14312112541726274,6,23,0.2608695652173913,0.1254844588924897,0.4647039054375056,0,23,0.0,0.0,0.14312112541726274,1,23,0.043478260869565216,0.0077164669621267445,0.20991586494059142,11,23,0.4782608695652174,0.2923686953994572,0.6703757013578151,5,23,0.21739130434782608,0.09663835601719065,0.4190388018273492,3,23,0.13043478260869565,0.04537576514344702,0.32127897973018194,1,23,0.043478260869565216,0.0077164669621267445,0.20991586494059142,1,23,0.043478260869565216,0.0077164669621267445,0.20991586494059142,0,23,0.0,0.0,0.14312112541726274,1,23,0.043478260869565216,0.0077164669621267445,0.20991586494059142,0,23,0.0,0.0,0.14312112541726274,0,23,0.0,0.0,0.14312112541726274,1,23,0.043478260869565216,0.0077164669621267445,0.20991586494059142,10,23,0.43478260869565216,0.25634368332198654,0.6318895069498304,0,23,0.0,0.0,0.14312112541726274,13,23,0.5652173913043478,0.3681104930501695,0.7436563166780135,13,23,0.5652173913043478,0.3681104930501695,0.7436563166780135,9,23,0.391304347826087,0.22157377982382145,0.5921482039625402,0,23,0.0,0.0,0.14312112541726274,1,23,0.043478260869565216,0.0077164669621267445,0.20991586494059142,0,23,0.0,0.0,0.14312112541726274,10,23,0.43478260869565216,0.25634368332198654,0.6318895069498304,363 0.35; 365 0.26; 331 0.17,3,56 0.35; 35 0.13; 53 0.13; 37 0.09; 38 0.09,5,shelter deduction 0.35; medical deduction 0.26; unearned income 0.26,"wrong amount, known item 0.48; wrong include/exclude decision 0.22; unreported source of income 0.13",14,0,9,14,1.0,0.7846829880728186,1.0,0.0,9,0.391304347826087,23,5298.0
2-3,months_since_cert_n >=   5 & shelter_expenses_by_hh_size >= 452 & utilities >=  56 & utilities < 281,all_2022_24,36,16,31,5,31,0.16129032258064516,0.07092519905439934,0.3263470272497887,3,31,0.0967741935483871,0.03346403609464399,0.2490028999817704,8,31,0.25806451612903225,0.1370154373686976,0.432464724277151,8,31,0.25806451612903225,0.1370154373686976,0.432464724277151,1,31,0.03225806451612903,0.00571707408694444,0.16194457176169622,1,31,0.03225806451612903,0.00571707408694444,0.16194457176169622,5,31,0.16129032258064516,0.07092519905439934,0.3263470272497887,2,31,0.06451612903225806,0.017874407775063147,0.20718988318746434,14,31,0.45161290322580644,0.29161482836586106,0.6222812039633085,2,31,0.06451612903225806,0.017874407775063147,0.20718988318746434,3,31,0.0967741935483871,0.03346403609464399,0.2490028999817704,5,31,0.16129032258064516,0.07092519905439934,0.3263470272497887,1,31,0.03225806451612903,0.00571707408694444,0.16194457176169622,0,31,0.0,0.0,0.11025900073475385,0,31,0.0,0.0,0.11025900073475385,0,31,0.0,0.0,0.11025900073475385,4,31,0.12903225806451613,0.05134201164644764,0.28852756954385356,15,31,0.4838709677419355,0.3196998603127883,0.6515988171302683,7,31,0.22580645161290322,0.11394991594498799,0.3981276005869738,9,31,0.2903225806451613,0.1609562071843287,0.4659265995754067,18,31,0.5806451612903226,0.40765964352020967,0.7358469692645074,13,31,0.41935483870967744,0.26415303073549257,0.5923403564797902,0,31,0.0,0.0,0.11025900073475385,0,31,0.0,0.0,0.11025900073475385,0,31,0.0,0.0,0.11025900073475385,11,31,0.3548387096774194,0.21116447741565816,0.530523619571851,363 0.26; 364 0.26; 311 0.13; 350 0.03; 111 0.03; 160 0.03; 314 0.03,7,53 0.26; 52 0.16; 99 0.13; 64 0.10; 6 0.06; 35 0.06,6,shelter deduction 0.26; utility allowance 0.26; earned income 0.16; other element 0.16,wrong include/exclude decision 0.45; change in circumstances 0.16; other 0.13; household composition 0.10,12,4,12,16,0.75,0.5050123107060135,0.8981809801576265,0.25,12,0.42857142857142855,28,4340.0
2-3,months_since_cert_n >=   5 & shelter_expenses_by_hh_size >= 452 & utilities >=  56 & utilities < 281,train_2022_23,30,16,31,5,31,0.16129032258064516,0.07092519905439934,0.3263470272497887,3,31,0.0967741935483871,0.03346403609464399,0.2490028999817704,8,31,0.25806451612903225,0.1370154373686976,0.432464724277151,8,31,0.25806451612903225,0.1370154373686976,0.432464724277151,1,31,0.03225806451612903,0.00571707408694444,0.16194457176169622,1,31,0.03225806451612903,0.00571707408694444,0.16194457176169622,5,31,0.16129032258064516,0.07092519905439934,0.3263470272497887,2,31,0.06451612903225806,0.017874407775063147,0.20718988318746434,14,31,0.45161290322580644,0.29161482836586106,0.6222812039633085,2,31,0.06451612903225806,0.017874407775063147,0.20718988318746434,3,31,0.0967741935483871,0.03346403609464399,0.2490028999817704,5,31,0.16129032258064516,0.07092519905439934,0.3263470272497887,1,31,0.03225806451612903,0.00571707408694444,0.16194457176169622,0,31,0.0,0.0,0.11025900073475385,0,31,0.0,0.0,0.11025900073475385,0,31,0.0,0.0,0.11025900073475385,4,31,0.12903225806451613,0.05134201164644764,0.28852756954385356,15,31,0.4838709677419355,0.3196998603127883,0.6515988171302683,7,31,0.22580645161290322,0.11394991594498799,0.3981276005869738,9,31,0.2903225806451613,0.1609562071843287,0.4659265995754067,18,31,0.5806451612903226,0.40765964352020967,0.7358469692645074,13,31,0.41935483870967744,0.26415303073549257,0.5923403564797902,0,31,0.0,0.0,0.11025900073475385,0,31,0.0,0.0,0.11025900073475385,0,31,0.0,0.0,0.11025900073475385,11,31,0.3548387096774194,0.21116447741565816,0.530523619571851,363 0.26; 364 0.26; 311 0.13; 350 0.03; 111 0.03; 160 0.03; 314 0.03,7,53 0.26; 52 0.16; 99 0.13; 64 0.10; 6 0.06; 35 0.06,6,shelter deduction 0.26; utility allowance 0.26; earned income 0.16; other element 0.16,wrong include/exclude decision 0.45; change in circumstances 0.16; other 0.13; household composition 0.10,12,4,12,16,0.75,0.5050123107060135,0.8981809801576265,0.25,12,0.42857142857142855,28,4340.0
2-3,months_since_cert_n >=   5 & shelter_expenses_by_hh_size >= 452 & utilities >=  56 & utilities < 281,test_2024,6,0,0,0,0,,,,0,0,,,,0,0,,,,0,0,,,,0,0,,,,0,0,,,,0,0,,,,0,0,,,,0,0,,,,0,0,,,,0,0,,,,0,0,,,,0,0,,,,0,0,,,,0,0,,,,0,0,,,,0,0,,,,0,0,,,,0,0,,,,0,0,,,,0,0,,,,0,0,,,,0,0,,,,0,0,,,,0,0,,,,0,0,,,,,0,,0,,,0,0,0,0,,,,,0,,0,0.0
2-3,months_since_cert_n >=   3.00 & percent_abawd <   0.50 & rawben_rel_max <   0.71 & total_deductions_by_hh_size >= 204.00,all_2022_24,3457,765,1201,394,1201,0.32805995004163196,0.30209108933314,0.35512526176230697,209,1201,0.1740216486261449,0.15362775648774962,0.19649428445107592,263,1201,0.2189841798501249,0.19651082932056063,0.24324955079911653,73,1201,0.06078268109908409,0.048619005255706074,0.07574721848690043,55,1201,0.04579517069109076,0.035351081733226035,0.059135695615763255,66,1201,0.054954204829308906,0.04342701105047579,0.0693194279835018,141,1201,0.11740216486261448,0.10040466265644729,0.13683946968426872,349,1201,0.29059117402164863,0.2656123838476393,0.3169053512637646,323,1201,0.26894254787676936,0.2446306056476095,0.29472792911745843,118,1201,0.09825145711906745,0.08267616937355167,0.11638867035309793,81,1201,0.06744379683597003,0.05459480057208987,0.08305117712323543,103,1201,0.08576186511240633,0.07121627047702944,0.10294903058827243,69,1201,0.05745212323064113,0.04564761268565078,0.07207873408059634,24,1201,0.019983347210657785,0.013464921180677193,0.029562809601526872,12,1201,0.009991673605328892,0.005724740841042794,0.01738335901208313,5,1201,0.004163197335553705,0.0017795141608456634,0.009708800983651341,117,1201,0.0974188176519567,0.08190944210916949,0.11549542837339023,603,1191,0.5062972292191436,0.47792805913041897,0.5346259061818033,116,1191,0.09739714525608732,0.08182970187308333,0.1155534491655146,468,1191,0.3929471032745592,0.36559544108665387,0.42098714860556974,628,1201,0.5228975853455454,0.494620838899671,0.5510283153127998,514,1201,0.4279766860949209,0.4002665693055698,0.4561460910806586,3,1201,0.002497918401332223,0.0008498579926516205,0.0073185186636656905,17,1201,0.014154870940882597,0.00885610909211268,0.022551836981462466,39,1201,0.0324729392173189,0.023844399751768167,0.044082869691783585,489,1191,0.4105793450881612,0.3829712791770075,0.43876241338943806,311 0.30; 363 0.22; 150 0.06; 364 0.06; 350 0.05; 323 0.05; 365 0.05,7,38 0.14; 53 0.13; 52 0.10; 35 0.10; 99 0.10; 44 0.08; 56 0.04; 37 0.03; 41 0.03,9,earned income 0.33; shelter deduction 0.22; unearned income 0.17; other element 0.12,"wrong amount, known item 0.29; wrong include/exclude decision 0.27; unreported source of income 0.10; other 0.10",549,216,327,765,0.7176470588235294,0.6847217840172778,0.7483973396097475,0.2823529411764706,327,0.29945054945054944,1092,206337.0
2-3,months_since_cert_n >=   3.00 & percent_abawd <   0.50 & rawben_rel_max <   0.71 & total_deductions_by_hh_size >= 204.00,train_2022_23,2234,483,776,252,776,0.3247422680412371,0.29272750005867,0.3584837202712021,132,776,0.17010309278350516,0.1453075172054297,0.1981488975331531,161,776,0.20747422680412372,0.18041834620741853,0.23741214654905918,54,776,0.06958762886597938,0.05372349492151391,0.08969229618273086,39,776,0.05025773195876289,0.036979936897699565,0.06796650350763403,41,776,0.05283505154639175,0.039183095004536914,0.0708925921606515,97,776,0.125,0.10356194176964624,0.15013265467147716,196,776,0.25257731958762886,0.22327648886768453,0.28431582218625256,226,776,0.2912371134020619,0.26036096917572965,0.3241700432760299,71,776,0.09149484536082474,0.07317183620280193,0.11384255236020879,46,776,0.059278350515463915,0.04473365478423981,0.07816514928058566,75,776,0.09664948453608248,0.07780280927474649,0.1194700728079739,53,776,0.06829896907216494,0.05259323011175628,0.08825793761256104,2,776,0.002577319587628866,0.0007070639603068739,0.009348311387712516,12,776,0.015463917525773196,0.008867682770213119,0.026833926377080382,4,776,0.005154639175257732,0.002006277501243019,0.013178344606631195,91,776,0.1172680412371134,0.09649313172593635,0.14181372443562262,390,776,0.5025773195876289,0.4674718949871387,0.537657351772716,78,776,0.10051546391752578,0.0812877554390024,0.12367899678350024,307,776,0.3956185567010309,0.3618089424070034,0.43045656381887626,407,776,0.5244845360824743,0.48931262373687223,0.5594152204817485,337,776,0.43427835051546393,0.39981188445966176,0.46939232316404034,2,776,0.002577319587628866,0.0007070639603068739,0.009348311387712516,0,776,0.0,0.0,0.00492612858816457,30,776,0.03865979381443299,0.027212158764933582,0.05465267122105332,325,776,0.41881443298969073,0.3845845569545036,0.45384417011006956,311 0.30; 363 0.21; 364 0.07; 150 0.06; 365 0.05; 350 0.05; 323 0.05,7,53 0.15; 38 0.15; 99 0.12; 52 0.12; 35 0.09; 44 0.09; 41 0.04,7,earned income 0.32; shelter deduction 0.21; unearned income 0.17; other element 0.12,"wrong include/exclude decision 0.29; wrong amount, known item 0.25; other 0.12; change in circumstances 0.10",344,139,205,483,0.7122153209109731,0.6702896468257081,0.7507918712697051,0.28778467908902694,205,0.29796511627906974,688,129462.0
2-3,months_since_cert_n >=   3.00 & percent_abawd <   0.50 & rawben_rel_max <   0.71 & total_deductions_by_hh_size >= 204.00,test_2024,1223,282,425,142,425,0.3341176470588235,0.29093563297517283,0.3802716379612288,77,425,0.1811764705882353,0.1474660996155388,0.2205989388508786,102,425,0.24,0.20183984910023905,0.28281835570078767,19,425,0.04470588235294118,0.028804204645843674,0.06876468792428013,16,425,0.03764705882352941,0.023303624956037466,0.0602740876539332,25,425,0.058823529411764705,0.04015774668209958,0.08539350580833045,44,425,0.10352941176470588,0.07802894564860516,0.13613311325612795,153,425,0.36,0.315806184940635,0.4067020791829948,97,425,0.22823529411764706,0.19087230618011755,0.27046726535398735,47,425,0.11058823529411765,0.08418895409079483,0.14396428477409143,35,425,0.08235294117647059,0.05980798166930795,0.11238053735496581,28,425,0.06588235294117648,0.045971623414400545,0.0935708090361826,16,425,0.03764705882352941,0.023303624956037466,0.0602740876539332,22,425,0.05176470588235294,0.03442982263785345,0.07713024989242347,0,425,0.0,0.0,0.008958086155820702,1,425,0.002352941176470588,0.00041546202496947366,0.013206350784235602,26,425,0.0611764705882353,0.04208682875155694,0.08812815039225746,213,415,0.5132530120481927,0.46526294072773716,0.56099997107472,38,415,0.09156626506024096,0.06743813693117884,0.12318667206582626,161,415,0.38795180722891565,0.3423008740749694,0.43565814432243916,221,425,0.52,0.4725347895583041,0.5671068869954632,177,425,0.4164705882352941,0.3705543106155982,0.46388339318925653,1,425,0.002352941176470588,0.00041546202496947366,0.013206350784235602,17,425,0.04,0.02512148705069132,0.06311995221266373,9,425,0.021176470588235293,0.011180088805012579,0.03975153723126748,164,415,0.39518072289156625,0.34931112607421966,0.4429731169427109,311 0.31; 363 0.24; 150 0.07; 331 0.05; 323 0.05; 350 0.05,6,38 0.13; 56 0.12; 35 0.11; 53 0.08; 52 0.08; 99 0.06; 44 0.06; 37 0.05; 57 0.04; 97 0.04,10,earned income 0.33; shelter deduction 0.24; unearned income 0.18,"wrong amount, known item 0.36; wrong include/exclude decision 0.23; unreported source of income 0.11; household composition 0.08",205,77,122,282,0.7269503546099291,0.6721606974126678,0.775639762702305,0.2730496453900709,122,0.30198019801980197,404,76875.0
2-3,married <=   0.500 & percent_abawd <=   0.417 & rawben_rel_max <=   0.711 & total_deductions_by_hh_size > 218.000,all_2022_24,3510,740,1155,433,1155,0.3748917748917749,0.34743101279831273,0.40318201317521113,181,1155,0.15670995670995672,0.1368865018539966,0.17880944830864864,242,1155,0.20952380952380953,0.18703519898053367,0.23393829731093535,73,1155,0.0632034632034632,0.05056686215314796,0.07873605551912063,9,1155,0.007792207792207792,0.004104819180068265,0.014742968127532705,96,1155,0.08311688311688312,0.06854444316045967,0.10045328698661134,121,1155,0.10476190476190476,0.08839097485068219,0.12375329059508712,372,1155,0.3220779220779221,0.2957574274263782,0.34957805241832185,288,1155,0.24935064935064935,0.22525804374768618,0.27510507749338764,116,1155,0.10043290043290043,0.08440077830885906,0.11911418007717059,70,1155,0.06060606060606061,0.04824758605903093,0.07587774737739388,98,1155,0.08484848484848485,0.07012181090332129,0.10232764206764561,66,1155,0.05714285714285714,0.04516619679704921,0.07205569099158386,21,1155,0.01818181818181818,0.011922302909764506,0.027635821341211637,12,1155,0.01038961038961039,0.005953110414444444,0.01807226112900032,4,1155,0.003463203463203463,0.0013475495191296238,0.008870930728731689,108,1155,0.09350649350649351,0.07803713018313556,0.11167093690731066,695,1145,0.6069868995633187,0.5783833390006827,0.6348749552672128,93,1145,0.08122270742358079,0.0667642790851518,0.09848182620908545,357,1145,0.31179039301310046,0.2856257447728657,0.33921374571912216,629,1155,0.5445887445887446,0.5157670810343947,0.5731147816809238,470,1155,0.4069264069264069,0.37894826109279417,0.4355216371228032,2,1155,0.0017316017316017316,0.00047498621796403804,0.006291771206001412,16,1155,0.013852813852813853,0.0085446081499061,0.022384209041330393,38,1155,0.0329004329004329,0.02406257325200136,0.044835195002089635,475,1145,0.4148471615720524,0.38663967585445813,0.4436241307486454,311 0.35; 363 0.21; 323 0.08; 350 0.07; 364 0.06,5,38 0.16; 52 0.11; 53 0.11; 35 0.10; 99 0.09; 44 0.08; 56 0.04; 41 0.04; 37 0.03,9,earned income 0.37; shelter deduction 0.21; unearned income 0.16; other element 0.10,"wrong amount, known item 0.32; wrong include/exclude decision 0.25; unreported source of income 0.10; other 0.09",517,223,291,740,0.6986486486486486,0.6646319902495867,0.7306134491020171,0.3013513513513513,291,0.2822502424830262,1031,198519.0
2-3,married <=   0.500 & percent_abawd <=   0.417 & rawben_rel_max <=   0.711 & total_deductions_by_hh_size > 218.000,train_2022_23,2232,455,735,273,735,0.37142857142857144,0.33724928258089065,0.4069448721608023,110,735,0.14965986394557823,0.12569357576043186,0.1772693326626997,149,735,0.20272108843537415,0.17523649013892584,0.23329708458128479,53,735,0.07210884353741497,0.05554953466514486,0.09311778455456338,5,735,0.006802721088435374,0.0029090708664141285,0.015825120603042923,55,735,0.07482993197278912,0.057939554266835606,0.09614164527579977,90,735,0.12244897959183673,0.10069357657191098,0.1481305286219492,197,735,0.2680272108843537,0.23727187913485803,0.30119482333560377,198,735,0.2693877551020408,0.23857446317185926,0.3025991794600662,73,735,0.09931972789115646,0.07973598074697372,0.12307014170200586,46,735,0.06258503401360545,0.047246388459751744,0.08247234962971156,71,735,0.09659863945578231,0.07729179531917568,0.12010044680687676,48,735,0.0653061224489796,0.04960825351442352,0.08552436489796689,3,735,0.004081632653061225,0.0013890485518961533,0.011931262594633764,12,735,0.0163265306122449,0.009363612867746141,0.02831915973195588,3,735,0.004081632653061225,0.0013890485518961533,0.011931262594633764,84,735,0.11428571428571428,0.09326216588684545,0.13932029833823334,448,735,0.6095238095238096,0.5737715807789617,0.6441371022188555,57,735,0.07755102040816327,0.06033671996740076,0.09915835989816174,230,735,0.3129251700680272,0.28044861479348515,0.34734711300527443,398,735,0.5414965986394558,0.5053508240549915,0.5772108508696472,307,735,0.41768707482993195,0.38255065211930295,0.4536794681121512,1,735,0.0013605442176870747,0.00024020366930016957,0.007666227154302616,0,735,0.0,0.0,0.005199490662139218,29,735,0.03945578231292517,0.027609952607936118,0.056090802736646524,307,735,0.41768707482993195,0.38255065211930295,0.4536794681121512,311 0.34; 363 0.20; 364 0.07; 323 0.07; 350 0.07; 150 0.05,6,38 0.16; 52 0.13; 53 0.12; 99 0.11; 35 0.10; 44 0.10; 41 0.04,7,earned income 0.37; shelter deduction 0.20; unearned income 0.15; other element 0.12,"wrong include/exclude decision 0.27; wrong amount, known item 0.27; other 0.11; unreported source of income 0.10",318,137,176,455,0.6989010989010989,0.6552281470113588,0.7392434963618661,0.3010989010989011,176,0.27892234548335976,631,124089.0
2-3,married <=   0.500 & percent_abawd <=   0.417 & rawben_rel_max <=   0.711 & total_deductions_by_hh_size > 218.000,test_2024,1278,285,420,160,420,0.38095238095238093,0.33578585525603777,0.4282769455638912,71,420,0.16904761904761906,0.1362396176674183,0.20785496861198424,93,420,0.22142857142857142,0.18434351018128323,0.2635634437373505,20,420,0.047619047619047616,0.031034368625026718,0.0724042744907033,4,420,0.009523809523809525,0.0037096205826394665,0.024229118795467824,41,420,0.09761904761904762,0.07277535853973993,0.12975690823161995,31,420,0.07380952380952381,0.052482415560593895,0.10286241137475176,175,420,0.4166666666666667,0.370479797147521,0.4643641634264293,90,420,0.21428571428571427,0.17772503436563225,0.25602568760219724,43,420,0.10238095238095238,0.07689983113075784,0.13506992360780487,24,420,0.05714285714285714,0.03869695219912745,0.08361666685100827,27,420,0.06428571428571428,0.04455351113029295,0.09191633987064703,18,420,0.04285714285714286,0.027278322956422244,0.06672283219210495,18,420,0.04285714285714286,0.027278322956422244,0.06672283219210495,0,420,0.0,0.0,0.00906376344370161,1,420,0.002380952380952381,0.0004204094577228085,0.013362097969580222,24,420,0.05714285714285714,0.03869695219912745,0.08361666685100827,247,410,0.6024390243902439,0.5543268107215555,0.6486494004664931,36,410,0.08780487804878048,0.06409673318198156,0.1191656551327746,127,410,0.3097560975609756,0.2669368432858879,0.3561073359363072,231,420,0.55,0.5021813515024306,0.5969122721531993,163,420,0.3880952380952381,0.34270405279740934,0.4355149799733239,1,420,0.002380952380952381,0.0004204094577228085,0.013362097969580222,16,420,0.0380952380952381,0.02358263448315223,0.06098103269817212,9,420,0.02142857142857143,0.011313657247250123,0.04021880204886428,168,410,0.4097560975609756,0.3632039620893709,0.4579836613878242,311 0.36; 363 0.22; 323 0.09; 350 0.08; 150 0.05,5,38 0.18; 56 0.12; 35 0.10; 52 0.08; 53 0.08; 44 0.06; 99 0.06; 57 0.05; 37 0.05,9,earned income 0.38; shelter deduction 0.22; unearned income 0.17,"wrong amount, known item 0.42; wrong include/exclude decision 0.21; unreported source of income 0.10; change in circumstances 0.06",199,86,115,285,0.6982456140350877,0.6426065905907058,0.7486112949216303,0.3017543859649123,115,0.2875,400,74430.0
2-3,married <= 0.500 & rawben_rel_max > 0.997 & unc_rawben_rel_max > 1.510,all_2022_24,167,68,94,30,94,0.3191489361702128,0.23361018709048176,0.4188893632030539,38,94,0.40425531914893614,0.310700313212545,0.505328860472268,12,94,0.1276595744680851,0.07455740366811686,0.21000049399504478,2,94,0.02127659574468085,0.005854213528540098,0.07429165489552492,1,94,0.010638297872340425,0.001880347339052478,0.057824318161102874,7,94,0.07446808510638298,0.03653811601751902,0.14581376702609433,4,94,0.0425531914893617,0.016670278401570267,0.10435799587031408,26,94,0.2765957446808511,0.19629891934748106,0.37443581925041597,29,94,0.30851063829787234,0.22419957891141779,0.4078587684582082,12,94,0.1276595744680851,0.07455740366811686,0.21000049399504478,3,94,0.031914893617021274,0.01091242972824407,0.0896746416197306,7,94,0.07446808510638298,0.03653811601751902,0.14581376702609433,4,94,0.0425531914893617,0.016670278401570267,0.10435799587031408,2,94,0.02127659574468085,0.005854213528540098,0.07429165489552492,0,94,0.0,3.469446951953614e-18,0.03926346257624569,0,94,0.0,3.469446951953614e-18,0.03926346257624569,11,94,0.11702127659574468,0.0666129428495252,0.1975037518897268,58,94,0.6170212765957447,0.5159937196695321,0.7088595124934742,8,94,0.0851063829787234,0.04375496466822986,0.15903812129929315,28,94,0.2978723404255319,0.21484309822217876,0.3967740462235376,49,94,0.5212765957446809,0.4214523691602429,0.6194300366875766,43,94,0.4574468085106383,0.3603878625239666,0.5578473257803948,0,94,0.0,3.469446951953614e-18,0.03926346257624569,1,94,0.010638297872340425,0.001880347339052478,0.057824318161102874,1,94,0.010638297872340425,0.001880347339052478,0.057824318161102874,36,94,0.3829787234042553,0.2911404875065257,0.48400628033046794,311 0.28; 331 0.15; 363 0.13; 342 0.06; 333 0.06; 323 0.06; 346 0.04,7,38 0.22; 37 0.15; 35 0.13; 99 0.12; 52 0.07; 53 0.07,6,unearned income 0.40; earned income 0.32; shelter deduction 0.13,"wrong include/exclude decision 0.31; wrong amount, known item 0.28; unreported source of income 0.13; other 0.12",66,2,5,68,0.9705882352941176,0.8989517657574696,0.9918969903949547,0.029411764705882353,5,0.0684931506849315,73,24975.0
2-3,married <= 0.500 & rawben_rel_max > 0.997 & unc_rawben_rel_max > 1.510,train_2022_23,100,47,62,18,62,0.2903225806451613,0.19223406385395198,0.4128788131113709,29,62,0.46774193548387094,0.34908630867622215,0.5901618262415199,8,62,0.12903225806451613,0.06685798258498754,0.23449556896904517,2,62,0.03225806451612903,0.008891184997076397,0.11020677131018222,1,62,0.016129032258064516,0.0028527936922403963,0.08586923007388922,1,62,0.016129032258064516,0.0028527936922403963,0.08586923007388922,3,62,0.04838709677419355,0.016591385000846108,0.13288250384754152,19,62,0.3064516129032258,0.20581430019850633,0.4296745093079456,20,62,0.3225806451612903,0.2195432864054263,0.44632145564215464,7,62,0.11290322580645161,0.05577792691334926,0.21519969209955447,2,62,0.03225806451612903,0.008891184997076397,0.11020677131018222,4,62,0.06451612903225806,0.025372494807644003,0.15447732658187266,3,62,0.04838709677419355,0.016591385000846108,0.13288250384754152,2,62,0.03225806451612903,0.008891184997076397,0.11020677131018222,0,62,0.0,0.0,0.05834609122500061,0,62,0.0,0.0,0.05834609122500061,5,62,0.08064516129032258,0.034937831855833754,0.17528792207481192,34,62,0.5483870967741935,0.42532294530598713,0.6658048523173997,6,62,0.0967741935483871,0.0451112577973332,0.1954904286744415,22,62,0.3548387096774194,0.2474256057638604,0.4791910013659786,34,62,0.5483870967741935,0.42532294530598713,0.6658048523173997,27,62,0.43548387096774194,0.3194239439101423,0.5590723259253417,0,62,0.0,0.0,0.05834609122500061,0,62,0.0,0.0,0.05834609122500061,1,62,0.016129032258064516,0.0028527936922403963,0.08586923007388922,28,62,0.45161290322580644,0.3341951476826002,0.5746770546940128,311 0.26; 331 0.19; 363 0.13; 333 0.10; 350 0.05; 342 0.05,6,38 0.29; 37 0.19; 35 0.11; 99 0.08; 52 0.06; 53 0.06,6,unearned income 0.47; earned income 0.29,"wrong include/exclude decision 0.32; wrong amount, known item 0.31; unreported source of income 0.11; other 0.08",45,2,3,47,0.9574468085106383,0.8575121280614056,0.9882519706294303,0.0425531914893617,3,0.06,50,13932.0
2-3,married <= 0.500 & rawben_rel_max > 0.997 & unc_rawben_rel_max > 1.510,test_2024,67,21,32,12,32,0.375,0.2293366846595921,0.5474589941047487,9,32,0.28125,0.15564406845647866,0.4537483693811179,4,32,0.125,0.04970053844474301,0.2806864978482796,0,32,0.0,0.0,0.1071827150573635,0,32,0.0,0.0,0.1071827150573635,6,32,0.1875,0.08889423936162782,0.3530949575492244,1,32,0.03125,0.005537717362550945,0.15744607800372734,7,32,0.21875,0.11023696931531854,0.3875533079044484,9,32,0.28125,0.15564406845647866,0.4537483693811179,5,32,0.15625,0.06864319106627216,0.31754492553566527,1,32,0.03125,0.005537717362550945,0.15744607800372734,3,32,0.09375,0.032400962626319516,0.24218499335778831,1,32,0.03125,0.005537717362550945,0.15744607800372734,0,32,0.0,0.0,0.1071827150573635,0,32,0.0,0.0,0.1071827150573635,0,32,0.0,0.0,0.1071827150573635,6,32,0.1875,0.08889423936162782,0.3530949575492244,24,32,0.75,0.5789310822975338,0.8674775601737845,2,32,0.0625,0.017310203195157234,0.2014746724800358,6,32,0.1875,0.08889423936162782,0.3530949575492244,15,32,0.46875,0.30869129901682335,0.6355076206742619,16,32,0.5,0.33630614316859386,0.6636938568314061,0,32,0.0,0.0,0.1071827150573635,1,32,0.03125,0.005537717362550945,0.15744607800372734,0,32,0.0,0.0,0.1071827150573635,8,32,0.25,0.1325224398262155,0.42106891770246624,311 0.31; 323 0.16; 363 0.12; 342 0.09; 331 0.06,5,99 0.19; 35 0.16; 38 0.09; 52 0.09; 53 0.09; 41 0.06; 56 0.06,7,earned income 0.38; unearned income 0.28; dep care or child support deduction 0.19,"wrong include/exclude decision 0.28; wrong amount, known item 0.22; other 0.19; unreported source of income 0.16",21,0,2,21,1.0,0.8453561767357979,0.9999999999999999,0.0,2,0.08695652173913043,23,11043.0
1,unc_rawben_rel_max >=   2.49 & utilities < 827.00,all_2022_24,218,82,131,20,131,0.15267175572519084,0.10105740445609404,0.22407667879417884,73,131,0.5572519083969466,0.47176553459047255,0.6394761000386033,23,131,0.17557251908396945,0.11993681310262834,0.24969392399927487,7,131,0.05343511450381679,0.02612180457645892,0.10619344531674911,5,131,0.03816793893129771,0.016411091437379455,0.08623972255474167,2,131,0.015267175572519083,0.004196756321735894,0.05395740381875487,1,131,0.007633587786259542,0.0013487543306202332,0.04197318785932708,30,131,0.22900763358778625,0.16538500851400117,0.30807125424170617,40,131,0.3053435114503817,0.23295541856168153,0.3888230236994603,37,131,0.2824427480916031,0.2124018199725307,0.3648799684369809,1,131,0.007633587786259542,0.0013487543306202332,0.04197318785932708,8,131,0.061068702290076333,0.031265849149484756,0.1158816186942667,1,131,0.007633587786259542,0.0013487543306202332,0.04197318785932708,3,131,0.022900763358778626,0.007818301484185438,0.06516807660684877,0,131,0.0,0.0,0.02848972423940386,0,131,0.0,0.0,0.02848972423940386,11,131,0.08396946564885496,0.047532584159918706,0.1441115375354631,63,131,0.48091603053435117,0.3971249733448441,0.5657944817787972,13,131,0.09923664122137404,0.05891432592747981,0.16239423166898892,55,131,0.4198473282442748,0.33879650074096535,0.5054652107783283,67,131,0.5114503816793893,0.4267511692343854,0.5954971576914297,58,131,0.44274809160305345,0.36052389996139655,0.5282344654095275,0,131,0.0,0.0,0.02848972423940386,0,131,0.0,0.0,0.02848972423940386,6,131,0.04580152671755725,0.021157596293058425,0.09632543564960615,55,131,0.4198473282442748,0.33879650074096535,0.5054652107783283,331 0.30; 363 0.18; 311 0.15; 346 0.08; 342 0.07,5,35 0.28; 38 0.17; 37 0.13; 53 0.10; 99 0.08,5,unearned income 0.56; shelter deduction 0.18; earned income 0.15,"wrong include/exclude decision 0.31; unreported source of income 0.28; wrong amount, known item 0.23",82,0,2,82,1.0,0.9552478052599207,1.0,0.0,2,0.023809523809523808,84,24956.0
1,unc_rawben_rel_max >=   2.49 & utilities < 827.00,train_2022_23,142,55,88,9,88,0.10227272727272728,0.05474388075144594,0.18307427572666424,50,88,0.5681818181818182,0.46398482983322936,0.6666749147705233,15,88,0.17045454545454544,0.10610728809302103,0.2623706129888417,6,88,0.06818181818181818,0.031620497305043585,0.14086778687119028,5,88,0.056818181818181816,0.024510666532829656,0.1262009935427788,2,88,0.022727272727272728,0.00625479714413793,0.07912699062959425,1,88,0.011363636363636364,0.00200873360043052,0.06159643007267622,15,88,0.17045454545454544,0.10610728809302103,0.2623706129888417,32,88,0.36363636363636365,0.27079145605030686,0.4678890547421881,24,88,0.2727272727272727,0.19065350395100786,0.3738140140364836,1,88,0.011363636363636364,0.00200873360043052,0.06159643007267622,4,88,0.045454545454545456,0.017815960935119883,0.11111907503986312,1,88,0.011363636363636364,0.00200873360043052,0.06159643007267622,3,88,0.03409090909090909,0.011660785880160493,0.09549762599419709,0,88,0.0,3.469446951953614e-18,0.04182853957248131,0,88,0.0,3.469446951953614e-18,0.04182853957248131,8,88,0.09090909090909091,0.04678586169975407,0.16925567067773065,40,88,0.45454545454545453,0.3545923104525652,0.5583011931449331,10,88,0.11363636363636363,0.0629073263742009,0.19668745420453468,38,88,0.4318181818181818,0.3333250852294768,0.5360151701667708,46,88,0.5227272727272727,0.4196177626380677,0.6239354855631831,38,88,0.4318181818181818,0.3333250852294768,0.5360151701667708,0,88,0.0,3.469446951953614e-18,0.04182853957248131,0,88,0.0,3.469446951953614e-18,0.04182853957248131,4,88,0.045454545454545456,0.017815960935119883,0.11111907503986312,35,88,0.3977272727272727,0.3018157656690707,0.5021946174253005,331 0.31; 363 0.17; 311 0.10; 346 0.10; 342 0.08,5,35 0.27; 37 0.15; 38 0.14; 53 0.12; 99 0.09,5,unearned income 0.57; shelter deduction 0.17; earned income 0.10,"wrong include/exclude decision 0.36; unreported source of income 0.27; wrong amount, known item 0.17",55,0,2,55,1.0,0.9347128562105721,0.9999999999999999,0.0,2,0.03508771929824561,57,17045.0
1,unc_rawben_rel_max >=   2.49 & utilities < 827.00,test_2024,76,27,43,11,43,0.2558139534883721,0.14929365877065542,0.40238689868254857,23,43,0.5348837209302325,0.38915389728872773,0.6748917373608144,8,43,0.18604651162790697,0.0974163558010598,0.3261729323530596,1,43,0.023255813953488372,0.004116981177419918,0.12059267861216882,0,43,0.0,0.0,0.08201257002322722,0,43,0.0,0.0,0.08201257002322722,0,43,0.0,0.0,0.08201257002322722,15,43,0.3488372093023256,0.22418398748963103,0.49828492902901905,8,43,0.18604651162790697,0.0974163558010598,0.3261729323530596,13,43,0.3023255813953488,0.18601827946182872,0.4510564575240983,0,43,0.0,0.0,0.08201257002322722,4,43,0.09302325581395349,0.036771045103346514,0.2160298839853268,0,43,0.0,0.0,0.08201257002322722,0,43,0.0,0.0,0.08201257002322722,0,43,0.0,0.0,0.08201257002322722,0,43,0.0,0.0,0.08201257002322722,3,43,0.06976744186046512,0.024011153791962503,0.18609268553034927,23,43,0.5348837209302325,0.38915389728872773,0.6748917373608144,3,43,0.06976744186046512,0.024011153791962503,0.18609268553034927,17,43,0.3953488372093023,0.263651061984564,0.5442120340668091,21,43,0.4883720930232558,0.34617209277756,0.6324793623392592,20,43,0.46511627906976744,0.3251082626391856,0.6108461027112723,0,43,0.0,0.0,0.08201257002322722,0,43,0.0,0.0,0.08201257002322722,2,43,0.046511627906976744,0.012848990317319689,0.15455775923863058,20,43,0.46511627906976744,0.3251082626391856,0.6108461027112723,331 0.28; 311 0.23; 363 0.19; 334 0.07,4,35 0.30; 38 0.23; 37 0.09; 99 0.07; 39 0.07,5,unearned income 0.53; earned income 0.26,"wrong amount, known item 0.35; unreported source of income 0.30; wrong include/exclude decision 0.19",27,0,0,27,1.0,0.8754409628553641,1.0,0.0,0,0.0,27,7911.0
2-3,children_i <   1 & total_deductions_by_hh_size >= 570 & utilities < 553,all_2022_24,151,66,112,16,112,0.14285714285714285,0.08988584177181091,0.21951596207067742,23,112,0.20535714285714285,0.14091826779571093,0.289338220374342,35,112,0.3125,0.23408095733633788,0.40335498968096856,4,112,0.03571428571428571,0.01397438629425541,0.08824795870097946,19,112,0.16964285714285715,0.11137815153115602,0.24981851702314575,4,112,0.03571428571428571,0.01397438629425541,0.08824795870097946,11,112,0.09821428571428571,0.05572918231381242,0.16734784700898697,20,112,0.17857142857142858,0.11867570210914295,0.25978592134909656,54,112,0.48214285714285715,0.39173830204135623,0.5737317881507682,14,112,0.125,0.07593957320877778,0.19893232082583498,5,112,0.044642857142857144,0.019216974525702958,0.1002703253734697,2,112,0.017857142857142856,0.004910708625338288,0.062781726562021,3,112,0.026785714285714284,0.009150654164698513,0.07580673592659858,0,112,0.0,0.0,0.03316252537948371,2,112,0.017857142857142856,0.004910708625338288,0.062781726562021,0,112,0.0,0.0,0.03316252537948371,12,112,0.10714285714285714,0.06235950740307568,0.17798247682366153,79,112,0.7053571428571429,0.6152493563162676,0.7818446064743015,13,112,0.11607142857142858,0.06909968490657367,0.18850725422410133,20,112,0.17857142857142858,0.11867570210914295,0.25978592134909656,62,112,0.5535714285714286,0.4612486640178568,0.64234106540577,48,112,0.42857142857142855,0.34079005131078005,0.5210903094577175,0,112,0.0,0.0,0.03316252537948371,1,112,0.008928571428571428,0.0015778140883850773,0.04884966619503642,1,112,0.008928571428571428,0.0015778140883850773,0.04884966619503642,37,112,0.33035714285714285,0.25014641827449424,0.4218194385506877,363 0.31; 365 0.17; 311 0.12; 331 0.11; 150 0.07,5,53 0.24; 52 0.14; 35 0.12; 99 0.11; 38 0.10; 37 0.08,6,shelter deduction 0.31; unearned income 0.21; medical deduction 0.17; earned income 0.14,"wrong include/exclude decision 0.48; wrong amount, known item 0.18; unreported source of income 0.12",62,4,40,66,0.9393939393939394,0.8542688489926583,0.9761817706953214,0.06060606060606061,40,0.37735849056603776,106,24815.0
2-3,children_i <   1 & total_deductions_by_hh_size >= 570 & utilities < 553,train_2022_23,88,36,68,9,68,0.1323529411764706,0.07122163958543325,0.2328027696704853,15,68,0.22058823529411764,0.1384889157967965,0.3325696352377016,20,68,0.29411764705882354,0.19918862654604713,0.41106504263726723,2,68,0.029411764705882353,0.008103009605045342,0.10104823424253043,14,68,0.20588235294117646,0.1267944614096761,0.31642506599505876,2,68,0.029411764705882353,0.008103009605045342,0.10104823424253043,6,68,0.08823529411764706,0.041067556020174006,0.17943978234645483,7,68,0.10294117647058823,0.05076512677817478,0.19758123521821724,36,68,0.5294117647058824,0.4124071581374707,0.643270889122056,10,68,0.14705882352941177,0.08188729839104542,0.2499761344946364,2,68,0.029411764705882353,0.008103009605045342,0.10104823424253043,1,68,0.014705882352941176,0.0026006166023507804,0.07871160361546173,3,68,0.04411764705882353,0.0151163456535321,0.12187392182380694,0,68,0.0,0.0,0.05347319658804926,2,68,0.029411764705882353,0.008103009605045342,0.10104823424253043,0,68,0.0,0.0,0.05347319658804926,7,68,0.10294117647058823,0.05076512677817478,0.19758123521821724,50,68,0.7352941176470589,0.6199204078287541,0.825503970247458,8,68,0.11764705882352941,0.06083419938921196,0.21535118623694333,10,68,0.14705882352941177,0.08188729839104542,0.2499761344946364,40,68,0.5882352941176471,0.4696125189030847,0.6974216228754949,28,68,0.4117647058823529,0.3025783771245051,0.5303874810969154,0,68,0.0,0.0,0.05347319658804926,0,68,0.0,0.0,0.05347319658804926,0,68,0.0,0.0,0.05347319658804926,21,68,0.3088235294117647,0.21172233668927842,0.42637035612379925,363 0.29; 365 0.21; 331 0.12; 311 0.10; 150 0.04,5,53 0.29; 52 0.16; 35 0.15; 38 0.10; 99 0.10,5,shelter deduction 0.29; unearned income 0.22; medical deduction 0.21; earned income 0.13,"wrong include/exclude decision 0.53; unreported source of income 0.15; wrong amount, known item 0.10",33,3,20,36,0.9166666666666666,0.7817298972308114,0.9712519107287082,0.08333333333333333,20,0.35714285714285715,56,14667.0
2-3,children_i <   1 & total_deductions_by_hh_size >= 570 & utilities < 553,test_2024,63,30,44,7,44,0.1590909090909091,0.07926576557718398,0.29366490563782555,8,44,0.18181818181818182,0.09512692558258554,0.3196083675514233,15,44,0.3409090909090909,0.21875632628639946,0.4886113202806049,2,44,0.045454545454545456,0.012554846366981079,0.15135271525303162,5,44,0.11363636363636363,0.04952707589567494,0.23979435148133582,2,44,0.045454545454545456,0.012554846366981079,0.15135271525303162,5,44,0.11363636363636363,0.04952707589567494,0.23979435148133582,13,44,0.29545454545454547,0.18155360887243294,0.4422047938565727,18,44,0.4090909090909091,0.2768764387900683,0.5559050735339343,4,44,0.09090909090909091,0.035921611478836546,0.21159519397917487,3,44,0.06818181818181818,0.023458970172840127,0.1822532133661719,1,44,0.022727272727272728,0.004023148385637013,0.11807979131537633,0,44,0.0,6.938893903907228e-18,0.08029831778201396,0,44,0.0,6.938893903907228e-18,0.08029831778201396,0,44,0.0,6.938893903907228e-18,0.08029831778201396,0,44,0.0,6.938893903907228e-18,0.08029831778201396,5,44,0.11363636363636363,0.04952707589567494,0.23979435148133582,29,44,0.6590909090909091,0.5113886797193951,0.7812436737136005,5,44,0.11363636363636363,0.04952707589567494,0.23979435148133582,10,44,0.22727272727272727,0.12841810830185085,0.36992642867015674,22,44,0.5,0.35831521095931473,0.6416847890406853,20,44,0.45454545454545453,0.3170500778685361,0.599340678293465,0,44,0.0,6.938893903907228e-18,0.08029831778201396,1,44,0.022727272727272728,0.004023148385637013,0.11807979131537633,1,44,0.022727272727272728,0.004023148385637013,0.11807979131537633,16,44,0.36363636363636365,0.23783334127491423,0.5113389272110895,363 0.34; 311 0.16; 150 0.11; 365 0.11; 331 0.09,5,56 0.20; 53 0.16; 99 0.11; 52 0.11; 37 0.09; 35 0.09,6,shelter deduction 0.34; unearned income 0.18; earned income 0.16; other element 0.11,"wrong include/exclude decision 0.41; wrong amount, known item 0.30; other 0.11",29,1,20,30,0.9666666666666667,0.8332924860304112,0.9940915620051425,0.03333333333333333,20,0.4,50,10148.0
4+,elderly_disabled_i <=   0.500 & months_since_cert_n >   5.500 & rawben_rel_max >   0.767 & shelter_expenses_by_hh_size > 166.000,all_2022_24,1028,250,370,174,370,0.4702702702702703,0.4199791993024267,0.5211723472349303,61,370,0.16486486486486487,0.13053694426874998,0.20608048942509252,54,370,0.14594594594594595,0.11361063965758467,0.18555777819639413,11,370,0.02972972972972973,0.016680018413948883,0.05244444499515272,0,370,0.0,0.0,0.010276009946458605,18,370,0.04864864864864865,0.03099087128791474,0.07558260796105058,52,370,0.14054054054054055,0.1088101751225509,0.17965852392003825,111,370,0.3,0.2555558907688758,0.3485545132097076,62,370,0.16756756756756758,0.1329697459765196,0.20899754712301774,59,370,0.15945945945945947,0.12568203632445146,0.2002356785580014,35,370,0.0945945945945946,0.06880292474107674,0.1287181644047005,44,370,0.11891891891891893,0.08978908539257988,0.1558807384044507,24,370,0.06486486486486487,0.04397275967103885,0.09469987601209538,4,370,0.010810810810810811,0.004211853542822946,0.027463594026414927,2,370,0.005405405405405406,0.001483579827611688,0.019492148930236555,4,370,0.010810810810810811,0.004211853542822946,0.027463594026414927,25,370,0.06756756756756757,0.04618185659123768,0.09784063849759138,180,366,0.4918032786885246,0.4409365129466533,0.5428403255701603,27,366,0.07377049180327869,0.05119153468069972,0.10520406819361183,159,366,0.4344262295081967,0.3845842167283914,0.4856304914061179,204,370,0.5513513513513514,0.5004035939477401,0.6012437347604614,155,370,0.4189189189189189,0.36973070602951696,0.46977351179963833,1,370,0.002702702702702703,0.0004772405361049212,0.015148628816048504,4,370,0.010810810810810811,0.004211853542822946,0.027463594026414927,6,370,0.016216216216216217,0.0074525822474979676,0.03492258413312955,149,366,0.40710382513661203,0.3579880119097974,0.4581494912807576,311 0.37; 363 0.15; 312 0.10; 350 0.09; 150 0.06,5,35 0.16; 38 0.16; 53 0.09; 99 0.07; 44 0.06; 39 0.06; 56 0.04; 41 0.03; 37 0.03; 12 0.03; 6 0.02,11,earned income 0.47; unearned income 0.16; shelter deduction 0.15,"wrong amount, known item 0.30; wrong include/exclude decision 0.17; unreported source of income 0.16; change in circumstances 0.12; household composition 0.09",186,64,75,250,0.744,0.686492019930042,0.7941226626121417,0.256,75,0.23076923076923078,325,97783.0
4+,elderly_disabled_i <=   0.500 & months_since_cert_n >   5.500 & rawben_rel_max >   0.767 & shelter_expenses_by_hh_size > 166.000,train_2022_23,719,171,245,115,245,0.46938775510204084,0.4078503488572681,0.5318703409309347,44,245,0.17959183673469387,0.13658964915158467,0.2324869039649361,32,245,0.1306122448979592,0.09405919862986994,0.178570458147775,7,245,0.02857142857142857,0.013907365478111736,0.05779125726020855,0,245,0.0,0.0,0.01543793320730939,12,245,0.04897959183673469,0.028237018866415334,0.08364781067976988,35,245,0.14285714285714285,0.1045442329529285,0.1921971479094354,60,245,0.24489795918367346,0.19526067263275215,0.30241174226893636,49,245,0.2,0.15471626207668943,0.2545464978476963,35,245,0.14285714285714285,0.1045442329529285,0.1921971479094354,26,245,0.10612244897959183,0.07345489088483728,0.15095131772336973,36,245,0.1469387755102041,0.10806303373060801,0.19671558849332887,14,245,0.05714285714285714,0.034340157918925536,0.09361915435040566,0,245,0.0,0.0,0.01543793320730939,2,245,0.00816326530612245,0.0022414768957745006,0.029270939034680858,3,245,0.012244897959183673,0.004172872119330246,0.0353767851726981,20,245,0.08163265306122448,0.053463675811352175,0.1227190846274169,128,245,0.5224489795918368,0.460039354199408,0.5841654732892435,19,245,0.07755102040816327,0.05020663572295501,0.1179388833542411,98,245,0.4,0.3406546541613424,0.4624329324801196,139,245,0.5673469387755102,0.5047398486776214,0.6278746337883329,99,245,0.40408163265306124,0.3445735471003562,0.4665512809026788,1,245,0.004081632653061225,0.0007208535639181141,0.022754321004964263,0,245,0.0,0.0,0.01543793320730939,6,245,0.024489795918367346,0.011270980874658696,0.05239040050208861,97,245,0.39591836734693875,0.3367400905323634,0.4583102547475255,311 0.37; 363 0.13; 350 0.11; 312 0.10; 150 0.05,5,38 0.17; 35 0.14; 53 0.13; 39 0.09; 99 0.08; 44 0.07; 41 0.04; 6 0.03; 52 0.03,9,earned income 0.47; unearned income 0.18; other element 0.14,"wrong amount, known item 0.24; wrong include/exclude decision 0.20; change in circumstances 0.15; unreported source of income 0.14; household composition 0.11",128,43,53,171,0.7485380116959064,0.678535980394046,0.8076183444348276,0.25146198830409355,53,0.23660714285714285,224,58518.0
4+,elderly_disabled_i <=   0.500 & months_since_cert_n >   5.500 & rawben_rel_max >   0.767 & shelter_expenses_by_hh_size > 166.000,test_2024,309,79,125,59,125,0.472,0.38662908900238147,0.559040632578226,17,125,0.136,0.08667558082869227,0.20703079971920535,22,125,0.176,0.11919679971877231,0.25212426428540025,4,125,0.032,0.012512936695839402,0.07939526686574319,0,125,0.0,0.0,0.0298164567965626,6,125,0.048,0.022181703179511375,0.10077237376458122,17,125,0.136,0.08667558082869227,0.20703079971920535,51,125,0.408,0.3258356798197311,0.4956505482308364,13,125,0.104,0.061790380266841645,0.16982425351603594,24,125,0.192,0.13255445195236562,0.2698124854343169,9,125,0.072,0.03833870320042581,0.13118418381743177,8,125,0.064,0.032783186697971346,0.12121676362863126,10,125,0.08,0.04403255671516807,0.14101326699394454,4,125,0.032,0.012512936695839402,0.07939526686574319,0,125,0.0,0.0,0.0298164567965626,1,125,0.008,0.0014135587198986672,0.043925834767918934,5,125,0.04,0.01720435534409861,0.09022678490873898,52,121,0.4297520661157025,0.3450473325021868,0.5187801096324862,8,121,0.06611570247933884,0.03387931400325629,0.12505488741678317,61,121,0.5041322314049587,0.4162985233990828,0.5917116270635834,65,125,0.52,0.4331334951087107,0.6056738466194269,56,125,0.448,0.36366742825085785,0.5354334832559847,0,125,0.0,0.0,0.0298164567965626,4,125,0.032,0.012512936695839402,0.07939526686574319,0,125,0.0,0.0,0.0298164567965626,52,121,0.4297520661157025,0.3450473325021868,0.5187801096324862,311 0.36; 363 0.18; 312 0.11; 150 0.07; 350 0.06,5,35 0.19; 38 0.14; 56 0.13; 44 0.06; 57 0.05; 99 0.04; 37 0.04; 12 0.04; 54 0.04; 33 0.03,10,earned income 0.47; shelter deduction 0.18; other element 0.14,"wrong amount, known item 0.41; unreported source of income 0.19; wrong include/exclude decision 0.10; method or computation 0.08",58,21,22,79,0.7341772151898734,0.6275675648945112,0.8190679419040057,0.26582278481012656,22,0.21782178217821782,101,39265.0
2-3,shelter_expenses_by_hh_size > 770.000 & shelter_expenses_by_hh_size <= 782.000 & unc_rawben_rel_max <=   0.998,all_2022_24,102,33,42,13,42,0.30952380952380953,0.1907092651972273,0.46026277766340595,6,42,0.14285714285714285,0.06715875684189933,0.2784138235217878,12,42,0.2857142857142857,0.1716685874457567,0.43567496077245566,2,42,0.047619047619047616,0.013157248639206365,0.1579013531547973,2,42,0.047619047619047616,0.013157248639206365,0.1579013531547973,2,42,0.047619047619047616,0.013157248639206365,0.1579013531547973,5,42,0.11904761904761904,0.05193726765019084,0.2500068180710754,10,42,0.23809523809523808,0.13480820811018188,0.38527835082318873,12,42,0.2857142857142857,0.1716685874457567,0.43567496077245566,6,42,0.14285714285714285,0.06715875684189933,0.2784138235217878,3,42,0.07142857142857142,0.024589963551172864,0.19009713288525165,4,42,0.09523809523809523,0.0376616388283121,0.2206539522505333,2,42,0.047619047619047616,0.013157248639206365,0.1579013531547973,0,42,0.0,0.0,0.08380161250916197,0,42,0.0,0.0,0.08380161250916197,0,42,0.0,0.0,0.08380161250916197,5,42,0.11904761904761904,0.05193726765019084,0.2500068180710754,19,42,0.4523809523809524,0.3122316381863852,0.6005113725287732,7,42,0.16666666666666666,0.08315811295836502,0.30604296204774295,15,42,0.35714285714285715,0.22988992501626865,0.5083391071292063,23,42,0.5476190476190477,0.39948862747122693,0.6877683618136149,19,42,0.4523809523809524,0.3122316381863852,0.6005113725287732,0,42,0.0,0.0,0.08380161250916197,0,42,0.0,0.0,0.08380161250916197,0,42,0.0,0.0,0.08380161250916197,16,42,0.38095238095238093,0.24999520898785943,0.5318623178000363,363 0.29; 311 0.26; 334 0.05; 312 0.05; 520 0.05; 365 0.05; 150 0.05,7,53 0.17; 38 0.17; 35 0.14; 99 0.12; 52 0.10; 44 0.05; 64 0.05,7,earned income 0.31; shelter deduction 0.29; unearned income 0.14; other element 0.12,"wrong include/exclude decision 0.29; wrong amount, known item 0.24; unreported source of income 0.14; other 0.12",27,6,16,33,0.8181818181818182,0.656114329507048,0.9138934877430174,0.18181818181818182,16,0.32653061224489793,49,7321.0
2-3,shelter_expenses_by_hh_size > 770.000 & shelter_expenses_by_hh_size <= 782.000 & unc_rawben_rel_max <=   0.998,train_2022_23,70,28,36,12,36,0.3333333333333333,0.20214424774586046,0.49666302907033155,5,36,0.1388888888888889,0.060817253631150966,0.2865985128039319,10,36,0.2777777777777778,0.15848170025813796,0.43992800216345146,2,36,0.05555555555555555,0.015369663767066846,0.18144974107611211,2,36,0.05555555555555555,0.015369663767066846,0.18144974107611211,1,36,0.027777777777777776,0.004920280295569679,0.141700337350308,4,36,0.1111111111111111,0.04406568908741834,0.2531512901503632,9,36,0.25,0.13750323839225387,0.41070767683203424,9,36,0.25,0.13750323839225387,0.41070767683203424,5,36,0.1388888888888889,0.060817253631150966,0.2865985128039319,2,36,0.05555555555555555,0.015369663767066846,0.18144974107611211,4,36,0.1111111111111111,0.04406568908741834,0.2531512901503632,2,36,0.05555555555555555,0.015369663767066846,0.18144974107611211,0,36,0.0,0.0,0.09642183044857634,0,36,0.0,0.0,0.09642183044857634,0,36,0.0,0.0,0.09642183044857634,5,36,0.1388888888888889,0.060817253631150966,0.2865985128039319,18,36,0.5,0.34474067624730526,0.6552593237526947,6,36,0.16666666666666666,0.07870340628564097,0.3189111473467432,12,36,0.3333333333333333,0.20214424774586046,0.49666302907033155,18,36,0.5,0.34474067624730526,0.6552593237526947,18,36,0.5,0.34474067624730526,0.6552593237526947,0,36,0.0,0.0,0.09642183044857634,0,36,0.0,0.0,0.09642183044857634,0,36,0.0,0.0,0.09642183044857634,12,36,0.3333333333333333,0.20214424774586046,0.49666302907033155,311 0.28; 363 0.28; 334 0.06; 312 0.06; 520 0.06; 365 0.06,6,53 0.19; 38 0.19; 99 0.14; 35 0.14; 44 0.06; 64 0.06,6,earned income 0.33; shelter deduction 0.28; unearned income 0.14,"wrong amount, known item 0.25; wrong include/exclude decision 0.25; other 0.14; unreported source of income 0.14",24,4,13,28,0.8571428571428571,0.6850982695512267,0.9430108706929821,0.14285714285714285,13,0.3170731707317073,41,6540.0
2-3,shelter_expenses_by_hh_size > 770.000 & shelter_expenses_by_hh_size <= 782.000 & unc_rawben_rel_max <=   0.998,test_2024,32,5,6,1,6,0.16666666666666666,0.03005258587173032,0.563509436563646,1,6,0.16666666666666666,0.03005258587173032,0.563509436563646,2,6,0.3333333333333333,0.09676933255921683,0.7000116786584712,0,6,0.0,0.0,0.3903430336530645,0,6,0.0,0.0,0.3903430336530645,1,6,0.16666666666666666,0.03005258587173032,0.563509436563646,1,6,0.16666666666666666,0.03005258587173032,0.563509436563646,1,6,0.16666666666666666,0.03005258587173032,0.563509436563646,3,6,0.5,0.18761280689940868,0.8123871931005913,1,6,0.16666666666666666,0.03005258587173032,0.563509436563646,1,6,0.16666666666666666,0.03005258587173032,0.563509436563646,0,6,0.0,0.0,0.3903430336530645,0,6,0.0,0.0,0.3903430336530645,0,6,0.0,0.0,0.3903430336530645,0,6,0.0,0.0,0.3903430336530645,0,6,0.0,0.0,0.3903430336530645,0,6,0.0,0.0,0.3903430336530645,1,6,0.16666666666666666,0.03005258587173032,0.563509436563646,1,6,0.16666666666666666,0.03005258587173032,0.563509436563646,3,6,0.5,0.18761280689940868,0.8123871931005913,5,6,0.8333333333333334,0.43649056343635395,0.9699474141282697,1,6,0.16666666666666666,0.03005258587173032,0.563509436563646,0,6,0.0,0.0,0.3903430336530645,0,6,0.0,0.0,0.3903430336530645,0,6,0.0,0.0,0.3903430336530645,4,6,0.6666666666666666,0.29998832134152864,0.9032306674407831,363 0.33; 323 0.17; 350 0.17; 150 0.17,4,52 0.33; 35 0.17; 57 0.17; 13 0.17,4,shelter deduction 0.33; dep care or child support deduction 0.17; unearned income 0.17; other element 0.17,"wrong include/exclude decision 0.50; unreported source of income 0.17; wrong amount, known item 0.17",3,2,3,5,0.6,0.23071993220883708,0.8823817688407467,0.4,3,0.375,8,781.0
2-3,rawben_rel_max <   0.577 & total_deductions_by_hh_size >= 451.000 & utilities < 488.000,all_2022_24,322,109,197,69,197,0.350253807106599,0.28707893859046,0.4191572196556404,26,197,0.1319796954314721,0.09168170962351936,0.18635630640503253,43,197,0.2182741116751269,0.16628011560881734,0.28104553804062576,6,197,0.030456852791878174,0.014031696125459774,0.0648443932902788,9,197,0.04568527918781726,0.024218293620032146,0.08453208478762841,14,197,0.07106598984771574,0.04280089112385386,0.11573996893701005,30,197,0.15228426395939088,0.10880060721400828,0.20906979413710622,50,197,0.25380710659898476,0.19814467553664894,0.3188876524272788,58,197,0.29441624365482233,0.23519063040964222,0.36150646819941085,27,197,0.13705583756345177,0.09593107649291302,0.19206503586627946,14,197,0.07106598984771574,0.04280089112385386,0.11573996893701005,12,197,0.06091370558375635,0.03518474494003208,0.1034399224595505,8,197,0.04060913705583756,0.020718275799418533,0.07807400627760136,0,197,0.0,1.734723475976807e-18,0.01912751143189459,9,197,0.04568527918781726,0.024218293620032146,0.08453208478762841,0,197,0.0,1.734723475976807e-18,0.01912751143189459,19,197,0.09644670050761421,0.06261516655158897,0.14571617516247826,114,197,0.5786802030456852,0.5088690794154545,0.6454814137094758,24,197,0.1218274111675127,0.0832494527329842,0.17487237063428632,59,197,0.29949238578680204,0.23986424141253218,0.3667909535271616,80,197,0.40609137055837563,0.33994335204236026,0.4758318658407874,105,197,0.5329949238578681,0.4633605326702853,0.6013670934788792,0,197,0.0,1.734723475976807e-18,0.01912751143189459,0,197,0.0,1.734723475976807e-18,0.01912751143189459,12,197,0.06091370558375635,0.03518474494003208,0.1034399224595505,57,197,0.2893401015228426,0.23052619596566404,0.3562128063127483,311 0.32; 363 0.22; 150 0.08; 323 0.06; 365 0.05; 372 0.04,6,38 0.16; 52 0.14; 35 0.14; 53 0.12; 99 0.10; 44 0.06; 13 0.05,7,earned income 0.35; shelter deduction 0.22; other element 0.15; unearned income 0.13,"wrong include/exclude decision 0.29; wrong amount, known item 0.25; unreported source of income 0.14; other 0.10",98,11,48,109,0.8990825688073395,0.8282813962673976,0.9427108619068929,0.10091743119266056,48,0.3057324840764331,157,39370.0
2-3,rawben_rel_max <   0.577 & total_deductions_by_hh_size >= 451.000 & utilities < 488.000,train_2022_23,214,74,140,49,140,0.35,0.27595527877221365,0.43205686792248393,16,140,0.11428571428571428,0.07158199283635171,0.17759209866429904,31,140,0.22142857142857142,0.16060708217700126,0.29712976168457983,6,140,0.04285714285714286,0.01978727129897899,0.09034498529438482,8,140,0.05714285714285714,0.02923613475481686,0.10870448882000434,8,140,0.05714285714285714,0.02923613475481686,0.10870448882000434,22,140,0.15714285714285714,0.10612334356349176,0.22647584888153113,32,140,0.22857142857142856,0.16681522885706668,0.3048257984952431,44,140,0.3142857142857143,0.24321755943242296,0.3952736698086311,19,140,0.1357142857142857,0.08863403938424923,0.20225260258858757,9,140,0.06428571428571428,0.034185972138626834,0.11765883492692303,9,140,0.06428571428571428,0.034185972138626834,0.11765883492692303,6,140,0.04285714285714286,0.01978727129897899,0.09034498529438482,0,140,0.0,0.0,0.02670715564899167,7,140,0.05,0.024427961911698888,0.09960847817239363,0,140,0.0,0.0,0.02670715564899167,14,140,0.1,0.06050550128408537,0.160860223235108,75,140,0.5357142857142857,0.4532519717538835,0.6162689456997601,19,140,0.1357142857142857,0.08863403938424923,0.20225260258858757,46,140,0.32857142857142857,0.2562544989688083,0.41004509725370325,55,140,0.39285714285714285,0.31585380215457726,0.4755834454844925,75,140,0.5357142857142857,0.4532519717538835,0.6162689456997601,0,140,0.0,0.0,0.02670715564899167,0,140,0.0,0.0,0.02670715564899167,10,140,0.07142857142857142,0.03925796000206603,0.12649103055421254,35,140,0.25,0.18559816206588395,0.3277554157586119,311 0.31; 363 0.22; 150 0.07; 365 0.06; 323 0.05; 364 0.04,6,38 0.16; 52 0.16; 53 0.14; 35 0.14; 99 0.10; 44 0.06,6,earned income 0.35; shelter deduction 0.22; other element 0.16; unearned income 0.11,"wrong include/exclude decision 0.31; wrong amount, known item 0.23; unreported source of income 0.14; other 0.10",68,6,30,74,0.918918918918919,0.8341786176052062,0.9623106631906666,0.08108108108108109,30,0.28846153846153844,104,27705.0
2-3,rawben_rel_max <   0.577 & total_deductions_by_hh_size >= 451.000 & utilities < 488.000,test_2024,108,35,57,20,57,0.3508771929824561,0.24000246078174026,0.48058345411859105,10,57,0.17543859649122806,0.09818747133596609,0.2936759905059315,12,57,0.21052631578947367,0.12474426566891902,0.33286368678466527,0,57,0.0,0.0,0.06314100878346394,1,57,0.017543859649122806,0.003103584706680096,0.09290966938262721,6,57,0.10526315789473684,0.04914398953912691,0.21123049107939723,8,57,0.14035087719298245,0.07287189227128286,0.253247078958928,18,57,0.3157894736842105,0.2100412363168152,0.44480018797182935,14,57,0.24561403508771928,0.1523270046544784,0.3710254384107928,8,57,0.14035087719298245,0.07287189227128286,0.253247078958928,5,57,0.08771929824561403,0.038051110766638294,0.18945112454604246,3,57,0.05263157894736842,0.01805996809628102,0.14369777660471303,2,57,0.03508771929824561,0.009675461353255768,0.11921003804189491,0,57,0.0,0.0,0.06314100878346394,2,57,0.03508771929824561,0.009675461353255768,0.11921003804189491,0,57,0.0,0.0,0.06314100878346394,5,57,0.08771929824561403,0.038051110766638294,0.18945112454604246,39,57,0.6842105263157895,0.5551998120281706,0.7899587636831847,5,57,0.08771929824561403,0.038051110766638294,0.18945112454604246,13,57,0.22807017543859648,0.13841760968495653,0.3520625880744711,25,57,0.43859649122807015,0.31772495285894004,0.567222188570608,30,57,0.5263157894736842,0.3991779445222314,0.6501304234365335,0,57,0.0,0.0,0.06314100878346394,0,57,0.0,0.0,0.06314100878346394,2,57,0.03508771929824561,0.009675461353255768,0.11921003804189491,22,57,0.38596491228070173,0.2706253699552471,0.5157050355567709,311 0.33; 363 0.21; 150 0.09; 323 0.09; 342 0.05,5,38 0.14; 35 0.14; 56 0.11; 52 0.09; 99 0.09; 33 0.07; 53 0.07; 7 0.05,8,earned income 0.35; shelter deduction 0.21; unearned income 0.18; other element 0.14,"wrong amount, known item 0.32; wrong include/exclude decision 0.25; unreported source of income 0.14; other 0.09",30,5,18,35,0.8571428571428571,0.7062411969132573,0.9373986119514649,0.14285714285714285,18,0.33962264150943394,53,11665.0
1,elderly_disabled_i >=   1.000 & rawben_rel_max >=   0.992 & unc_rawben_rel_max >=   1.550 & utilities < 612.000,all_2022_24,896,275,392,44,392,0.11224489795918367,0.08468367467055737,0.14733236406817043,252,392,0.6428571428571429,0.5942469419047952,0.6886945175072524,57,392,0.14540816326530612,0.11395220117794452,0.18374667635286573,16,392,0.04081632653061224,0.025277434615126104,0.06526787441757788,10,392,0.025510204081632654,0.013914367464320242,0.046315785202807214,1,392,0.002551020408163265,0.00045044817833100187,0.014306969940431652,12,392,0.030612244897959183,0.017596453672960876,0.052738751116025426,63,392,0.16071428571428573,0.12767674823476655,0.2003372856616203,169,392,0.43112244897959184,0.38299921143618293,0.4805825849187227,84,392,0.21428571428571427,0.17654094572094475,0.2575761354549599,1,392,0.002551020408163265,0.00045044817833100187,0.014306969940431652,22,392,0.05612244897959184,0.037350988186505646,0.08350947721177487,11,392,0.02806122448979592,0.01573966307798787,0.04954301565006901,15,392,0.03826530612244898,0.02332396728172653,0.062168815690048035,1,392,0.002551020408163265,0.00045044817833100187,0.014306969940431652,0,392,0.0,0.0,0.009704892057833234,26,392,0.0663265306122449,0.045661371036930846,0.09540919860506736,155,391,0.39641943734015345,0.3491675426336337,0.4456869002619478,43,391,0.10997442455242967,0.08267702653346828,0.14486130782643708,193,391,0.4936061381074169,0.4443532992973373,0.5429833947085629,235,392,0.5994897959183674,0.5502428525972194,0.646805663779028,137,392,0.3494897959183674,0.3039557094111196,0.3979452529940446,5,392,0.012755102040816327,0.005460109848760327,0.029507412513720018,1,392,0.002551020408163265,0.00045044817833100187,0.014306969940431652,14,392,0.03571428571428571,0.021391235292564138,0.059049021618281,181,391,0.4629156010230179,0.4140918874161662,0.5124609378180544,331 0.44; 363 0.15; 311 0.10; 333 0.09,4,37 0.28; 35 0.21; 38 0.12; 53 0.07; 52 0.07,5,unearned income 0.64; shelter deduction 0.15,"wrong include/exclude decision 0.43; unreported source of income 0.21; wrong amount, known item 0.16",272,3,5,275,0.9890909090909091,0.9684222226352915,0.9962831871744356,0.01090909090909091,5,0.017857142857142856,280,69024.0
1,elderly_disabled_i >=   1.000 & rawben_rel_max >=   0.992 & unc_rawben_rel_max >=   1.550 & utilities < 612.000,train_2022_23,591,186,265,27,265,0.1018867924528302,0.07097053483006453,0.14418069176581944,171,265,0.6452830188679245,0.5859788297957128,0.7004351775602916,37,265,0.13962264150943396,0.10302197662638629,0.18652249863339493,10,265,0.03773584905660377,0.020624073630747176,0.06805863023651146,7,265,0.026415094339622643,0.01285300940285369,0.05351171986523576,1,265,0.0037735849056603774,0.0006664241191722108,0.021062355950578898,12,265,0.045283018867924525,0.026090445969371483,0.07747090763066658,42,265,0.15849056603773584,0.11944313749629681,0.207297962095433,121,265,0.45660377358490567,0.39767694280780297,0.5167708212287151,51,265,0.19245283018867926,0.14951776241358866,0.24417726097564874,1,265,0.0037735849056603774,0.0006664241191722108,0.021062355950578898,12,265,0.045283018867924525,0.026090445969371483,0.07747090763066658,10,265,0.03773584905660377,0.020624073630747176,0.06805863023651146,10,265,0.03773584905660377,0.020624073630747176,0.06805863023651146,1,265,0.0037735849056603774,0.0006664241191722108,0.021062355950578898,0,265,0.0,8.673617379884035e-19,0.014289455203361383,17,265,0.06415094339622641,0.04043463112697457,0.10032334680501215,100,265,0.37735849056603776,0.32114108087271986,0.43708086096961407,31,265,0.1169811320754717,0.08364696293381682,0.16126156312762605,134,265,0.5056603773584906,0.44581401439377616,0.5653449729058084,164,265,0.6188679245283019,0.5590888634667083,0.675249869824568,87,265,0.3283018867924528,0.2745670444051117,0.38694367417415565,4,265,0.01509433962264151,0.005885045418703938,0.03816170925021635,0,265,0.0,8.673617379884035e-19,0.014289455203361383,10,265,0.03773584905660377,0.020624073630747176,0.06805863023651146,127,265,0.47924528301886793,0.41982337994866586,0.5392603332861906,331 0.47; 363 0.14; 311 0.10; 333 0.08,4,37 0.29; 35 0.19; 38 0.14; 53 0.09; 52 0.08,5,unearned income 0.65; shelter deduction 0.14,"wrong include/exclude decision 0.46; unreported source of income 0.19; wrong amount, known item 0.16",183,3,4,186,0.9838709677419355,0.953659015789476,0.9944998703556052,0.016129032258064516,4,0.021052631578947368,190,45317.0
1,elderly_disabled_i >=   1.000 & rawben_rel_max >=   0.992 & unc_rawben_rel_max >=   1.550 & utilities < 612.000,test_2024,305,89,127,17,127,0.13385826771653545,0.08528178945456724,0.20393509569510995,81,127,0.6377952755905512,0.5512931338949045,0.7162058878229589,20,127,0.15748031496062992,0.10431731296129931,0.2307565473400116,6,127,0.047244094488188976,0.021829492501269893,0.09924515042575026,3,127,0.023622047244094488,0.008065533976537018,0.0671521337988494,0,127,0.0,0.0,0.02936069262375269,0,127,0.0,0.0,0.02936069262375269,21,127,0.16535433070866143,0.1107695500392402,0.23958996864594861,48,127,0.3779527559055118,0.29837563538262496,0.4646966596672674,33,127,0.25984251968503935,0.19141857187461628,0.3423688474171074,0,127,0.0,0.0,0.02936069262375269,10,127,0.07874015748031496,0.0433298959009003,0.1388873805616315,1,127,0.007874015748031496,0.001391276231238591,0.04325507477639201,5,127,0.03937007874015748,0.01693154776967802,0.08885743677346422,0,127,0.0,0.0,0.02936069262375269,0,127,0.0,0.0,0.02936069262375269,9,127,0.07086614173228346,0.037727631027679204,0.12920398705097466,55,126,0.4365079365079365,0.3530579106505297,0.523715018826618,12,126,0.09523809523809523,0.05532106791219582,0.15910635750461977,59,126,0.46825396825396826,0.3833575217542421,0.5550289429843318,71,127,0.5590551181102362,0.4722284228757405,0.6424140150033437,50,127,0.3937007874015748,0.31304739392858366,0.48059621788906454,1,127,0.007874015748031496,0.001391276231238591,0.04325507477639201,1,127,0.007874015748031496,0.001391276231238591,0.04325507477639201,4,127,0.031496062992125984,0.012314800861092427,0.07818852529817191,54,126,0.42857142857142855,0.34553656104284475,0.5158329846189462,331 0.37; 363 0.16; 311 0.12; 333 0.11,4,35 0.26; 37 0.26; 38 0.08; 99 0.07; 52 0.07; 39 0.04,6,unearned income 0.64; shelter deduction 0.16,"wrong include/exclude decision 0.38; unreported source of income 0.26; wrong amount, known item 0.17",89,0,1,89,1.0,0.9586219970358116,1.0,0.0,1,0.011111111111111112,90,23707.0
1,shelter_expenses_by_hh_size > 1990.000 & total_deductions_by_hh_size >  828.000 & unc_rawben_rel_max <=    0.998,all_2022_24,217,78,110,27,110,0.24545454545454545,0.17452312248223445,0.33356530916313953,20,110,0.18181818181818182,0.12089480448542876,0.2642157350712887,36,110,0.32727272727272727,0.2467099922053786,0.419492872125411,8,110,0.07272727272727272,0.03730997379864303,0.13698132217752032,10,110,0.09090909090909091,0.05012978804195375,0.15929804853096863,1,110,0.00909090909090909,0.0016065339495988408,0.049706869937908016,8,110,0.07272727272727272,0.03730997379864303,0.13698132217752032,34,110,0.3090909090909091,0.23039855434915507,0.4006677693848754,38,110,0.34545454545454546,0.26316254590275023,0.4381768590247983,17,110,0.15454545454545454,0.09878570478208984,0.23362002387948907,1,110,0.00909090909090909,0.0016065339495988408,0.049706869937908016,8,110,0.07272727272727272,0.03730997379864303,0.13698132217752032,3,110,0.02727272727272727,0.009317801045153465,0.07713214343911239,2,110,0.01818181818181818,0.005000250085743785,0.06388142410014258,2,110,0.01818181818181818,0.005000250085743785,0.06388142410014258,0,110,0.0,0.0,0.03374513358912735,5,110,0.045454545454545456,0.019569172065837193,0.10201731301518767,60,110,0.5454545454545454,0.4524389026806324,0.6354024488112651,10,110,0.09090909090909091,0.05012978804195375,0.15929804853096863,40,110,0.36363636363636365,0.27975087737355164,0.45672506815075586,61,110,0.5545454545454546,0.4613851929493401,0.644024428840937,46,110,0.41818181818181815,0.3302895479049346,0.5115960194096499,0,110,0.0,0.0,0.03374513358912735,1,110,0.00909090909090909,0.0016065339495988408,0.049706869937908016,2,110,0.01818181818181818,0.005000250085743785,0.06388142410014258,43,110,0.39090909090909093,0.3048783929724045,0.4843023634470416,363 0.33; 311 0.24; 365 0.09; 364 0.07; 346 0.06,5,53 0.21; 35 0.15; 38 0.14; 52 0.09; 56 0.08; 99 0.05; 57 0.05,7,shelter deduction 0.33; earned income 0.25; unearned income 0.18,"wrong include/exclude decision 0.35; wrong amount, known item 0.31; unreported source of income 0.15",67,11,41,78,0.8589743589743589,0.7648582105386765,0.9193903867516988,0.14102564102564102,41,0.3445378151260504,119,18232.0
1,shelter_expenses_by_hh_size > 1990.000 & total_deductions_by_hh_size >  828.000 & unc_rawben_rel_max <=    0.998,train_2022_23,114,42,56,13,56,0.23214285714285715,0.1409924724565329,0.35768403351924316,8,56,0.14285714285714285,0.0742070004258528,0.25736167420851525,20,56,0.35714285714285715,0.2445639270270599,0.4880635428266874,3,56,0.05357142857142857,0.01838544792866792,0.14607539536429218,6,56,0.10714285714285714,0.050038674581190865,0.21468686751661398,1,56,0.017857142857142856,0.003159128964463985,0.0944585817919329,5,56,0.08928571428571429,0.03874157726308829,0.19256239856643498,9,56,0.16071428571428573,0.08692569640589272,0.278064544496757,27,56,0.48214285714285715,0.35668005624426746,0.609898377487451,9,56,0.16071428571428573,0.08692569640589272,0.278064544496757,1,56,0.017857142857142856,0.003159128964463985,0.0944585817919329,4,56,0.07142857142857142,0.028125581246379636,0.16975682831486205,2,56,0.03571428571428571,0.009849218502577639,0.12119005852210082,0,56,0.0,0.0,0.06419614448811528,0,56,0.0,0.0,0.06419614448811528,0,56,0.0,0.0,0.06419614448811528,4,56,0.07142857142857142,0.028125581246379636,0.16975682831486205,30,56,0.5357142857142857,0.4070395665724008,0.6598035659641625,6,56,0.10714285714285714,0.050038674581190865,0.21468686751661398,20,56,0.35714285714285715,0.2445639270270599,0.4880635428266874,36,56,0.6428571428571429,0.5119364571733127,0.7554360729729401,18,56,0.32142857142857145,0.21400827887722298,0.45177605843996116,0,56,0.0,0.0,0.06419614448811528,0,56,0.0,0.0,0.06419614448811528,2,56,0.03571428571428571,0.009849218502577639,0.12119005852210082,26,56,0.4642857142857143,0.34019643403583766,0.5929604334275992,363 0.36; 311 0.21; 365 0.11; 364 0.05; 346 0.05,5,53 0.29; 35 0.16; 52 0.16; 38 0.11; 99 0.07,5,shelter deduction 0.36; earned income 0.23; unearned income 0.14; medical deduction 0.11,"wrong include/exclude decision 0.48; unreported source of income 0.16; wrong amount, known item 0.16",35,7,23,42,0.8333333333333334,0.693957037952257,0.916841887041635,0.16666666666666666,23,0.35384615384615387,65,8869.0
1,shelter_expenses_by_hh_size > 1990.000 & total_deductions_by_hh_size >  828.000 & unc_rawben_rel_max <=    0.998,test_2024,103,36,54,14,54,0.25925925925925924,0.16118507964793902,0.38931144880217294,12,54,0.2222222222222222,0.13195287989578958,0.34938926831587813,16,54,0.2962962962962963,0.19137265695067046,0.42827825173788586,5,54,0.09259259259259259,0.040200542070567336,0.1991012753065453,4,54,0.07407407407407407,0.029181055323684174,0.17554357193420633,0,54,0.0,6.938893903907228e-18,0.06641586678100189,3,54,0.05555555555555555,0.019072922503838907,0.15107451463482943,25,54,0.46296296296296297,0.33689688992410527,0.5939487298374504,11,54,0.2037037037037037,0.1177393408658538,0.32902561722659174,8,54,0.14814814814814814,0.07702971308229412,0.266003674652485,0,54,0.0,6.938893903907228e-18,0.06641586678100189,4,54,0.07407407407407407,0.029181055323684174,0.17554357193420633,1,54,0.018518518518518517,0.0032764033153519848,0.09771665358487208,2,54,0.037037037037037035,0.010216153585413057,0.12535409343403314,2,54,0.037037037037037035,0.010216153585413057,0.12535409343403314,0,54,0.0,6.938893903907228e-18,0.06641586678100189,1,54,0.018518518518518517,0.0032764033153519848,0.09771665358487208,30,54,0.5555555555555556,0.42375413911364457,0.6799774312440219,4,54,0.07407407407407407,0.029181055323684174,0.17554357193420633,20,54,0.37037037037037035,0.25423189707625504,0.5037277720891898,25,54,0.46296296296296297,0.33689688992410527,0.5939487298374504,28,54,0.5185185185185185,0.3885147504846543,0.6460624396345678,0,54,0.0,6.938893903907228e-18,0.06641586678100189,1,54,0.018518518518518517,0.0032764033153519848,0.09771665358487208,0,54,0.0,6.938893903907228e-18,0.06641586678100189,17,54,0.3148148148148148,0.2067911428909822,0.44743695591679633,363 0.30; 311 0.26; 331 0.09; 364 0.09; 365 0.07,5,56 0.17; 38 0.17; 35 0.15; 53 0.13; 57 0.09; 39 0.04; 29 0.04,7,shelter deduction 0.30; earned income 0.26; unearned income 0.22,"wrong amount, known item 0.46; wrong include/exclude decision 0.20; unreported source of income 0.15",32,4,18,36,0.8888888888888888,0.7468487098496367,0.9559343109125816,0.1111111111111111,18,0.3333333333333333,54,9363.0
4+,months_since_cert_n >   5.500 & percent_abawd >   0.279 & total_deductions_by_hh_size <= 153.000 & utilities > 396.000,all_2022_24,41,18,25,11,25,0.44,0.2666537494700256,0.6293298298043557,5,25,0.2,0.08860454100652487,0.3913133553653824,2,25,0.08,0.02221993369109193,0.24966512122957818,0,25,0.0,0.0,0.13319649395317873,1,25,0.04,0.007096050386699165,0.19544472405022525,0,25,0.0,0.0,0.13319649395317873,6,25,0.24,0.11496157730326725,0.43430059955238565,4,25,0.16,0.06403347608577989,0.34654013980238163,4,25,0.16,0.06403347608577989,0.34654013980238163,6,25,0.24,0.11496157730326725,0.43430059955238565,6,25,0.24,0.11496157730326725,0.43430059955238565,3,25,0.12,0.04166741357068093,0.2995619218337349,2,25,0.08,0.02221993369109193,0.24966512122957818,0,25,0.0,0.0,0.13319649395317873,0,25,0.0,0.0,0.13319649395317873,0,25,0.0,0.0,0.13319649395317873,0,25,0.0,0.0,0.13319649395317873,12,25,0.48,0.30031003928960015,0.6650178204685269,3,25,0.12,0.04166741357068093,0.2995619218337349,10,25,0.4,0.23403057664190918,0.5926087221487266,12,25,0.48,0.30031003928960015,0.6650178204685269,13,25,0.52,0.334982179531473,0.6996899607103998,0,25,0.0,0.0,0.13319649395317873,0,25,0.0,0.0,0.13319649395317873,0,25,0.0,0.0,0.13319649395317873,5,25,0.2,0.08860454100652487,0.3913133553653824,311 0.36; 150 0.16; 312 0.08; 363 0.08; 331 0.08,5,35 0.24; 38 0.16; 7 0.16; 53 0.08; 123 0.08; 12 0.08,6,earned income 0.44; other element 0.24; unearned income 0.20,"unreported source of income 0.24; household composition 0.24; wrong include/exclude decision 0.16; wrong amount, known item 0.16",13,5,7,18,0.7222222222222222,0.49126922453805477,0.8750043085364452,0.2777777777777778,7,0.28,25,7074.0
4+,months_since_cert_n >   5.500 & percent_abawd >   0.279 & total_deductions_by_hh_size <= 153.000 & utilities > 396.000,train_2022_23,30,15,22,10,22,0.45454545454545453,0.26920014432004846,0.6534052671095845,3,22,0.13636363636363635,0.04748917264236269,0.3333541187947,2,22,0.09090909090909091,0.025294896282837792,0.2781538065838578,0,22,0.0,1.3877787807814457e-17,0.14865952572596125,1,22,0.045454545454545456,0.008069219301147859,0.21798489499518053,0,22,0.0,1.3877787807814457e-17,0.14865952572596125,6,22,0.2727272727272727,0.1315058201581444,0.4815212369900198,4,22,0.18181818181818182,0.07306766024105121,0.38517021976637866,4,22,0.18181818181818182,0.07306766024105121,0.38517021976637866,3,22,0.13636363636363635,0.04748917264236269,0.3333541187947,6,22,0.2727272727272727,0.1315058201581444,0.4815212369900198,3,22,0.13636363636363635,0.04748917264236269,0.3333541187947,2,22,0.09090909090909091,0.025294896282837792,0.2781538065838578,0,22,0.0,1.3877787807814457e-17,0.14865952572596125,0,22,0.0,1.3877787807814457e-17,0.14865952572596125,0,22,0.0,1.3877787807814457e-17,0.14865952572596125,0,22,0.0,1.3877787807814457e-17,0.14865952572596125,11,22,0.5,0.3072180469247956,0.6927819530752044,3,22,0.13636363636363635,0.04748917264236269,0.3333541187947,8,22,0.36363636363636365,0.19732972772607899,0.5704865065628195,12,22,0.5454545454545454,0.34659473289041554,0.7307998556799515,10,22,0.45454545454545453,0.26920014432004846,0.6534052671095845,0,22,0.0,1.3877787807814457e-17,0.14865952572596125,0,22,0.0,1.3877787807814457e-17,0.14865952572596125,0,22,0.0,1.3877787807814457e-17,0.14865952572596125,5,22,0.22727272727272727,0.10122890794820358,0.4344035606295935,311 0.36; 150 0.18; 312 0.09; 363 0.09; 334 0.05,5,38 0.18; 7 0.18; 35 0.14; 53 0.09; 123 0.09; 12 0.09,6,earned income 0.45; other element 0.27; unearned income 0.14,"household composition 0.27; wrong include/exclude decision 0.18; wrong amount, known item 0.18; unreported source of income 0.14",10,5,7,15,0.6666666666666666,0.41713125151212976,0.8482389930530876,0.3333333333333333,7,0.3181818181818182,22,5923.0
4+,months_since_cert_n >   5.500 & percent_abawd >   0.279 & total_deductions_by_hh_size <= 153.000 & utilities > 396.000,test_2024,11,3,3,1,3,0.3333333333333333,0.0614903152761605,0.7923450448735121,2,3,0.6666666666666666,0.2076549551264879,0.9385096847238394,0,3,0.0,0.0,0.5615060804490177,0,3,0.0,0.0,0.5615060804490177,0,3,0.0,0.0,0.5615060804490177,0,3,0.0,0.0,0.5615060804490177,0,3,0.0,0.0,0.5615060804490177,0,3,0.0,0.0,0.5615060804490177,0,3,0.0,0.0,0.5615060804490177,3,3,1.0,0.43849391955098227,1.0,0,3,0.0,0.0,0.5615060804490177,0,3,0.0,0.0,0.5615060804490177,0,3,0.0,0.0,0.5615060804490177,0,3,0.0,0.0,0.5615060804490177,0,3,0.0,0.0,0.5615060804490177,0,3,0.0,0.0,0.5615060804490177,0,3,0.0,0.0,0.5615060804490177,1,3,0.3333333333333333,0.0614903152761605,0.7923450448735121,0,3,0.0,0.0,0.5615060804490177,2,3,0.6666666666666666,0.2076549551264879,0.9385096847238394,0,3,0.0,0.0,0.5615060804490177,3,3,1.0,0.43849391955098227,1.0,0,3,0.0,0.0,0.5615060804490177,0,3,0.0,0.0,0.5615060804490177,0,3,0.0,0.0,0.5615060804490177,0,3,0.0,0.0,0.5615060804490177,311 0.33; 331 0.33; 332 0.33,3,35 1.00,1,unearned income 0.67; earned income 0.33,unreported source of income 1.00,3,0,0,3,1.0,0.43849391955098227,1.0,0.0,0,0.0,3,1151.0
1,elderly_disabled_i <  1.00000 & medical_deductions <  3.00000 & unc_rawben_rel_max >= -0.00400 & unc_rawben_rel_max <  0.00356,all_2022_24,95,38,54,23,54,0.42592592592592593,0.30331621798657443,0.5583750215365371,21,54,0.3888888888888889,0.2704174250997505,0.5221194341849167,2,54,0.037037037037037035,0.010216153585413057,0.12535409343403314,6,54,0.1111111111111111,0.05192951817556753,0.2219494893207673,0,54,0.0,6.938893903907228e-18,0.06641586678100189,0,54,0.0,6.938893903907228e-18,0.06641586678100189,2,54,0.037037037037037035,0.010216153585413057,0.12535409343403314,23,54,0.42592592592592593,0.30331621798657443,0.5583750215365371,8,54,0.14814814814814814,0.07702971308229412,0.266003674652485,3,54,0.05555555555555555,0.019072922503838907,0.15107451463482943,0,54,0.0,6.938893903907228e-18,0.06641586678100189,6,54,0.1111111111111111,0.05192951817556753,0.2219494893207673,3,54,0.05555555555555555,0.019072922503838907,0.15107451463482943,1,54,0.018518518518518517,0.0032764033153519848,0.09771665358487208,0,54,0.0,6.938893903907228e-18,0.06641586678100189,0,54,0.0,6.938893903907228e-18,0.06641586678100189,10,54,0.18518518518518517,0.10382574505942957,0.3083620229137938,30,54,0.5555555555555556,0.42375413911364457,0.6799774312440219,6,54,0.1111111111111111,0.05192951817556753,0.2219494893207673,18,54,0.3333333333333333,0.22241243520150356,0.466392853725497,39,54,0.7222222222222222,0.5910930359127778,0.823833245517888,9,54,0.16666666666666666,0.0902428998661039,0.28736767798789736,2,54,0.037037037037037035,0.010216153585413057,0.12535409343403314,0,54,0.0,6.938893903907228e-18,0.06641586678100189,4,54,0.07407407407407407,0.029181055323684174,0.17554357193420633,21,54,0.3888888888888889,0.2704174250997505,0.5221194341849167,311 0.41; 334 0.22; 364 0.11; 345 0.06,4,44 0.37; 99 0.19; 40 0.07; 53 0.07; 35 0.06,5,earned income 0.43; unearned income 0.39,"wrong amount, known item 0.43; other 0.19; wrong include/exclude decision 0.15",0,38,0,38,0.0,0.0,0.09181293258383999,1.0,0,0.0,38,10861.0
1,elderly_disabled_i <  1.00000 & medical_deductions <  3.00000 & unc_rawben_rel_max >= -0.00400 & unc_rawben_rel_max <  0.00356,train_2022_23,75,30,43,16,43,0.37209302325581395,0.2437613889377433,0.5214046173472684,20,43,0.46511627906976744,0.3251082626391856,0.6108461027112723,2,43,0.046511627906976744,0.012848990317319689,0.15455775923863058,4,43,0.09302325581395349,0.036771045103346514,0.2160298839853268,0,43,0.0,0.0,0.08201257002322722,0,43,0.0,0.0,0.08201257002322722,1,43,0.023255813953488372,0.004116981177419918,0.12059267861216882,20,43,0.46511627906976744,0.3251082626391856,0.6108461027112723,6,43,0.13953488372093023,0.06555634267713947,0.27263876594425684,3,43,0.06976744186046512,0.024011153791962503,0.18609268553034927,0,43,0.0,0.0,0.08201257002322722,3,43,0.06976744186046512,0.024011153791962503,0.18609268553034927,0,43,0.0,0.0,0.08201257002322722,1,43,0.023255813953488372,0.004116981177419918,0.12059267861216882,0,43,0.0,0.0,0.08201257002322722,0,43,0.0,0.0,0.08201257002322722,10,43,0.23255813953488372,0.1315353846924483,0.37744808299439414,22,43,0.5116279069767442,0.36752063766074083,0.6538279072224399,6,43,0.13953488372093023,0.06555634267713947,0.27263876594425684,15,43,0.3488372093023256,0.22418398748963103,0.49828492902901905,31,43,0.7209302325581395,0.5730868709987059,0.8325354817817284,6,43,0.13953488372093023,0.06555634267713947,0.27263876594425684,2,43,0.046511627906976744,0.012848990317319689,0.15455775923863058,0,43,0.0,0.0,0.08201257002322722,4,43,0.09302325581395349,0.036771045103346514,0.2160298839853268,18,43,0.4186046511627907,0.2838433433748524,0.5667168424428823,311 0.35; 334 0.26; 364 0.09; 345 0.07,4,44 0.42; 99 0.23; 53 0.09; 40 0.07,4,unearned income 0.47; earned income 0.37,"wrong amount, known item 0.47; other 0.23; wrong include/exclude decision 0.14",0,30,0,30,0.0,0.0,0.113517091390478,1.0,0,0.0,30,8214.0
1,elderly_disabled_i <  1.00000 & medical_deductions <  3.00000 & unc_rawben_rel_max >= -0.00400 & unc_rawben_rel_max <  0.00356,test_2024,20,8,11,7,11,0.6363636363636364,0.35379677689163724,0.8483377638586862,1,11,0.09090909090909091,0.01623175226282597,0.3773646254862038,0,11,0.0,2.7755575615628914e-17,0.2588400172488141,2,11,0.18181818181818182,0.05136660067100063,0.4769861375782448,0,11,0.0,2.7755575615628914e-17,0.2588400172488141,0,11,0.0,2.7755575615628914e-17,0.2588400172488141,1,11,0.09090909090909091,0.01623175226282597,0.3773646254862038,3,11,0.2727272727272727,0.09745880573921467,0.5656502930102463,2,11,0.18181818181818182,0.05136660067100063,0.4769861375782448,0,11,0.0,2.7755575615628914e-17,0.2588400172488141,0,11,0.0,2.7755575615628914e-17,0.2588400172488141,3,11,0.2727272727272727,0.09745880573921467,0.5656502930102463,3,11,0.2727272727272727,0.09745880573921467,0.5656502930102463,0,11,0.0,2.7755575615628914e-17,0.2588400172488141,0,11,0.0,2.7755575615628914e-17,0.2588400172488141,0,11,0.0,2.7755575615628914e-17,0.2588400172488141,0,11,0.0,2.7755575615628914e-17,0.2588400172488141,8,11,0.7272727272727273,0.4343497069897537,0.9025411942607853,0,11,0.0,2.7755575615628914e-17,0.2588400172488141,3,11,0.2727272727272727,0.09745880573921467,0.5656502930102463,8,11,0.7272727272727273,0.4343497069897537,0.9025411942607853,3,11,0.2727272727272727,0.09745880573921467,0.5656502930102463,0,11,0.0,2.7755575615628914e-17,0.2588400172488141,0,11,0.0,2.7755575615628914e-17,0.2588400172488141,0,11,0.0,2.7755575615628914e-17,0.2588400172488141,3,11,0.2727272727272727,0.09745880573921467,0.5656502930102463,311 0.64; 364 0.18,2,43 0.18; 44 0.18; 41 0.09; 40 0.09; 54 0.09; 58 0.09; 75 0.09,7,earned income 0.64; utility allowance 0.18,"method or computation 0.27; change in circumstances 0.27; wrong amount, known item 0.27",0,8,0,8,0.0,0.0,0.3244156195108769,1.0,0,0.0,8,2647.0
2-3,cat_elig >   0.500 & medical_deductions > 131.000 & rawben_rel_max >   0.222 & rawben_rel_max <=   0.988,all_2022_24,435,142,225,15,225,0.06666666666666667,0.04081329376307123,0.10706890947270407,57,225,0.25333333333333335,0.2009716823207468,0.3139766487519252,62,225,0.27555555555555555,0.22131189827845157,0.3373347813462319,7,225,0.03111111111111111,0.015150168130800022,0.06281467742175686,67,225,0.29777777777777775,0.24182756898792976,0.3605174591887652,2,225,0.008888888888888889,0.002440997100615027,0.03182549989993032,15,225,0.06666666666666667,0.04081329376307123,0.10706890947270407,48,225,0.21333333333333335,0.16485009387048144,0.27144120980856995,118,225,0.5244444444444445,0.45932762417886,0.5887405592283528,22,225,0.09777777777777778,0.06545937845595232,0.1436005127526391,10,225,0.044444444444444446,0.02431747739848865,0.07986637728527514,5,225,0.022222222222222223,0.009528340043294514,0.05095716608845775,4,225,0.017777777777777778,0.006934489426563512,0.04481134699478645,2,225,0.008888888888888889,0.002440997100615027,0.03182549989993032,1,225,0.0044444444444444444,0.0007849646791219054,0.024741862611021147,0,225,0.0,1.734723475976807e-18,0.016787157579740745,15,225,0.06666666666666667,0.04081329376307123,0.10706890947270407,146,225,0.6488888888888888,0.584495199334381,0.7082837359640961,23,225,0.10222222222222223,0.06908527427968127,0.14871428663931247,55,225,0.24444444444444444,0.19288785338762213,0.3045811382642454,135,225,0.6,0.5348253323574069,0.6618172361266449,84,225,0.37333333333333335,0.3127542822908301,0.4381651309627042,1,225,0.0044444444444444444,0.0007849646791219054,0.024741862611021147,0,225,0.0,1.734723475976807e-18,0.016787157579740745,5,225,0.022222222222222223,0.009528340043294514,0.05095716608845775,105,225,0.4666666666666667,0.4025853063653213,0.5318671708066613,365 0.30; 363 0.28; 331 0.13; 346 0.06,4,53 0.35; 52 0.12; 38 0.12; 35 0.10; 99 0.07,5,medical deduction 0.30; shelter deduction 0.28; unearned income 0.25,"wrong include/exclude decision 0.52; wrong amount, known item 0.21; unreported source of income 0.10",129,13,99,142,0.9084507042253521,0.8496659534915992,0.9457175310560196,0.09154929577464789,99,0.4107883817427386,241,29641.0
2-3,cat_elig >   0.500 & medical_deductions > 131.000 & rawben_rel_max >   0.222 & rawben_rel_max <=   0.988,train_2022_23,271,92,152,5,152,0.03289473684210526,0.01413071279735818,0.0746876771575704,33,152,0.21710526315789475,0.15897489998370834,0.28918271646786814,44,152,0.2894736842105263,0.2232696767047371,0.3660569215848083,6,152,0.039473684210526314,0.018214356323955294,0.083437577434425,49,152,0.3223684210526316,0.2532349895684616,0.4002593277383423,2,152,0.013157894736842105,0.0036157414374440727,0.04670201710712938,13,152,0.08552631578947369,0.050661713662540575,0.1408250267200017,17,152,0.1118421052631579,0.07101016485696363,0.17181075073938548,93,152,0.6118421052631579,0.5325219333033981,0.6856483113552809,11,152,0.07236842105263158,0.04088660479489957,0.12493304798073927,8,152,0.05263157894736842,0.02690716919410706,0.10041185217117664,3,152,0.019736842105263157,0.006734529912818171,0.056416772435207,3,152,0.019736842105263157,0.006734529912818171,0.056416772435207,1,152,0.006578947368421052,0.0011622614078393885,0.036321953333282364,1,152,0.006578947368421052,0.0011622614078393885,0.036321953333282364,0,152,0.0,0.0,0.024650670937670042,15,152,0.09868421052631579,0.06071842244015636,0.15643540554928934,107,152,0.7039473684210527,0.6270686253277898,0.7707712325792132,15,152,0.09868421052631579,0.06071842244015636,0.15643540554928934,30,152,0.19736842105263158,0.14189466065483167,0.2677623243863897,91,152,0.5986842105263158,0.519254675572563,0.6732484814792127,56,152,0.3684210526315789,0.29585947939655544,0.4474696445344103,0,152,0.0,0.0,0.024650670937670042,0,152,0.0,0.0,0.024650670937670042,5,152,0.03289473684210526,0.01413071279735818,0.0746876771575704,70,152,0.4605263157894737,0.3832356823282931,0.5397630548509966,365 0.32; 363 0.29; 331 0.12; 346 0.05,4,53 0.42; 52 0.15; 99 0.10; 38 0.09,4,medical deduction 0.32; shelter deduction 0.29; unearned income 0.22,"wrong include/exclude decision 0.61; wrong amount, known item 0.11; other 0.10",81,11,72,92,0.8804347826086957,0.7984624277438817,0.9319093523599564,0.11956521739130435,72,0.43902439024390244,164,19273.0
2-3,cat_elig >   0.500 & medical_deductions > 131.000 & rawben_rel_max >   0.222 & rawben_rel_max <=   0.988,test_2024,164,50,73,10,73,0.136986301369863,0.07614307799620813,0.23412635939187332,24,73,0.3287671232876712,0.23194330572835292,0.44271208926602507,18,73,0.2465753424657534,0.16204336317654708,0.3564466214151324,1,73,0.0136986301369863,0.0024221890927605197,0.0735991326912731,18,73,0.2465753424657534,0.16204336317654708,0.3564466214151324,0,73,0.0,0.0,0.04999375338358389,2,73,0.0273972602739726,0.007545600452515573,0.09450328973196781,31,73,0.4246575342465753,0.31784011426782005,0.5390082595297062,25,73,0.3424657534246575,0.24394708089529715,0.4567358824995307,11,73,0.1506849315068493,0.08627588209726772,0.25002112369126345,2,73,0.0273972602739726,0.007545600452515573,0.09450328973196781,2,73,0.0273972602739726,0.007545600452515573,0.09450328973196781,1,73,0.0136986301369863,0.0024221890927605197,0.0735991326912731,1,73,0.0136986301369863,0.0024221890927605197,0.0735991326912731,0,73,0.0,0.0,0.04999375338358389,0,73,0.0,0.0,0.04999375338358389,0,73,0.0,0.0,0.04999375338358389,39,73,0.5342465753424658,0.42098744972394103,0.6440814712771833,8,73,0.1095890410958904,0.056586041610119084,0.20162825897706282,25,73,0.3424657534246575,0.24394708089529715,0.4567358824995307,44,73,0.6027397260273972,0.48807204465405685,0.7071347183493163,28,73,0.3835616438356164,0.2805043940267184,0.4982612745694586,1,73,0.0136986301369863,0.0024221890927605197,0.0735991326912731,0,73,0.0,0.0,0.04999375338358389,0,73,0.0,0.0,0.04999375338358389,35,73,0.4794520547945205,0.36877263024700824,0.592186017152317,365 0.25; 363 0.25; 331 0.15; 311 0.10; 346 0.08,5,56 0.21; 53 0.19; 38 0.16; 35 0.15; 37 0.07,5,unearned income 0.33; medical deduction 0.25; shelter deduction 0.25,"wrong amount, known item 0.42; wrong include/exclude decision 0.34",48,2,27,50,0.96,0.8653966212204534,0.9889613473391734,0.04,27,0.35064935064935066,77,10368.0
2-3,rawben_rel_max >=   0.466 & rawben_rel_max <   0.856 & shelter_expenses_by_hh_size < 350.000 & total_deductions_by_hh_size >=  91.100,all_2022_24,2051,439,678,254,678,0.3746312684365782,0.33899915841563055,0.41167607172579823,103,678,0.15191740412979352,0.12686481773923491,0.18089229182990846,139,678,0.20501474926253688,0.1763281440901072,0.2370253385956075,54,678,0.07964601769911504,0.061554476006326596,0.10247423682081686,13,678,0.019174041297935103,0.011238979241040233,0.03252719753667471,34,678,0.05014749262536873,0.036105120972050084,0.06925894012366482,81,678,0.11946902654867257,0.09717352036212647,0.1460524723024455,215,678,0.31710914454277284,0.28319472408158286,0.35308443518356014,196,678,0.2890855457227139,0.2562251458010868,0.3243225943191992,56,678,0.08259587020648967,0.06415211514711318,0.10574306285317313,44,678,0.06489675516224189,0.048695604625175304,0.08600078233625388,54,678,0.07964601769911504,0.061554476006326596,0.10247423682081686,40,678,0.058997050147492625,0.04362223459689259,0.07934122201825088,7,678,0.01032448377581121,0.005009933037926724,0.02115684822035966,4,678,0.0058997050147492625,0.002296564114226486,0.015070519384345615,2,678,0.0029498525073746312,0.000809312100725104,0.010691306224704145,60,678,0.08849557522123894,0.06936995742851973,0.11225815091805227,419,674,0.6216617210682492,0.5844559291813448,0.6574885014939044,47,674,0.06973293768545995,0.05284290554726705,0.09149996157685163,207,674,0.30712166172106825,0.27346990822793676,0.34295965289666824,404,674,0.599406528189911,0.5619491917743663,0.6357371113383373,248,674,0.36795252225519287,0.3323884881114262,0.4050132883508034,3,674,0.004451038575667656,0.001514857561642869,0.013004168712342086,0,674,0.0,0.0,0.005667400761475837,19,674,0.028189910979228485,0.01811983976344054,0.043607855910593046,294,674,0.4362017804154303,0.39922820088848343,0.473898500098886,311 0.33; 363 0.21; 364 0.08; 150 0.06; 350 0.05; 323 0.04,6,38 0.18; 53 0.13; 52 0.12; 99 0.09; 44 0.09; 35 0.08; 41 0.03; 56 0.03; 37 0.02,9,earned income 0.37; shelter deduction 0.21; unearned income 0.15; other element 0.12,"wrong amount, known item 0.32; wrong include/exclude decision 0.29; other 0.09; unreported source of income 0.08",259,180,163,439,0.5899772209567198,0.5433807480767473,0.6350126097288428,0.41002277904328016,163,0.2707641196013289,602,111050.0
2-3,rawben_rel_max >=   0.466 & rawben_rel_max <   0.856 & shelter_expenses_by_hh_size < 350.000 & total_deductions_by_hh_size >=  91.100,train_2022_23,1438,299,470,170,470,0.3617021276595745,0.3195448267252379,0.4061018872821436,64,470,0.13617021276595745,0.1080981221945996,0.17014169465558834,95,470,0.20212765957446807,0.16830284106891866,0.24078238910082586,36,470,0.07659574468085106,0.05583738315884421,0.10421947972529261,7,470,0.014893617021276596,0.007232696048128593,0.030420393085455286,26,470,0.05531914893617021,0.03802746899689356,0.079821196042225,72,470,0.15319148936170213,0.12345134519278504,0.1885550299334175,138,470,0.2936170212765957,0.2542498534466831,0.33633062745663994,134,470,0.2851063829787234,0.24616099248984535,0.32753620927547045,36,470,0.07659574468085106,0.05583738315884421,0.10421947972529261,36,470,0.07659574468085106,0.05583738315884421,0.10421947972529261,37,470,0.07872340425531915,0.0576509021532237,0.10662678051541495,28,470,0.059574468085106386,0.041535734221289436,0.08475457038683278,7,470,0.014893617021276596,0.007232696048128593,0.030420393085455286,4,470,0.00851063829787234,0.0033144024523542436,0.021676227327724167,0,470,0.0,0.0,0.008107350642071106,50,470,0.10638297872340426,0.08162932813077631,0.13751901173638606,276,466,0.592274678111588,0.5470787420833669,0.6359616698341815,37,466,0.07939914163090128,0.05815052408021493,0.10752573787700637,152,466,0.3261802575107296,0.28518593539683773,0.37001700959568734,280,466,0.6008583690987125,0.5557437620866279,0.644323664893018,174,466,0.37339055793991416,0.3306753586795947,0.4181761691544667,1,466,0.002145922746781116,0.0003788987995291945,0.012054227598814415,0,466,0.0,0.0,0.008176372632819229,11,466,0.023605150214592276,0.013230747406197455,0.041769916647389965,207,466,0.44420600858369097,0.3997306033543394,0.4895937987420266,311 0.33; 363 0.20; 364 0.08; 150 0.07; 350 0.05; 323 0.04,6,38 0.19; 53 0.14; 52 0.12; 99 0.11; 44 0.09; 35 0.08; 41 0.03,7,earned income 0.36; shelter deduction 0.20; other element 0.15; unearned income 0.14,"wrong amount, known item 0.29; wrong include/exclude decision 0.29; other 0.11; change in circumstances 0.08",176,123,118,299,0.5886287625418061,0.5320706022252873,0.6429383793677305,0.411371237458194,118,0.2829736211031175,417,74039.0
2-3,rawben_rel_max >=   0.466 & rawben_rel_max <   0.856 & shelter_expenses_by_hh_size < 350.000 & total_deductions_by_hh_size >=  91.100,test_2024,613,140,208,84,208,0.40384615384615385,0.3394917686902063,0.4716879051793265,39,208,0.1875,0.14030145724437518,0.2460324828316062,44,208,0.21153846153846154,0.16152475188707197,0.2720142697215262,18,208,0.08653846153846154,0.0554393266981634,0.13263327094082725,6,208,0.028846153846153848,0.013285925367400295,0.06149447659330998,8,208,0.038461538461538464,0.0196154338990466,0.0740470006747104,9,208,0.04326923076923077,0.022928210873058096,0.08017524000722226,77,208,0.3701923076923077,0.3074805168196702,0.43761204290419903,62,208,0.2980769230769231,0.24003293954973906,0.36344437557627973,20,208,0.09615384615384616,0.06310833630619503,0.14384629394584236,8,208,0.038461538461538464,0.0196154338990466,0.0740470006747104,17,208,0.08173076923076923,0.051652446425591,0.1269791349068763,12,208,0.057692307692307696,0.033306659423514705,0.09811984037633575,0,208,0.0,0.0,0.01813430412157008,0,208,0.0,0.0,0.01813430412157008,2,208,0.009615384615384616,0.0026408026954240042,0.0343755340391928,10,208,0.04807692307692308,0.026320786217575703,0.08622368096922803,143,208,0.6875,0.6215889938032539,0.7466106421511574,10,208,0.04807692307692308,0.026320786217575703,0.08622368096922803,55,208,0.2644230769230769,0.20915153619897384,0.3282386647813813,124,208,0.5961538461538461,0.5283120948206735,0.6605082313097937,74,208,0.3557692307692308,0.2938620627293385,0.42290744807496067,2,208,0.009615384615384616,0.0026408026954240042,0.0343755340391928,0,208,0.0,0.0,0.01813430412157008,8,208,0.038461538461538464,0.0196154338990466,0.0740470006747104,87,208,0.4182692307692308,0.3533086261598014,0.48619409662930146,311 0.35; 363 0.21; 364 0.09; 350 0.07; 312 0.05,5,38 0.15; 52 0.12; 53 0.11; 35 0.10; 44 0.09; 56 0.08; 99 0.05; 41 0.04; 37 0.04,9,earned income 0.40; shelter deduction 0.21; unearned income 0.19,"wrong amount, known item 0.37; wrong include/exclude decision 0.30; unreported source of income 0.10",83,57,45,140,0.5928571428571429,0.5100487545242445,0.6707056308552286,0.40714285714285714,45,0.24324324324324326,185,37011.0
1,rawben_rel_max <   0.988 & total_deductions_by_hh_size >= 495.000 & utilities < 281.000,all_2022_24,716,209,329,44,329,0.1337386018237082,0.10115532079494911,0.174776533877063,22,329,0.0668693009118541,0.04457051290936698,0.09916632767786729,114,329,0.3465045592705167,0.2971228779208418,0.3994294761118271,89,329,0.270516717325228,0.22536736441393176,0.32096338270421687,45,329,0.13677811550151975,0.10381774477395496,0.17812297417463796,7,329,0.02127659574468085,0.01034364924476671,0.04326022719375539,8,329,0.0243161094224924,0.012371608848584847,0.047241131866518064,47,329,0.14285714285714285,0.10916022814355981,0.18479821935819474,187,329,0.5683890577507599,0.5143822652376362,0.6208171809854321,21,329,0.06382978723404255,0.04212391864182578,0.09560405766882767,1,329,0.00303951367781155,0.0005367366400418384,0.017013954138995396,36,329,0.1094224924012158,0.08009167969037975,0.1477692607689859,8,329,0.0243161094224924,0.012371608848584847,0.047241131866518064,1,329,0.00303951367781155,0.0005367366400418384,0.017013954138995396,2,329,0.0060790273556231,0.0016686396941568045,0.02189091536146124,0,329,0.0,0.0,0.011541826502456422,26,329,0.0790273556231003,0.05449830330900439,0.11327399438455314,209,329,0.6352583586626139,0.581960028180026,0.68543443212782,43,329,0.13069908814589665,0.0984989948917934,0.17142399550363788,77,329,0.23404255319148937,0.1915217604695446,0.2827026153296343,161,329,0.48936170212765956,0.4357800605631677,0.5431889144687994,154,329,0.46808510638297873,0.4148452890661007,0.5220616360298006,4,329,0.0121580547112462,0.004737834320151896,0.030839449288627772,1,329,0.00303951367781155,0.0005367366400418384,0.017013954138995396,9,329,0.02735562310030395,0.014457172294393177,0.05116443269729054,94,329,0.2857142857142857,0.23959132292966623,0.33678374557138646,363 0.35; 364 0.27; 365 0.14,3,53 0.47; 99 0.08; 64 0.08; 52 0.07; 35 0.06,5,shelter deduction 0.35; utility allowance 0.27; medical deduction 0.14,"wrong include/exclude decision 0.57; wrong amount, known item 0.14; change in circumstances 0.11",188,21,158,209,0.8995215311004785,0.8512822123667115,0.9333388391570508,0.10047846889952153,158,0.4305177111716621,367,47754.0
1,rawben_rel_max <   0.988 & total_deductions_by_hh_size >= 495.000 & utilities < 281.000,train_2022_23,434,139,215,22,215,0.10232558139534884,0.06854889119254981,0.15006402335386182,18,215,0.08372093023255814,0.05361160904430022,0.12844518454521836,73,215,0.3395348837209302,0.2795465404509613,0.4051569162958364,57,215,0.2651162790697674,0.2106127957278243,0.32786617719140126,33,215,0.15348837209302327,0.11142740059585318,0.20771484658201425,4,215,0.018604651162790697,0.007258061522203436,0.046852308718189614,8,215,0.037209302325581395,0.018972756225884152,0.07169373497140191,19,215,0.08837209302325581,0.05730396887921895,0.1338918549495229,128,215,0.5953488372093023,0.5286229951427301,0.6587271247613466,10,215,0.046511627906976744,0.02545722861457561,0.08348732306115697,1,215,0.004651162790697674,0.0008214956814042579,0.025871783841319024,27,215,0.12558139534883722,0.08775984276882692,0.17654822297370099,7,215,0.03255813953488372,0.01585876417771752,0.0656686967803453,0,215,0.0,0.0,0.017554249283500026,2,215,0.009302325581395349,0.0025546975628816665,0.033277612199064874,0,215,0.0,0.0,0.017554249283500026,21,215,0.09767441860465116,0.06477436382326704,0.14469952048392135,132,215,0.6139534883720931,0.5474192929614523,0.6764869478995175,29,215,0.13488372093023257,0.09558215828549929,0.18700396793547516,54,215,0.25116279069767444,0.19790555864913573,0.3131563235524202,103,215,0.4790697674418605,0.4132480042741683,0.545626359649327,99,215,0.4604651162790698,0.395116661284975,0.5272015816816273,4,215,0.018604651162790697,0.007258061522203436,0.046852308718189614,0,215,0.0,0.0,0.017554249283500026,9,215,0.04186046511627907,0.02217646863045342,0.0776290528060559,63,215,0.2930232558139535,0.23624341372228075,0.35706974063228447,363 0.34; 364 0.27; 365 0.15,3,53 0.50; 99 0.10; 64 0.09; 52 0.07,4,shelter deduction 0.34; utility allowance 0.27; medical deduction 0.15,wrong include/exclude decision 0.60; change in circumstances 0.13; other 0.10,127,12,107,139,0.9136690647482014,0.8551610582807215,0.9499265352494545,0.08633093525179857,107,0.4349593495934959,246,29488.0
1,rawben_rel_max <   0.988 & total_deductions_by_hh_size >= 495.000 & utilities < 281.000,test_2024,282,70,114,22,114,0.19298245614035087,0.13103797364220363,0.27494429407989107,4,114,0.03508771929824561,0.013727719127262943,0.08675971485190909,41,114,0.35964912280701755,0.27745645534646424,0.45099258132649334,32,114,0.2807017543859649,0.20640600067746484,0.3692956191240314,12,114,0.10526315789473684,0.06124627210871392,0.1750166435339793,3,114,0.02631578947368421,0.008989398451945727,0.07452610031928616,0,114,0.0,0.0,0.03259969314741144,28,114,0.24561403508771928,0.1757462264430897,0.33206765252664594,59,114,0.5175438596491229,0.4267487861701612,0.6071950842457191,11,114,0.09649122807017543,0.0547355846007207,0.16455539583403236,0,114,0.0,0.0,0.03259969314741144,9,114,0.07894736842105263,0.04208813714490404,0.14325897287396874,1,114,0.008771929824561403,0.0015501030386822767,0.04802152531666931,1,114,0.008771929824561403,0.0015501030386822767,0.04802152531666931,0,114,0.0,0.0,0.03259969314741144,0,114,0.0,0.0,0.03259969314741144,5,114,0.043859649122807015,0.01887723116129667,0.0985821380258155,77,114,0.6754385964912281,0.5849888567964521,0.7544498473623509,14,114,0.12280701754385964,0.0745805246720894,0.19562626138648417,23,114,0.20175438596491227,0.13836966525548047,0.2845845376745544,58,114,0.5087719298245614,0.4182224831780243,0.5987494520299159,55,114,0.4824561403508772,0.3928049157542809,0.5732512138298388,0,114,0.0,0.0,0.03259969314741144,1,114,0.008771929824561403,0.0015501030386822767,0.04802152531666931,0,114,0.0,0.0,0.03259969314741144,31,114,0.2719298245614035,0.19868338856494294,0.36004629602861316,363 0.36; 364 0.28; 311 0.17,3,53 0.42; 35 0.10; 56 0.10; 52 0.07; 57 0.06; 64 0.05,6,shelter deduction 0.36; utility allowance 0.28; earned income 0.19,"wrong include/exclude decision 0.52; wrong amount, known item 0.25",61,9,51,70,0.8714285714285714,0.7733503128681549,0.9308597800875773,0.12857142857142856,51,0.4214876033057851,121,18266.0
1,medical_deductions >  116.000 & medical_deductions <=  124.000 & rawben_rel_max <=    0.998 & shelter_expenses_by_hh_size <= 1200.000,all_2022_24,68,23,26,0,26,0.0,0.0,0.12873304380462175,2,26,0.07692307692307693,0.02135463918337556,0.24141947480515052,2,26,0.07692307692307693,0.02135463918337556,0.24141947480515052,0,26,0.0,0.0,0.12873304380462175,22,26,0.8461538461538461,0.6646841558168644,0.9385006600107053,0,26,0.0,0.0,0.12873304380462175,0,26,0.0,0.0,0.12873304380462175,1,26,0.038461538461538464,0.0068218089769898765,0.18893176991958405,24,26,0.9230769230769231,0.7585805251948495,0.9786453608166245,0,26,0.0,0.0,0.12873304380462175,0,26,0.0,0.0,0.12873304380462175,0,26,0.0,0.0,0.12873304380462175,0,26,0.0,0.0,0.12873304380462175,0,26,0.0,0.0,0.12873304380462175,0,26,0.0,0.0,0.12873304380462175,1,26,0.038461538461538464,0.0068218089769898765,0.18893176991958405,0,26,0.0,0.0,0.12873304380462175,19,26,0.7307692307692307,0.5391659658023868,0.8629572447493261,2,26,0.07692307692307693,0.02135463918337556,0.24141947480515052,5,26,0.19230769230769232,0.08506935771788268,0.3787663615465,22,26,0.8461538461538461,0.6646841558168644,0.9385006600107053,3,26,0.11538461538461539,0.04003171821149494,0.28976293086898336,0,26,0.0,0.0,0.12873304380462175,0,26,0.0,0.0,0.12873304380462175,1,26,0.038461538461538464,0.0068218089769898765,0.18893176991958405,13,26,0.5,0.32060306315002074,0.6793969368499793,365 0.85,1,53 0.92,1,medical deduction 0.85,wrong include/exclude decision 0.92,23,0,23,23,1.0,0.8568788745827374,1.0,0.0,23,0.5,46,1600.0
1,medical_deductions >  116.000 & medical_deductions <=  124.000 & rawben_rel_max <=    0.998 & shelter_expenses_by_hh_size <= 1200.000,train_2022_23,48,20,23,0,23,0.0,0.0,0.14312112541726274,2,23,0.08695652173913043,0.02417949540723341,0.2679640429809402,2,23,0.08695652173913043,0.02417949540723341,0.2679640429809402,0,23,0.0,0.0,0.14312112541726274,19,23,0.8260869565217391,0.6286194521470433,0.9302145964938723,0,23,0.0,0.0,0.14312112541726274,0,23,0.0,0.0,0.14312112541726274,1,23,0.043478260869565216,0.0077164669621267445,0.20991586494059142,21,23,0.9130434782608695,0.7320359570190598,0.9758205045927666,0,23,0.0,0.0,0.14312112541726274,0,23,0.0,0.0,0.14312112541726274,0,23,0.0,0.0,0.14312112541726274,0,23,0.0,0.0,0.14312112541726274,0,23,0.0,0.0,0.14312112541726274,0,23,0.0,0.0,0.14312112541726274,1,23,0.043478260869565216,0.0077164669621267445,0.20991586494059142,0,23,0.0,0.0,0.14312112541726274,16,23,0.6956521739130435,0.49133870939427393,0.8439617197902755,2,23,0.08695652173913043,0.02417949540723341,0.2679640429809402,5,23,0.21739130434782608,0.09663835601719065,0.4190388018273492,19,23,0.8260869565217391,0.6286194521470433,0.9302145964938723,3,23,0.13043478260869565,0.04537576514344702,0.32127897973018194,0,23,0.0,0.0,0.14312112541726274,0,23,0.0,0.0,0.14312112541726274,1,23,0.043478260869565216,0.0077164669621267445,0.20991586494059142,10,23,0.43478260869565216,0.25634368332198654,0.6318895069498304,365 0.83,1,53 0.91,1,medical deduction 0.83,wrong include/exclude decision 0.91,20,0,20,20,1.0,0.8388698745050667,1.0,0.0,20,0.5,40,1426.0
1,medical_deductions >  116.000 & medical_deductions <=  124.000 & rawben_rel_max <=    0.998 & shelter_expenses_by_hh_size <= 1200.000,test_2024,20,3,3,0,3,0.0,0.0,0.5615060804490177,0,3,0.0,0.0,0.5615060804490177,0,3,0.0,0.0,0.5615060804490177,0,3,0.0,0.0,0.5615060804490177,3,3,1.0,0.43849391955098227,1.0,0,3,0.0,0.0,0.5615060804490177,0,3,0.0,0.0,0.5615060804490177,0,3,0.0,0.0,0.5615060804490177,3,3,1.0,0.43849391955098227,1.0,0,3,0.0,0.0,0.5615060804490177,0,3,0.0,0.0,0.5615060804490177,0,3,0.0,0.0,0.5615060804490177,0,3,0.0,0.0,0.5615060804490177,0,3,0.0,0.0,0.5615060804490177,0,3,0.0,0.0,0.5615060804490177,0,3,0.0,0.0,0.5615060804490177,0,3,0.0,0.0,0.5615060804490177,3,3,1.0,0.43849391955098227,1.0,0,3,0.0,0.0,0.5615060804490177,0,3,0.0,0.0,0.5615060804490177,3,3,1.0,0.43849391955098227,1.0,0,3,0.0,0.0,0.5615060804490177,0,3,0.0,0.0,0.5615060804490177,0,3,0.0,0.0,0.5615060804490177,0,3,0.0,0.0,0.5615060804490177,3,3,1.0,0.43849391955098227,1.0,365 1.00,1,53 1.00,1,medical deduction 1.00,wrong include/exclude decision 1.00,3,0,3,3,1.0,0.43849391955098227,1.0,0.0,3,0.5,6,174.0
2-3,medical_deductions >= 172.00 & total_deductions_by_hh_size >= 451.00 & unc_rawben_rel_max <   1.77 & utilities < 600.00,all_2022_24,73,39,65,0,65,0.0,0.0,0.055803467670710726,12,65,0.18461538461538463,0.10888765378062985,0.29554222582704914,18,65,0.27692307692307694,0.18293439815390553,0.3958086874222576,1,65,0.015384615384615385,0.002720874527486622,0.08213479413797146,29,65,0.4461538461538462,0.331693339691393,0.5666239568269913,1,65,0.015384615384615385,0.002720874527486622,0.08213479413797146,4,65,0.06153846153846154,0.024188663436562223,0.14782360821313795,10,65,0.15384615384615385,0.08577002061798975,0.26055545700019456,38,65,0.5846153846153846,0.4633876602091337,0.696399445261977,6,65,0.09230769230769231,0.04299450413746196,0.18712216950173294,1,65,0.015384615384615385,0.002720874527486622,0.08213479413797146,1,65,0.015384615384615385,0.002720874527486622,0.08213479413797146,4,65,0.06153846153846154,0.024188663436562223,0.14782360821313795,0,65,0.0,0.0,0.055803467670710726,2,65,0.03076923076923077,0.008478819400945352,0.10542905025926008,0,65,0.0,0.0,0.055803467670710726,3,65,0.046153846153846156,0.01581955358590327,0.12714051706904955,39,65,0.6,0.47855778499746787,0.71028152146839,17,65,0.26153846153846155,0.17018055060319132,0.3795103339782245,9,65,0.13846153846153847,0.07459006187684232,0.24268321474659466,42,65,0.6461538461538462,0.5247488020503202,0.7512471073997797,22,65,0.3384615384615385,0.23533338768646592,0.4596185018686867,1,65,0.015384615384615385,0.002720874527486622,0.08213479413797146,0,65,0.0,0.0,0.055803467670710726,0,65,0.0,0.0,0.055803467670710726,27,65,0.4153846153846154,0.3036005547380231,0.5366123397908664,365 0.45; 363 0.28; 331 0.12,3,53 0.48; 56 0.11; 35 0.09; 52 0.06; 99 0.05,5,medical deduction 0.45; shelter deduction 0.28; unearned income 0.18,"wrong include/exclude decision 0.58; wrong amount, known item 0.15; unreported source of income 0.09",39,0,34,39,1.0,0.9103301463997611,1.0,0.0,34,0.4657534246575342,73,10397.0
2-3,medical_deductions >= 172.00 & total_deductions_by_hh_size >= 451.00 & unc_rawben_rel_max <   1.77 & utilities < 600.00,train_2022_23,49,26,50,0,50,0.0,0.0,0.07135003417431873,10,50,0.2,0.11243629945973886,0.3303737210448524,13,50,0.26,0.15871379651367384,0.3955342198899992,1,50,0.02,0.0035391680889764604,0.10495686471836953,21,50,0.42,0.2937479723456693,0.5576680331222217,1,50,0.02,0.0035391680889764604,0.10495686471836953,4,50,0.08,0.031549003255790686,0.18838502545063704,3,50,0.06,0.020614596364630478,0.16217343370877002,32,50,0.64,0.5014076201030195,0.7586143703281711,5,50,0.1,0.04347512399157111,0.2136049033478839,1,50,0.02,0.0035391680889764604,0.10495686471836953,0,50,0.0,0.0,0.07135003417431873,4,50,0.08,0.031549003255790686,0.18838502545063704,0,50,0.0,0.0,0.07135003417431873,2,50,0.04,0.011038652660826577,0.13460337877954667,0,50,0.0,0.0,0.07135003417431873,3,50,0.06,0.020614596364630478,0.16217343370877002,28,50,0.56,0.4230578680014353,0.6883801278976466,15,50,0.3,0.1910338908960936,0.4375061227736339,7,50,0.14,0.06950745262022862,0.2618645719852809,33,50,0.66,0.5215356854148285,0.7756323036493895,17,50,0.34,0.2243676963506106,0.47846431458517147,0,50,0.0,0.0,0.07135003417431873,0,50,0.0,0.0,0.07135003417431873,0,50,0.0,0.0,0.07135003417431873,18,50,0.36,0.24138562967182875,0.49859237989698046,365 0.42; 363 0.26; 331 0.12,3,53 0.52; 35 0.10; 52 0.08; 99 0.06,4,medical deduction 0.42; shelter deduction 0.26; unearned income 0.20,wrong include/exclude decision 0.64; unreported source of income 0.10; method or computation 0.08,26,0,23,26,1.0,0.8712669561953784,1.0,0.0,23,0.46938775510204084,49,8057.0
2-3,medical_deductions >= 172.00 & total_deductions_by_hh_size >= 451.00 & unc_rawben_rel_max <   1.77 & utilities < 600.00,test_2024,24,13,15,0,15,0.0,0.0,0.20388926630434784,2,15,0.13333333333333333,0.0373604698913593,0.3788249920651624,5,15,0.3333333333333333,0.15176100694691236,0.5828687484878701,0,15,0.0,0.0,0.20388926630434784,8,15,0.5333333333333333,0.3011663015105079,0.7519077474025355,0,15,0.0,0.0,0.20388926630434784,0,15,0.0,0.0,0.20388926630434784,7,15,0.4666666666666667,0.24809225259746442,0.6988336984894921,6,15,0.4,0.19824228082594664,0.642535572434923,1,15,0.06666666666666667,0.011866588606194856,0.2981707755242399,0,15,0.0,0.0,0.20388926630434784,1,15,0.06666666666666667,0.011866588606194856,0.2981707755242399,0,15,0.0,0.0,0.20388926630434784,0,15,0.0,0.0,0.20388926630434784,0,15,0.0,0.0,0.20388926630434784,0,15,0.0,0.0,0.20388926630434784,0,15,0.0,0.0,0.20388926630434784,11,15,0.7333333333333333,0.4804911034231324,0.8910272389681718,2,15,0.13333333333333333,0.0373604698913593,0.3788249920651624,2,15,0.13333333333333333,0.0373604698913593,0.3788249920651624,9,15,0.6,0.357464427565077,0.8017577191740534,5,15,0.3333333333333333,0.15176100694691236,0.5828687484878701,1,15,0.06666666666666667,0.011866588606194856,0.2981707755242399,0,15,0.0,0.0,0.20388926630434784,0,15,0.0,0.0,0.20388926630434784,9,15,0.6,0.357464427565077,0.8017577191740534,365 0.53; 363 0.33,2,56 0.47; 53 0.33,2,medical deduction 0.53; shelter deduction 0.33,"wrong amount, known item 0.47; wrong include/exclude decision 0.40",13,0,11,13,1.0,0.7718981569447083,1.0,0.0,11,0.4583333333333333,24,2340.0
4+,months_since_cert_n >=   9 & total_deductions_by_hh_size >= 150 & utilities < 270,all_2022_24,35,18,33,9,33,0.2727272727272727,0.15067272656322814,0.44217883254386814,5,33,0.15151515151515152,0.06650359257960956,0.30920213138460484,9,33,0.2727272727272727,0.15067272656322814,0.44217883254386814,6,33,0.18181818181818182,0.08610651225698263,0.3438856704929522,0,33,0.0,0.0,0.10427343003561192,1,33,0.030303030303030304,0.005369272089651725,0.15319061673168066,3,33,0.09090909090909091,0.03140337104926305,0.23572943534351032,8,33,0.24242424242424243,0.12831561346647294,0.4102494868549029,7,33,0.21212121212121213,0.1067588656643618,0.3775197758712936,1,33,0.030303030303030304,0.005369272089651725,0.15319061673168066,3,33,0.09090909090909091,0.03140337104926305,0.23572943534351032,8,33,0.24242424242424243,0.12831561346647294,0.4102494868549029,1,33,0.030303030303030304,0.005369272089651725,0.15319061673168066,1,33,0.030303030303030304,0.005369272089651725,0.15319061673168066,0,33,0.0,0.0,0.10427343003561192,0,33,0.0,0.0,0.10427343003561192,4,33,0.12121212121212122,0.04816083267584231,0.2732584325026516,12,33,0.36363636363636365,0.22186966167959873,0.5338412737846591,3,33,0.09090909090909091,0.03140337104926305,0.23572943534351032,18,33,0.5454545454545454,0.3798565794374957,0.701573108741085,9,33,0.2727272727272727,0.15067272656322814,0.44217883254386814,20,33,0.6060606060606061,0.4368314280651038,0.7531711776849179,0,33,0.0,0.0,0.10427343003561192,0,33,0.0,0.0,0.10427343003561192,4,33,0.12121212121212122,0.04816083267584231,0.2732584325026516,6,33,0.18181818181818182,0.08610651225698263,0.3438856704929522,311 0.27; 363 0.27; 364 0.18; 150 0.09,4,38 0.18; 64 0.15; 53 0.15; 99 0.12; 39 0.06; 12 0.06; 44 0.03,7,earned income 0.27; shelter deduction 0.27; utility allowance 0.18; unearned income 0.15,"change in circumstances 0.24; wrong amount, known item 0.24; wrong include/exclude decision 0.21; other 0.12",14,4,9,18,0.7777777777777778,0.5478497354769452,0.90999218086618,0.2222222222222222,9,0.3333333333333333,27,8907.0
4+,months_since_cert_n >=   9 & total_deductions_by_hh_size >= 150 & utilities < 270,train_2022_23,31,16,31,9,31,0.2903225806451613,0.1609562071843287,0.4659265995754067,5,31,0.16129032258064516,0.07092519905439934,0.3263470272497887,8,31,0.25806451612903225,0.1370154373686976,0.432464724277151,6,31,0.1935483870967742,0.09186883586347633,0.36280603555459856,0,31,0.0,0.0,0.11025900073475385,1,31,0.03225806451612903,0.00571707408694444,0.16194457176169622,2,31,0.06451612903225806,0.017874407775063147,0.20718988318746434,8,31,0.25806451612903225,0.1370154373686976,0.432464724277151,6,31,0.1935483870967742,0.09186883586347633,0.36280603555459856,1,31,0.03225806451612903,0.00571707408694444,0.16194457176169622,2,31,0.06451612903225806,0.017874407775063147,0.20718988318746434,8,31,0.25806451612903225,0.1370154373686976,0.432464724277151,1,31,0.03225806451612903,0.00571707408694444,0.16194457176169622,1,31,0.03225806451612903,0.00571707408694444,0.16194457176169622,0,31,0.0,0.0,0.11025900073475385,0,31,0.0,0.0,0.11025900073475385,4,31,0.12903225806451613,0.05134201164644764,0.28852756954385356,11,31,0.3548387096774194,0.21116447741565816,0.530523619571851,2,31,0.06451612903225806,0.017874407775063147,0.20718988318746434,18,31,0.5806451612903226,0.40765964352020967,0.7358469692645074,9,31,0.2903225806451613,0.1609562071843287,0.4659265995754067,18,31,0.5806451612903226,0.40765964352020967,0.7358469692645074,0,31,0.0,0.0,0.11025900073475385,0,31,0.0,0.0,0.11025900073475385,4,31,0.12903225806451613,0.05134201164644764,0.28852756954385356,6,31,0.1935483870967742,0.09186883586347633,0.36280603555459856,311 0.29; 363 0.26; 364 0.19; 150 0.06,4,38 0.19; 64 0.16; 53 0.13; 99 0.13; 39 0.06; 44 0.03; 41 0.03; 35 0.03,8,earned income 0.29; shelter deduction 0.26; utility allowance 0.19; unearned income 0.16,"change in circumstances 0.26; wrong amount, known item 0.26; wrong include/exclude decision 0.19; other 0.13",13,3,7,16,0.8125,0.5699064013154177,0.9340852122641324,0.1875,7,0.30434782608695654,23,8509.0
4+,months_since_cert_n >=   9 & total_deductions_by_hh_size >= 150 & utilities < 270,test_2024,4,2,2,0,2,0.0,0.0,0.6576280471103807,0,2,0.0,0.0,0.6576280471103807,1,2,0.5,0.09452865480086614,0.9054713451991339,0,2,0.0,0.0,0.6576280471103807,0,2,0.0,0.0,0.6576280471103807,0,2,0.0,0.0,0.6576280471103807,1,2,0.5,0.09452865480086614,0.9054713451991339,0,2,0.0,0.0,0.6576280471103807,1,2,0.5,0.09452865480086614,0.9054713451991339,0,2,0.0,0.0,0.6576280471103807,1,2,0.5,0.09452865480086614,0.9054713451991339,0,2,0.0,0.0,0.6576280471103807,0,2,0.0,0.0,0.6576280471103807,0,2,0.0,0.0,0.6576280471103807,0,2,0.0,0.0,0.6576280471103807,0,2,0.0,0.0,0.6576280471103807,0,2,0.0,0.0,0.6576280471103807,1,2,0.5,0.09452865480086614,0.9054713451991339,1,2,0.5,0.09452865480086614,0.9054713451991339,0,2,0.0,0.0,0.6576280471103807,0,2,0.0,0.0,0.6576280471103807,2,2,1.0,0.34237195288961925,1.0,0,2,0.0,0.0,0.6576280471103807,0,2,0.0,0.0,0.6576280471103807,0,2,0.0,0.0,0.6576280471103807,0,2,0.0,0.0,0.6576280471103807,150 0.50; 363 0.50,2,12 0.50; 53 0.50,2,other element 0.50; shelter deduction 0.50,household composition 0.50; wrong include/exclude decision 0.50,1,1,2,2,0.5,0.09452865480086614,0.9054713451991339,0.5,2,0.5,4,398.0
2-3,months_since_cert_n >=   2.00 & shelter_expenses_by_hh_size >= 640.00 & unc_rawben_rel_max >=   1.47 & utilities < 388.00,all_2022_24,48,22,39,14,39,0.358974358974359,0.22741884696491105,0.515821368153105,11,39,0.28205128205128205,0.16543325013943294,0.43775617322477384,3,39,0.07692307692307693,0.026506914073495688,0.2032137312805527,3,39,0.07692307692307693,0.026506914073495688,0.2032137312805527,0,39,0.0,0.0,0.08966985360023902,0,39,0.0,0.0,0.08966985360023902,8,39,0.20512820512820512,0.10779590197911117,0.3553427296312862,3,39,0.07692307692307693,0.026506914073495688,0.2032137312805527,10,39,0.2564102564102564,0.14568625843452188,0.410819567678415,10,39,0.2564102564102564,0.14568625843452188,0.410819567678415,2,39,0.05128205128205128,0.014177657646399527,0.1688593904563791,5,39,0.1282051282051282,0.05602734948028318,0.26706049037630475,5,39,0.1282051282051282,0.05602734948028318,0.26706049037630475,0,39,0.0,0.0,0.08966985360023902,0,39,0.0,0.0,0.08966985360023902,0,39,0.0,0.0,0.08966985360023902,4,39,0.10256410256410256,0.04061265558286986,0.2357915870224483,16,39,0.41025641025641024,0.27079089435400483,0.5658165152665509,5,39,0.1282051282051282,0.05602734948028318,0.26706049037630475,18,39,0.46153846153846156,0.3156664723404835,0.6143081317826119,22,39,0.5641025641025641,0.40975423474522105,0.7069547583829534,17,39,0.4358974358974359,0.2930452416170466,0.5902457652547789,0,39,0.0,0.0,0.08966985360023902,0,39,0.0,0.0,0.08966985360023902,0,39,0.0,0.0,0.08966985360023902,10,39,0.2564102564102564,0.14568625843452188,0.410819567678415,311 0.31; 334 0.10; 364 0.08; 363 0.08; 372 0.05; 520 0.05; 371 0.05; 342 0.05,8,35 0.26; 52 0.10; 99 0.10; 98 0.10; 39 0.10; 53 0.08; 38 0.05,7,earned income 0.36; unearned income 0.28; other element 0.21,unreported source of income 0.26; wrong include/exclude decision 0.26; method or computation 0.13; change in circumstances 0.13,21,1,1,22,0.9545454545454546,0.7820151050048196,0.9919307806988522,0.045454545454545456,1,0.043478260869565216,23,11974.0
2-3,months_since_cert_n >=   2.00 & shelter_expenses_by_hh_size >= 640.00 & unc_rawben_rel_max >=   1.47 & utilities < 388.00,train_2022_23,37,18,28,11,28,0.39285714285714285,0.23565451827580033,0.575912739650937,8,28,0.2857142857142857,0.15253815848329969,0.470596357370175,3,28,0.10714285714285714,0.03711769205479949,0.2719622536765708,1,28,0.03571428571428571,0.00633235649754188,0.17712576118498663,0,28,0.0,0.0,0.12064720365810762,0,28,0.0,0.0,0.12064720365810762,5,28,0.17857142857142858,0.0787838582943011,0.355917915485911,2,28,0.07142857142857142,0.019811647447770794,0.2264573842591786,6,28,0.21428571428571427,0.10212321701189422,0.3953894707927388,9,28,0.32142857142857145,0.1793304754342074,0.5066149544436882,2,28,0.07142857142857142,0.019811647447770794,0.2264573842591786,4,28,0.14285714285714285,0.056989129307017855,0.31490173044877334,2,28,0.07142857142857142,0.019811647447770794,0.2264573842591786,0,28,0.0,0.0,0.12064720365810762,0,28,0.0,0.0,0.12064720365810762,0,28,0.0,0.0,0.12064720365810762,3,28,0.10714285714285714,0.03711769205479949,0.2719622536765708,12,28,0.42857142857142855,0.2650829618073122,0.609295210143846,0,28,0.0,0.0,0.12064720365810762,16,28,0.5714285714285714,0.390704789856154,0.7349170381926877,15,28,0.5357142857142857,0.3581239514210167,0.7046869626034041,13,28,0.4642857142857143,0.29531303739659587,0.6418760485789833,0,28,0.0,0.0,0.12064720365810762,0,28,0.0,0.0,0.12064720365810762,0,28,0.0,0.0,0.12064720365810762,10,28,0.35714285714285715,0.20705611972458876,0.5417002241777278,311 0.36; 334 0.14; 363 0.11; 332 0.04; 364 0.04; 372 0.04; 520 0.04; 371 0.04,8,35 0.32; 52 0.11; 99 0.11; 39 0.11; 53 0.04; 98 0.04; 6 0.04; 38 0.04,8,earned income 0.39; unearned income 0.29; other element 0.18,unreported source of income 0.32; wrong include/exclude decision 0.21; change in circumstances 0.14; other 0.11,17,1,1,18,0.9444444444444444,0.7424220019799247,0.9901250641690756,0.05555555555555555,1,0.05263157894736842,19,8652.0
2-3,months_since_cert_n >=   2.00 & shelter_expenses_by_hh_size >= 640.00 & unc_rawben_rel_max >=   1.47 & utilities < 388.00,test_2024,11,4,11,3,11,0.2727272727272727,0.09745880573921467,0.5656502930102463,3,11,0.2727272727272727,0.09745880573921467,0.5656502930102463,0,11,0.0,2.7755575615628914e-17,0.2588400172488141,2,11,0.18181818181818182,0.05136660067100063,0.4769861375782448,0,11,0.0,2.7755575615628914e-17,0.2588400172488141,0,11,0.0,2.7755575615628914e-17,0.2588400172488141,3,11,0.2727272727272727,0.09745880573921467,0.5656502930102463,1,11,0.09090909090909091,0.01623175226282597,0.3773646254862038,4,11,0.36363636363636365,0.15166223614131383,0.6462032231083628,1,11,0.09090909090909091,0.01623175226282597,0.3773646254862038,0,11,0.0,2.7755575615628914e-17,0.2588400172488141,1,11,0.09090909090909091,0.01623175226282597,0.3773646254862038,3,11,0.2727272727272727,0.09745880573921467,0.5656502930102463,0,11,0.0,2.7755575615628914e-17,0.2588400172488141,0,11,0.0,2.7755575615628914e-17,0.2588400172488141,0,11,0.0,2.7755575615628914e-17,0.2588400172488141,1,11,0.09090909090909091,0.01623175226282597,0.3773646254862038,4,11,0.36363636363636365,0.15166223614131383,0.6462032231083628,5,11,0.45454545454545453,0.21270957543988045,0.7199122443100118,2,11,0.18181818181818182,0.05136660067100063,0.4769861375782448,7,11,0.6363636363636364,0.35379677689163724,0.8483377638586862,4,11,0.36363636363636365,0.15166223614131383,0.6462032231083628,0,11,0.0,2.7755575615628914e-17,0.2588400172488141,0,11,0.0,2.7755575615628914e-17,0.2588400172488141,0,11,0.0,2.7755575615628914e-17,0.2588400172488141,0,11,0.0,2.7755575615628914e-17,0.2588400172488141,311 0.18; 364 0.18; 372 0.09; 321 0.09; 371 0.09; 520 0.09; 342 0.09,7,98 0.27; 53 0.18; 39 0.09; 37 0.09; 52 0.09; 35 0.09,6,earned income 0.27; other element 0.27; unearned income 0.27,wrong include/exclude decision 0.36; method or computation 0.27; change in circumstances 0.09; unreported source of income 0.09,4,0,0,4,1.0,0.5100999795960008,1.0,0.0,0,0.0,4,3322.0
4+,HH_size_n >=   5 & shelter_expenses_by_hh_size < 449 & total_deductions_by_hh_size >= 268,all_2022_24,202,78,123,34,123,0.2764227642276423,0.20506880352739404,0.3613195107165133,18,123,0.14634146341463414,0.09461620811067066,0.21948894351151,24,123,0.1951219512195122,0.1347729686621224,0.2739383689432058,4,123,0.032520325203252036,0.0127175527444634,0.08063983158370654,0,123,0.0,0.0,0.03028659367273828,33,123,0.2682926829268293,0.19788382484416442,0.352736791735885,10,123,0.08130081300813008,0.04475838884502016,0.14320518146629724,45,123,0.36585365853658536,0.2859930738091735,0.4538399147371709,43,123,0.34959349593495936,0.2710389155299655,0.4372586776886631,9,123,0.07317073170731707,0.03896990061369877,0.13322597203376071,7,123,0.056910569105691054,0.027837625142034084,0.1128228521777096,3,123,0.024390243902439025,0.00832891348479355,0.06926077317951848,8,123,0.06504065040650407,0.033322237047724246,0.12310593793587735,0,123,0.0,0.0,0.03028659367273828,0,123,0.0,0.0,0.03028659367273828,1,123,0.008130081300813009,0.0014365665731900235,0.04461772476340617,7,123,0.056910569105691054,0.027837625142034084,0.1128228521777096,92,123,0.7479674796747967,0.6645245788736737,0.8163901998739925,6,123,0.04878048780487805,0.022545466884545527,0.10234731277134024,25,123,0.2032520325203252,0.14163211457761232,0.2828469206915738,78,123,0.6341463414634146,0.5461600852628291,0.7140069261908265,42,123,0.34146341463414637,0.26360005517078905,0.4289298403839817,0,123,0.0,0.0,0.03028659367273828,0,123,0.0,0.0,0.03028659367273828,3,123,0.024390243902439025,0.00832891348479355,0.06926077317951848,59,123,0.4796747967479675,0.39334490336329886,0.5672358524770563,311 0.26; 363 0.20; 323 0.19; 350 0.08; 366 0.08,5,38 0.17; 53 0.16; 52 0.15; 56 0.10; 44 0.07; 35 0.07; 99 0.06,7,earned income 0.28; dep care or child support deduction 0.27; shelter deduction 0.20; unearned income 0.15,"wrong amount, known item 0.37; wrong include/exclude decision 0.35; unreported source of income 0.07",60,18,40,78,0.7692307692307693,0.6644403349060594,0.8487461130617223,0.23076923076923078,40,0.3389830508474576,118,28468.0
4+,HH_size_n >=   5 & shelter_expenses_by_hh_size < 449 & total_deductions_by_hh_size >= 268,train_2022_23,115,46,72,20,72,0.2777777777777778,0.18760146005322942,0.3904665131962801,10,72,0.1388888888888889,0.07722647811471899,0.23713397841573391,12,72,0.16666666666666666,0.09799275085321624,0.26910920902104796,3,72,0.041666666666666664,0.01427054877259009,0.11549464605452325,0,72,0.0,0.0,0.05065293981139638,21,72,0.2916666666666667,0.19937911717246715,0.4050596077489481,6,72,0.08333333333333333,0.03875189713049035,0.17012555271233995,19,72,0.2638888888888889,0.17593641596552728,0.37576080561207664,28,72,0.3888888888888889,0.2846554187000152,0.5043785679247396,6,72,0.08333333333333333,0.03875189713049035,0.17012555271233995,5,72,0.06944444444444445,0.03002493884382272,0.15248175932710195,2,72,0.027777777777777776,0.007650861466140468,0.09574358168906721,6,72,0.08333333333333333,0.03875189713049035,0.17012555271233995,0,72,0.0,0.0,0.05065293981139638,0,72,0.0,0.0,0.05065293981139638,1,72,0.013888888888888888,0.002455888640432169,0.07456780284286987,5,72,0.06944444444444445,0.03002493884382272,0.15248175932710195,55,72,0.7638888888888888,0.6540101280256627,0.8470341537405446,4,72,0.05555555555555555,0.02181386292692504,0.13432208357209396,13,72,0.18055555555555555,0.10866714144495851,0.2848055701012113,43,72,0.5972222222222222,0.4818046137128726,0.702790647990467,26,72,0.3611111111111111,0.25981514475687584,0.4764773385240676,0,72,0.0,0.0,0.05065293981139638,0,72,0.0,0.0,0.05065293981139638,3,72,0.041666666666666664,0.01427054877259009,0.11549464605452325,36,72,0.5,0.38746896004724257,0.6125310399527575,311 0.25; 323 0.18; 363 0.17; 366 0.11; 350 0.08,5,52 0.22; 38 0.18; 53 0.15; 44 0.08; 35 0.08; 99 0.07,6,dep care or child support deduction 0.29; earned income 0.28; shelter deduction 0.17; unearned income 0.14,"wrong include/exclude decision 0.39; wrong amount, known item 0.26; method or computation 0.08; unreported source of income 0.08",31,15,22,46,0.6739130434782609,0.5296746274432707,0.7913423543550664,0.32608695652173914,22,0.3235294117647059,68,15050.0
4+,HH_size_n >=   5 & shelter_expenses_by_hh_size < 449 & total_deductions_by_hh_size >= 268,test_2024,87,32,51,14,51,0.27450980392156865,0.1711412201054317,0.4094691194907873,8,51,0.1568627450980392,0.08169125888021325,0.2801070839835982,12,51,0.23529411764705882,0.14004812598862518,0.36762488136345783,1,51,0.0196078431372549,0.003469603253442241,0.10304807675589372,0,51,0.0,0.0,0.07004901388726806,12,51,0.23529411764705882,0.14004812598862518,0.36762488136345783,4,51,0.0784313725490196,0.030921696126931505,0.1850019822486082,26,51,0.5098039215686274,0.37680695448409596,0.641427378576938,15,51,0.29411764705882354,0.1870856524031203,0.42999335331516647,3,51,0.058823529411764705,0.020206272864052077,0.15924873938941972,2,51,0.0392156862745098,0.010820856268751206,0.13216548986265267,1,51,0.0196078431372549,0.003469603253442241,0.10304807675589372,2,51,0.0392156862745098,0.010820856268751206,0.13216548986265267,0,51,0.0,0.0,0.07004901388726806,0,51,0.0,0.0,0.07004901388726806,0,51,0.0,0.0,0.07004901388726806,2,51,0.0392156862745098,0.010820856268751206,0.13216548986265267,37,51,0.7254901960784313,0.5905308805092127,0.8288587798945684,2,51,0.0392156862745098,0.010820856268751206,0.13216548986265267,12,51,0.23529411764705882,0.14004812598862518,0.36762488136345783,35,51,0.6862745098039216,0.5497274248374967,0.7967249033221485,16,51,0.3137254901960784,0.20327509667785154,0.45027257516250324,0,51,0.0,0.0,0.07004901388726806,0,51,0.0,0.0,0.07004901388726806,0,51,0.0,0.0,0.07004901388726806,23,51,0.45098039215686275,0.32267305011132247,0.5861552845835076,311 0.27; 363 0.24; 323 0.20; 350 0.08,4,56 0.24; 53 0.18; 38 0.16; 35 0.06; 44 0.06; 52 0.04; 54 0.04,7,earned income 0.27; dep care or child support deduction 0.24; shelter deduction 0.24; unearned income 0.16,"wrong amount, known item 0.51; wrong include/exclude decision 0.29",29,3,18,32,0.90625,0.7578150066422116,0.9675990373736805,0.09375,18,0.36,50,13418.0
4+,count_divisible_by_100 >   0.500 & expedited_i <=   0.500 & rawben_rel_max <=   0.533 & total_deductions_by_hh_size > 232.000,all_2022_24,79,30,51,19,51,0.37254901960784315,0.2532032972099011,0.5097503729966575,12,51,0.23529411764705882,0.14004812598862518,0.36762488136345783,9,51,0.17647058823529413,0.095722957258099,0.30254405172778037,1,51,0.0196078431372549,0.003469603253442241,0.10304807675589372,0,51,0.0,0.0,0.07004901388726806,6,51,0.11764705882352941,0.05504998764172768,0.23381102297794787,4,51,0.0784313725490196,0.030921696126931505,0.1850019822486082,12,51,0.23529411764705882,0.14004812598862518,0.36762488136345783,16,51,0.3137254901960784,0.20327509667785154,0.45027257516250324,11,51,0.21568627450980393,0.12493811244188556,0.3462662287881296,3,51,0.058823529411764705,0.020206272864052077,0.15924873938941972,4,51,0.0784313725490196,0.030921696126931505,0.1850019822486082,3,51,0.058823529411764705,0.020206272864052077,0.15924873938941972,0,51,0.0,0.0,0.07004901388726806,0,51,0.0,0.0,0.07004901388726806,0,51,0.0,0.0,0.07004901388726806,2,51,0.0392156862745098,0.010820856268751206,0.13216548986265267,42,51,0.8235294117647058,0.6974559482722196,0.9042770427419009,3,51,0.058823529411764705,0.020206272864052077,0.15924873938941972,6,51,0.11764705882352941,0.05504998764172768,0.23381102297794787,23,51,0.45098039215686275,0.32267305011132247,0.5861552845835076,26,51,0.5098039215686274,0.37680695448409596,0.641427378576938,0,51,0.0,0.0,0.07004901388726806,0,51,0.0,0.0,0.07004901388726806,2,51,0.0392156862745098,0.010820856268751206,0.13216548986265267,17,51,0.3333333333333333,0.21969755762722826,0.4703187803351943,311 0.37; 363 0.18; 323 0.12; 342 0.08; 350 0.06,5,35 0.22; 53 0.14; 38 0.14; 52 0.12; 44 0.06; 37 0.06; 43 0.04,7,earned income 0.37; unearned income 0.24; shelter deduction 0.18,"wrong include/exclude decision 0.31; wrong amount, known item 0.24; unreported source of income 0.22",24,6,9,30,0.8,0.6269395261897256,0.9049502189759876,0.2,9,0.23076923076923078,39,11928.0
4+,count_divisible_by_100 >   0.500 & expedited_i <=   0.500 & rawben_rel_max <=   0.533 & total_deductions_by_hh_size > 232.000,train_2022_23,52,23,42,14,42,0.3333333333333333,0.2101228076197232,0.4844777298833308,11,42,0.2619047619047619,0.15302485372603591,0.41069019984975563,7,42,0.16666666666666666,0.08315811295836502,0.30604296204774295,1,42,0.023809523809523808,0.00421529549910029,0.12321481165248252,0,42,0.0,0.0,0.08380161250916197,6,42,0.14285714285714285,0.06715875684189933,0.2784138235217878,3,42,0.07142857142857142,0.024589963551172864,0.19009713288525165,8,42,0.19047619047619047,0.09981889609856436,0.33301067354996444,16,42,0.38095238095238093,0.24999520898785943,0.5318623178000363,7,42,0.16666666666666666,0.08315811295836502,0.30604296204774295,2,42,0.047619047619047616,0.013157248639206365,0.1579013531547973,4,42,0.09523809523809523,0.0376616388283121,0.2206539522505333,3,42,0.07142857142857142,0.024589963551172864,0.19009713288525165,0,42,0.0,0.0,0.08380161250916197,0,42,0.0,0.0,0.08380161250916197,0,42,0.0,0.0,0.08380161250916197,2,42,0.047619047619047616,0.013157248639206365,0.1579013531547973,36,42,0.8571428571428571,0.7215861764782122,0.9328412431581007,2,42,0.047619047619047616,0.013157248639206365,0.1579013531547973,4,42,0.09523809523809523,0.0376616388283121,0.2206539522505333,19,42,0.4523809523809524,0.3122316381863852,0.6005113725287732,21,42,0.5,0.3552574591652803,0.6447425408347197,0,42,0.0,0.0,0.08380161250916197,0,42,0.0,0.0,0.08380161250916197,2,42,0.047619047619047616,0.013157248639206365,0.1579013531547973,13,42,0.30952380952380953,0.1907092651972273,0.46026277766340595,311 0.33; 363 0.17; 323 0.14; 342 0.10; 350 0.07,5,35 0.17; 53 0.17; 52 0.14; 38 0.12; 44 0.07; 37 0.07; 43 0.05,7,earned income 0.33; unearned income 0.26; shelter deduction 0.17,"wrong include/exclude decision 0.38; wrong amount, known item 0.19; unreported source of income 0.17; change in circumstances 0.10",17,6,7,23,0.7391304347826086,0.5352960945624944,0.8745155411075104,0.2608695652173913,7,0.23333333333333334,30,9600.0
4+,count_divisible_by_100 >   0.500 & expedited_i <=   0.500 & rawben_rel_max <=   0.533 & total_deductions_by_hh_size > 232.000,test_2024,27,7,9,5,9,0.5555555555555556,0.2666473457440297,0.811224570528086,1,9,0.1111111111111111,0.019890371327130535,0.4350062147680601,2,9,0.2222222222222222,0.06322376231222723,0.5474166563271946,0,9,0.0,0.0,0.2991527535509594,0,9,0.0,0.0,0.2991527535509594,0,9,0.0,0.0,0.2991527535509594,1,9,0.1111111111111111,0.019890371327130535,0.4350062147680601,4,9,0.4444444444444444,0.188775429471914,0.7333526542559703,0,9,0.0,0.0,0.2991527535509594,4,9,0.4444444444444444,0.188775429471914,0.7333526542559703,1,9,0.1111111111111111,0.019890371327130535,0.4350062147680601,0,9,0.0,0.0,0.2991527535509594,0,9,0.0,0.0,0.2991527535509594,0,9,0.0,0.0,0.2991527535509594,0,9,0.0,0.0,0.2991527535509594,0,9,0.0,0.0,0.2991527535509594,0,9,0.0,0.0,0.2991527535509594,6,9,0.6666666666666666,0.35419734749908977,0.879418401317257,1,9,0.1111111111111111,0.019890371327130535,0.4350062147680601,2,9,0.2222222222222222,0.06322376231222723,0.5474166563271946,4,9,0.4444444444444444,0.188775429471914,0.7333526542559703,5,9,0.5555555555555556,0.2666473457440297,0.811224570528086,0,9,0.0,0.0,0.2991527535509594,0,9,0.0,0.0,0.2991527535509594,0,9,0.0,0.0,0.2991527535509594,4,9,0.4444444444444444,0.188775429471914,0.7333526542559703,311 0.56; 363 0.22,2,35 0.44; 38 0.22; 56 0.22,3,earned income 0.56; shelter deduction 0.22,"unreported source of income 0.44; wrong amount, known item 0.44",7,0,2,7,1.0,0.6456611570247934,1.0,0.0,2,0.2222222222222222,9,2328.0
